2.010032,0.451398,0
3.264792,0.712384,0
1.561502,2.372928,0
0.823089,0.791412,0
-0.873070,0.763290,0
0.693592,1.642975,0
0.506952,0.774001,0
1.864741,1.471513,0
1.677111,2.275706,0
2.638004,0.475938,0
2.409770,1.414190,0
2.287682,0.355730,0
0.829593,-0.123327,0
0.920832,1.645483,0
1.721551,1.562128,0
0.817900,0.791233,0
0.884809,1.157117,0
0.384443,0.001828,0
2.114094,0.473093,0
2.333752,3.049426,0
0.140527,1.711046,0
2.629798,0.567671,0
-0.123022,2.666717,0
2.848977,0.570007,0
-1.093846,0.803836,0
0.291504,0.724368,0
-0.019786,1.481625,0
0.580288,1.583308,0
0.865391,-1.287434,0
0.800446,1.272274,0
0.540465,1.157192,0
-0.805521,-0.038734,0
1.518639,1.668441,0
-0.537005,1.393386,0
1.640139,0.187351,0
0.007621,0.460249,0
0.580141,-0.195668,0
0.339820,0.132183,0
0.598214,1.557439,0
-0.291379,1.600799,0
1.460749,0.226305,0
1.456016,0.875853,0
0.798327,1.982150,0
0.516462,2.636631,0
0.793392,2.085608,0
2.629456,0.924084,0
1.494120,0.558243,0
-1.083459,2.039971,0
1.877106,1.934281,0
1.360999,2.235434,0
0.337080,0.384802,0
0.739439,0.477069,0
2.705414,0.100438,0
2.354838,1.249449,0
-0.062757,-0.579345,0
1.960607,1.784591,0
1.380669,1.396263,0
1.110010,0.588840,0
-0.716773,2.655864,0
0.282972,-0.518218,0
0.303670,0.311049,0
1.121916,0.599941,0
1.957634,2.460316,0
0.956798,0.967210,0
0.419165,0.277963,0
0.820105,1.939268,0
0.409394,0.370233,0
-0.339012,-0.231993,0
0.308617,1.765744,0
1.522043,0.906412,0
0.673446,1.267774,0
-0.055142,1.827109,0
0.294900,2.535388,0
1.820022,0.764501,0
1.204047,1.378051,0
2.042930,-0.605022,0
1.414623,0.180657,0
0.222019,1.252256,0
2.724966,1.521903,0
2.212925,0.940648,0
-0.657405,0.893799,0
0.646208,-0.407760,0
0.676347,0.320183,0
4.018825,0.193085,0
0.510539,2.715194,0
0.415987,0.908144,0
3.305910,0.221256,0
1.161248,1.491945,0
1.580880,1.493150,0
0.406243,-0.130554,0
0.020507,-0.189429,0
1.578767,1.255104,0
0.908433,3.223637,0
0.474774,2.502267,0
-0.310859,-0.624696,0
0.250927,1.392588,0
0.636042,2.246262,0
0.436669,1.153007,0
0.030642,0.584176,0
1.850953,0.799356,0
1.118828,1.280211,0
1.935906,0.037504,0
1.905749,-0.376380,0
0.334023,0.091591,0
2.984293,1.338025,0
1.129141,0.086676,0
1.094252,0.461677,0
0.342165,0.055533,0
1.283021,1.120443,0
-0.212073,0.512604,0
1.124695,1.393587,0
-0.765059,1.410918,0
1.654242,2.135095,0
1.460258,1.506763,0
0.974677,1.775259,0
1.705933,-0.626558,0
1.026509,3.239799,0
0.300249,1.473862,0
-0.234857,1.885194,0
1.327579,2.334953,0
1.261714,1.899185,0
0.482276,0.004168,0
0.929598,0.962846,0
3.079452,0.727499,0
1.556723,-1.192745,0
0.796135,1.576163,0
-0.223965,2.012317,0
0.831498,0.853832,0
0.540345,1.067441,0
1.928154,0.403833,0
2.005545,-1.010587,0
0.977486,-0.626598,0
0.616075,1.835810,0
0.859133,0.170999,0
0.780266,-0.461199,0
2.571568,1.189620,0
1.037959,1.007236,0
1.834756,0.186217,0
0.310870,1.482731,0
1.531488,-0.827483,0
-0.210188,0.899465,0
-0.337777,1.491324,0
0.832643,2.402864,0
1.382338,1.520805,0
2.033966,1.251997,0
0.510199,1.682317,0
0.680678,1.458010,0
1.435461,1.851591,0
2.191542,1.667405,0
3.366063,-0.037797,0
1.287896,-0.793019,0
0.134709,2.686847,0
1.171217,1.338529,0
3.285948,0.924187,0
-0.106671,1.249382,0
-0.931124,1.598694,0
1.319594,1.822541,0
-0.296068,0.894088,0
2.011999,0.544206,0
1.751577,0.673517,0
0.866120,0.604459,0
0.181311,0.563503,0
-0.391538,3.050190,0
0.889011,1.984431,0
2.201899,-0.324691,0
-0.292661,0.670094,0
-0.254709,1.072001,0
-0.514659,1.426049,0
0.722298,0.884027,0
2.426533,0.625433,0
1.448831,0.013627,0
1.272395,1.359748,0
-0.213045,1.777674,0
1.521366,1.641025,0
2.385225,2.695368,0
0.582572,2.745703,0
0.679976,0.272271,0
-0.665214,1.709506,0
-0.044700,0.266399,0
0.057528,2.122431,0
2.422325,1.000726,0
1.261153,0.759323,0
0.324535,2.243568,0
2.068908,2.130525,0
0.462303,0.666742,0
2.271013,1.259507,0
0.111881,2.102978,0
1.764695,1.382395,0
2.008421,0.336177,0
1.699913,-0.012706,0
0.391168,1.056950,0
0.927771,0.693105,0
1.120844,-0.991424,0
0.520419,0.711981,0
0.094709,-0.027193,0
0.626000,0.030133,0
0.140737,0.317236,0
0.683675,0.870416,0
0.934817,-0.385150,0
1.206781,2.145838,0
2.467468,1.697195,0
2.111088,-0.691126,0
0.882529,2.112103,0
1.267527,0.848015,0
-0.915676,0.580054,0
1.976400,2.366194,0
1.280030,1.542078,0
-0.348091,3.746515,0
0.870661,-0.114615,0
1.615351,1.306816,0
0.285105,0.663311,0
1.467365,1.802694,0
-0.387883,2.633124,0
0.524430,1.576520,0
2.175181,-0.088570,0
1.688539,1.692372,0
1.311225,1.660154,0
0.718783,0.491074,0
2.180375,-0.382303,0
1.416162,3.021224,0
0.652535,-0.003424,0
1.428419,0.134235,0
0.090612,-0.605198,0
-0.630105,2.185129,0
1.355927,-0.277587,0
0.617580,1.868590,0
-1.355130,1.717274,0
2.359490,-0.053584,0
1.363727,2.825960,0
1.910531,1.298605,0
-0.358953,0.055670,0
2.062435,0.848308,0
0.052021,-0.145946,0
0.704370,0.570594,0
1.513993,-0.830585,0
1.184591,-0.205362,0
1.306605,0.844082,0
0.026317,-0.063355,0
1.874028,-1.211920,0
0.650513,2.071079,0
2.260231,1.554639,0
2.366263,0.541235,0
1.896616,0.997502,0
2.233891,3.222271,0
3.341694,-0.830287,0
1.127529,0.913028,0
-0.289823,3.459546,0
0.998079,1.083726,0
2.215784,1.315911,0
1.900094,1.819347,0
0.858014,1.401629,0
1.182056,-0.306613,0
0.171102,1.760377,0
2.510543,-0.356509,0
-1.290267,2.001664,0
1.920012,-0.224437,0
1.815365,-0.249570,0
1.997607,0.750681,0
0.464213,0.186415,0
-0.105562,-0.454857,0
1.509089,-0.682739,0
3.174156,1.525597,0
0.670935,0.717477,0
0.271635,1.485834,0
0.975405,-1.003665,0
1.261704,1.460057,0
1.374794,-0.309463,0
1.951079,3.023666,0
1.953115,1.365407,0
0.909813,2.758705,0
1.182829,-0.837912,0
-1.000119,0.751821,0
-0.238058,1.614089,0
0.256041,2.814621,0
3.097042,0.475749,0
0.646812,-0.694947,0
-1.094833,-0.056304,0
0.081861,-0.649750,0
2.653396,0.671030,0
1.632681,1.741078,0
1.326494,0.122035,0
1.694734,1.853425,0
1.981930,0.689208,0
1.676604,0.986579,0
1.333869,1.151380,0
1.944630,2.109704,0
1.323447,0.745476,0
0.862178,1.184314,0
1.604933,2.603448,0
0.628274,0.635340,0
1.531774,0.520226,0
1.284784,3.164615,0
0.498762,1.490351,0
0.690737,1.151243,0
0.351908,2.649850,0
-0.407556,1.234498,0
1.882238,1.789196,0
2.891031,1.481645,0
0.838462,0.555038,0
2.632789,0.515363,0
1.186100,1.861354,0
-0.350027,-0.850698,0
0.755460,1.306829,0
-1.028809,0.995076,0
3.335624,-0.994868,0
1.645104,0.021886,0
1.391685,0.096691,0
2.072950,0.255289,0
0.420288,-1.209449,0
-0.553035,0.672112,0
1.355248,1.418804,0
2.062891,2.073406,0
1.892117,0.943839,0
-0.540384,-1.996625,0
1.203970,1.410602,0
2.240947,3.406080,0
0.477336,0.731542,0
0.064376,0.196004,0
0.866813,0.822364,0
0.081643,-0.255359,0
0.622753,1.284710,0
1.400483,2.100724,0
0.924933,0.968062,0
2.007737,2.561156,0
-0.640022,1.002977,0
2.122523,0.026381,0
0.502876,1.180505,0
0.484944,1.528454,0
1.750322,1.369558,0
0.256306,-0.790076,0
0.812107,0.863111,0
2.940385,0.006705,0
1.248107,1.609303,0
0.638453,1.548642,0
0.062322,-0.771773,0
1.079657,1.240682,0
1.122335,1.729292,0
0.472180,-0.127699,0
0.573343,0.704110,0
0.167037,0.817152,0
3.547516,2.022490,0
1.204273,2.261279,0
2.940854,0.608602,0
1.428802,0.960285,0
0.183318,1.770125,0
2.342063,1.767125,0
3.044614,2.045098,0
2.040120,-2.062424,0
0.269594,0.722120,0
1.446635,2.427239,0
2.227528,0.667223,0
0.256805,0.560895,0
-0.341369,0.025794,0
2.894830,2.429682,0
2.881906,-0.032839,0
2.174448,0.752896,0
0.423144,0.583163,0
2.213851,2.829781,0
1.095564,1.652665,0
0.448162,1.232373,0
1.690096,2.080989,0
3.464988,0.212955,0
1.114568,2.427677,0
-0.002513,0.149320,0
1.333368,1.620272,0
1.078835,-0.097744,0
3.139510,1.011984,0
-0.635929,3.036912,0
1.399073,0.707315,0
1.269388,1.469990,0
0.161226,0.670709,0
1.224593,-0.014369,0
1.768955,2.226368,0
-0.544204,-0.271323,0
0.723497,0.546820,0
1.182316,2.985728,0
0.978191,-0.796363,0
1.257304,-0.939784,0
-0.197355,0.993696,0
3.254302,0.975655,0
2.337989,1.973722,0
0.580376,-1.043474,0
0.763638,1.799889,0
1.191691,1.068466,0
1.400171,0.745120,0
2.135458,0.146166,0
1.846991,0.758741,0
0.052725,0.873425,0
1.511575,1.854585,0
1.466477,1.563087,0
-0.576384,0.743098,0
-0.864601,0.796811,0
0.183215,-0.482208,0
1.861090,0.428931,0
1.087604,1.252367,0
1.687916,2.901031,0
-0.109100,1.780650,0
-1.087149,0.363073,0
-1.235318,1.223291,0
1.131366,0.965370,0
0.935413,1.192766,0
2.640785,0.303477,0
2.198635,0.534039,0
-0.022763,0.985486,0
4.059865,-0.045896,0
0.295105,-0.200099,0
1.847594,-0.279663,0
2.406463,1.687690,0
2.003805,1.267282,0
0.981659,0.961514,0
0.201743,-0.086911,0
0.474985,-0.747454,0
2.205854,0.752992,0
1.482039,0.586543,0
-0.043280,0.801252,0
1.681537,1.181160,0
-0.225713,-0.447376,0
0.658223,0.027726,0
0.000987,0.412530,0
-1.900382,2.217309,0
1.382474,0.703537,0
-1.033641,-1.991019,0
0.688548,-1.470595,0
0.403126,2.223467,0
-0.079307,-0.106243,0
0.793456,1.108655,0
1.496716,-0.802267,0
1.078208,2.568286,0
1.954773,2.345240,0
4.012842,1.744811,0
3.161411,0.372463,0
0.459649,0.127356,0
-0.633284,1.883864,0
1.362672,0.488794,0
-0.095603,0.270146,0
0.581268,-0.026540,0
0.638020,1.531975,0
0.537791,0.505210,0
-0.171654,1.438685,0
1.949067,0.522499,0
-0.050636,0.922244,0
1.533055,1.036770,0
2.480016,2.368978,0
-0.444670,1.087148,0
2.673682,1.179747,0
0.661799,1.482506,0
1.072549,1.442834,0
0.575816,0.388236,0
0.950903,1.658396,0
1.650633,2.278590,0
1.027233,0.652915,0
1.741770,1.240979,0
0.818188,0.830926,0
0.135423,1.147337,0
1.865534,1.130183,0
1.307346,-1.526796,0
1.883696,0.680594,0
0.088678,1.027736,0
2.262322,0.089401,0
0.933698,-0.540825,0
0.702640,1.527248,0
-0.345159,1.344563,0
0.337897,0.750625,0
1.754586,-0.030715,0
0.568995,2.135226,0
2.723835,0.238894,0
0.634947,0.263661,0
2.334048,2.019381,0
-0.022590,0.259930,0
2.713940,-1.021963,0
0.475044,1.114692,0
2.710750,1.544316,0
2.012716,0.205212,0
-0.118343,0.701582,0
2.047933,1.593601,0
1.085747,0.819646,0
0.939739,1.380661,0
0.656394,0.753006,0
1.235581,-0.752884,0
1.421490,1.928529,0
0.788214,1.045653,0
0.272421,-0.242721,0
2.298395,1.104837,0
0.885673,0.221577,0
1.990674,1.540869,0
2.946095,-0.147052,0
-0.182858,-0.053212,0
0.800298,1.733597,0
2.076846,1.624169,0
2.108816,0.817653,0
2.167953,0.524818,0
3.013024,1.845191,0
2.973700,0.685438,0
-0.691504,0.704920,0
1.664365,2.298625,0
0.245258,-0.054630,0
0.038293,0.869155,0
1.267629,1.124930,0
0.011194,1.825624,0
3.299395,1.667155,0
1.383851,1.134736,0
2.080810,1.074502,0
0.428969,1.207551,0
0.082612,0.474192,0
0.131946,1.285301,0
2.042018,1.447047,0
1.813446,2.379164,0
-0.464453,1.053995,0
0.355964,1.885607,0
0.792726,0.964902,0
1.903266,-0.152138,0
1.194569,0.566604,0
1.146654,0.187334,0
1.355821,1.437829,0
0.668788,1.601760,0
0.395407,1.429485,0
0.091767,-0.244300,0
0.525927,0.345753,0
0.733749,1.242051,0
1.716322,1.063399,0
1.737617,1.039638,0
0.560423,1.344397,0
0.593549,-0.297661,0
3.738285,1.916386,0
0.853471,0.475552,0
1.627206,1.556744,0
0.710839,0.846691,0
0.446987,1.277851,0
1.908388,2.160305,0
0.880252,0.041368,0
2.060601,-0.259713,0
0.045095,0.895191,0
1.665117,1.724065,0
0.080986,1.658954,0
2.533371,1.108074,0
-0.233810,-0.057248,0
1.317861,0.258013,0
-0.005190,2.767334,0
0.509915,0.784488,0
3.910525,1.654401,0
0.327846,0.963452,0
0.400075,0.321120,0
1.860510,1.009297,0
0.261791,0.289295,0
1.365191,1.037292,0
-0.593457,-0.247803,0
2.531157,1.063055,0
-0.110894,0.323470,0
0.829380,0.364502,0
1.347026,-0.122728,0
2.516414,1.598274,0
1.912866,-0.573196,0
0.177288,1.561328,0
1.469332,2.415769,0
1.431681,-0.810524,0
1.061601,1.543089,0
2.659853,0.954013,0
0.898564,1.599249,0
1.805435,0.718654,0
2.142690,0.090246,0
0.219684,0.423823,0
1.482351,1.523885,0
1.228414,3.819677,0
-1.468073,0.258039,0
0.360332,1.094408,0
-0.009498,0.384984,0
2.586864,2.153378,0
1.579301,0.726344,0
0.880984,0.084445,0
0.179936,3.145356,0
0.958727,0.538442,0
0.658451,1.841023,0
-0.438026,0.101461,0
0.421472,0.019387,0
1.162514,0.721944,0
1.876992,-0.157273,0
-0.080238,1.726452,0
1.710778,1.087766,0
2.484987,-0.366923,0
1.832123,-1.030207,0
0.397018,2.013723,0
-0.076831,0.239231,0
2.458016,2.465396,0
2.838004,1.062305,0
1.837498,1.283679,0
2.033942,2.815052,0
2.509197,2.348583,0
0.019650,0.393294,0
1.582073,2.361801,0
1.740703,0.844122,0
-0.514190,0.140805,0
2.682788,0.528460,0
-0.214619,2.046325,0
1.401693,0.762290,0
0.831199,0.058978,0
0.312538,1.127973,0
0.931174,0.847853,0
2.049051,1.396913,0
0.936770,1.323872,0
-0.064643,1.797416,0
0.525620,1.477306,0
1.260604,2.350358,0
1.786509,-0.300745,0
0.954556,0.614341,0
1.309541,0.808951,0
0.826211,-0.077650,0
1.184179,0.411290,0
2.248263,-0.540701,0
1.120890,0.988807,0
0.698922,-0.950654,0
-0.130109,2.614707,0
1.177250,2.679403,0
1.061934,0.187003,0
1.613423,2.029602,0
0.543638,0.538442,0
0.826005,-1.363842,0
1.113690,1.804990,0
0.898667,-0.949246,0
-1.117681,1.681704,0
0.825047,1.667192,0
1.178981,0.445108,0
2.162599,2.674164,0
1.186770,0.152651,0
2.362514,2.227567,0
1.934849,0.698973,0
2.064019,1.256384,0
1.580652,0.450967,0
0.726960,-0.319605,0
1.338157,0.105575,0
0.423931,-0.286556,0
2.724890,-0.587664,0
0.982831,-0.467165,0
2.134010,1.210190,0
-0.291213,1.337617,0
0.714617,0.697934,0
-0.136536,1.181643,0
-0.026318,0.259377,0
0.368164,0.567806,0
-0.718810,2.085508,0
0.858887,0.353527,0
0.218037,1.829298,0
2.703816,2.592277,0
0.029634,1.707542,0
0.576623,1.724434,0
0.903449,1.891017,0
2.250937,2.512658,0
2.004150,0.442948,0
0.402812,-1.160996,0
0.883212,1.096464,0
1.388366,0.685194,0
2.002804,0.395878,0
0.178429,0.728469,0
0.001623,0.387257,0
1.895472,-2.785949,0
1.140415,1.187662,0
2.423629,0.456787,0
0.098718,0.621055,0
-0.952222,0.762650,0
-0.250446,0.198668,0
2.450249,0.456335,0
0.795516,1.227643,0
0.431747,-0.440390,0
0.851638,0.786013,0
1.477116,1.889708,0
1.117782,0.062019,0
0.300841,0.680630,0
1.098839,1.801646,0
-0.569236,0.435700,0
0.653428,-0.413776,0
0.989548,3.487995,0
0.808907,0.257998,0
-0.324699,0.701132,0
2.452241,-0.125970,0
0.536358,1.898724,0
0.450552,0.577743,0
1.698477,1.999600,0
-0.659487,-0.064944,0
0.749141,-0.473457,0
0.622586,1.606142,0
-0.626467,0.525989,0
-0.304234,1.873383,0
2.931940,0.965431,0
0.166044,2.882176,0
2.068619,0.981950,0
-0.619512,-0.169446,0
0.446414,0.115234,0
2.289160,2.192577,0
1.843910,1.139461,0
1.437136,2.102168,0
2.528069,2.265419,0
-0.005866,1.582885,0
0.853897,-0.117875,0
-0.459021,0.625093,0
1.351568,-1.243500,0
-0.077898,0.258952,0
0.016026,1.260060,0
1.408419,2.173093,0
1.710508,3.876081,0
1.967678,0.067371,0
1.705433,1.014399,0
1.068129,1.818084,0
0.766166,2.127258,0
2.290675,3.167689,0
2.397172,0.269605,0
1.151995,1.906185,0
0.986937,3.290953,0
1.232598,1.398990,0
0.245216,1.363884,0
1.180439,1.248888,0
0.108167,1.644392,0
-0.858056,-0.606237,0
0.482676,2.196911,0
0.619254,0.716163,0
0.596941,-0.177895,0
1.357579,1.630794,0
0.365088,0.784285,0
1.620023,1.152192,0
1.014377,0.817116,0
0.298192,2.755916,0
0.890538,0.620952,0
1.554032,1.083889,0
2.114283,2.663060,0
-0.970010,2.281999,0
2.218670,0.813291,0
1.709204,1.015695,0
0.745490,1.532491,0
-0.344635,2.388624,0
0.070088,0.039816,0
0.218564,1.234739,0
1.971951,2.279222,0
0.016625,2.348706,0
1.046562,-0.239471,0
0.565400,1.222111,0
2.022838,1.684093,0
3.473779,1.640659,0
2.255547,-0.372150,0
1.482239,1.915018,0
0.286913,0.449729,0
0.938199,0.112968,0
0.534999,2.089040,0
0.746048,0.865696,0
1.679510,0.723568,0
0.396833,1.782714,0
0.120229,0.942836,0
1.540937,1.466498,0
1.992719,1.870513,0
2.585824,2.259065,0
1.587023,1.088037,0
3.763075,0.976117,0
1.669898,1.665576,0
0.287865,0.625986,0
3.439208,0.515067,0
0.839481,1.395753,0
1.630783,1.556264,0
0.021483,1.210687,0
0.789297,1.167025,0
0.314974,0.952337,0
0.011414,1.358712,0
0.612199,-0.145701,0
1.771581,0.333354,0
2.520599,0.858630,0
1.242256,1.744140,0
1.730006,0.527972,0
-0.167742,-0.618608,0
1.699560,-0.821442,0
-0.865696,1.320832,0
-0.336864,0.341703,0
1.010680,2.770192,0
0.708428,2.336478,0
-0.139338,0.490926,0
1.841218,0.622261,0
2.006542,-0.115433,0
0.049484,1.860526,0
0.839621,0.181701,0
0.854377,0.504680,0
0.973857,1.553975,0
1.256979,0.948704,0
-0.372511,-0.367109,0
0.382265,1.195949,0
0.175210,1.009720,0
0.639192,2.124746,0
3.106155,1.702405,0
3.718659,1.747867,0
0.868507,1.013908,0
1.513096,0.988358,0
-0.365607,0.905432,0
2.306914,2.802104,0
0.537180,3.713278,0
0.648251,1.162085,0
2.170960,0.691674,0
1.985395,1.443089,0
1.105711,1.038910,0
0.182596,-0.139954,0
0.392110,-0.129014,0
0.941903,-0.264028,0
-1.386760,1.153008,0
-0.312740,0.248340,0
1.742255,-0.298132,0
1.063756,1.741141,0
0.989952,2.294981,0
0.292015,0.025224,0
0.682683,0.084974,0
0.699633,1.690084,0
0.833751,-0.041519,0
2.211449,0.663793,0
-0.357768,2.270665,0
2.079877,1.552738,0
0.955204,1.195430,0
1.516128,0.073836,0
1.462990,1.458518,0
2.239580,0.822344,0
0.955227,3.318149,0
-0.794995,0.613091,0
0.492123,-0.939634,0
1.549412,1.503824,0
0.946277,-0.157053,0
-1.926911,1.550303,0
0.188806,0.144587,0
1.492083,2.489997,0
2.215239,0.494833,0
1.723787,2.394188,0
1.171037,2.380635,0
-0.426912,0.379588,0
0.567961,0.371498,0
1.089691,2.427731,0
0.108321,0.290401,0
1.062068,1.114132,0
2.109334,0.794728,0
1.903201,1.084757,0
2.163677,0.483066,0
-0.494197,1.426794,0
1.402241,-0.759061,0
1.197731,-1.437955,0
0.626370,-0.360132,0
0.959288,0.932674,0
1.100551,1.517865,0
1.649084,1.457946,0
0.738662,2.259054,0
2.423325,0.921299,0
0.902204,-0.003182,0
-0.927803,1.502389,0
1.887286,0.295800,0
0.538566,0.109547,0
0.784844,1.929403,0
0.658683,-0.612853,0
2.076494,4.480380,0
1.833642,2.271595,0
1.632570,1.000982,0
3.618961,-0.332466,0
1.334027,-0.083330,0
1.344641,-0.056962,0
-0.516238,0.391307,0
0.421120,1.932763,0
0.126175,2.218291,0
1.047976,-0.627487,0
0.345949,-0.682079,0
1.996443,0.899852,0
0.340601,-0.109269,0
1.948863,2.390138,0
1.840415,0.059104,0
-0.989188,0.257408,0
0.498461,0.746902,0
-0.628221,1.689465,0
-0.427204,-2.113011,0
2.328807,0.077111,0
2.189537,0.778087,0
0.522133,1.155117,0
1.568076,-0.682569,0
-0.461513,0.996070,0
-0.268052,1.051746,0
-0.777744,0.825764,0
0.959839,-2.258068,0
-0.128800,0.239170,0
-1.022643,0.571528,0
2.075427,0.633163,0
-0.012523,1.359837,0
2.476783,1.490134,0
1.019420,0.935748,0
1.088172,0.875502,0
0.623749,0.844114,0
0.668960,1.064804,0
-0.600861,1.288795,0
1.310911,2.074630,0
-1.053938,0.773009,0
0.085941,-1.284331,0
2.455316,0.050157,0
1.586831,0.477493,0
3.702007,0.325210,0
2.117329,2.087029,0
1.876443,1.758997,0
0.727333,1.601288,0
0.423114,2.308825,0
3.437467,-0.857885,0
1.932016,1.211172,0
1.620260,-0.220244,0
2.759796,1.929049,0
-1.025564,0.975700,0
0.784881,0.726604,0
0.467369,0.421809,0
0.081714,2.199094,0
0.796377,1.579381,0
4.095003,0.098007,0
1.919962,-0.768865,0
-0.175275,-0.246578,0
0.520288,2.821881,0
0.371471,1.580008,0
1.668556,0.859445,0
1.492494,-2.396936,0
1.703332,1.118969,0
0.513912,1.006302,0
1.418224,0.237329,0
-1.244870,-2.116955,0
-0.358321,1.075638,0
0.715528,1.300943,0
1.468349,1.195877,0
2.282783,0.053302,0
0.130781,1.553325,0
0.669832,0.066955,0
0.756241,1.670101,0
0.865494,-0.038733,0
1.735234,0.674796,0
1.412827,1.614581,0
2.257983,-0.877925,0
-0.508605,1.665359,0
-0.286748,0.675569,0
0.768930,1.537640,0
0.451839,-0.340859,0
2.226258,-0.772437,0
0.874141,0.926055,0
-3.007904,-0.071815,0
1.262881,2.062666,0
1.176334,1.632888,0
0.501350,1.264388,0
2.513783,1.866492,0
1.481661,0.435151,0
0.286303,-0.043158,0
0.097596,0.883559,0
-0.327761,1.528632,0
2.922609,0.026268,0
0.520697,0.991877,0
-0.757015,1.195796,0
0.625478,-1.047989,0
1.145252,2.169164,0
0.292095,0.755599,0
0.021830,3.032787,0
-0.253177,-0.304181,0
2.157470,-0.596970,0
1.688017,1.384329,0
1.719625,-0.304168,0
2.748876,-0.054417,0
1.059303,0.592943,0
2.764738,1.223230,0
-0.042460,-0.998467,0
2.134648,-0.091762,0
0.250654,0.510260,0
-0.936076,-0.608249,0
1.101079,1.941529,0
0.531173,2.371727,0
1.228180,0.941352,0
1.986126,1.334192,0
0.219604,1.373559,0
1.236880,-0.532661,0
-0.406092,0.819073,0
0.953309,3.343790,0
-1.112888,0.454495,0
0.497540,1.258927,0
2.513484,1.173786,0
0.309905,0.583916,0
2.665366,-0.093742,0
2.492672,-1.142527,0
-0.986966,1.299770,0
0.687915,0.257615,0
1.771789,2.465582,0
0.287000,1.813302,0
-0.216190,2.844158,0
2.434996,0.169469,0
1.903429,1.344400,0
0.519288,2.110582,0
0.138273,-0.165784,0
1.668377,2.242951,0
0.482301,1.219435,0
1.917072,0.949873,0
1.091704,0.357774,0
2.186952,1.868801,0
1.975094,2.504637,0
0.298231,0.744443,0
-0.461178,1.520820,0
1.145885,-0.840526,0
1.655411,1.177347,0
-0.166663,1.078722,0
2.110853,0.626807,0
1.411606,0.908802,0
1.732987,0.322892,0
-0.063290,0.601573,0
1.983997,0.871321,0
1.045017,0.765493,0
3.387984,-0.044374,0
1.155201,2.448073,0
1.883112,0.315562,0
0.513652,0.265524,0
-0.437065,-0.433077,1
-0.667249,-1.862955,1
-1.034513,-2.858870,1
-0.634607,-1.533815,1
0.144782,-1.075136,1
-2.073999,1.183378,1
-0.284535,-0.681929,1
0.252819,-0.770350,1
-1.228738,-2.503750,1
-2.588158,-2.662662,1
-2.314736,0.941552,1
-1.159215,-0.870064,1
-1.009467,-2.210289,1
-0.772449,-1.779239,1
0.239522,-2.820494,1
-0.064224,-0.405643,1
0.271505,-0.056793,1
0.053472,-0.697155,1
-2.383225,-0.917200,1
-1.025925,0.511615,1
-0.571695,-1.349195,1
-1.121624,-0.697924,1
-0.513581,-1.755000,1
-0.104160,-0.892876,1
-1.505074,-0.961200,1
-0.366883,-0.385314,1
-2.385641,-0.929197,1
-1.277776,-0.513977,1
-1.413065,-0.704844,1
-0.562378,-2.271671,1
-1.851924,-0.571219,1
-0.799423,-0.972661,1
-0.396645,-1.345935,1
0.684485,-0.244991,1
-1.310815,-0.398876,1
0.910976,0.072052,1
-0.660993,-0.344886,1
0.934876,0.416211,1
-0.544091,-0.866609,1
-1.370129,-1.779154,1
-0.350467,-0.884771,1
-2.243499,-1.257778,1
0.744912,-1.538349,1
-0.279675,-1.740973,1
-1.969174,-1.903633,1
-1.646079,-1.841473,1
-2.190105,0.243885,1
-0.034670,-1.044385,1
-0.248387,0.239347,1
-0.444833,-0.696090,1
-0.909779,-1.545861,1
1.205777,-0.795143,1
-0.800393,-0.743293,1
-1.311701,-1.419281,1
0.647616,-1.875805,1
-0.987060,0.044357,1
-1.279995,-1.197783,1
-1.737316,-0.382963,1
-2.134270,-2.533557,1
-0.471892,-2.524513,1
-2.107407,-1.078676,1
-1.140873,-0.324022,1
-1.328850,-0.131210,1
0.159673,2.186673,1
-1.425392,-1.899488,1
1.045805,-0.380226,1
-1.715007,-1.182624,1
-0.685445,0.138224,1
-3.033753,0.553362,1
0.215982,-0.689489,1
-0.914520,-0.908217,1
1.580213,-1.577950,1
-1.270148,-0.106922,1
-0.238448,0.112822,1
-1.294751,-0.040350,1
-0.141590,-0.767855,1
-2.053840,-1.752267,1
0.160697,-2.342779,1
-1.727747,-0.258849,1
0.236808,0.566798,1
-0.923566,-2.112952,1
-2.401793,-1.626370,1
0.032301,-0.782576,1
-2.104446,-1.134719,1
-0.990832,-0.740599,1
-2.418210,1.042403,1
-1.416444,-0.431972,1
2.329525,-1.703312,1
-1.773471,-1.529153,1
-1.411406,-0.545807,1
0.082832,-1.732670,1
-3.107090,-1.663918,1
-2.384670,-1.161336,1
0.026665,-1.198987,1
-1.471409,-0.221131,1
-0.177125,-1.892262,1
-1.195146,-0.717000,1
-0.698337,-1.278865,1
-2.509509,-0.662735,1
0.543676,-1.029541,1
0.517292,-3.031057,1
1.531574,0.643681,1
-3.349973,-1.645463,1
-1.993519,-0.606734,1
-2.358143,-0.523808,1
-1.371680,-1.053308,1
-0.792970,-1.500468,1
-0.482226,1.556773,1
0.599759,0.500309,1
0.117243,-1.971489,1
-1.200098,0.097861,1
-2.312130,-0.230476,1
-0.466590,-0.214653,1
-2.524199,-0.473583,1
-1.465639,0.934758,1
-0.697181,-0.792766,1
-2.530250,-1.825364,1
-0.093830,-0.286110,1
0.030510,-0.988559,1
-1.403244,-2.183402,1
-1.320310,-0.231919,1
-2.250156,-0.804720,1
-2.260017,-0.798491,1
-3.153486,1.292939,1
-2.342942,-1.657390,1
-1.261960,-0.073457,1
-0.457895,-0.693479,1
0.868997,-2.327805,1
-1.159012,-1.901882,1
0.005994,-1.995304,1
-0.508053,-1.295570,1
-1.155447,-2.543507,1
-2.373010,-1.139410,1
-0.822619,-2.139410,1
-1.321003,-1.442450,1
0.713198,-1.455783,1
0.053678,-1.443831,1
-1.159879,-3.320065,1
-1.069958,-0.506139,1
-0.312069,-0.683052,1
-1.729343,-2.409286,1
-0.120214,-0.032884,1
-1.333425,-0.179627,1
-1.819914,-0.240303,1
-0.493461,-0.098539,1
-0.437728,-1.936900,1
-2.847631,-2.176132,1
-0.008379,-0.739364,1
-1.805593,-2.343761,1
-0.655672,2.047639,1
-0.447011,1.018993,1
-0.578505,-0.141814,1
-1.228868,-1.689648,1
0.515238,-0.608091,1
-0.887313,-2.372030,1
-1.510061,-2.013785,1
-1.366092,-0.123826,1
0.539053,1.281341,1
-1.619350,-0.674407,1
-0.505546,-1.261603,1
-2.184511,-2.990992,1
-0.509881,1.220713,1
-0.420100,0.006436,1
0.286608,-0.442819,1
-1.417147,-0.215192,1
-0.292991,-1.706784,1
-1.460526,-0.459381,1
0.916140,-1.228240,1
-0.643371,-2.763581,1
0.993322,-1.112843,1
-0.589256,-0.451824,1
-2.750208,-0.280838,1
-0.089645,-0.159266,1
-2.964023,-0.139134,1
-1.839283,-0.651493,1
-0.531022,0.131071,1
-0.437523,-1.647249,1
-2.192921,-0.863997,1
-1.254496,-0.727952,1
-1.464160,-0.369461,1
-1.018249,0.079593,1
-2.149728,-0.633604,1
-2.522464,-0.621897,1
-0.449715,-1.779136,1
-2.308007,-1.921189,1
-2.734112,-1.206388,1
-0.690679,-1.283890,1
-0.700676,-0.253611,1
-2.326371,-0.369810,1
1.159360,0.072400,1
-0.841698,0.613733,1
-1.403704,-0.020969,1
-0.354998,-0.912948,1
-2.183149,-1.090873,1
-0.017092,-0.441231,1
-1.098481,-1.229482,1
-0.786430,-1.369910,1
-2.583072,-3.087018,1
-0.465027,1.648668,1
-0.588865,-2.855718,1
-0.908420,-1.084507,1
-2.379464,-0.892273,1
-1.658095,-1.078835,1
-1.172987,0.155741,1
-2.036964,-2.006451,1
0.636056,-0.886543,1
-2.209291,0.004235,1
-2.053883,-1.039233,1
-0.378099,0.151498,1
0.403678,-1.455371,1
-2.395835,-3.294303,1
0.064287,-0.506448,1
-0.837109,2.469378,1
-0.212770,-2.285864,1
-0.085638,-1.822018,1
-0.709064,-0.857719,1
-0.420086,0.264541,1
-2.438411,-0.872245,1
-2.167015,-0.244364,1
-0.779481,-0.340002,1
0.106153,-0.827439,1
-2.390326,-0.612970,1
-0.074761,-1.996658,1
-0.680450,-0.619737,1
0.786004,-0.440338,1
0.410749,-1.053702,1
-0.327765,-1.885869,1
-0.285995,-1.926160,1
-0.574360,-0.448531,1
-1.593123,-0.786444,1
-0.841152,1.573446,1
-2.352695,-0.814442,1
-1.282476,-1.082644,1
-1.160485,-0.535187,1
-1.062890,-0.755165,1
-0.203809,-1.465428,1
-2.159839,-1.334898,1
-0.544373,-0.466286,1
0.033099,-0.924284,1
-1.678893,-2.102599,1
-1.192543,0.282552,1
-2.095233,-2.934442,1
-1.732680,-3.081783,1
-0.651528,-1.427948,1
-2.674945,0.263576,1
0.480987,1.070170,1
-1.200435,0.030056,1
-1.386981,-2.336849,1
-0.510037,-1.040386,1
-0.354733,-0.707004,1
-1.024934,-0.152598,1
-0.393606,0.199938,1
-0.292934,-1.159261,1
-0.757555,-1.596198,1
-2.460783,-1.951646,1
-2.405948,-1.533007,1
-1.527821,0.674796,1
-1.959320,-0.599509,1
-0.170651,-2.308414,1
-2.035250,-1.783044,1
-2.576437,-1.118867,1
-1.215092,-0.195326,1
-0.592956,-0.849130,1
-1.908607,-0.056052,1
-2.103384,-1.410661,1
0.547753,-0.424169,1
-2.096065,-1.686815,1
-2.234648,-1.929322,1
-1.140208,-0.593225,1
1.173673,-0.863297,1
-1.672184,-2.122936,1
-1.799020,-1.589127,1
-1.180021,-0.163327,1
0.134587,-1.125646,1
0.080654,-0.229950,1
-1.216829,-1.651200,1
-1.050309,-1.115164,1
0.043149,-2.060974,1
-1.145934,-1.904717,1
0.887498,-1.314755,1
-2.825203,-1.297763,1
-0.621150,-1.432061,1
-1.569333,-0.265678,1
-0.412646,0.155552,1
-1.631165,-1.399671,1
-0.417388,-1.109839,1
-2.608962,0.321851,1
-1.412632,0.059763,1
-0.769563,-2.263731,1
-0.777902,-1.049850,1
-2.229918,-0.788213,1
-2.288423,-2.045326,1
-0.994270,-0.468445,1
0.655195,0.020713,1
-2.565612,-2.936361,1
-0.664653,-0.742960,1
-1.110083,-1.147739,1
-1.013043,-0.011950,1
-2.138826,-1.678752,1
-1.690854,-0.131258,1
-2.190996,-1.881486,1
-0.230576,-0.859767,1
-1.277370,0.320966,1
1.147332,-1.669911,1
0.020125,0.659998,1
0.110156,0.823155,1
-2.992359,-3.928786,1
-1.484571,-3.357101,1
-0.909176,-0.373319,1
-0.050616,-0.503024,1
-2.377218,-1.575201,1
-1.220206,-1.793374,1
-0.537934,-1.141506,1
-0.773548,-1.385428,1
-0.651960,-1.838074,1
-0.730455,-0.659795,1
0.705074,-1.425584,1
-0.245834,-0.937210,1
-1.886508,0.297451,1
-1.855524,0.184053,1
-0.711880,-2.357009,1
0.589803,0.123951,1
-2.599466,0.107575,1
-3.721199,-0.840361,1
-2.081576,-0.600065,1
-1.416110,-1.400763,1
-2.136694,-1.039050,1
0.288475,-1.689061,1
-1.285061,-1.217575,1
-1.160779,-0.618032,1
-2.174175,0.566142,1
-1.087922,-1.007560,1
-0.562997,1.323633,1
-0.648256,-0.904618,1
-0.597128,-0.306962,1
-1.784217,-0.360367,1
-0.978154,0.257885,1
-0.001924,-0.969722,1
-0.775942,-0.505749,1
-1.097945,-0.972977,1
-0.005433,-0.853707,1
-0.767900,-1.606222,1
-2.613160,-0.391119,1
-0.373543,-0.152472,1
-2.276590,-0.852118,1
-2.732569,-0.909140,1
-0.704022,-0.661548,1
-1.763412,-0.587880,1
-1.341261,-0.169443,1
-0.686701,-1.142949,1
-2.105687,-0.487935,1
1.174006,-0.928811,1
0.293350,-2.179507,1
-1.869462,-1.197428,1
0.614631,0.170247,1
-1.116658,-0.345869,1
-0.053653,-0.106255,1
-0.389472,-1.320670,1
0.312520,-1.182022,1
-2.127161,-0.305107,1
-1.017256,-1.050599,1
-0.365437,-0.266995,1
-0.015088,-0.379464,1
-0.665593,-0.558853,1
-0.990227,-0.251973,1
-3.143191,-0.169510,1
-0.368991,-0.983756,1
-1.896298,-0.918640,1
0.183037,-0.565196,1
-0.675120,-0.228512,1
-1.542253,-0.882350,1
-0.236566,1.392592,1
-2.811544,0.025832,1
-1.791724,-0.987405,1
-3.017168,-1.833989,1
-0.774042,-0.035973,1
-1.237319,-1.857532,1
-2.045997,-1.066751,1
-1.489519,-0.796383,1
-0.197836,-1.536511,1
-0.828431,-1.658269,1
-2.715609,0.173939,1
-0.146188,-0.262543,1
-2.129232,0.324299,1
-0.922340,-1.799767,1
-0.773983,1.276248,1
-0.651631,-1.239804,1
-0.429166,-0.184346,1
-2.011160,-1.552450,1
-2.035914,-0.747148,1
-1.484921,-1.659049,1
-1.731208,-0.994126,1
-2.272825,-1.642307,1
-1.273635,0.878866,1
-0.649256,-1.366768,1
-2.460875,0.071153,1
-1.032815,-0.559632,1
-2.410995,-0.143794,1
-1.590941,-1.113400,1
-1.179103,-2.881277,1
1.089920,-0.462568,1
-1.078685,0.062304,1
-0.424333,-0.078724,1
1.302950,-2.483222,1
-0.924125,-1.766659,1
-2.972171,-2.825203,1
-1.433895,-0.375258,1
-2.142939,0.129799,1
0.430420,-1.563800,1
-0.729207,-0.536106,1
0.433701,-2.271350,1
-0.374620,-1.433652,1
-1.692920,0.836662,1
-1.356292,-0.798338,1
-0.955809,-0.980100,1
-0.785897,-1.036067,1
-1.130282,-1.195349,1
-0.092870,-2.460155,1
-0.816283,-1.332307,1
0.473731,-2.190446,1
-2.617337,-0.906112,1
0.357008,-2.754123,1
-2.086491,-1.261424,1
0.093864,-0.690356,1
-4.177588,-0.331821,1
-2.215502,-1.128759,1
-2.946963,0.163985,1
0.029333,-0.805097,1
0.061648,-1.170232,1
-1.126288,-1.010517,1
-1.265126,-1.215043,1
0.187878,-1.999269,1
0.164776,-1.417921,1
-1.112820,-1.023408,1
-1.767251,-1.190310,1
-2.632827,-0.627863,1
-0.149158,-0.381146,1
-0.099196,0.465508,1
0.746029,-1.778786,1
-0.751855,-0.565022,1
0.039552,1.316331,1
-2.783481,-1.085364,1
-1.916026,2.494153,1
-1.456138,-2.175697,1
0.709464,-0.303185,1
1.091306,-1.633504,1
-0.799394,-0.603123,1
-0.761805,-1.445470,1
-0.588502,-2.227457,1
-1.020255,-1.700515,1
-0.990606,0.758947,1
-2.661852,-1.609487,1
-2.619503,-2.317036,1
-1.583046,-1.347445,1
-1.114226,-2.654866,1
-0.380664,0.796336,1
-0.871567,-0.618137,1
-3.205012,-0.680863,1
-0.812000,-2.665298,1
-1.486722,-2.034924,1
-0.516201,-1.424951,1
-1.082052,0.665065,1
0.248460,0.940397,1
-2.368961,-1.144588,1
-0.239233,0.901327,1
-0.513455,-2.006891,1
-2.241336,-1.142163,1
-1.493871,-0.654389,1
-1.958830,-2.005627,1
0.824592,-1.937243,1
0.183972,-2.245220,1
-3.012464,-1.582849,1
-1.892656,0.027367,1
-1.884289,0.045961,1
-0.977717,-0.692514,1
-2.472642,0.519846,1
-1.962996,-1.248123,1
-1.898859,-2.176246,1
-0.590755,-0.206424,1
-0.255506,-1.959904,1
1.241369,-2.338770,1
-1.303431,-0.605784,1
-1.665926,-2.103972,1
0.589207,0.541703,1
0.385084,-0.463931,1
0.512860,-0.699297,1
-0.604554,-0.582647,1
-1.259494,0.546766,1
-0.376979,0.223148,1
-0.944218,-1.330273,1
-1.372891,-2.762401,1
0.484516,-1.426589,1
-1.991547,-0.449113,1
-0.608235,-1.125996,1
-2.619986,-0.579820,1
-0.557970,0.492070,1
-0.570252,-3.017762,1
-1.993298,-1.124023,1
-0.579447,-0.116586,1
-0.216166,-2.166101,1
-2.740926,-0.716156,1
-1.729053,0.171258,1
-2.069487,-1.753572,1
0.728673,-0.785187,1
-2.574958,-2.413702,1
-2.535668,0.777380,1
-0.986558,-1.162558,1
-1.090971,-1.990489,1
-0.034030,0.556298,1
-0.521645,-2.995600,1
-0.105089,-1.832510,1
-0.991827,-1.095131,1
-0.068608,0.201098,1
0.239056,-0.046895,1
-1.122039,-2.407326,1
-0.678175,-2.194938,1
0.816740,-3.413736,1
-0.952391,-2.721896,1
-2.225330,0.540247,1
-1.156097,-1.577112,1
-1.398474,-1.630351,1
-1.357362,0.266623,1
-0.424574,0.410810,1
0.225923,0.415994,1
-0.196259,-2.959229,1
-1.146640,1.387216,1
-3.202447,-2.546704,1
-1.666574,-0.830428,1
-0.349760,-0.286380,1
-1.370198,-1.924072,1
0.177571,-1.769083,1
-0.526454,0.935688,1
-0.915631,-1.310326,1
-1.344212,0.671854,1
-0.752358,0.270940,1
0.038900,-0.289973,1
0.390230,-1.130885,1
0.667755,-0.685067,1
-0.356411,0.942967,1
0.141906,-0.316916,1
0.682030,-1.296329,1
-0.122576,-1.014170,1
0.824967,-0.938285,1
-0.237675,-1.413187,1
-0.812757,0.025960,1
-1.559173,0.347826,1
-1.080768,-2.072771,1
-2.902775,0.991447,1
0.504780,-0.352992,1
0.274733,-1.563870,1
-2.429285,0.147408,1
-1.487494,-0.012073,1
0.723739,-2.197860,1
-0.446522,0.194723,1
-1.291683,-0.685229,1
-0.870046,-0.968386,1
-2.709990,0.596969,1
-0.974097,-0.836241,1
0.317475,-1.021885,1
-1.032433,-0.961268,1
-1.141269,-0.749146,1
-1.592264,-0.060953,1
-1.313631,-2.086493,1
-2.498019,-2.227897,1
-2.136534,-0.895406,1
-1.588418,-0.678469,1
0.077802,-0.622257,1
-0.411019,-0.185778,1
-0.804789,-0.127879,1
0.180766,-1.949540,1
-1.526739,0.466603,1
-0.797380,-2.062606,1
-0.602885,-1.408538,1
0.026274,-0.127740,1
-0.847394,-1.166742,1
-2.337314,-1.098889,1
-1.593360,-1.249140,1
-1.948634,-1.646471,1
-0.085973,-1.107748,1
-0.760020,-1.259097,1
0.182079,-1.672769,1
-0.841319,-0.933829,1
0.533448,-0.193601,1
-0.680963,0.228232,1
0.811399,-0.728482,1
-0.542074,-2.170654,1
0.539227,-1.416546,1
-1.511695,0.393374,1
-1.225177,-2.557215,1
-0.454792,-1.540250,1
-0.918676,-1.568153,1
-0.880400,-0.511657,1
-2.645228,-0.801441,1
-0.640476,-2.483903,1
-1.507485,2.593911,1
0.162467,-0.915584,1
-2.157760,-0.231244,1
-0.869516,-0.495393,1
-1.122519,0.093113,1
-0.673716,1.033670,1
1.050739,-0.317868,1
-2.748142,-0.918037,1
-1.059790,-0.878755,1
-2.282765,-1.628786,1
-1.556931,-0.819926,1
-0.627093,-3.795752,1
-1.153680,-0.070970,1
-0.283812,-1.732581,1
0.637682,0.065279,1
-3.084753,-0.651534,1
-0.971334,-1.666731,1
-0.753241,0.833150,1
0.421700,-0.725405,1
-1.305470,-2.009695,1
-0.128056,-0.011259,1
-1.453945,-1.746552,1
-1.991843,-0.690605,1
-2.623049,-0.543521,1
0.230945,-1.061409,1
-0.594941,-2.443201,1
-1.111716,-1.514999,1
-0.010968,-2.891578,1
-0.665220,-1.167068,1
-1.732316,0.929576,1
0.630339,-0.963740,1
-2.961917,-0.651390,1
-1.745413,0.073918,1
-1.799485,-2.617492,1
-1.700126,0.684808,1
-1.222422,-0.692896,1
-0.685745,-1.530052,1
0.229955,-2.094517,1
-2.011372,-0.771286,1
-1.589920,0.080593,1
0.651912,-2.209220,1
-2.151673,-1.354494,1
-2.927863,-2.944562,1
0.070307,-1.303867,1
-0.571191,-1.851042,1
-3.205950,0.064637,1
0.313219,1.261043,1
-0.034043,0.956080,1
0.024604,-2.045139,1
0.533332,-0.278627,1
-1.412624,-1.361308,1
-2.104861,-2.122963,1
-0.784554,-0.651329,1
-0.445273,-1.478379,1
-0.927079,-1.814177,1
-0.888568,-1.397433,1
-0.853628,-2.155464,1
-1.254043,-1.112463,1
-0.798339,0.759255,1
-1.986145,-0.550523,1
-2.286919,-1.868768,1
-0.464799,-3.140166,1
-2.235487,0.589195,1
0.637672,-2.075217,1
-2.831128,0.407781,1
-0.552110,0.185798,1
-0.724018,-0.408292,1
-0.660709,-2.313473,1
-3.394413,-1.360183,1
-1.936277,-0.931843,1
0.276291,0.280922,1
-1.459639,-1.319804,1
-1.775353,-0.497252,1
-1.941143,2.087771,1
-0.426770,-2.814564,1
-1.185109,-1.404577,1
-0.734093,-0.438013,1
-2.912824,0.499293,1
-0.955773,-1.007916,1
-2.320137,-0.895406,1
1.146302,-0.916527,1
-1.535076,0.558547,1
1.571621,-1.463514,1
-0.989510,-0.069518,1
-2.264968,1.376598,1
-1.419412,-0.870188,1
-1.551561,-0.529830,1
0.092231,-1.223821,1
-2.017210,-0.454680,1
1.139126,-1.193539,1
-2.120243,-0.516175,1
-1.851797,-0.910559,1
-0.336922,-1.272747,1
-0.865931,-0.555385,1
-0.426178,-1.736644,1
-0.951511,-2.541960,1
-1.540637,-2.049617,1
-0.999176,-2.549184,1
-2.500752,0.747806,1
-2.177635,-2.402084,1
-0.926836,0.274216,1
-0.216385,-2.174298,1
-0.115171,-1.469206,1
-1.275467,-2.719237,1
0.035092,-1.294389,1
-0.858499,-1.392203,1
-1.557207,-0.380383,1
-0.458260,-0.412837,1
-1.565830,-2.521046,1
0.108913,-0.897720,1
-2.144483,-1.735591,1
-1.403542,-1.383591,1
1.004157,-1.657853,1
-1.853953,-0.500417,1
-1.375352,-1.539146,1
0.489899,-0.038922,1
-1.306544,0.211209,1
-1.705172,-1.274284,1
0.083129,1.256057,1
-0.459845,-0.701322,1
-1.271104,-0.997917,1
0.504116,0.612439,1
-0.241418,-1.778006,1
-0.324326,-2.102984,1
1.228509,0.412327,1
0.755230,-2.288802,1
0.421669,0.327713,1
-0.403557,-2.799928,1
-1.167267,-0.980632,1
-1.771587,-1.787276,1
-0.409861,-0.772768,1
0.063245,-1.005655,1
-1.314990,-2.214361,1
-0.171308,-2.998428,1
-0.668750,-1.330465,1
-0.600748,-0.599516,1
-1.545283,-1.723142,1
-1.447623,-0.516813,1
-1.877518,-0.894685,1
-3.003219,0.133112,1
-0.872744,-2.415017,1
-0.813037,-0.772499,1
-1.763374,-1.283697,1
-1.445722,-0.229642,1
-0.046229,-1.910190,1
0.141559,-1.074277,1
-1.202008,-0.999116,1
-0.701263,-1.111654,1
-1.641937,-1.024677,1
-2.000932,-1.959692,1
-0.103014,-1.747130,1
1.702810,-2.816862,1
-1.417500,-0.789637,1
-0.550402,-0.065603,1
0.774304,-1.339946,1
0.114657,0.175501,1
-0.512913,-0.006595,1
-0.397474,0.805430,1
0.479079,-1.575889,1
1.136867,-2.580952,1
-1.733274,-1.563017,1
-0.236595,-0.292861,1
-1.512883,-1.071332,1
-2.697525,-0.627778,1
-1.881843,0.479150,1
-2.081462,-1.657565,1
-0.409390,-2.294286,1
-0.114548,-0.879286,1
-1.913478,-0.247969,1
-1.699235,-0.876896,1
-1.470075,-0.859190,1
-0.481434,-1.838798,1
-2.667499,0.640557,1
-1.577785,-1.050024,1
-2.026599,-0.289664,1
0.469580,-0.578521,1
0.116477,-1.267031,1
-2.097662,-0.270843,1
-1.393609,-1.604610,1
-2.073831,-0.489098,1
-0.070517,0.858210,1
-0.024897,-1.943222,1
-1.811607,-0.324264,1
-0.941402,-1.399879,1
-1.321023,0.830801,1
-0.532753,-1.290195,1
1.182335,-1.137900,1
-2.607946,-1.622770,1
0.046502,0.033527,1
-2.791068,-2.023581,1
-0.010557,-0.727618,1
-1.850474,-1.790964,1
-0.405967,0.981299,1
-1.121448,-0.360672,1
-1.107872,-1.547570,1
-1.112109,1.235785,1
0.431190,-0.142294,1
-0.888584,-1.871694,1
-2.058950,-1.327926,1
0.165283,0.645381,1
-1.018163,-2.175819,1
-1.754459,0.011871,1
-3.065337,-1.297304,1
-0.890285,-0.117550,1
-0.806108,-1.155284,1
-0.185554,-1.837921,1
-2.022271,-1.333501,1
-1.820560,-1.241863,1
-0.928253,-0.373894,1
-0.560400,-0.552253,1
0.010730,-0.484070,1
-0.787849,-3.475801,1
0.130727,-0.443498,1
-0.212294,0.478025,1
-2.774638,-1.339242,1
-2.518312,-0.924623,1
-2.042586,-0.602741,1
-1.139141,0.758189,1
-1.366346,-1.523066,1
-1.518869,-0.438851,1
-0.468874,-0.572776,1
0.679595,-1.879405,1
-2.557820,-1.492731,1
-1.274883,-0.890186,1
-1.406292,-1.383873,1
-1.159598,-0.265996,1
0.118160,-0.958443,1
-1.365834,-0.942471,1
-1.218709,-0.864922,1
-2.757501,-1.611623,1
0.032955,-2.928083,1
-1.561371,-1.706383,1
-0.505318,-0.518860,1
-1.224514,-2.927614,1
-0.116624,-2.260928,1
-1.084838,0.430534,1
-2.179462,-1.147341,1
-3.082548,-1.277571,1
-1.947182,0.947398,1
0.778143,-0.954049,1
-1.736835,-2.576392,1
-1.427802,-0.798136,1
-2.457624,-0.190943,1
0.100990,1.796428,1
0.323761,0.360852,1
-0.885548,-1.054622,1
-2.044894,-1.693614,1
-0.312235,-2.265774,1
-1.629593,-1.653791,1
-0.792505,-0.475470,1
0.173481,-1.340153,1
-3.133312,-0.436124,1
-2.297415,-2.221066,1
-1.951971,-1.310110,1
-3.466171,0.562597,1
-2.015085,-1.624364,1
-1.062655,-0.983484,1
-1.313715,-0.946265,1
-1.310248,-1.778459,1
-2.097496,-0.655932,1
-1.097714,-1.100594,1
-1.371082,-1.384045,1
-0.215591,1.295523,1
-0.647880,-1.287962,1
-1.548481,1.310801,1
-1.893877,-2.341695,1
-1.887389,-0.566606,1
-1.487808,-1.698070,1
-2.662146,-1.114312,1
-1.540909,-1.398678,1
-0.123938,0.740288,1
-1.982036,-1.924765,1
-0.620716,0.019562,1
-0.125190,-1.433728,1
-2.553127,-2.031534,1
-0.480630,-2.292125,1
-0.849679,-2.576155,1
-1.337008,-0.568864,1
-1.970770,-1.653737,1
0.990833,0.110188,1
-0.942894,-0.093514,1
0.278173,-0.819847,1
-1.165205,-2.463925,1
-0.996331,-1.392500,1
0.078329,-1.308668,1
-0.049541,-2.608459,1
-1.199592,-0.757255,1
-1.700451,-1.320567,1
0.057842,-1.027995,1
-2.028389,-1.023132,1
-0.167439,-0.563812,1
-1.199739,0.007092,1
-1.074185,-1.602423,1
0.756371,0.004313,1
-2.339596,-0.027778,1
-2.464381,0.343378,1
0.274641,-1.185047,1
-1.143938,-1.558263,1
-1.566838,-1.725445,1
-0.734950,-0.525788,1
-0.913796,-2.048709,1
-0.497227,-1.433161,1
-2.893529,-1.129099,1
-0.262700,1.079982,1
-1.247072,-1.255436,1
-0.049747,-1.428118,1
-2.920380,-3.435952,1
-0.233792,-1.572157,1
-1.182943,-2.827987,1
0.276715,0.255616,1
-0.177477,-1.156040,1
-0.142750,-2.581912,1
-0.820647,0.164846,1
0.953550,-0.192356,1
-0.133541,-2.317245,1
-0.496689,-2.172080,1
-0.264189,-2.522697,1
-2.817124,-1.465897,1
-1.008270,-1.978023,1
-0.234383,-1.847902,1
-2.336649,0.115819,1
0.109509,-0.701930,1
-1.623939,-1.921383,1
-1.194816,-0.770970,1
1.364921,-0.805073,1
-1.169026,-1.338353,1
-1.704654,-4.115817,1
-1.458573,-0.253426,1
-2.698083,0.787014,1
-0.357577,-1.080999,1
-2.484792,-1.287193,1
-0.336504,-1.815133,1
-1.772204,-2.937471,1
-1.812505,-1.894703,1
-0.339285,-2.027962,1
-1.288183,-1.575408,1
-2.255446,-3.695068,1
0.260634,-0.978061,1
-0.751235,-1.919803,1
-1.364748,-0.075382,1
-1.732419,-1.880083,1
-1.506476,-1.922635,1
-2.194149,0.752429,1
-2.056206,-1.021600,1
-0.801971,-1.835155,1
-0.807421,-0.233126,1
-1.918703,-1.675298,1
0.183944,-1.727623,1
-1.279520,-1.358534,1
-0.048082,-0.885808,1
0.926274,-0.601566,1
0.148142,-1.755364,1
-2.063722,-0.390221,1
-1.515114,-0.446399,1
-1.457189,0.289822,1
-1.447121,0.095483,1
0.009294,-2.029926,1
-0.539882,1.904437,1
-1.225502,-1.602393,1
-3.005376,-1.213658,1
-1.330852,-1.186857,1
-3.486449,-0.406203,1
-1.458471,1.543772,1
1.095248,-2.198473,1
-2.429946,-1.857629,1
-2.084195,0.869639,1
-1.740992,-1.259523,1
-1.517941,-1.169480,1
-1.313437,-1.206804,1
-0.217045,0.503201,1
-2.603583,-1.135190,1
-0.539680,-0.433475,1
0.387731,-0.030760,1
-1.921199,0.024997,1
-2.671277,-1.112953,1
-0.251593,-1.165695,1
-0.270831,-0.144144,1
-3.032634,0.064175,1
-0.199079,-2.012118,1
-1.543864,-2.938484,1
-1.793376,-1.348639,1
-0.957134,-1.365293,1
1.056828,-0.743422,1
-2.230219,-0.552579,1
-0.071398,-2.545836,1
-1.592382,-0.476906,1
0.162765,0.755142,1
1.059775,-0.660589,1
-1.659754,-1.019163,1
0.517183,-2.340834,1
-1.217252,0.046889,1
-2.041031,0.151562,1
-3.724131,-0.466762,1
-0.583467,-0.522624,1
-0.806580,-0.192976,1
0.824112,0.183061,1
-3.956066,0.146039,1
0.433400,-2.329243,1
-1.711108,-2.178607,1
-1.837850,-2.496101,1
0.045395,-1.072814,1
-0.386921,0.825247,1
-2.249492,-1.828497,1
-0.921476,-1.615474,1
0.421743,-0.789879,1
-0.258707,-1.920099,1
