1.035946,0.949026,0
2.928690,-0.523286,0
0.417108,1.117419,0
1.324045,1.400928,0
-0.412018,-0.188802,0
0.797353,0.062934,0
0.644423,1.669917,0
0.382596,0.864042,0
0.639658,1.848988,0
1.709241,1.075681,0
2.765502,0.966624,0
2.202445,0.119589,0
0.157158,-0.649636,0
0.640121,1.018477,0
0.716177,2.435199,0
0.415135,1.660375,0
1.858246,0.702888,0
-0.843640,0.041319,0
2.682163,1.039353,0
1.938550,1.073813,0
1.150267,-0.435886,0
0.022619,1.691155,0
1.011727,-0.287100,0
-0.545426,0.789483,0
0.140786,1.624159,0
-0.254657,0.351775,0
0.466692,1.451586,0
1.169803,-0.118488,0
0.295907,1.410542,0
-0.207720,2.148895,0
1.132083,1.956832,0
2.139675,0.224678,0
-0.034493,1.723722,0
2.206657,0.383037,0
1.482840,1.782786,0
0.720890,0.714055,0
0.702866,3.159080,0
-0.382392,1.893651,0
0.723208,1.518018,0
1.685854,1.213588,0
-0.283066,1.002313,0
2.517911,0.250134,0
1.947021,-0.497607,0
1.789390,-1.180236,0
-0.968019,1.499827,0
-0.467476,2.151200,0
3.103093,3.262663,0
-0.359259,2.304975,0
2.208000,2.242107,0
-0.006034,-0.053369,0
0.877877,0.834535,0
0.289151,0.981169,0
0.181026,-0.348447,0
0.843680,1.195057,0
-0.777100,0.372856,0
2.239410,2.754274,0
1.325313,-0.186314,0
-0.439197,2.007682,0
-0.937057,0.247739,0
2.947545,0.708744,0
-1.161879,1.405978,0
2.783714,-0.154034,0
0.783474,2.066295,0
0.224565,1.586748,0
0.653670,2.964641,0
1.365047,1.731336,0
1.433868,1.143632,0
3.363554,1.977689,0
0.564861,0.380273,0
0.230321,1.555492,0
1.049515,0.777432,0
0.058678,1.504886,0
-0.895888,1.239175,0
2.391932,2.425507,0
1.032393,3.301224,0
-0.093459,0.590611,0
0.145832,1.659010,0
0.382959,3.337928,0
1.255373,0.883324,0
1.922369,0.381660,0
2.936267,0.478319,0
1.746208,1.370726,0
0.817034,0.785325,0
0.713556,-1.192567,0
1.479981,0.506124,0
0.931670,0.949541,0
0.433029,2.272793,0
-1.311384,0.693855,0
2.982188,-0.137495,0
0.667860,0.207413,0
0.058709,-0.787756,0
1.060163,1.011493,0
1.428401,0.081721,0
0.871956,2.709569,0
-0.164112,0.342942,0
2.589664,-0.174071,0
0.749485,-0.067899,0
2.164111,-0.250728,0
1.479200,1.754166,0
-0.708993,0.857878,0
0.727039,-0.783603,0
0.942620,0.802225,0
3.168580,0.528233,0
0.722682,2.606523,0
2.060672,-0.039081,0
0.842420,0.573471,0
-0.103517,-1.174708,0
1.512194,2.187308,0
0.388425,-0.068101,0
2.580739,-0.821285,0
1.102083,0.847712,0
1.083160,0.835193,0
2.171968,1.390767,0
1.203714,-0.019044,0
-0.060814,-0.813296,0
-1.490865,0.308335,0
0.355106,1.672783,0
0.985765,1.847862,0
-0.395782,-0.322641,0
2.617284,0.078687,0
0.109430,-0.350301,0
2.752604,1.704824,0
0.602643,-1.173624,0
1.646274,2.164920,0
0.323225,0.834011,0
1.586530,2.030158,0
1.925972,1.799276,0
0.775812,0.070888,0
-2.163644,1.347434,0
-0.558612,0.701078,0
-0.014667,1.063111,0
2.248916,1.002300,0
-0.128457,2.342416,0
0.973020,2.766039,0
1.240846,1.286217,0
2.176436,0.390218,0
-0.131595,3.313622,0
0.188641,1.631254,0
1.150953,2.181386,0
1.302330,0.362920,0
-0.473455,0.922880,0
-0.299486,-0.384166,0
1.974310,1.159381,0
1.516910,1.272049,0
0.701115,1.023678,0
0.977379,-0.547005,0
1.865897,0.240455,0
1.198226,0.093170,0
0.563891,-0.591385,0
0.883209,0.564013,0
2.049815,0.371937,0
-0.176283,0.175764,0
0.966168,1.855269,0
0.689124,-0.799598,0
1.088203,0.925936,0
-0.807793,0.543317,0
0.154377,-0.106009,0
1.111403,0.060319,0
2.337172,-0.036533,0
1.924159,-0.495666,0
1.520627,0.807833,0
3.079568,-0.795491,0
1.028792,-0.793895,0
3.624686,0.831118,0
1.368975,0.577249,0
2.425372,-0.249717,0
-0.398880,0.853362,0
-1.139995,2.202660,0
1.737410,1.011576,0
1.972799,1.631388,0
3.011055,1.526402,0
-0.721782,0.371026,0
3.751043,2.912456,0
0.879673,3.010084,0
0.981076,1.156898,0
0.553728,0.101176,0
0.729779,1.642888,0
1.434806,1.888700,0
1.844660,1.178520,0
1.251894,0.515825,0
2.848703,-0.278634,0
-1.595712,-1.713773,0
0.522952,3.535403,0
2.311723,0.040770,0
-1.758003,-0.084423,0
0.631469,0.193000,0
0.565869,1.328987,0
1.193402,2.559710,0
0.419486,1.549786,0
1.457776,0.657108,0
0.884303,-0.539323,0
2.325322,0.514776,0
0.602639,1.989135,0
1.818071,0.475826,0
1.574201,0.778391,0
1.079885,-0.180354,0
1.821235,0.728238,0
2.232488,0.495910,0
0.279345,2.647127,0
-0.293776,0.567217,0
1.724537,0.397828,0
1.867213,0.249444,0
0.400676,-0.910442,0
1.795307,1.056646,0
0.985045,1.264167,0
0.380380,1.361467,0
-0.621102,0.082623,0
0.831505,-0.457905,0
1.684545,1.646202,0
-0.654205,0.331836,0
1.786108,0.901414,0
0.481564,1.618549,0
2.069311,1.234018,0
1.360071,1.469948,0
0.235366,1.088926,0
1.015531,0.887096,0
1.466195,0.517300,0
1.958958,2.665771,0
-1.419218,2.332575,0
0.816144,1.234895,0
1.401899,-0.139452,0
1.638939,1.455275,0
-0.904629,1.473229,0
1.546300,0.986486,0
0.548579,2.837844,0
2.622506,0.403457,0
1.079308,2.122473,0
-0.261284,0.847077,0
1.326591,1.986000,0
0.402913,2.729561,0
0.521474,0.934683,0
-0.279865,-0.249245,0
0.067943,1.086034,0
-1.628177,0.155859,0
0.924932,0.505452,0
-0.638982,1.145061,0
1.012863,-0.221519,0
0.911928,1.021457,0
0.559848,1.037220,0
-0.124774,0.951536,0
1.133718,0.838161,0
2.643519,0.329767,0
2.804798,1.680368,0
2.667127,-0.225356,0
1.476755,0.837699,0
1.808261,1.768695,0
0.581120,-0.011053,0
1.457874,2.223220,0
2.321243,0.964093,0
2.131398,0.710840,0
2.870245,2.238914,0
2.674102,0.142532,0
-0.788878,1.826879,0
-0.295217,2.219526,0
1.510753,0.354856,0
0.528086,-0.507313,0
-0.794433,0.372035,0
0.980846,0.677069,0
0.326825,0.908669,0
1.326051,2.237539,0
-0.607739,0.618699,0
-0.813991,-0.086349,0
0.748179,0.478015,0
1.405106,1.035702,0
0.406638,-0.346321,0
1.423240,1.351947,0
0.921501,0.790983,0
0.652243,0.201302,0
2.246883,2.090114,0
0.889754,3.793507,0
1.094256,0.797918,0
1.320108,-0.832145,0
2.626382,-0.355004,0
1.915999,-0.418000,0
0.668058,0.415155,0
0.630000,3.304345,0
-0.728709,0.582361,0
0.874895,0.587539,0
0.735950,1.654753,0
2.638713,-0.719998,0
1.728055,1.513824,0
1.254029,-0.310723,0
-0.518858,-0.107295,0
1.303099,0.577072,0
1.602551,1.839221,0
-0.365991,0.012925,0
0.770494,0.408417,0
3.881740,0.611435,0
1.515343,0.140634,0
1.689404,0.769827,0
0.241425,2.328589,0
2.998900,0.237738,0
1.639367,0.851862,0
1.736558,1.217915,0
-0.190533,2.405742,0
1.306303,1.711638,0
2.529895,2.594986,0
1.895848,1.198404,0
0.726241,0.713464,0
0.280511,1.524204,0
0.134407,-0.096176,0
1.332867,0.254597,0
2.034981,1.023092,0
1.683248,1.024387,0
-0.366873,2.130503,0
2.136622,-0.640570,0
0.174622,2.122903,0
0.869552,1.644162,0
0.298841,4.195403,0
1.652088,2.684011,0
0.349372,0.870906,0
1.828156,0.241095,0
1.768797,1.725175,0
1.227223,-0.058090,0
0.882453,3.043081,0
0.340738,1.195533,0
0.363469,2.732409,0
1.927690,1.586730,0
0.284597,1.506869,0
1.763374,1.495655,0
1.850600,0.974988,0
0.881478,1.122429,0
0.150125,1.226517,0
0.641505,0.720177,0
-0.043849,0.618464,0
1.032132,1.515664,0
0.515600,-0.386883,0
1.516637,0.865312,0
-1.434085,0.570345,0
-0.766969,0.593831,0
0.246433,0.125044,0
-0.413085,1.065833,0
0.188887,1.463151,0
-0.111040,1.116591,0
-0.054070,-0.101321,0
0.420065,-1.103244,0
1.653753,2.080954,0
3.155962,0.013618,0
1.280077,0.793873,0
0.721487,2.837751,0
-0.669937,2.038226,0
2.359691,2.135505,0
0.791219,0.754476,0
0.378936,2.642562,0
1.308364,0.386153,0
3.732032,0.975594,0
-0.355689,0.842972,0
0.336133,1.805012,0
2.969957,1.082280,0
-0.562920,0.465589,0
1.758559,2.949203,0
-0.372671,-0.223263,0
1.597300,0.308665,0
-1.196648,0.808647,0
2.641155,0.634516,0
1.481436,1.774650,0
0.779913,0.571655,0
1.802516,1.269714,0
1.296118,1.614316,0
0.323992,1.309580,0
2.363023,2.283034,0
-1.149314,-0.485522,0
0.235232,2.234615,0
1.471749,0.333184,0
-0.903800,0.442414,0
-0.241652,1.066936,0
2.289618,2.895316,0
-0.213248,0.882320,0
-0.200080,0.902207,0
-0.445260,1.333657,0
-0.672806,1.886085,0
-0.641620,1.160263,0
0.711508,1.324439,0
3.375739,0.686381,0
1.036269,-0.649770,0
0.364794,1.370329,0
-0.434437,0.214362,0
1.553675,2.468786,0
-1.069505,-0.978434,0
1.992872,2.809365,0
0.923017,1.899792,0
-0.214389,2.007537,0
0.413692,0.550574,0
2.778531,-0.177191,0
2.209006,0.633422,0
1.026169,0.177307,0
-0.351010,2.140197,0
1.557607,-0.344897,0
1.179255,0.724874,0
-0.329021,3.329578,0
-0.026475,1.198173,0
2.045857,-0.618676,0
1.056279,0.598329,0
0.412691,0.937398,0
1.322553,0.200913,0
1.059691,0.773346,0
1.422169,1.159947,0
0.556330,0.269850,0
2.238760,0.062084,0
1.342631,1.379324,0
0.855678,0.151553,0
1.958299,1.680225,0
1.076764,1.043340,0
2.091116,1.230747,0
1.115180,0.925271,0
-0.003878,0.765136,0
-1.164118,-0.379629,0
1.718590,1.145231,0
-0.682153,1.083247,0
1.956789,1.227382,0
0.317904,0.314919,0
0.555713,2.027084,0
2.610636,1.033035,0
-0.003334,1.511454,0
1.259778,0.614515,0
0.937471,2.221703,0
0.296631,-0.286785,0
1.403195,2.504280,0
1.233030,0.296359,0
0.820581,-0.537328,0
0.590995,2.942014,0
0.955416,-0.484876,0
0.590322,0.165335,0
1.608166,-1.537694,0
0.162356,1.121737,0
1.153098,0.083936,0
-0.659041,0.758065,0
2.502635,0.917745,0
1.628330,0.065034,0
0.154930,0.235509,0
2.227649,1.958416,0
1.482042,0.873260,0
0.806732,1.023279,0
0.304173,-1.172444,0
0.801255,0.737411,0
-1.375540,2.377286,0
2.112793,0.228868,0
1.605199,1.726236,0
1.978774,2.351793,0
1.422246,0.305271,0
1.274679,1.684857,0
0.657816,2.333189,0
1.918908,1.504327,0
0.748110,-0.091782,0
1.907619,0.292175,0
2.090746,-1.023179,0
2.829830,-0.022256,0
0.592353,1.408162,0
4.470018,-0.068006,0
0.506262,-0.686142,0
2.594722,1.853758,0
0.586255,0.497516,0
2.076435,0.500624,0
0.531667,-0.500907,0
0.457805,2.367712,0
1.426105,1.060375,0
0.274742,2.979012,0
1.863984,1.406162,0
0.751496,0.985546,0
0.838527,1.587595,0
2.329926,1.357312,0
1.273507,1.575190,0
2.000244,0.660358,0
0.818839,1.094364,0
1.473151,2.031861,0
1.214086,1.187041,0
1.579303,2.027257,0
1.920947,-1.431870,0
1.363223,2.512124,0
2.857440,0.992943,0
1.638365,-0.651892,0
0.618666,1.750937,0
0.683448,-0.391893,0
2.114671,2.160290,0
0.110310,0.556667,0
-1.220599,-1.170398,0
-0.115816,1.458760,0
2.106304,2.636855,0
-0.360405,0.896536,0
-0.452235,1.055803,0
4.596067,1.972970,0
2.833039,0.508935,0
0.685555,2.491485,0
2.626594,2.919075,0
3.163101,1.387875,0
-0.104184,2.562566,0
-1.153915,0.347933,0
-0.574916,1.131651,0
1.297565,1.404231,0
1.282501,-2.032135,0
-0.098438,0.942617,0
2.220698,0.700054,0
0.050593,1.175175,0
0.740229,1.299788,0
1.687191,0.146107,0
0.076484,1.674935,0
2.638986,0.186515,0
0.167387,-0.248568,0
1.554405,1.449688,0
0.115474,-2.064991,0
0.544525,2.750657,0
2.234391,0.474722,0
1.196801,0.848549,0
2.412322,1.944005,0
0.985291,1.685379,0
0.690485,0.356256,0
3.073264,1.262618,0
0.495275,0.864974,0
0.647882,0.599638,0
1.449402,3.349786,0
0.997503,1.123469,0
1.953328,0.504467,0
0.652320,0.099653,0
-0.456543,2.837406,0
-1.025127,2.513270,0
0.762901,-1.489638,0
-1.152547,0.349866,0
1.961650,1.708509,0
2.587970,1.938995,0
0.917411,1.455167,0
0.948608,0.663679,0
1.290944,1.859263,0
0.898580,1.812026,0
0.909176,1.170215,0
3.232567,0.605133,0
0.870991,1.713578,0
-0.754116,1.225928,0
0.871557,0.007321,0
0.591256,0.599461,0
1.021692,0.209087,0
1.645731,0.125238,0
2.041152,0.912457,0
2.711312,-0.148777,0
0.909222,1.615714,0
1.822659,0.583158,0
1.589839,1.426183,0
0.777512,0.084063,0
0.206381,2.668677,0
0.794997,2.754666,0
-0.136569,1.017454,0
1.898643,3.237754,0
0.974158,1.582387,0
1.011720,2.437306,0
2.259133,-1.001474,0
0.815414,0.732057,0
1.619897,1.818215,0
1.324110,1.136701,0
0.792542,-1.312617,0
2.891988,-0.239764,0
1.375410,1.097830,0
-0.165569,1.647391,0
0.194176,0.624801,0
0.083869,2.613771,0
0.049408,1.411827,0
1.825007,0.015858,0
0.624416,0.814284,0
0.932850,0.700728,0
0.971395,-0.095130,0
1.052136,2.075969,0
0.399118,2.388017,0
-0.512222,-0.786812,0
2.163784,0.905261,0
1.873011,0.992235,0
0.477777,2.688509,0
0.392659,-0.118464,0
2.576918,0.556981,0
0.355268,1.364436,0
1.398458,0.578812,0
0.674736,0.996915,0
0.643307,0.751353,0
2.010215,-1.734848,0
0.201712,2.472666,0
0.732740,1.270718,0
0.910199,0.785505,0
0.421049,1.049401,0
-0.893134,-0.234297,0
1.051334,1.763520,0
1.884831,1.219279,0
1.696565,1.802319,0
0.830251,1.099397,0
-0.646041,2.133748,0
3.016534,1.120198,0
2.151437,1.631222,0
-1.568733,1.784586,0
0.417984,-0.429304,0
0.636385,1.943598,0
2.032891,1.916229,0
0.739247,1.235942,0
0.347688,1.703331,0
-0.457282,-0.538212,0
2.669354,1.399393,0
1.772505,0.908277,0
0.434969,-0.620348,0
1.855275,1.332731,0
2.332675,1.527792,0
0.205875,2.693724,0
2.491784,-0.110903,0
1.024054,-0.472583,0
1.540384,1.230294,0
1.541089,2.211530,0
0.613298,3.093712,0
1.349021,3.017304,0
1.978370,2.051785,0
0.679858,0.626004,0
2.166922,-0.074081,0
3.159334,-0.444298,0
2.639550,1.005765,0
-0.043261,0.746169,0
0.720744,-0.338279,0
3.103202,1.344618,0
0.799541,1.601519,0
0.252685,0.864626,0
-0.346479,2.243375,0
2.011240,1.162579,0
-1.638152,1.860682,0
0.877698,2.802565,0
2.130078,1.133478,0
3.783645,1.385836,0
2.965638,0.160252,0
1.071096,0.322213,0
0.983757,1.147649,0
1.453588,1.448543,0
1.385197,-1.486394,0
0.224012,1.170923,0
2.063529,-1.283831,0
2.549110,1.821626,0
2.351943,1.965684,0
1.103842,2.259899,0
1.700159,0.717864,0
1.603732,-0.046836,0
2.161545,1.698347,0
2.183220,1.773271,0
-0.059049,2.477020,0
0.376859,1.269355,0
2.268170,0.944321,0
2.458814,-0.549934,0
1.245431,0.847104,0
2.245668,0.515971,0
2.361717,2.629630,0
3.134577,2.065190,0
2.820502,1.005313,0
2.293298,-0.122255,0
-0.347286,1.041570,0
-0.012300,-0.316450,0
0.213342,1.422666,0
1.855125,-0.723871,0
0.818980,0.801786,0
0.470778,1.283956,0
1.275320,2.106603,0
0.392362,0.561030,0
-1.554977,-0.981545,0
1.375082,0.816024,0
-1.317904,1.883598,0
0.137018,-0.113029,0
0.677263,1.282663,0
0.747417,1.332765,0
0.008709,1.259563,0
-0.320382,-0.995714,0
-0.991408,1.159587,0
1.920363,0.312230,0
2.062430,-0.217890,0
-0.046248,1.074347,0
1.065547,1.196871,0
1.986080,1.132826,0
1.542383,1.294601,0
-0.556994,2.334990,0
0.565900,0.935148,0
-0.066470,1.550333,0
0.916918,-1.192138,0
0.682938,1.476377,0
0.299664,0.302354,0
2.606000,-0.827152,0
0.886375,1.206661,0
1.888573,1.092885,0
2.434496,-0.376588,0
0.791915,0.166023,0
0.128102,2.903039,0
0.767476,1.409960,0
1.758937,2.817183,0
2.927211,0.860098,0
0.229499,-0.178001,0
1.561528,-0.052662,0
-0.405207,1.876616,0
1.519227,1.700581,0
0.837009,1.345265,0
-0.280929,1.717298,0
1.289538,1.615580,0
1.391897,1.260021,0
2.640263,0.738105,0
1.092792,3.157633,0
2.991135,-0.950285,0
-0.055497,0.678367,0
-0.159026,1.059057,0
2.374752,1.607354,0
1.212955,1.023211,0
0.845121,1.119521,0
0.440002,1.394156,0
1.574583,1.539537,0
1.529722,-0.027815,0
0.701557,0.190495,0
1.530748,-0.846569,0
0.989283,1.242236,0
0.703150,0.210840,0
1.597291,1.015577,0
0.005549,0.378669,0
2.056050,1.721479,0
0.481985,0.794250,0
0.553371,1.333191,0
2.414803,0.547340,0
0.966049,0.011102,0
1.429525,-0.283435,0
2.585101,1.277332,0
0.617208,3.699012,0
0.727509,1.055410,0
0.440836,0.971427,0
4.160039,0.706430,0
0.623102,0.905753,0
1.255424,1.560387,0
1.078619,2.181976,0
1.482152,-1.247401,0
0.649690,2.314142,0
1.269870,1.891929,0
1.017781,3.115969,0
1.866365,1.136930,0
1.759169,1.124582,0
0.966472,2.745714,0
1.324030,2.378434,0
1.487317,0.445066,0
0.342142,2.815253,0
0.985336,2.268020,0
-0.192460,-1.577765,0
0.943863,1.911025,0
1.354729,2.183878,0
0.739207,0.264675,0
1.127807,1.294692,0
-0.146316,-0.188484,0
-0.356902,-1.102148,0
1.278487,-0.584742,0
2.184050,3.100777,0
-0.663878,2.059089,0
2.384864,2.845177,0
0.333777,-1.510236,0
-0.703169,1.304995,0
1.372926,1.783531,0
0.968655,1.460493,0
1.702630,1.112465,0
0.624406,2.912262,0
-1.159271,-0.197020,0
2.419120,-0.489610,0
3.361898,0.131206,0
0.431142,1.464948,0
-0.670529,1.098991,0
0.411114,0.010536,0
1.028450,-0.109079,0
2.542556,1.855464,0
0.050892,1.211164,0
1.357625,-0.357280,0
0.792429,2.690094,0
1.084582,1.766342,0
0.148421,2.718942,0
-0.836433,0.587504,0
2.536883,0.795012,0
0.669420,0.590305,0
0.934845,2.271520,0
0.382574,0.915045,0
1.748229,0.853915,0
1.460874,1.252189,0
1.864633,1.792773,0
1.595781,1.712387,0
0.852283,-1.204904,0
0.727468,2.166822,0
0.975043,1.188272,0
0.897134,1.014287,0
1.154728,2.398420,0
1.348927,1.959563,0
2.181084,2.769882,0
1.202863,1.055306,0
1.137608,1.459853,0
-1.000886,0.047809,0
0.510141,3.257967,0
0.515469,1.913738,0
-1.596373,2.935743,0
0.967241,1.580010,0
-0.259838,-0.155097,0
0.990453,2.907813,0
-0.682505,2.155116,0
-0.723945,1.343892,0
3.529965,1.350170,0
2.635159,0.071063,0
2.764454,1.161037,0
0.819692,1.422631,0
1.118931,0.516214,0
1.054533,0.946336,0
0.728883,2.401868,0
-0.619616,1.808529,0
1.515431,-1.733650,0
1.638430,0.874798,0
-1.098784,0.106869,0
1.025146,0.599356,0
-0.271446,0.863239,0
-0.732405,0.216543,0
0.543244,-0.353539,0
0.984973,1.957533,0
0.268557,1.389101,0
1.893587,0.679375,0
0.541922,1.100815,0
1.583035,1.936663,0
1.392558,0.927589,0
1.795099,1.338331,0
1.223294,0.537751,0
1.174628,2.053261,0
1.101867,0.950679,0
0.639997,-0.094277,0
2.296729,-0.509814,0
1.199101,1.775692,0
0.578467,-0.077325,0
0.060745,1.395756,0
0.432827,0.454248,0
0.919751,0.511762,0
0.017416,1.059430,0
1.641991,0.778127,0
0.428874,0.756284,0
0.491561,1.615890,0
1.644969,0.613407,0
0.107246,-0.096931,0
2.361293,0.782016,0
3.391414,0.430037,0
0.773924,1.186142,0
2.595760,3.266863,0
1.774641,1.925673,0
0.537835,0.350169,0
-0.172931,0.576722,0
0.085227,2.195282,0
1.558943,-0.644478,0
0.595281,1.057368,0
0.864751,0.095654,0
0.490010,0.160389,0
2.557857,3.599263,0
1.537332,0.655331,0
1.352878,1.422419,0
3.512850,0.878828,0
-1.186548,1.846326,0
0.026039,-0.200983,0
0.551552,2.202492,0
1.369211,0.047862,0
0.130857,0.267747,0
1.095346,-0.488380,0
1.959676,0.821472,0
1.193502,0.542191,0
0.860482,0.728096,0
1.635224,-0.757895,0
1.676250,2.487970,0
2.629804,1.349055,0
0.589408,1.404171,0
3.601896,-0.166805,0
0.812432,1.501358,0
0.465920,0.560330,0
0.662127,0.584018,0
0.528426,1.490231,0
2.865661,0.827638,0
-0.599710,0.229096,0
0.643667,0.401844,0
1.600576,0.174688,0
1.298488,-1.211893,0
0.414184,1.219213,0
3.044508,0.691090,0
0.651218,-2.018561,0
1.096750,-0.143545,0
1.857440,-1.360248,0
1.604328,-0.642729,0
1.367294,0.975189,0
1.405493,0.468004,0
0.491288,1.787493,0
0.492343,2.081054,0
0.501133,-0.027347,0
2.095414,0.213480,0
1.014535,0.947823,0
0.495287,1.067316,0
2.187958,-0.428189,0
1.665891,0.145528,0
2.391269,0.094999,0
0.630159,0.686420,0
1.297557,1.466008,0
1.093298,1.231600,0
0.225628,1.148565,0
-0.988488,-1.144012,0
1.873252,0.688703,0
-0.886053,1.487175,0
1.438313,0.702559,0
1.317704,1.431838,0
0.611406,1.226694,0
1.607004,-0.074801,0
1.857552,0.417043,0
-0.448912,1.342294,0
0.755060,0.314306,0
2.239646,0.374829,0
0.330488,0.215055,0
0.694213,1.028489,0
2.003732,1.278509,0
0.488063,2.393388,0
2.758828,0.574193,0
0.951280,1.683814,0
-0.076553,1.811377,0
-0.233768,-1.005141,0
1.144003,0.100876,0
2.150728,1.136067,0
2.020664,-1.081858,0
0.922569,1.424194,0
1.395402,0.898746,0
1.781024,0.987798,0
1.790387,1.364025,0
-0.032928,-1.023694,0
-0.171414,-0.030677,0
0.805884,0.599060,0
1.221543,1.625409,0
1.198480,-0.963830,0
1.910281,1.222693,0
0.354373,1.778524,0
-0.177059,0.150825,0
2.600759,1.407974,0
1.183881,1.433741,0
1.042255,1.955049,0
-0.742010,-1.462090,0
2.482238,1.642856,0
-0.060258,0.623886,0
1.037575,0.941834,0
1.351648,1.599710,0
-1.210151,2.002037,0
-1.018970,1.727365,0
1.621380,-1.020860,0
0.370385,1.258379,0
-0.312246,1.560190,0
2.748030,0.693268,0
1.239233,0.712111,0
2.206540,1.230771,0
1.607966,1.951078,0
1.059237,1.801199,0
0.127716,0.013278,0
0.479473,1.733904,0
1.294910,0.514322,0
2.392852,0.137366,0
0.163431,0.700860,0
-0.141161,2.229267,0
0.725314,0.160730,0
-0.302360,0.272774,0
-0.553277,-0.643082,0
2.001426,-0.044362,0
1.011164,2.047231,0
-0.449814,1.228970,0
0.444718,0.789737,0
-0.444136,1.469036,0
1.028996,2.218931,0
1.313383,0.608029,0
2.939533,-0.769526,0
2.150879,0.476199,0
0.692361,2.162491,0
2.167900,0.604203,0
4.511276,0.034076,0
-0.237013,-0.251531,0
2.111299,1.400229,0
-0.774685,1.775019,0
0.350813,1.725129,0
0.291990,2.263588,0
1.963486,0.914476,0
0.398986,2.318738,0
0.664084,2.015198,0
1.647449,2.195549,0
0.315382,-0.088200,0
3.001646,0.200931,0
1.347342,1.109962,0
0.465599,0.624804,0
1.226434,-0.752815,0
2.151658,3.102689,0
-0.207135,2.174396,0
-0.310393,0.102137,0
2.676908,-0.386593,0
0.439736,1.604125,0
0.991772,-0.701206,0
3.192042,0.309047,0
2.389013,0.351312,0
1.749806,1.210090,0
0.675501,0.046967,0
2.347088,0.018332,0
-0.355038,-0.796025,0
0.470332,1.114295,0
0.237148,1.203122,0
0.553693,-1.953829,0
0.785919,0.951921,0
0.058296,0.502511,0
-0.173449,1.002667,0
2.099119,0.280080,0
-0.277173,1.116995,0
0.548866,0.663291,0
2.177085,-1.316006,0
2.967883,1.223976,0
1.866024,-0.242370,0
2.278446,1.731981,0
1.698023,-0.437390,0
1.561947,2.731551,0
1.704176,-1.889833,0
2.807029,1.865608,0
1.192798,0.458089,0
1.210078,1.531134,0
1.097738,1.931778,0
1.933466,-0.854037,0
1.496722,0.688882,0
-0.669602,1.162148,0
1.201798,-0.506403,0
-0.161236,-1.169710,0
1.623480,0.750176,0
1.703201,1.683372,0
2.553969,-0.478449,0
0.601521,-0.713488,0
2.253271,-0.693296,0
1.051150,1.304600,0
0.432846,1.749115,0
0.861785,0.517679,0
0.381147,-1.138787,0
0.496751,2.383216,0
1.190369,1.145044,0
0.943777,1.427319,0
0.847941,2.192381,0
-0.191554,-0.395475,0
0.906787,1.523131,0
2.739130,-0.978644,0
2.903186,0.449261,0
1.172423,2.042843,0
0.749815,1.731755,0
-0.824948,1.937658,0
2.231518,0.965286,0
0.764272,0.227164,0
3.213173,0.635572,0
0.344625,1.323306,0
2.711454,0.595200,0
0.583461,1.227479,0
1.117462,-0.840617,0
0.024611,2.527040,0
0.612366,0.059611,0
0.182151,0.731909,0
1.808213,1.031227,0
-1.228005,1.730399,0
-0.257762,1.229113,0
1.131931,1.079700,0
0.655357,2.099484,0
-1.499976,-0.726943,0
0.551201,1.351245,0
0.850614,0.520673,0
3.687311,-0.379405,0
1.185000,2.845393,0
1.560256,1.802338,0
3.108580,1.723761,0
0.456875,-0.598493,0
-0.505703,1.905885,0
1.710066,0.043986,0
1.022879,2.993814,0
3.113504,0.612552,0
-0.346014,2.260176,0
1.247714,2.555197,0
1.813791,1.849092,0
1.370142,-0.728043,0
-0.755541,1.280928,0
-0.596313,0.300652,0
1.240974,2.061907,0
0.983493,-0.146778,0
-0.940037,0.254383,0
0.461253,0.428031,0
2.355799,1.225732,0
-0.946289,0.195339,0
0.574358,0.388037,0
2.661246,1.498494,0
2.265163,0.630327,0
0.428208,3.035836,0
0.813532,0.677304,0
0.300236,0.528303,0
1.488430,1.178709,0
2.021783,1.616756,0
-0.602029,1.002698,0
1.462006,-0.216042,0
1.012270,-2.569886,0
1.801398,0.968332,0
1.228101,-1.728631,0
1.193749,0.463853,0
-0.708030,0.583354,0
0.722351,-0.153787,0
2.010234,-0.289816,0
-1.148858,0.925986,0
-0.904548,0.685724,0
1.506367,0.796484,0
0.592658,1.319878,0
1.944882,2.902384,0
1.196826,0.758402,0
1.403576,1.838991,0
2.234217,1.850089,0
-0.380053,-0.234936,0
0.472404,-0.395123,0
-1.067059,0.073092,0
0.425485,0.830494,0
0.756042,0.794452,0
2.236395,2.704781,0
2.540661,1.786456,0
0.984647,0.154767,0
0.909860,4.042362,0
0.201812,2.505961,0
2.040087,-0.424939,0
1.644785,1.310237,0
1.137670,3.489641,0
0.141352,-1.026449,0
0.767047,3.653791,0
2.133351,0.756405,0
1.011126,0.378130,0
1.855278,0.827991,0
1.411524,1.624623,0
0.387998,3.347225,0
1.255409,-0.138535,0
0.041197,0.102713,0
0.132928,2.239704,0
0.079856,0.354422,0
1.203069,0.924513,0
0.544339,0.682549,0
0.963947,2.405374,0
0.122201,0.655261,0
0.834795,0.800306,0
-0.749215,1.242175,0
-1.048862,0.110031,0
2.503919,2.970859,0
2.271489,1.314581,0
0.599650,1.565406,0
2.116571,0.185287,0
1.833071,0.477027,0
2.998737,0.245692,0
0.794447,2.375072,0
1.457541,1.031335,0
0.318707,2.099189,0
0.300386,-0.404496,0
1.444506,-0.313409,0
0.440891,1.452594,0
0.340011,1.350992,0
1.066430,0.577988,0
1.411849,0.516054,0
1.096325,2.593721,0
1.105236,0.708297,0
1.685189,0.087972,0
2.428087,-1.243728,0
0.294026,-1.993271,0
0.380743,-0.622596,0
2.395834,1.533067,0
0.467052,-0.087849,0
1.080095,-0.325372,0
4.052603,-0.262133,0
1.837925,1.868405,0
-0.788759,0.431498,0
0.151897,0.318892,0
1.354866,0.872925,0
0.941258,1.795158,0
1.063274,1.713643,0
3.020731,-0.747077,0
0.593699,0.673227,0
0.647439,0.425393,0
2.393813,2.111526,0
1.035021,1.409660,0
0.788345,2.338696,0
1.806893,0.873945,0
0.413805,0.511197,0
-0.214262,0.546539,0
0.845556,1.325707,0
-0.195393,0.138273,0
0.667403,1.578051,0
0.340974,0.747332,0
1.061596,0.656604,0
0.229762,-0.217893,0
2.214859,-0.034359,0
2.543564,0.871675,0
0.774688,1.743157,0
0.782647,0.044569,0
0.427556,1.123446,0
2.072961,-0.119608,0
2.336166,-0.181484,0
1.709548,1.258625,0
1.727861,1.835508,0
2.014102,1.033037,0
2.129877,0.799279,0
0.913746,0.305419,0
1.109005,-0.402446,0
0.826098,1.894811,0
2.140318,1.531698,0
-0.563962,2.691278,0
-0.528303,1.519391,0
-0.063451,2.485833,0
1.147590,1.065797,0
1.806149,2.365637,0
-1.860581,2.001119,0
0.890722,1.215667,0
0.283154,2.511604,0
0.816338,-1.036561,0
-0.219336,0.090765,0
1.069177,0.692660,0
1.010559,-0.259321,0
-0.052554,2.277279,0
0.433286,0.101920,0
0.830695,-1.145652,0
0.530027,-1.160712,0
0.165183,1.467957,0
1.373961,0.677202,0
-0.231183,2.802276,0
0.186641,1.915197,0
1.805579,0.223282,0
0.386496,2.015829,0
0.383407,3.954830,0
-0.090803,-0.209258,0
-0.177497,2.560937,0
0.566089,2.348453,0
0.586985,1.241680,0
-1.084594,-0.080821,0
1.145403,0.812674,0
2.184867,2.993003,0
1.476145,1.601839,0
0.951901,0.479501,0
2.983577,0.073339,0
1.104383,-0.196581,0
1.446942,1.021283,0
2.682927,-0.607667,0
0.054749,0.625507,0
1.257667,1.102263,0
1.630904,1.099888,0
1.762420,0.510096,0
-1.290717,3.822443,0
1.598785,2.417997,0
-0.124729,-0.351346,0
0.471719,1.359069,0
1.241237,1.307025,0
-0.665051,0.948245,0
0.374635,1.002521,0
-0.175002,2.422183,0
-0.497387,0.622903,0
2.199351,1.444453,0
1.175377,2.583926,0
2.168781,1.075839,0
0.106677,1.830643,0
0.602621,1.903450,0
0.730737,2.078999,0
1.373590,3.038906,0
0.250418,0.416501,0
-0.266724,0.238295,0
0.011207,1.961099,0
1.182366,0.968310,0
1.440077,1.203230,0
0.723683,1.080885,0
-2.199061,-0.094464,0
2.306199,-0.048679,0
2.242605,1.314181,0
0.904151,2.265586,0
1.126047,0.826320,0
2.271311,-0.801930,0
0.570555,1.088087,0
0.939697,-0.140298,0
0.903981,-0.877675,0
-0.014901,0.809453,0
1.411581,0.745396,0
1.586132,0.818724,0
3.564198,2.712433,0
0.647590,1.828624,0
-1.130386,0.668116,0
1.873443,1.313391,0
0.577946,-0.255755,0
1.667294,0.603189,0
-1.333483,1.460680,0
2.156204,1.026884,0
0.135246,-0.361997,0
1.589777,2.232219,0
0.978244,2.228228,0
3.277500,1.732100,0
0.995392,0.584915,0
1.174931,0.956869,0
0.103228,0.988333,0
0.833721,-0.633782,0
1.261006,1.138052,0
2.794793,0.864725,0
0.882370,1.026468,0
0.155802,0.361608,0
0.644242,0.515522,0
0.218869,1.219043,0
1.423288,1.930651,0
0.208921,1.781170,0
-0.801278,0.737536,0
1.968593,0.238969,0
1.675006,0.996061,0
0.209493,-1.225944,0
1.047360,2.245313,0
0.016850,0.230699,0
1.561096,2.356688,0
2.086523,-1.064712,0
2.357336,-0.165584,0
1.128003,1.908486,0
0.483529,-0.598443,0
0.933259,1.523350,0
1.690222,0.403028,0
0.477826,1.923711,0
-0.663594,2.380206,0
0.187143,1.896660,0
1.318549,2.246968,0
0.665938,0.106930,0
-0.743102,-0.815265,0
1.090612,1.112870,0
1.728878,0.846843,0
0.923676,-1.051873,0
2.153091,1.167712,0
0.240776,-0.360113,0
0.600727,2.991955,0
0.920598,1.168874,0
2.314299,1.518851,0
0.808849,0.393537,0
0.870390,1.512023,0
-0.119143,0.331598,0
2.308045,3.377502,0
1.116067,-1.209603,0
-0.400697,-0.278137,0
-1.026699,1.116332,0
0.538155,1.190018,0
1.582728,1.104784,0
0.350989,0.155450,0
0.950895,0.552388,0
2.272539,0.384554,0
0.770977,2.713820,0
0.829467,1.118783,0
1.061123,1.645239,0
-0.072175,1.463010,0
0.509966,-0.203733,0
1.305782,3.275633,0
2.732206,1.329264,0
1.928808,0.719061,0
1.938445,1.160950,0
-0.453939,1.049294,0
2.372145,-0.150734,0
1.993713,1.094316,0
1.759639,0.215248,0
0.115353,0.577934,0
-0.510249,1.151197,0
0.781037,-0.111999,0
0.465028,2.785306,0
0.691696,-0.800590,0
1.709074,1.859603,0
1.669399,0.522950,0
2.068093,2.278729,0
1.201545,1.589450,0
-0.354567,0.049741,0
-0.225769,1.281880,0
2.677970,-0.657326,0
0.927844,1.670848,0
0.126074,2.117801,0
1.573054,2.663185,0
1.769104,0.912569,0
2.468646,0.370727,0
4.902391,2.549534,0
0.653092,0.817873,0
-0.728174,1.410216,0
2.896260,1.785737,0
3.416967,0.053304,0
0.629359,-0.199444,0
1.513138,1.462408,0
0.646791,0.222630,0
0.570765,0.523412,0
1.482924,0.251093,0
0.455556,1.448841,0
0.170414,-0.405884,0
0.858480,-0.238548,0
4.056635,1.715949,0
2.646251,0.126802,0
0.646265,0.165418,0
0.421961,-0.134831,0
3.047242,1.531245,0
-0.020268,1.460907,0
-0.733261,1.799759,0
-0.242473,-0.716218,0
-0.566262,-1.165166,0
1.197343,2.985816,0
-1.273512,0.010015,0
1.001783,0.166753,0
1.277064,-0.580119,0
-0.196907,0.689784,0
0.110127,2.607765,0
1.086448,2.616103,0
2.770567,-0.136274,0
-0.003991,-0.217482,0
1.072773,0.078459,0
-0.700180,0.620582,0
0.361644,2.203084,0
1.097116,1.078848,0
1.945593,1.697864,0
-1.636194,1.475352,0
0.069238,1.101079,0
2.523621,-0.226095,0
2.161201,-0.180408,0
0.484289,-0.472535,0
1.783927,0.344979,0
2.746780,1.210475,0
0.548804,-0.158903,0
1.683528,1.696869,0
1.557410,2.440482,0
1.094560,0.615584,0
2.322748,2.769021,0
0.652295,2.849935,0
0.744960,-0.267976,0
0.719986,1.140467,0
-0.903316,1.270301,0
1.032329,0.698195,0
1.985180,2.425082,0
0.038617,2.303588,0
1.489260,0.436383,0
2.320566,2.159109,0
-0.688538,0.996326,0
0.680068,2.245613,0
1.776425,2.846119,0
2.438737,1.750295,0
1.064499,1.555529,0
1.109332,-0.357357,0
1.550871,0.684438,0
1.485140,1.534237,0
1.379947,-2.820888,0
1.018024,0.938681,0
1.499156,1.065261,0
0.558267,2.631389,0
4.450444,1.320781,0
3.748791,-0.403325,0
0.486191,1.920858,0
0.330637,2.776175,0
1.294522,0.897603,0
1.425656,0.475956,0
1.390340,0.315802,0
2.220961,-0.121831,0
0.790276,1.276135,0
0.964468,-0.555240,0
0.698795,1.932893,0
0.925064,1.530427,0
-0.680140,-0.334600,0
-0.728411,-1.549153,0
0.699937,1.198137,0
0.016627,0.960820,0
-0.685858,3.368459,0
1.266388,1.824704,0
0.959334,1.504196,0
1.811081,0.758059,0
2.424315,1.420038,0
1.291444,0.142348,0
1.088403,0.917833,0
-0.480388,1.710453,0
1.930821,0.496920,0
-0.066151,1.757821,0
0.907896,2.230663,0
-0.710653,-1.146630,0
2.164328,-0.447817,0
0.378183,2.551908,0
0.051593,2.135044,0
2.227378,1.960215,0
1.530026,0.843754,0
0.726024,1.860792,0
-0.345400,1.831022,0
0.134928,1.564484,0
0.723745,0.053904,0
0.203570,-0.388526,0
0.425567,1.035044,0
0.699191,1.403447,0
0.334820,1.531984,0
1.618873,0.511129,0
0.550559,1.193118,0
0.924449,3.257927,0
1.027058,1.618815,0
1.177266,2.071611,0
1.058474,-0.202730,0
0.138841,0.173551,0
3.372037,0.754776,0
-0.421315,2.286962,0
0.657016,0.943020,0
1.261216,2.149056,0
1.319473,1.511676,0
0.725603,1.022762,0
1.510997,-0.969067,0
-0.666110,0.699333,0
-0.718144,2.438211,0
1.281547,2.332213,0
0.460718,1.165408,0
1.305957,0.415446,0
0.277526,1.585529,0
4.114800,0.602118,0
0.471553,1.849277,0
2.714447,-0.216437,0
1.417694,0.660569,0
2.207606,1.090966,0
1.093159,0.020153,0
1.756171,1.385968,0
-0.651313,2.107610,0
1.617452,-0.242857,0
2.743285,2.355555,0
2.724269,1.624570,0
1.155787,0.784558,0
0.514136,2.305318,0
1.942531,1.534783,0
0.428377,2.002184,0
-0.107277,0.940843,0
2.607092,0.779916,0
0.565486,-0.178010,0
0.919536,0.875402,0
1.082726,1.358409,0
0.867507,1.744483,0
2.760512,1.041800,0
-0.046423,-1.377871,0
-0.259492,0.786758,0
2.124259,2.009206,0
1.010126,0.707757,0
-0.466605,2.430201,0
1.441485,1.878047,0
-0.386536,-0.679937,0
0.372365,0.913368,0
0.943378,1.025571,0
1.788347,0.588913,0
0.322120,1.913049,0
0.372028,1.146126,0
-0.241822,-0.153719,0
1.464994,2.626468,0
0.451124,0.888034,0
1.154872,1.921441,0
1.838301,4.310016,0
0.900550,1.318513,0
1.647945,0.594621,0
0.156841,2.519148,0
0.715126,0.727817,0
-0.140918,2.152687,0
1.391039,1.003449,0
1.373013,0.156147,0
-1.320005,2.797371,0
1.475835,0.723290,0
1.718326,2.182811,0
1.599162,-0.125648,0
1.224747,1.570807,0
2.094396,0.033082,0
-0.622805,1.547387,0
0.816288,0.083293,0
-0.359109,0.159065,0
-0.019713,2.673845,0
1.973433,2.000401,0
-2.066222,0.027488,0
1.210182,1.055356,0
1.834609,-0.443375,0
0.873208,0.148485,0
1.104911,-0.465891,0
1.149872,1.690172,0
1.609657,-1.100065,0
-0.040462,0.534513,0
2.237922,1.555811,0
1.742712,0.800518,0
-0.278473,-0.428407,0
0.167253,1.632176,0
0.674967,0.172536,0
1.101335,2.970722,0
0.761448,0.550431,0
1.303848,1.025579,0
1.350364,0.451856,0
0.476374,1.168295,0
0.169656,0.548506,0
0.327965,1.995109,0
1.069048,2.118985,0
-0.120803,-0.197270,0
-0.581930,1.567039,0
0.249853,-0.833405,0
1.222711,2.068073,0
0.736034,1.852823,0
0.537487,0.704032,0
1.286676,0.966466,0
-0.334677,0.881075,0
2.013455,0.714714,0
1.671924,-2.127025,0
1.936264,0.554626,0
1.932274,1.563174,0
1.405759,-0.389578,0
0.825230,-0.134944,0
0.812366,0.868974,0
2.989071,0.935290,0
2.103451,-0.037941,0
2.839787,0.497427,0
0.407674,0.263336,0
1.397591,3.019375,0
-0.176345,0.610376,0
1.139261,0.601791,0
0.341753,1.990305,0
0.709364,0.578354,0
0.113035,-0.167554,0
-0.196429,0.795265,0
0.791811,-0.035570,0
-0.395095,0.904551,0
1.606920,3.240047,0
-0.612729,-0.432715,0
2.025914,2.526176,0
0.042813,1.002853,0
1.824796,1.467816,0
2.506317,1.133137,0
0.580534,0.326069,0
0.335743,0.493056,0
1.715000,1.973943,0
-0.763628,-1.005534,0
1.240192,1.692754,0
0.935201,0.600513,0
-0.078490,3.283342,0
1.306674,2.495907,0
1.425511,0.981936,0
1.347762,0.213980,0
1.828174,3.305882,0
1.147949,0.817103,0
0.572907,1.674832,0
0.343454,3.127518,0
1.349348,1.838145,0
-0.966315,0.860789,0
1.933715,0.450358,0
0.127462,-1.232525,0
0.609247,-0.191058,0
1.215504,0.066267,0
1.477057,3.085133,0
1.345139,0.294188,0
1.794907,-1.545696,0
0.207396,0.237594,0
1.750805,1.061583,0
0.411544,-0.253264,0
1.241929,0.273951,0
1.577966,2.692272,0
-0.135788,1.943372,0
0.917974,-0.715174,0
2.427988,2.396441,0
1.408068,1.772898,0
0.678026,2.448378,0
0.941794,1.717900,0
-0.370804,0.380376,0
1.154357,3.074666,0
1.868120,-0.921463,0
1.701007,3.268930,0
0.725218,1.337256,0
2.017203,1.743939,0
-0.174467,2.163932,0
3.418438,2.409222,0
-0.113591,1.438090,0
0.501555,2.256630,0
1.091086,0.987154,0
-0.360741,-0.421804,0
3.809782,2.524837,0
1.084956,1.378117,0
0.725039,1.536891,0
0.335564,-0.693955,0
0.780768,1.612610,0
-0.821753,2.147759,0
1.161896,3.315722,0
0.967627,2.550107,0
2.916442,0.468158,0
1.189746,-0.007491,0
2.721117,1.598983,0
1.420897,0.317352,0
-1.245619,-1.158659,0
1.999821,1.779001,0
1.251046,1.293799,0
1.026330,2.128690,0
1.219453,1.716444,0
1.392120,0.468574,0
3.047800,1.633984,0
-0.325305,2.055174,0
0.242181,1.273859,0
0.215076,2.348935,0
4.365040,0.668827,0
2.245385,1.563325,0
0.431099,-0.088077,0
1.232039,2.555459,0
2.526982,1.021777,0
2.506308,2.084743,0
1.798006,1.096695,0
1.394928,1.957040,0
0.735595,1.436757,0
1.700057,1.385313,0
2.094208,0.594431,0
-0.445102,-0.675196,0
1.668540,1.689299,0
-0.383674,0.123950,0
1.269428,0.363455,0
0.374763,1.707034,0
1.614136,1.458258,0
0.947595,0.094903,0
1.515425,2.136254,0
2.548401,0.445982,0
1.625125,1.297025,0
1.416958,1.613667,0
-0.383919,2.057992,0
0.514064,1.392293,0
1.819547,1.191194,0
1.053337,2.034487,0
2.058142,-0.962228,0
1.359380,0.002934,0
1.544969,2.084431,0
1.942235,2.481703,0
1.425802,2.188823,0
2.161953,2.235127,0
0.431346,1.094636,0
1.478405,0.447726,0
1.600656,0.523227,0
1.179795,2.110318,0
1.655827,0.343358,0
3.170509,2.761681,0
1.251516,1.432600,0
1.863829,0.977832,0
1.246811,1.408113,0
0.701859,2.268447,0
1.165660,1.405401,0
0.700862,0.320588,0
1.828273,1.830585,0
1.496023,2.160564,0
0.009120,1.637196,0
-1.737500,-0.749455,0
1.066637,4.136581,0
-0.808536,0.735535,0
1.194060,1.278692,0
1.498825,-0.891842,0
2.239273,2.794746,0
2.300120,0.065892,0
0.980054,1.806391,0
-0.603083,0.249901,0
0.667291,0.454582,0
2.547203,-0.249158,0
2.040727,0.658515,0
0.827160,-0.280558,0
1.027124,2.073212,0
2.808830,1.445357,0
1.093907,0.988697,0
1.213760,0.611896,0
1.808333,1.410808,0
0.962615,2.807720,0
1.889863,1.358271,0
-0.033814,0.724814,0
1.684062,-0.537142,0
1.774697,1.309918,0
-0.191736,0.143708,0
0.740905,2.376339,0
3.786800,0.706488,0
1.162973,0.705604,0
0.145679,0.713104,0
0.728055,-0.858055,0
1.216886,0.002313,0
1.273695,0.409392,0
1.746538,-0.338578,0
-0.932817,1.769488,0
1.488328,1.898813,0
0.549047,0.799790,0
-0.182687,0.059773,0
0.081481,1.729227,0
1.676081,2.607386,0
0.845016,0.099918,0
0.583711,-0.227449,0
2.918372,1.909875,0
1.711121,0.840959,0
-0.721775,0.239385,0
1.166784,-0.010993,0
3.798095,-1.322755,0
1.881668,1.131180,0
1.406081,0.483129,0
0.859319,0.700695,0
0.133687,1.108030,0
0.574032,-0.240023,0
2.100845,0.033207,0
-2.032622,0.522253,0
0.811092,0.810105,0
-0.037937,2.508337,0
0.629309,1.054698,0
2.188570,0.988308,0
-0.607028,2.639354,0
2.233865,0.339913,0
1.340256,1.381417,0
1.016353,-0.373585,0
0.533448,1.215096,0
1.760947,2.062418,0
2.444746,0.740690,0
-0.475280,1.982450,0
1.515412,1.156267,0
-0.248479,0.729454,0
1.429015,2.609843,0
3.561049,0.876188,0
-0.078468,1.508946,0
1.164639,1.959536,0
1.257795,-1.617050,0
-0.960027,0.715080,0
0.907922,-2.185178,0
1.390484,1.931557,0
3.275967,1.165116,0
1.217520,-0.565742,0
1.482053,2.075962,0
1.017342,0.894263,0
1.034433,-0.373761,0
2.120916,2.502187,0
2.691299,-0.195395,0
-0.781250,2.380095,0
1.591631,2.399782,0
0.835504,1.156721,0
2.573839,2.149063,0
1.963343,2.287358,0
1.971352,0.793177,0
2.748758,0.365809,0
-0.047792,0.389891,0
1.317085,3.049432,0
2.775539,-0.346453,0
-0.569333,3.426212,0
0.696596,1.148567,0
1.139865,0.322428,0
-0.039025,1.545250,0
0.351501,2.019340,0
2.158043,-0.311931,0
1.717660,2.324189,0
1.663068,0.780886,0
1.643162,0.561749,0
1.298562,1.692621,0
-0.238069,2.106251,0
1.092245,-0.372343,0
1.239716,-0.361774,0
1.130585,-0.062338,0
-0.837964,2.358881,0
1.422421,1.389189,0
-1.474338,1.780855,0
-0.617577,0.534866,0
1.834775,1.567865,0
2.930172,1.583231,0
1.217500,-0.278565,0
1.879715,1.517314,0
0.412584,1.048419,0
1.257789,-0.444786,0
3.109562,0.328025,0
2.067927,0.009431,0
-0.207607,0.630801,0
0.979293,1.869894,0
1.513241,0.560513,0
-1.118512,1.311828,0
0.699798,2.479915,0
2.846699,1.644195,0
0.805544,1.878805,0
0.445743,1.428016,0
-0.126728,1.018184,0
1.185896,0.951056,0
2.629382,2.906573,0
0.999422,1.004444,0
1.806177,1.392257,0
1.257172,2.315816,0
1.605906,2.273480,0
1.175884,1.227734,0
2.252609,0.627396,0
1.569464,1.828979,0
1.280394,1.123382,0
2.022516,-0.293231,0
-1.287459,1.390702,0
1.310291,0.734858,0
2.047828,0.436561,0
0.002502,1.023462,0
1.071848,3.439597,0
1.137368,0.457620,0
-0.079226,1.412932,0
1.786282,0.788703,0
2.441250,4.241887,0
0.005113,2.869493,0
1.458491,1.797074,0
0.998206,0.707524,0
1.644642,1.947050,0
1.332730,-0.707406,0
0.048593,2.033071,0
-0.219140,-0.556822,0
-0.106088,0.870979,0
1.700980,-0.831195,0
-1.048450,1.819315,0
0.816184,0.544989,0
0.658195,1.257504,0
0.479615,0.853199,0
1.636591,-0.485165,0
1.527640,1.167861,0
0.972341,2.135437,0
2.443705,0.714859,0
0.723967,0.428431,0
1.175491,-0.465867,0
0.220284,-1.512930,0
0.306442,2.804349,0
1.377007,-1.263083,0
1.942672,0.765125,0
1.435884,3.213968,0
2.390862,0.341002,0
3.508905,1.370445,0
0.839510,1.392224,0
0.619839,2.822584,0
0.881880,-0.297059,0
1.335656,2.362586,0
-0.717445,0.235033,0
0.198713,0.276873,0
0.344323,1.049115,0
0.885228,-0.580770,0
1.141955,0.999879,0
0.240628,1.302475,0
1.342225,0.497418,0
3.683151,0.533325,0
0.748032,0.979179,0
1.924745,2.420918,0
1.012768,-0.560598,0
1.868020,0.106991,0
2.704278,0.683357,0
1.510849,1.023695,0
1.229567,2.360259,0
0.466936,0.444427,0
0.344735,0.247434,0
0.402068,2.488398,0
1.195735,0.656480,0
1.541955,0.617843,0
-0.448055,0.880839,0
1.429142,2.403183,0
1.912977,0.160544,0
-0.173219,1.815390,0
1.808830,-0.532590,0
1.347728,1.653560,0
0.786565,1.031456,0
0.655432,0.998941,0
1.111592,0.772471,0
1.699731,1.290801,0
0.240455,1.623473,0
-0.017041,0.743408,0
0.573051,1.684350,0
2.096744,2.077226,0
-0.102358,0.369892,0
1.866413,1.140562,0
1.590389,-0.236365,0
-0.013265,2.880489,0
1.159361,3.007505,0
1.635051,1.223431,0
0.675540,2.666282,0
3.109969,0.785515,0
0.111533,0.423602,0
0.631907,1.291383,0
3.309615,-0.241972,0
0.638636,1.611326,0
1.822400,2.112292,0
0.613836,1.789780,0
0.699377,2.197072,0
1.564906,0.642575,0
1.199563,1.457689,0
-0.280428,1.723122,0
0.894618,0.868785,0
0.427546,1.103940,0
1.316178,3.115712,0
2.800333,2.578896,0
1.050182,1.597306,0
2.317127,-1.084818,0
0.563384,0.858873,0
1.238998,1.235887,0
2.394675,1.089953,0
1.461274,2.829099,0
1.242076,-0.389760,0
1.295680,1.885660,0
0.029490,0.909314,0
1.382534,0.166545,0
0.583220,0.945512,0
1.202138,0.608066,0
-0.162766,1.046944,0
0.857669,-0.086209,0
-0.074239,0.258489,0
1.148861,-0.196217,0
1.041904,0.761595,0
0.093677,0.048857,0
1.241944,-0.110156,0
0.893610,0.998178,0
0.400006,1.124891,0
0.716221,0.800148,0
1.046499,1.783254,0
1.643374,1.365068,0
1.912680,0.732157,0
1.022324,2.093976,0
0.287754,1.974482,0
1.141042,2.027622,0
0.834240,3.318700,0
-0.481840,0.332935,0
-0.341753,2.680725,0
3.955654,1.541530,0
1.190516,2.829707,0
-0.288147,0.622613,0
1.120503,1.582775,0
0.617817,0.506950,0
1.849813,1.297717,0
1.988889,0.183610,0
0.434088,-0.649216,0
2.425622,1.816406,0
1.240216,-1.561348,0
1.751900,1.354214,0
1.887544,0.442725,0
-0.495300,-0.229494,0
0.560697,2.609342,0
1.460491,1.809402,0
1.234979,0.798286,0
0.754276,1.738826,0
0.489859,-0.540975,0
0.791348,1.629943,0
1.191085,0.418274,0
2.255922,1.701986,0
0.125473,2.166593,0
1.581883,0.882566,0
1.588969,-0.819916,0
1.050016,0.075009,0
-0.170306,1.981647,0
-0.855451,3.155818,0
-0.008093,0.841629,0
-1.767625,0.023162,1
-2.170029,-2.539184,1
-1.913324,0.058753,1
-1.020763,-1.781747,1
-2.639773,-1.366053,1
-0.436698,-2.954668,1
0.027394,-1.431278,1
-2.169181,-1.533744,1
-0.755746,-1.738904,1
-0.548007,0.479894,1
-2.532008,-1.333430,1
-2.679181,-1.703964,1
-1.709676,0.322115,1
-0.961973,-1.630722,1
-1.999065,-2.189602,1
-0.017045,-0.996861,1
-0.670285,-0.300373,1
-1.175974,0.615390,1
-0.132211,-0.111176,1
-0.172265,-1.576948,1
-1.953630,-0.615298,1
-3.318850,-1.060480,1
1.081081,-3.254720,1
0.558926,-1.591543,1
-2.685612,0.010032,1
-1.408679,-0.570052,1
-1.713712,-0.857582,1
-1.844710,-0.824467,1
0.936958,1.085366,1
0.023586,-0.521690,1
-0.129086,-2.974151,1
-1.228407,-1.110277,1
0.511912,-2.173713,1
-1.257162,0.651302,1
-3.247531,-0.753455,1
-1.793723,-3.152452,1
-1.712965,-1.213792,1
-0.202882,-0.619375,1
-1.944668,-2.001521,1
-2.191082,0.342055,1
0.007114,-0.389879,1
-0.999510,-0.063124,1
-0.683603,-1.434207,1
-1.021111,-1.969246,1
-1.284989,-0.861570,1
-1.354222,0.078465,1
0.312492,-1.190582,1
-0.891219,-0.194558,1
-1.113730,0.064263,1
-0.626207,0.323839,1
-1.411516,-3.500258,1
-1.631952,-1.945529,1
-0.404142,-1.087154,1
-0.469634,0.111991,1
-1.304676,-0.128758,1
-1.626539,-0.257994,1
-2.111144,-0.528265,1
-2.128087,-2.055233,1
-1.590500,-1.186551,1
-1.865726,-1.993540,1
0.054943,-2.376296,1
-3.409604,-0.910106,1
-0.271311,-1.645393,1
-0.408275,-1.720609,1
-2.413062,-0.884610,1
-3.268790,-1.586485,1
-1.896339,-0.719614,1
0.429298,1.044597,1
-1.133151,-2.099458,1
-0.726782,-0.781171,1
-0.513376,-1.254569,1
-0.297816,-0.698455,1
-2.385847,-1.752930,1
-0.255547,0.036140,1
-0.492260,-3.125213,1
-0.150209,-0.529044,1
-0.979179,0.313301,1
-2.261920,0.031510,1
-1.296424,-0.250768,1
-0.595721,-1.210511,1
-0.876595,-1.226023,1
0.881503,-3.087811,1
-2.246448,-1.380372,1
1.434575,-0.940998,1
-0.208156,-2.686595,1
-1.787700,-0.883525,1
0.418867,-2.175418,1
-1.081786,-2.268106,1
0.138221,1.015105,1
-1.946874,-1.995413,1
-0.421407,-1.786866,1
-0.156421,-1.545914,1
-1.102067,-1.298308,1
-3.588866,-2.477479,1
0.410370,-1.179865,1
0.995821,0.062398,1
-1.818101,-0.407326,1
-1.062589,0.177841,1
-0.157809,-0.823246,1
-1.608272,-2.547155,1
-2.237535,0.588971,1
-1.844520,-1.607695,1
0.550125,-2.288963,1
-2.613278,-0.336530,1
0.820736,-0.080044,1
-2.548055,-3.168287,1
-1.281502,-2.957071,1
-0.948560,0.276107,1
-0.151402,-0.607978,1
-0.666759,-0.298771,1
-0.581663,-0.097695,1
-0.140606,-2.829097,1
-2.883625,1.272033,1
-1.130848,-1.754138,1
-2.252286,-1.913406,1
-1.415149,-0.706737,1
-0.400101,-1.426150,1
-2.682495,0.357803,1
1.523545,-2.051701,1
-1.722558,0.734950,1
-2.614253,0.334230,1
-1.243323,0.149343,1
-1.437834,-1.215633,1
-1.081599,-0.075546,1
-1.584891,-1.690768,1
-0.660722,-1.673309,1
-0.651991,-0.770974,1
-0.744875,-2.010206,1
-1.455047,-2.665288,1
-1.812421,-0.826836,1
-1.236495,-1.965479,1
-1.493283,0.249680,1
-1.082269,-0.439440,1
-1.013645,-0.436913,1
-1.172588,-0.752017,1
-2.171966,-1.021583,1
-1.782094,-1.978499,1
-1.577988,-0.990888,1
-0.817339,-0.122685,1
-0.093893,-0.765253,1
-0.855601,-1.075691,1
-2.602706,-1.117173,1
-0.534945,-1.401746,1
1.155900,-0.986570,1
-1.305262,-1.338102,1
-2.403796,-0.156066,1
-1.336946,-0.144132,1
0.135100,-1.153692,1
-1.606996,-1.505345,1
-1.900043,-1.572168,1
-0.253320,-0.036235,1
-0.772581,0.109511,1
-2.297890,-0.432775,1
-0.164186,-0.567213,1
-1.615019,0.688509,1
-1.595646,-0.646113,1
0.681012,-1.492291,1
-1.645592,-1.435011,1
1.758016,-0.215233,1
-0.991076,-0.365953,1
-0.446929,0.164183,1
-0.857420,-2.166461,1
-0.894865,-1.190753,1
-1.051782,-0.512165,1
-1.807033,1.416160,1
-0.194446,0.171209,1
-3.237988,-1.878670,1
-1.489498,-1.560507,1
-1.044235,-0.979848,1
-0.489044,-1.231240,1
-1.313063,0.691369,1
-0.191873,-1.312374,1
-2.647824,-1.215076,1
-2.489383,-0.495157,1
-0.585460,-0.729939,1
-0.805175,-1.348647,1
-1.296220,-3.716160,1
-0.643745,-3.355318,1
-0.153672,-0.877321,1
-0.643705,-0.127032,1
-1.810787,-1.600805,1
0.941106,-1.345273,1
-0.006423,-0.639171,1
-1.094156,0.242444,1
-1.735541,-1.751636,1
0.987537,1.116650,1
-0.697705,-0.753789,1
-2.222013,-2.283365,1
-2.960684,-0.646065,1
0.450329,-3.173857,1
0.375542,-1.704344,1
-1.708987,-1.608816,1
-0.578506,-0.621413,1
-0.373909,-0.463798,1
-0.871242,-1.852609,1
-0.595632,-1.222291,1
-1.418829,-0.403208,1
0.713974,-1.494115,1
-0.662603,-2.427126,1
-2.526705,-0.236784,1
-1.210944,-0.303971,1
-0.495894,-0.166656,1
-1.066139,-3.066640,1
-0.834130,-1.718786,1
-0.762971,-0.289140,1
-2.868064,0.587330,1
-1.702042,-1.454326,1
-1.939664,-2.819499,1
-1.844412,0.032753,1
-1.190413,-2.645080,1
-0.868157,-0.364063,1
-2.942958,-0.983484,1
-1.498303,-0.471057,1
-2.065837,-4.121184,1
-1.406590,-2.522244,1
-2.147922,-0.861234,1
-0.287246,-0.651641,1
-1.637662,0.318928,1
-0.172850,2.221979,1
-1.586604,-0.147738,1
-0.251318,-2.660158,1
-1.486197,-0.278911,1
-2.774671,1.921773,1
0.044559,-2.708822,1
-1.194920,-2.375496,1
-2.061521,-0.511674,1
0.902238,-2.251458,1
-2.897749,-1.405529,1
-0.840147,-0.681989,1
-2.384950,-0.395896,1
-0.242026,-1.667696,1
0.500108,-1.559391,1
-0.306766,-0.522130,1
-2.779668,-0.999886,1
-1.091977,0.189219,1
0.839419,1.561560,1
-1.557036,0.529195,1
-0.887849,-1.960402,1
-0.840645,-3.373336,1
-0.327851,-2.133128,1
-1.951993,-1.149055,1
-1.069867,-0.041766,1
0.776374,-0.602405,1
-0.934764,-1.316711,1
-0.385695,0.726584,1
-1.815350,-0.463612,1
0.556525,-3.527735,1
-0.990128,-0.310277,1
-1.549931,-1.804990,1
-1.404016,-1.372855,1
0.246203,-2.170136,1
0.281080,-1.393747,1
-1.231441,-1.512694,1
0.410827,2.148316,1
-1.612837,-1.723039,1
-0.837046,-1.202260,1
-1.115809,-1.143229,1
-0.832258,-1.365212,1
0.019634,-1.304927,1
-0.528550,-0.387452,1
-1.577558,-1.027566,1
-0.386573,-1.650802,1
-1.005442,0.042982,1
-2.630454,-1.157590,1
-1.579648,-1.858625,1
-0.011425,-1.158216,1
-1.323419,-1.577971,1
-0.155632,-2.415317,1
-1.048728,0.009461,1
0.535840,-1.359012,1
-0.115409,-0.091564,1
-1.917143,-0.756464,1
-1.969524,-0.207825,1
-0.944118,-0.311999,1
-1.509518,-0.639191,1
-2.153821,-1.654397,1
0.038049,-0.874497,1
-0.188310,-0.515950,1
-0.682351,-1.488259,1
-1.712616,-0.365810,1
-0.531193,0.145990,1
-1.014894,0.370426,1
-1.779624,-1.292846,1
-0.340188,-1.624983,1
-3.065750,-1.661129,1
-0.665078,-2.834979,1
-0.627213,-0.787736,1
-0.196163,0.153100,1
-1.476928,0.621486,1
-2.345388,-0.908053,1
0.086935,-2.921168,1
0.283924,-2.331195,1
-1.529083,-2.410064,1
-0.002813,-1.845452,1
-0.689053,0.114236,1
-1.499115,-1.993155,1
-0.244620,-3.398135,1
-1.628857,-0.919362,1
-1.582839,-1.177234,1
-0.580794,1.005163,1
-0.563504,-0.443890,1
-0.886094,-2.366490,1
-0.617515,1.062747,1
-0.009398,-0.852798,1
-1.606781,-0.342999,1
0.151765,-0.880621,1
-1.111011,-1.453470,1
-0.977927,-1.769655,1
-1.013287,-2.495650,1
-2.334841,-0.759263,1
-0.916923,0.853451,1
-0.462171,-0.983029,1
-2.173709,0.708548,1
-0.151004,-1.984732,1
0.359962,-1.048247,1
-0.988281,-1.697879,1
0.272159,-0.134075,1
-1.845812,-2.665972,1
-2.555619,-0.775218,1
-2.242170,-0.426951,1
-1.551742,-2.758870,1
-0.944393,-1.066737,1
-1.063485,-1.297289,1
-1.456182,-0.252640,1
-3.720177,0.484586,1
0.394278,0.070097,1
-0.750182,-1.459955,1
-2.273325,-0.685099,1
-0.340740,-1.120862,1
-0.996224,-1.102018,1
-0.289465,-1.728647,1
-0.590759,-0.384824,1
-1.386443,-0.425884,1
-0.670137,-1.619317,1
-1.909668,-1.289185,1
-0.265980,-2.184153,1
-2.469262,-1.216217,1
-1.564535,1.206505,1
0.651513,-0.441110,1
-0.169064,-0.439909,1
-2.918151,-0.355033,1
-0.079470,0.468364,1
-0.750209,-0.498598,1
-1.585256,0.785154,1
-2.134358,-1.353716,1
1.321729,-2.167697,1
-1.254657,-0.945065,1
-0.465616,-0.846522,1
-1.297881,-0.808758,1
0.417634,-0.854512,1
-3.359988,-1.524418,1
-0.100380,-0.275867,1
-1.581527,-0.595531,1
0.949704,-0.333931,1
-2.601016,1.844019,1
0.064907,-3.087584,1
0.450841,-2.056034,1
-0.305828,-1.349589,1
-3.286549,-0.664700,1
-0.369997,-0.424677,1
-0.409263,-0.554058,1
-0.172657,-2.817642,1
-1.765977,-1.414267,1
-0.670741,-1.644010,1
-2.617391,-2.872397,1
-1.896770,-0.824631,1
-3.707219,-0.981985,1
-0.028406,-2.202613,1
-0.086944,0.081329,1
-0.298216,-1.161360,1
0.182674,-1.771929,1
-0.623330,-1.109949,1
-0.328344,-2.082788,1
-0.548632,0.908287,1
-1.064035,-0.225026,1
2.802855,-0.408235,1
-0.555217,0.528797,1
0.199120,-0.126834,1
-1.534423,0.292777,1
-0.239162,0.203360,1
-3.005483,-1.290711,1
-2.097228,-0.730793,1
1.441208,-1.206519,1
-1.893176,-1.836311,1
-2.247113,0.005097,1
0.098538,-0.683465,1
-1.307501,-0.757249,1
-0.873027,-1.670376,1
0.302481,-2.031540,1
-0.574310,-0.739899,1
-1.205266,0.048033,1
-1.279127,0.371639,1
-0.754640,-0.566004,1
-1.217101,-1.817863,1
-1.811826,-0.768337,1
-1.206620,-0.750275,1
0.192230,-1.206393,1
-1.733757,-3.399241,1
-0.972178,-1.057745,1
-1.068442,-3.812052,1
-2.600070,-1.411975,1
0.527504,-2.672226,1
0.645237,-1.797858,1
-1.575205,0.335066,1
-1.456542,-0.471504,1
-0.969203,-0.803154,1
-0.347283,-2.485528,1
-0.756302,-0.010501,1
0.127603,-3.343247,1
-2.890046,-0.358015,1
-2.094114,0.653501,1
-1.525597,-1.361168,1
-1.508536,-1.429254,1
-1.222263,-1.080927,1
-1.779895,-0.938570,1
-1.376753,-1.338459,1
0.021466,-1.127081,1
-0.051862,-1.272539,1
1.017564,0.489911,1
-0.400577,-0.622405,1
1.213081,0.479236,1
-1.137911,-1.968837,1
-1.280706,-1.978868,1
-2.244562,-2.330000,1
-0.681431,-1.560167,1
-0.660063,0.123314,1
-2.671611,-0.027586,1
-1.316845,-1.905105,1
-0.748120,-0.915155,1
-0.473298,-1.069632,1
0.668905,-1.530974,1
-2.138690,-0.420992,1
-1.449130,-1.044280,1
-0.379134,0.354350,1
0.074410,-1.140106,1
-0.041586,-0.838024,1
0.354999,-1.176370,1
-0.993073,-1.532997,1
-2.112720,-2.267196,1
0.137228,-1.628204,1
-1.480059,-0.323550,1
-0.481515,-1.132744,1
-2.233316,-3.047727,1
-0.247315,0.310413,1
-1.264031,-1.354959,1
0.409988,-0.203645,1
-0.118087,-0.179171,1
-2.899099,-0.878232,1
-0.726591,-2.562299,1
-2.174290,-1.599742,1
-1.973356,-1.712003,1
0.307323,-0.938623,1
-1.502151,0.729795,1
2.278002,-2.684624,1
-2.643082,-2.373374,1
-1.442199,-1.310288,1
-3.061317,-2.443360,1
-0.609390,-1.088983,1
-0.447728,-1.544943,1
0.009025,-1.363453,1
-1.416440,0.200238,1
-0.471421,-2.228710,1
-0.904888,-0.477474,1
-1.576123,-1.220491,1
-0.390213,-0.776957,1
-2.969919,-2.404943,1
0.308279,-0.451478,1
-0.806758,-1.435911,1
-0.184669,-0.442031,1
0.200084,-0.310111,1
-1.718196,-0.551584,1
-1.312389,-0.381947,1
-1.852484,-1.614059,1
-0.343019,-0.483834,1
0.354031,-0.554788,1
-1.089359,-0.732209,1
-0.627234,-0.765079,1
-0.784565,0.057064,1
-1.309116,0.071469,1
-2.722597,0.640127,1
-1.389683,-2.411103,1
-1.360517,-0.452835,1
-0.903513,-1.174142,1
-1.581985,-0.611422,1
-2.667083,-0.236799,1
-0.132152,-0.682405,1
-2.214272,0.428244,1
-0.963677,-0.177389,1
0.532022,1.324274,1
-1.840770,1.297792,1
-0.310054,-0.289811,1
-2.094472,-1.499332,1
-0.784635,-1.905596,1
-1.210378,-1.182138,1
0.357981,1.039544,1
-2.020439,-0.670016,1
0.911829,-1.926282,1
-1.392146,-1.295749,1
-1.554365,-1.887845,1
0.494684,-1.268490,1
-1.964516,-1.984857,1
-1.104186,-2.505309,1
0.634580,-1.306348,1
0.715169,-0.241458,1
-1.490271,-0.250573,1
-2.935776,-1.655200,1
-1.822712,-0.957771,1
-1.667223,-0.586034,1
0.878499,-0.816062,1
-1.199902,-0.517926,1
-0.735692,-0.141565,1
-0.840918,-2.935089,1
-1.679551,-1.583571,1
0.073093,-0.289003,1
-0.470908,-0.704163,1
-1.438235,-0.383870,1
-1.238151,0.377690,1
-1.379436,-0.709901,1
-0.078830,-2.749334,1
-0.072732,-0.551914,1
-0.325150,-1.223060,1
-1.655606,0.294107,1
0.024825,-2.656317,1
-0.161920,-0.091212,1
-0.226996,-0.737725,1
-1.699765,-0.016743,1
-3.222740,-1.480640,1
-0.371800,-2.752377,1
-2.594161,-0.615131,1
-0.852179,0.386443,1
-1.661788,0.550792,1
-1.043214,-1.907823,1
-0.810512,-0.798486,1
0.227945,-2.667786,1
-1.262965,0.043214,1
-0.100819,-0.634424,1
-0.708939,0.322104,1
-2.257829,-1.264114,1
-0.158596,-1.840124,1
-2.876330,-1.453169,1
-0.884068,-2.101110,1
0.122723,-1.274205,1
-0.880583,-0.764150,1
-1.643538,-1.639879,1
-1.095390,-3.372927,1
-1.835474,0.304397,1
-1.512311,-1.663101,1
0.349979,-1.710112,1
-2.480625,-0.934537,1
0.388776,-0.395657,1
-1.330515,-0.065309,1
-1.873455,-1.630095,1
-1.548779,0.526245,1
-2.847740,-2.736375,1
-1.070596,0.092203,1
-0.057776,-2.594561,1
-4.069175,1.091408,1
-0.267468,-1.074612,1
0.745254,-2.223214,1
-1.846869,-0.345324,1
-0.200187,-1.054276,1
-0.312827,-0.777795,1
-0.661850,-0.416248,1
-0.698423,0.119746,1
-1.525258,-1.855535,1
-1.357162,0.928402,1
-3.461869,-2.091286,1
-0.580701,-0.255609,1
-2.770905,-1.311819,1
-1.738945,-0.476227,1
-2.320044,-1.971581,1
-1.120605,-0.056879,1
0.278536,-1.311754,1
-1.169089,-1.534194,1
0.769520,-2.052058,1
-0.827725,0.143274,1
-0.819203,-1.053114,1
-0.344877,0.292127,1
-1.263285,0.286377,1
-0.685462,1.892946,1
-1.649134,-0.513266,1
-1.927533,-1.194317,1
0.247845,-1.085823,1
-1.054163,-1.023130,1
0.684892,1.576663,1
-2.529935,-1.523633,1
-0.241147,-0.451685,1
-0.851981,-1.989164,1
-2.301106,-2.044673,1
-0.648560,-0.247407,1
-2.319565,-0.294837,1
-0.919702,-3.981771,1
-1.950012,-0.934485,1
-0.022093,-1.731396,1
-2.032180,-1.026510,1
-1.607640,-2.245607,1
-1.736784,-1.219557,1
-0.085031,-2.474091,1
-0.944680,-0.134836,1
-0.691526,-1.637295,1
-0.942941,0.960043,1
-2.302400,-0.786655,1
-1.004784,-1.283956,1
-0.011356,-2.880768,1
0.002898,-1.078409,1
-1.774125,-1.710812,1
-0.463931,-1.091663,1
-1.762183,1.739722,1
0.197699,-1.690589,1
-0.789633,-1.945092,1
-0.489753,-1.674646,1
0.516518,-0.956892,1
-0.481992,-0.389029,1
-0.991067,0.221126,1
-1.485876,-1.863521,1
-0.138453,-0.975878,1
-1.299736,-0.636600,1
-1.191620,-1.862640,1
-0.842359,0.093702,1
0.274970,-2.522402,1
0.339832,-1.435270,1
-0.926533,-1.304679,1
-1.655313,-1.177267,1
-0.004074,-0.095510,1
-1.943709,-1.887729,1
-2.171784,0.993190,1
0.029714,-0.918108,1
-1.079352,0.950919,1
-1.129232,-1.596445,1
-0.691693,-1.722672,1
-1.320500,-2.649886,1
-0.921221,-0.059929,1
-1.306036,0.062016,1
-1.941507,-2.898609,1
-0.594969,0.890049,1
-0.981894,-0.365281,1
-2.210899,-0.499627,1
0.113046,-1.407560,1
-2.419715,0.011846,1
-1.158274,-0.524567,1
1.324657,-0.533173,1
-0.704650,-0.534013,1
-0.778955,-1.709181,1
0.298378,-1.255950,1
-0.358161,0.371082,1
-1.061822,-0.691453,1
-1.207064,1.084253,1
-1.936551,-0.667912,1
-2.761349,-0.519540,1
-0.264058,-1.446106,1
-0.053406,-0.944060,1
-0.315499,-0.218265,1
-2.359202,-0.775982,1
-0.525575,-1.706018,1
-1.883641,-0.973173,1
-1.481753,-1.208674,1
-0.664582,-1.212362,1
-1.630546,-0.896197,1
1.429756,-1.008615,1
-0.344775,-0.401962,1
-2.275261,-0.438964,1
-0.153553,1.097164,1
0.685830,-1.957073,1
-2.911544,0.137791,1
-0.051501,-2.268937,1
-1.381196,-0.060432,1
1.774332,-1.023250,1
1.080035,-2.395219,1
0.108469,-3.096154,1
-0.180018,-0.352478,1
-1.351622,0.288523,1
-1.720829,-1.655365,1
-0.665899,-1.408823,1
-3.516597,-3.118640,1
-0.140604,-0.586075,1
-2.107753,0.295298,1
-1.238730,-2.195684,1
-1.805988,-1.253660,1
-3.432354,0.092918,1
-1.387472,-1.864265,1
-0.889050,-2.365432,1
-2.138535,-1.609340,1
-1.492602,-0.399744,1
-1.491027,-0.801208,1
-1.402848,-1.355290,1
-0.707244,-2.009727,1
-1.117493,-2.307980,1
1.035390,0.095549,1
0.049377,0.452217,1
0.026523,-1.532039,1
-1.440310,-1.881998,1
1.207223,1.857898,1
-1.022518,-3.324430,1
-2.020029,-1.461473,1
-1.946848,-0.734493,1
-1.365549,-1.412671,1
-1.968336,-0.915298,1
-1.472635,-0.458303,1
-0.961303,-1.754277,1
-0.030648,-1.848194,1
-1.170833,1.513659,1
-1.601149,1.281663,1
-1.447841,-1.716522,1
-0.027538,-2.514143,1
-2.388515,-2.320840,1
0.430510,-1.189936,1
-1.319841,-2.502840,1
-1.092234,-2.346187,1
-0.432618,0.537508,1
-1.766262,-1.447318,1
-1.050073,-1.574861,1
-1.629593,-1.282094,1
-1.941065,-0.594957,1
0.185223,-0.763753,1
0.209699,-1.237752,1
0.437188,-0.644289,1
-1.091714,-0.144568,1
-1.218660,-1.416430,1
1.022757,-1.890563,1
-0.569138,-1.768690,1
0.586224,-2.091053,1
-2.953604,-0.047440,1
-2.697567,-2.434346,1
0.181730,0.046040,1
-1.047681,-1.841473,1
-0.604272,-2.220428,1
-1.318368,1.059161,1
0.823309,-0.653545,1
-3.850055,-1.513335,1
0.101268,-1.951669,1
-2.581411,-1.083698,1
-0.349264,1.528611,1
-1.397860,-2.317249,1
-0.342977,-0.687070,1
0.348418,-0.796077,1
-1.195858,-1.975280,1
-2.547390,-0.606235,1
-1.723724,-0.712403,1
-2.030979,-1.402009,1
-1.981503,0.484898,1
-0.266323,-0.463378,1
-0.005193,-4.124098,1
-1.715019,-1.513171,1
-0.566032,-0.866928,1
-0.077491,-2.394181,1
-0.949601,-2.866135,1
-1.531842,-2.114742,1
1.570484,-2.031396,1
-1.203261,-0.659278,1
-0.689582,-2.213685,1
1.560735,-0.469544,1
-2.107279,-1.062294,1
-0.608226,0.168510,1
-2.888762,-1.178460,1
-1.951089,-1.238041,1
-1.836860,-0.691142,1
-1.364117,-0.986695,1
-2.022362,-0.726617,1
-0.648120,-3.179589,1
-0.906487,-1.402262,1
-3.142326,-0.259091,1
-2.001382,-2.198983,1
-3.754184,-3.040851,1
-2.012318,0.395463,1
-0.471691,-0.239363,1
-0.591738,-2.041584,1
-2.118106,-1.680140,1
-0.927213,0.082731,1
-1.665854,-1.774558,1
0.079250,-1.725774,1
-1.174344,-2.412470,1
1.014526,-0.097053,1
-0.235098,0.048645,1
0.630960,-1.313941,1
-2.704339,-0.248223,1
0.382331,-0.724255,1
-0.893145,-0.968098,1
-1.299391,-2.299525,1
-1.696830,-1.933928,1
-2.039611,-0.982285,1
-0.761426,-1.107842,1
-1.160958,0.201955,1
-2.184914,-1.410046,1
-0.326561,-1.630532,1
0.634964,0.963614,1
-1.572756,-1.451097,1
-1.083785,-1.836392,1
0.088182,-0.924091,1
0.157424,-1.162440,1
-1.323016,-1.801004,1
-0.701621,-0.965172,1
-0.631515,-0.369236,1
0.574407,-0.901062,1
-1.913811,-0.278633,1
-0.543964,0.344630,1
-0.431670,-0.381139,1
-1.653971,-1.326621,1
-0.798418,-1.559556,1
-0.896373,-0.586542,1
0.506109,-1.043896,1
-4.306525,-0.833253,1
-1.585155,-0.195530,1
-1.664301,-1.647243,1
-2.077190,-0.819650,1
-0.238516,-0.122088,1
-0.541646,0.695073,1
-1.644207,-0.325069,1
-1.585461,0.077046,1
-0.777075,-2.470839,1
0.570089,-0.607857,1
0.513299,-1.092128,1
-0.799470,0.359642,1
-2.373878,1.092697,1
-1.573842,0.890904,1
-2.554733,-3.000311,1
-0.399027,-1.414163,1
-2.242422,-1.064908,1
-1.345959,-0.677565,1
-0.614575,-1.619648,1
-0.895929,-0.949012,1
-4.500976,-0.175778,1
0.243724,-0.347877,1
-1.462986,-1.832748,1
-0.750259,-2.178378,1
-0.462991,-1.532432,1
-0.615935,-1.888710,1
0.313578,-2.632784,1
-0.005241,-3.499716,1
0.983943,-1.235835,1
1.478699,0.097880,1
-0.167595,0.196460,1
-2.444905,-0.428506,1
-0.271719,-0.678018,1
0.556683,-2.364917,1
-3.153938,-0.781983,1
-2.012299,-1.492135,1
-0.789607,-1.455877,1
-1.753584,-2.145099,1
-0.500597,-2.075291,1
-1.797947,-1.526896,1
-1.752843,-3.726843,1
-0.160261,-1.767405,1
-0.328758,0.052885,1
-1.224697,-2.099169,1
-0.724637,-0.611131,1
-1.118748,-0.609989,1
-3.048244,-2.571997,1
0.384492,-1.214008,1
0.845745,-0.642079,1
-0.990053,-1.667134,1
0.133417,-0.742779,1
-0.976541,-1.486980,1
-0.551898,-1.870561,1
-1.214133,-3.688928,1
-0.135026,-0.070385,1
-0.670475,-0.620336,1
-1.151263,-1.274704,1
-2.448663,-0.643653,1
-1.341894,-0.498622,1
-0.660048,0.241891,1
1.719093,-1.456679,1
-0.483829,-1.888563,1
-0.703845,-1.326989,1
-0.525221,0.312065,1
-2.247549,-1.363912,1
-1.973694,-0.270322,1
-1.012554,-0.670882,1
-1.525735,-1.036690,1
0.664495,-2.110956,1
-2.234667,-0.443501,1
-0.040110,-2.394596,1
0.374854,1.242273,1
-1.970764,-0.702944,1
-0.725923,-2.194351,1
0.583630,-0.710155,1
-1.204701,-0.227463,1
0.220772,-3.833238,1
-1.017762,-0.711446,1
-1.213629,-0.369369,1
0.192000,-0.413312,1
0.763065,0.977842,1
-0.056200,-1.911319,1
-0.446734,-1.710998,1
-0.594306,-0.310291,1
-0.185353,-1.545448,1
-1.937201,0.432581,1
-1.803621,-1.136715,1
-0.168761,-1.077170,1
0.305011,-1.108178,1
-0.587253,-2.972072,1
-0.174851,-1.557311,1
-1.391204,-3.387370,1
0.365515,-2.419097,1
-1.391923,-1.996031,1
-1.106627,-1.615220,1
-0.122474,-0.313014,1
-1.209888,-1.091926,1
-0.337924,2.285391,1
-0.252643,-1.985178,1
-0.045146,-0.998871,1
-0.426259,-0.474167,1
-2.425246,-1.454022,1
-0.000928,-2.451947,1
-0.711795,-0.484986,1
1.500061,-1.784075,1
-1.391687,-0.337062,1
-0.364125,-0.563467,1
-0.626002,-0.573174,1
-2.133778,-1.213771,1
0.145935,-3.344379,1
-0.729879,-1.345930,1
0.272452,-1.855193,1
-0.654743,0.029511,1
-0.987360,-3.909614,1
-3.322255,-2.065315,1
-2.276080,-3.909053,1
-1.537747,-2.480788,1
-0.692036,-0.932034,1
-0.172316,0.993522,1
-1.880824,-1.250468,1
1.211208,-0.552574,1
0.081022,-2.160815,1
-1.681678,-0.056914,1
-1.616765,-1.519879,1
-1.677890,-2.054764,1
-0.567682,-2.264138,1
-1.474897,-0.141267,1
-1.318714,-0.034202,1
-1.529806,-2.647850,1
-2.353968,-0.892983,1
-0.323918,-2.527164,1
0.052062,-2.977500,1
-0.442740,-2.954065,1
-0.626606,-1.619892,1
-0.827553,-0.507665,1
-0.141330,-1.682154,1
-0.776080,-1.869702,1
1.386339,-1.809863,1
-1.605406,-2.438965,1
-1.232972,-0.476459,1
-0.432599,-1.477011,1
-0.564109,-0.695283,1
-1.192190,0.319813,1
-1.587868,-1.673989,1
-3.325015,0.107627,1
0.459462,-0.086386,1
-1.740233,-1.314781,1
0.167936,-2.313148,1
0.443664,-2.092707,1
-2.018150,-1.633581,1
-2.641088,-0.976978,1
-2.090515,-0.295879,1
-1.279218,-0.509192,1
-1.134153,0.977672,1
-0.229270,0.120021,1
1.128152,-0.336255,1
-2.102350,-1.644383,1
0.211845,-1.496287,1
-0.846330,0.426618,1
0.594454,-2.483768,1
-1.343129,-0.622179,1
0.063231,-1.858485,1
-0.750125,-0.552561,1
-1.837612,-2.091697,1
-1.637744,-0.078215,1
-0.794960,-0.543903,1
-0.315730,-1.355703,1
-1.068346,-0.530769,1
0.312257,-1.209589,1
0.062166,-0.513382,1
1.194273,-2.095781,1
-1.431172,-0.018962,1
-0.135310,-1.055663,1
-1.004444,-1.745067,1
0.435189,-1.499987,1
-0.135976,-0.962585,1
-1.250405,-0.648708,1
-1.756397,-0.518053,1
-0.765309,-1.394827,1
-0.103618,-0.066963,1
-0.237936,0.323372,1
0.145074,-1.302534,1
1.186414,-1.740485,1
-2.268229,0.007379,1
-2.577305,-2.792597,1
-0.674193,-0.878781,1
-1.063466,-1.905205,1
-0.902851,-1.101455,1
-0.770542,0.475075,1
0.101467,0.350495,1
0.045397,-1.382347,1
-1.358256,-1.356297,1
-1.397305,-0.377031,1
0.432917,-4.021273,1
-0.995932,-0.525412,1
-0.145567,0.290937,1
0.175227,-0.862840,1
-0.096032,-0.708515,1
0.052477,-1.697240,1
-0.411985,-0.521537,1
-0.130888,-0.042115,1
-1.195073,-0.503670,1
-1.110590,-1.128713,1
-0.237222,-1.209280,1
-0.611525,-1.036676,1
-1.710446,-1.400242,1
0.043781,-0.074728,1
-1.286274,-0.666697,1
0.310760,-0.259886,1
-2.687793,-1.071826,1
-0.681555,0.379568,1
-0.695507,-2.243772,1
-0.690097,-2.376904,1
-4.742458,-0.412080,1
-0.488919,-0.425741,1
-0.446896,-1.549896,1
2.006616,-1.555859,1
-1.686096,0.307106,1
-2.723423,-1.858008,1
-0.279173,-0.455702,1
-0.950839,0.687253,1
-1.183439,-0.942295,1
0.800957,-2.055522,1
-1.742083,-1.095479,1
0.660578,0.589481,1
0.528294,-1.997300,1
-1.031852,-1.817296,1
-0.135702,-1.601243,1
-1.126387,-0.541053,1
-3.045065,-0.248068,1
1.035796,-0.753048,1
-0.348629,-3.102594,1
-0.487957,-2.184670,1
-1.147010,0.142823,1
-1.642975,-1.244481,1
0.443329,-1.983442,1
-1.612720,-0.363341,1
-0.065621,-2.494448,1
-1.608285,-1.983631,1
-0.024453,-0.000900,1
-1.361547,-0.395611,1
-0.647620,-0.756266,1
-1.371902,1.663836,1
-3.127431,-0.413604,1
-2.050230,-0.873068,1
-0.657477,-1.226929,1
-3.201238,-0.698364,1
-1.910378,0.536208,1
-1.521186,-3.041458,1
-0.392415,0.371649,1
0.313892,0.080185,1
0.679274,-0.340324,1
-0.869956,-3.399315,1
-0.979040,0.126182,1
-1.337440,-0.597897,1
-2.428961,-1.352802,1
-2.576525,-0.530546,1
-2.356329,-0.991035,1
-1.661462,0.288195,1
-0.882931,-1.804206,1
-4.366266,-1.454447,1
0.121557,-2.406648,1
0.275542,-0.485924,1
-1.807183,1.212128,1
-0.813640,0.342498,1
0.209085,-0.501132,1
-0.545902,-1.540586,1
-0.496121,-1.361277,1
-0.092314,-1.250496,1
-2.004163,0.314211,1
-0.801772,-0.514338,1
-0.873574,0.717810,1
-1.590212,-2.037900,1
0.556700,-0.629072,1
-0.764423,-0.496033,1
-3.122586,-1.719301,1
0.429224,-1.958925,1
-0.342085,-0.855709,1
-0.443467,-1.057894,1
-1.956720,-1.898630,1
0.511708,-1.344620,1
-0.648816,-1.626305,1
-1.836224,-0.911011,1
-0.732579,-2.430964,1
-0.307689,-0.031394,1
-1.528609,-1.920497,1
-2.101651,0.588248,1
0.871132,-1.307608,1
-0.577527,-1.046133,1
-1.209553,-0.130930,1
-0.370145,-0.471604,1
0.843007,-0.309390,1
-2.395007,0.974923,1
0.084099,-1.663515,1
-1.470864,-0.630562,1
-0.614116,-2.815209,1
0.934988,-0.814244,1
-1.297584,0.418080,1
-1.673822,0.663019,1
-1.207747,-1.843441,1
-1.542025,-1.735422,1
0.092680,-0.429573,1
1.401931,-0.143710,1
-0.768551,-1.388441,1
-1.043715,-1.343899,1
0.398046,1.758671,1
0.735823,-1.407653,1
-3.302953,-1.496654,1
0.272833,-2.146658,1
-0.232096,-2.452564,1
0.421224,-0.201056,1
-1.943981,-0.424443,1
1.824636,0.434672,1
-0.830782,-1.933782,1
0.245793,-0.210788,1
-2.184378,-1.020041,1
0.423555,-2.493068,1
-1.063159,1.077457,1
-2.520189,-1.654989,1
0.179410,-2.016234,1
-1.311816,-1.935168,1
1.234519,-2.317502,1
-2.175073,-3.207119,1
-2.769810,1.341244,1
-1.460428,-2.188890,1
-1.816348,-2.000624,1
-1.464089,-0.371149,1
0.214243,0.801603,1
-1.522100,0.433666,1
-1.116296,-1.405288,1
0.276066,-0.455322,1
-3.030932,-1.329850,1
-1.044352,0.317062,1
-1.044287,-0.977349,1
-2.436712,-1.215781,1
-0.515280,-1.940016,1
-1.020898,-2.281563,1
-1.569567,-2.795238,1
0.060475,-0.517686,1
-1.089694,-0.885707,1
0.461484,-0.483881,1
-0.331765,-2.464822,1
-0.801075,0.136803,1
-1.359874,-1.689795,1
-3.224622,-0.410579,1
-2.431198,-0.684693,1
-0.685480,-1.223770,1
-1.019841,-0.571653,1
-1.089643,-0.178792,1
-1.253876,-1.610468,1
-0.543632,0.431319,1
-0.615852,-0.436800,1
0.021237,-3.204457,1
-0.407878,-2.112438,1
1.158532,-1.108696,1
-0.280971,-0.845350,1
-3.030209,-0.443393,1
0.642272,-0.032404,1
-1.564305,0.142120,1
0.557234,-0.468688,1
-3.182037,-1.975132,1
1.987444,-2.139985,1
0.818113,-1.228958,1
-0.131124,0.965906,1
-0.235272,-1.458011,1
0.512848,-0.919716,1
0.080495,0.332839,1
-0.240900,-1.905803,1
-1.039997,-0.195023,1
-2.731107,-1.686254,1
-0.794462,-1.671916,1
-0.346950,-0.714262,1
-1.986624,0.393357,1
-2.122818,-1.446190,1
-3.486396,-0.818017,1
-0.370579,1.114715,1
-0.465629,0.102934,1
1.013325,-0.288734,1
-1.981503,-2.284354,1
-1.009689,-1.306070,1
-1.605013,-1.612011,1
1.655019,-3.326162,1
-1.116414,-0.162395,1
-1.404419,0.585102,1
-2.119064,-0.556122,1
0.373927,0.190191,1
-0.024645,-0.590526,1
0.150550,1.748629,1
-2.008266,-1.833995,1
-1.880184,0.373012,1
-1.582639,-1.190995,1
-2.736636,-0.719472,1
-1.688090,-1.085308,1
-0.847079,-0.578084,1
0.382739,0.313402,1
0.654705,-0.442505,1
-0.764427,-2.843150,1
0.927353,-1.028111,1
1.383589,-1.666834,1
-0.113521,-0.086656,1
-0.108522,-1.178293,1
-1.255757,-1.031637,1
-0.993745,-0.394010,1
-0.514024,-0.747942,1
-2.134552,-2.552548,1
-0.412395,0.294385,1
-0.478744,-0.046809,1
-2.449741,-0.511511,1
-0.736075,-1.721194,1
-0.433648,-0.208905,1
-1.717343,-0.316647,1
-1.040097,-2.797035,1
-0.873817,-2.852772,1
-0.322675,-0.777814,1
-0.717305,-0.230411,1
-1.757528,-0.255392,1
-0.904838,1.298825,1
-1.675474,-0.831168,1
-1.920814,0.057064,1
-3.480202,-0.551749,1
0.063128,-0.375740,1
-0.808026,-1.413832,1
-0.006633,-1.562058,1
0.005549,-2.301301,1
0.322129,-0.438076,1
-0.050475,-0.976526,1
-0.295369,-0.667360,1
-1.681624,-0.116425,1
-1.675579,-1.245622,1
-0.756292,-0.203525,1
-2.218919,-0.954637,1
-1.091293,-1.222209,1
-1.104358,-0.167432,1
-1.872679,0.252412,1
-2.385334,-0.032701,1
-1.507686,-1.003941,1
-1.182881,-1.182995,1
-0.492726,-1.330394,1
-0.806884,-0.476102,1
-2.800847,-1.262878,1
-0.931625,-1.457289,1
-1.789691,-2.643160,1
-0.241508,-0.922699,1
-1.083928,-1.191841,1
-1.448357,-2.578626,1
-0.940420,-2.745519,1
-1.323908,-0.866661,1
-0.123244,-0.196939,1
-0.426830,-3.781904,1
-0.983593,-0.997962,1
-1.404659,0.380705,1
-0.828773,-1.337459,1
-0.898147,-1.580346,1
-1.696757,-3.089844,1
-1.389128,-1.741283,1
-0.067698,-0.311294,1
-2.281523,-1.127162,1
-0.433707,-0.477932,1
0.193323,-3.146766,1
1.916560,-0.097313,1
-1.762738,-1.756001,1
-1.158842,-1.943028,1
-1.913037,-0.776114,1
-1.104313,-2.287627,1
-1.365367,0.217201,1
-2.887468,0.216531,1
-0.883931,-0.776308,1
1.154187,-0.484896,1
-2.170081,-1.560579,1
-0.717847,-1.586256,1
-1.818188,-1.185100,1
0.016081,-0.186875,1
-1.095472,-2.144723,1
0.292761,-0.896526,1
-2.415066,-1.517831,1
-2.753374,-1.899630,1
-0.751278,-0.773293,1
-0.490374,0.720242,1
-0.352517,-1.243412,1
-2.220583,-0.646139,1
0.854555,-0.703537,1
-2.243834,-0.905830,1
-0.446166,-0.333519,1
0.535982,-1.497785,1
-0.059602,-1.138586,1
-1.652296,-0.077888,1
-0.663634,-0.187733,1
-1.563899,0.536598,1
-3.740157,-1.279540,1
-1.720020,-1.556365,1
-1.339162,-2.676606,1
-0.554823,0.939577,1
-1.349268,0.629769,1
-0.600341,-2.610157,1
-1.101935,-2.365768,1
-0.698509,-0.550117,1
-0.691938,0.295392,1
-0.340714,-1.945147,1
-1.997788,-1.903311,1
-0.693703,-0.535993,1
0.906120,-2.929501,1
-1.762706,0.614030,1
-1.054323,-1.961329,1
-1.869040,-2.124611,1
-1.290841,-3.357071,1
-2.187164,-1.117604,1
-0.199884,-3.791537,1
-0.667903,-1.354273,1
-2.099459,-0.777334,1
0.664936,-2.623991,1
0.178206,0.571445,1
-1.299139,-2.076367,1
-0.337938,-1.339783,1
1.014969,-0.897144,1
-0.300079,-0.045640,1
-0.796340,-0.734315,1
-1.308921,-0.562820,1
-0.302139,-0.958307,1
-0.760898,-1.029600,1
1.834724,-0.938777,1
-0.123144,-0.658914,1
-0.544209,0.666611,1
-1.222047,-1.430865,1
-0.494816,1.042687,1
-0.720369,-1.400939,1
-1.759658,-1.557106,1
-1.325542,-0.979958,1
-1.570727,-0.642065,1
-0.685085,-1.007904,1
-0.835018,-0.843096,1
-1.425180,-1.369673,1
-1.577481,0.007070,1
-1.119224,-1.718412,1
-0.319151,-0.236387,1
0.008014,-0.029636,1
1.279847,-0.764673,1
-0.529196,-0.652502,1
0.539775,-0.015273,1
-2.511307,-1.533209,1
-0.637699,-2.843076,1
-2.396760,-0.698976,1
0.013163,-0.431440,1
-2.068571,-2.795308,1
-1.076965,-0.604818,1
-0.865828,-1.373633,1
0.511642,-1.886680,1
0.340247,-0.227494,1
-2.742342,-1.336677,1
-1.447270,-0.838668,1
-0.503667,-2.685828,1
-1.855114,-0.855371,1
-0.917705,0.814021,1
-1.660316,-1.534567,1
-1.081775,-2.701988,1
-0.178470,-0.457533,1
-2.282730,-1.024991,1
-1.004087,-0.371976,1
-2.453583,-0.376387,1
-2.217811,-1.440075,1
0.165026,-1.266960,1
-1.263032,1.619737,1
-3.096831,-1.424751,1
-1.043648,0.209477,1
-1.199678,-2.936826,1
-1.378874,-1.678041,1
1.497864,0.792122,1
-1.356199,-0.968389,1
-2.506292,-1.172196,1
-2.235403,-1.978289,1
0.191590,-1.877457,1
-1.575472,-1.700641,1
-1.677824,-1.297736,1
-0.110628,-1.387163,1
-3.092316,-1.462006,1
-2.509173,0.122071,1
-2.721156,1.316293,1
-2.376439,0.305920,1
0.780922,-1.684491,1
-2.129028,-1.338544,1
0.031636,-1.082335,1
-1.444922,-1.538231,1
-1.820405,-1.154657,1
-3.598257,-0.480789,1
-1.943765,-2.743705,1
-1.722618,-0.606833,1
-0.445133,-1.500077,1
-0.945026,-2.093844,1
-1.657750,-2.586441,1
-2.196080,-1.761806,1
-2.419652,0.172432,1
-0.133389,-1.147276,1
-1.164214,0.970469,1
-3.081943,-0.830222,1
-1.233157,-1.240592,1
-1.055018,-1.143445,1
-0.994174,-1.077150,1
0.129662,-2.490638,1
0.630720,-3.189194,1
0.080805,-1.524655,1
-0.209651,-1.662529,1
-0.532444,-2.503232,1
0.049958,-0.635231,1
-1.452816,0.074392,1
-1.341360,-1.189702,1
-2.468509,-2.248157,1
-1.284483,-3.757257,1
0.707896,-0.774142,1
-0.581289,-2.476515,1
0.904177,-2.462424,1
0.211801,-0.168503,1
-2.142043,-2.847201,1
-3.706263,-1.778022,1
-1.265163,-1.568905,1
-1.247042,-2.253140,1
-0.807448,-2.279612,1
-1.367696,-1.611470,1
-1.300303,-0.944938,1
-1.348606,1.608209,1
-0.504489,-1.447297,1
-2.241233,-0.431469,1
-0.917662,-0.706067,1
0.164136,-0.917524,1
-1.141607,0.196554,1
-0.719278,-0.018397,1
-0.379230,-2.499837,1
0.993179,-2.719572,1
0.718560,-1.382384,1
-1.655667,-2.285411,1
-0.809556,-2.743563,1
-0.585016,-0.729800,1
-0.279541,-1.459164,1
0.257299,-0.157834,1
-0.591775,-1.233018,1
0.730043,-1.351460,1
-1.160667,-1.684874,1
-1.520108,-0.153933,1
-1.426641,-1.824740,1
-0.152375,-1.047797,1
-1.597233,-1.019916,1
-1.781099,0.592862,1
-0.575286,0.091241,1
0.580210,-3.308159,1
-2.383376,-0.716386,1
-2.154265,-1.774051,1
-0.923007,-0.726830,1
0.614731,-1.274207,1
-0.728216,0.328860,1
-2.466536,1.194838,1
-0.048908,0.242486,1
0.146931,-2.422143,1
-2.116480,-1.951688,1
-1.743786,-2.255561,1
-1.991304,-0.650443,1
-0.935353,-2.731546,1
-2.189632,-1.172251,1
-1.577921,-1.814958,1
-0.235907,0.264995,1
0.305538,1.061993,1
-1.077557,-1.609567,1
-0.794274,-1.148404,1
-1.833467,-2.019333,1
0.691844,-1.543251,1
0.463973,-2.761859,1
-1.334310,-0.661611,1
-2.195627,-0.287381,1
-0.303453,-1.580132,1
-1.411364,-1.556777,1
-1.849649,-0.442416,1
0.733724,-0.780776,1
-0.870953,-1.207551,1
-2.668065,-0.579919,1
-1.299686,-2.408685,1
-2.472933,-2.086600,1
-2.521987,0.474636,1
-0.076497,-1.613311,1
-1.961915,-2.353937,1
-1.738269,0.375872,1
-1.619450,-1.583640,1
-0.398709,-0.688515,1
-0.924021,1.151759,1
0.131243,-2.815104,1
-3.057723,-1.331879,1
-1.787244,1.444757,1
-0.649467,-1.598902,1
0.933153,-1.068493,1
0.690145,0.275140,1
0.361638,0.864398,1
-2.304822,-2.936496,1
1.022999,-1.154588,1
-1.334022,-1.595945,1
0.503921,-3.056725,1
-1.111332,-0.289865,1
-1.094115,-2.117148,1
-0.477003,0.188179,1
-0.069115,-0.975259,1
-1.025974,-1.503185,1
-1.401520,-0.456653,1
-2.049971,-2.600165,1
-1.732345,0.051225,1
-0.524303,1.803115,1
-0.998600,-0.647424,1
-0.930100,-0.116151,1
0.722903,1.459790,1
0.535999,0.188556,1
-0.743148,-2.065525,1
-1.382643,-0.510835,1
-1.361884,-1.762441,1
-1.878218,-0.477379,1
-1.586666,-1.584452,1
-2.795760,-3.967820,1
-0.910539,-2.078423,1
-1.011399,-4.163685,1
-0.949166,-2.269975,1
-1.658917,-2.167933,1
-0.548030,-1.328878,1
-1.093777,0.292811,1
-1.498862,-1.169834,1
-1.550148,-0.711101,1
-1.419421,-1.625940,1
-0.626752,-0.938919,1
-1.152022,-0.814445,1
1.000481,0.033752,1
0.613053,0.675784,1
-2.004089,-1.076111,1
-2.635166,-0.545919,1
0.474423,-2.091237,1
-1.415657,-1.568567,1
0.527380,-1.313042,1
-0.135236,-1.817851,1
1.169739,-2.076477,1
0.846636,-1.973859,1
-0.581018,-0.059948,1
0.652753,-0.323917,1
-0.069522,0.126658,1
-3.866227,-0.762881,1
0.312544,-0.121093,1
0.265579,-1.033592,1
-1.940043,-0.930367,1
-0.961218,-1.086258,1
-1.224687,-0.254236,1
-0.724784,-1.950933,1
-1.504239,-0.493728,1
-1.020818,-0.686486,1
0.607268,-0.476135,1
-1.637146,-0.153097,1
-2.232704,-0.314493,1
-1.275155,-0.958937,1
-1.346793,-1.067195,1
-1.147528,-2.883930,1
-2.293674,-1.502211,1
-0.399493,-1.403999,1
-1.045547,-1.684777,1
-0.098106,-0.100755,1
-0.982017,-0.669124,1
-0.148431,-1.809296,1
-1.897662,-0.905906,1
-1.998939,-1.595633,1
-2.421546,-0.093544,1
1.166920,-0.621313,1
-0.722551,-1.516273,1
-0.778632,-1.771672,1
-0.318466,-2.056796,1
-2.905380,-1.824761,1
-0.273269,-1.868214,1
-0.991300,-0.161420,1
2.228612,0.286596,1
-1.985134,-0.169629,1
1.037044,0.384017,1
-0.958160,-1.710119,1
-1.667551,-0.915969,1
-2.285072,-0.445912,1
-1.259781,-1.903210,1
-1.966441,0.647495,1
-0.763602,-1.924597,1
-2.491959,-1.054811,1
-1.958158,-0.784103,1
-0.587595,-1.234622,1
-0.662743,-0.813698,1
-1.692467,-1.473074,1
0.272725,-2.455048,1
-0.901294,-0.550836,1
-2.174746,-2.407162,1
-1.846602,-1.385645,1
0.010977,-1.446126,1
1.261882,-0.594253,1
-1.687546,-0.225061,1
-2.802174,-1.106598,1
-2.165416,-0.721560,1
-1.961555,0.778960,1
-2.701927,-1.070075,1
0.343789,0.203812,1
0.788158,-1.397679,1
-2.498998,-1.111634,1
-0.222826,-2.584386,1
-1.798919,-2.217521,1
-0.392122,-0.034195,1
-1.020908,-3.360286,1
-0.236019,-0.449965,1
0.014335,-1.848392,1
-1.151701,-0.440028,1
-0.910897,-0.376778,1
-0.387884,0.411786,1
-0.806945,-0.118647,1
-0.504013,1.188056,1
0.843366,-1.853456,1
0.194213,1.208075,1
0.108586,-2.042940,1
-1.372861,-2.742171,1
-0.065777,0.094997,1
-2.233747,-1.099908,1
-1.449057,-2.122111,1
-0.827969,-1.352787,1
-0.025136,-1.025210,1
-0.521615,-1.737405,1
-1.816356,-0.179936,1
-1.042846,-3.636363,1
-0.191074,-1.774927,1
-0.026039,0.324367,1
0.438426,-1.541245,1
-1.810063,-1.713092,1
0.323127,-2.726731,1
-1.548759,0.605282,1
-2.126348,-1.691846,1
0.436542,-2.135987,1
-0.698127,-1.168749,1
1.504921,0.327641,1
-1.094020,-0.544538,1
-1.053286,-2.388299,1
-0.744461,-1.635272,1
-0.618752,-2.274730,1
0.045794,-1.983057,1
-1.795480,-1.024956,1
-2.010378,-2.476471,1
-0.401783,-1.011043,1
-0.715116,-1.809285,1
-1.810774,-1.251783,1
0.375749,1.218122,1
0.256824,-2.240691,1
1.024311,0.307507,1
-1.546525,0.770616,1
-0.636058,-0.785101,1
-0.824683,-1.761109,1
-0.619172,-2.815228,1
-1.402266,-1.909027,1
-1.179544,-0.306729,1
-2.805334,-1.245096,1
0.286844,-1.997314,1
0.240504,-1.579514,1
-2.097535,-1.273226,1
-1.669378,-3.101763,1
-1.542089,-0.911457,1
-1.616338,-0.780307,1
-1.865703,-0.739054,1
-0.751144,-2.984648,1
-0.262224,-2.005043,1
0.581606,-1.914341,1
-1.347921,1.622577,1
-0.846996,-1.019458,1
0.108302,-1.057710,1
-0.172982,0.112384,1
0.123317,-0.479434,1
-1.059576,-0.885808,1
-0.534792,-2.839725,1
0.798864,0.192370,1
-0.301207,-1.452958,1
0.171746,-0.023714,1
0.807275,-0.989390,1
0.208892,-2.297066,1
0.122115,-1.780084,1
-1.034332,-1.226592,1
-1.815790,-2.015032,1
-3.121857,-1.391923,1
-1.539128,0.852342,1
0.445263,1.444115,1
-2.783351,-0.511631,1
-1.735363,0.971521,1
-0.370376,-0.830589,1
2.127749,-0.637850,1
-1.980728,-2.899462,1
-1.638301,-0.331220,1
-0.972909,-0.885367,1
-1.772383,-1.968218,1
-0.870207,-1.312935,1
0.162479,-0.165843,1
0.300279,-2.215874,1
-0.894117,0.240026,1
-1.551477,-3.385566,1
-0.500161,0.270232,1
0.992916,0.834537,1
-2.291747,-0.017508,1
0.037716,-0.876450,1
-1.082698,-2.107699,1
-1.166327,0.683054,1
0.083293,-2.486707,1
-2.860976,-1.450605,1
-1.790900,1.952380,1
-0.523117,-2.058226,1
-1.533556,-0.511793,1
-1.158363,-1.264657,1
-0.044493,-0.063898,1
-2.241938,-1.349227,1
-1.414897,-1.856364,1
-0.273419,0.031322,1
-0.497726,-3.836354,1
-0.833500,-2.031067,1
-0.458910,0.742550,1
-0.706429,-1.548568,1
-1.186121,-2.485279,1
-1.882480,-1.910070,1
-1.824520,0.324945,1
-0.215080,-1.420312,1
-0.842463,-1.777040,1
-1.622866,-2.247074,1
-3.914822,-0.799231,1
-1.273033,-1.177017,1
-1.079159,-1.506758,1
-0.980387,-2.998646,1
-3.342853,-0.033541,1
0.663583,-0.097083,1
-0.843871,1.250054,1
0.182952,-0.813826,1
-1.536359,-2.024102,1
-0.571961,-1.484328,1
-0.196744,-1.238556,1
-2.125140,-1.421720,1
-0.588836,-1.818057,1
-0.338951,-1.760365,1
-2.190599,-1.899045,1
-1.252076,-1.042075,1
-2.605724,-1.280431,1
-0.783765,-0.686637,1
-1.744281,-1.477591,1
-1.199324,-2.438776,1
-1.920039,-1.487307,1
-2.715583,-1.537255,1
-1.877908,-0.041230,1
-0.599511,-1.254900,1
0.155519,-1.769436,1
-0.390333,0.064281,1
-0.565646,-1.054465,1
-1.654587,0.522399,1
0.628639,-1.869416,1
-1.958694,-0.006108,1
-1.546883,-1.470896,1
-0.169181,0.152448,1
-2.551665,-1.536060,1
-0.488288,1.482018,1
-2.137006,-2.913020,1
-1.088169,-2.287681,1
-0.415530,-1.683420,1
-1.256337,-1.813641,1
-0.264902,-1.283486,1
-1.583109,-1.544452,1
0.064264,-1.736040,1
-0.444926,-0.222857,1
-1.392415,-1.677356,1
-1.745434,-1.230462,1
-0.577378,0.142715,1
-0.025121,-2.077757,1
-1.628183,-3.983238,1
-0.054705,-3.036767,1
-0.194101,-2.316157,1
0.381152,-0.012336,1
-1.115175,0.310290,1
-1.793008,-1.418213,1
-1.678478,-0.985748,1
-0.393921,-2.315498,1
-1.631005,0.856445,1
-0.392444,-0.344354,1
-1.294930,0.369820,1
-1.731627,-1.843847,1
-1.643055,-0.659796,1
-2.066985,-2.746772,1
-0.424783,-0.740000,1
-2.329126,-1.121202,1
-0.831831,-1.249370,1
-0.778303,-2.750832,1
-1.050952,0.343210,1
-0.882140,-0.737875,1
-0.943151,-0.772677,1
-0.150589,-2.550447,1
0.156102,-0.556729,1
0.045073,-2.687618,1
0.274095,-0.816583,1
0.144960,-0.473359,1
-1.562658,-0.562184,1
0.356857,-2.654002,1
-0.991137,-2.551358,1
-0.327901,-2.169490,1
-0.550834,0.499132,1
-0.644857,-3.106579,1
0.495793,0.211530,1
-2.808131,-0.474473,1
-2.275442,-1.502929,1
-0.010062,-1.592901,1
-1.992826,-2.125443,1
-2.095638,0.265483,1
-0.661718,-0.719052,1
0.006351,0.007189,1
-1.605877,-1.726633,1
-0.007572,-2.367483,1
-0.028021,-0.422804,1
-0.109103,0.366793,1
-0.927149,0.123723,1
-0.304850,1.496921,1
0.064164,-2.414740,1
-2.155727,-0.980168,1
-2.421900,-2.302443,1
-1.088189,-1.113714,1
-2.046051,-1.096013,1
-2.744167,-0.833418,1
0.129186,-1.503098,1
-1.748845,-1.883320,1
0.266514,-0.993687,1
0.806243,-1.287246,1
-0.904989,-0.361432,1
0.061712,-0.298622,1
-1.111805,-2.407594,1
0.093682,-0.709518,1
-1.013088,-2.962665,1
-0.226346,-1.581666,1
-2.573131,-1.159394,1
-3.498796,-2.262031,1
-0.630403,-0.619263,1
-3.092567,-1.092264,1
-0.282859,-1.870749,1
-1.060063,-1.894666,1
-1.487957,-0.566347,1
-1.441399,-1.821333,1
-0.968089,0.797287,1
-0.505155,1.097816,1
-0.997936,-1.534059,1
-0.066207,-1.712430,1
-0.426141,-0.004827,1
-2.419487,-0.170176,1
0.253976,-0.642507,1
-1.972167,-1.443381,1
-1.861883,0.342072,1
-0.073411,-1.888511,1
-0.436931,-1.067397,1
-0.737200,-1.969456,1
-0.202092,-1.517491,1
0.186407,-0.524716,1
-0.627147,-0.130690,1
-2.347048,-0.601006,1
-2.372081,-0.299275,1
-1.152069,-0.366557,1
-0.013783,-3.198162,1
-1.693643,-0.336630,1
-0.692986,-1.089663,1
-1.974091,-1.774087,1
-1.154559,-1.102643,1
-1.604057,-1.003441,1
-1.296056,-0.854778,1
-2.465173,0.964058,1
-0.675718,-2.288705,1
-1.350822,-2.448070,1
-1.504871,-0.852466,1
0.151376,-0.188743,1
-1.518030,-1.282475,1
-2.429127,-0.010137,1
-0.138961,-3.285175,1
-0.299538,-1.214620,1
-1.122239,0.762955,1
-2.390548,-0.699708,1
-2.328009,-2.841229,1
-1.857544,1.014305,1
-0.772389,-2.985985,1
-0.802386,-1.750756,1
0.074489,-1.836334,1
-2.253551,-0.879664,1
-1.819385,-1.880820,1
-2.365997,-3.519874,1
-2.274115,-1.202274,1
-1.192857,-1.332437,1
-1.457925,-2.745486,1
-2.622320,-2.643499,1
-1.115997,-3.525417,1
-2.194990,-0.973238,1
-2.677730,-1.882196,1
-1.928078,-2.850934,1
-1.054787,-0.972848,1
-0.982303,-0.968110,1
-1.789496,-0.921714,1
0.087216,-0.431746,1
-3.147716,-3.400770,1
-0.882817,-0.608520,1
0.252258,-1.665134,1
-1.134292,-2.565077,1
-0.329234,-1.445618,1
0.496306,-0.059008,1
0.179812,1.715733,1
-0.005337,-0.610520,1
-1.669087,-1.442922,1
-2.162124,-0.873889,1
-1.139437,-2.542796,1
-1.548260,-1.368034,1
-0.109497,-0.848903,1
0.171788,-0.260127,1
-2.760747,-1.797577,1
-2.452956,-0.092664,1
-1.764642,-1.993252,1
-1.836315,-0.750760,1
-1.952621,-2.458320,1
-1.530409,-0.899893,1
1.352694,-0.289405,1
-0.546120,-0.508953,1
0.391162,-0.338387,1
-1.248094,-0.143782,1
-0.375183,-0.737428,1
-0.296659,-1.546288,1
-1.223788,-1.333126,1
-1.918394,-1.165669,1
-0.559685,-2.096820,1
-0.932592,-0.244161,1
-0.447876,0.510252,1
-0.194216,-0.892680,1
-1.050115,-1.836044,1
-0.130275,0.307932,1
-0.131410,-1.023309,1
1.165654,-1.752336,1
-0.715762,-1.418331,1
0.451427,-1.854692,1
-0.601779,-2.236006,1
-1.650984,0.258015,1
-0.110814,-2.218184,1
-1.346839,-3.383063,1
-0.872042,-3.082661,1
-0.717305,0.103366,1
-0.491383,-1.250264,1
-2.168134,-1.534926,1
-0.858284,-1.315005,1
-1.133754,-0.029488,1
0.306148,-1.731144,1
-2.744529,-0.363792,1
-0.762253,-1.253150,1
0.563606,-1.774872,1
-0.674629,-0.182570,1
-0.761571,-1.476223,1
-2.132948,-1.317311,1
-4.327911,-0.342909,1
-2.531116,-0.340408,1
-0.659326,-0.086070,1
-1.229033,0.724724,1
-1.678727,-0.749496,1
-0.670751,-3.688229,1
-2.690704,0.051792,1
-2.402902,1.147105,1
-1.984500,-0.947015,1
0.299757,-0.138608,1
0.616281,0.333081,1
-0.769270,-1.695057,1
-1.635761,-1.843671,1
-2.571894,-1.485569,1
-0.851740,-0.352762,1
-2.208092,-1.527490,1
-3.055700,-2.462675,1
-0.749313,0.010301,1
-2.177406,-2.314729,1
-0.322778,-0.019892,1
-0.610351,-1.623949,1
-2.684391,-0.997161,1
-0.533994,-0.077114,1
-1.003605,-0.062531,1
-0.372262,0.957197,1
-1.319256,-1.339700,1
-2.527916,-2.721790,1
-2.392724,0.213162,1
-0.841673,-2.157388,1
-2.559408,-0.256910,1
-3.246325,-0.757967,1
-0.423960,1.389364,1
-1.520559,0.276432,1
-1.110335,-0.357545,1
-1.967732,-0.328339,1
1.108362,-0.341576,1
-1.164436,-2.450041,1
-0.263019,-1.208287,1
-1.967717,-0.363956,1
0.683195,0.071382,1
-0.810850,-0.243405,1
-0.364818,-0.472943,1
-0.362965,-0.136023,1
-0.384919,-0.863838,1
-1.887284,-1.685861,1
-0.549826,-1.551438,1
-0.669722,0.012630,1
-0.190304,-0.268133,1
0.499564,-0.563849,1
-1.096619,0.577173,1
-0.552059,1.350997,1
-1.537371,-0.503427,1
0.267172,-1.235783,1
-0.237371,-0.994680,1
-0.686229,-0.359777,1
-0.259741,-0.512159,1
-1.185179,-1.002542,1
-3.804023,-0.097176,1
-1.868819,-1.200080,1
-0.218608,-2.829886,1
