0.980072,0.398598,0
0.709282,0.056610,0
0.140397,0.103447,0
1.042703,-0.336497,0
0.958175,0.847207,0
-0.095955,-0.209752,0
-0.262287,3.154815,0
0.704843,-0.660486,0
0.862446,1.098691,0
2.485518,0.078629,0
3.140662,-1.338563,0
0.289531,2.297455,0
0.655611,0.327398,0
1.290757,-0.561170,0
1.940200,2.289265,0
1.409365,0.264494,0
0.897128,2.405584,0
0.834970,1.650395,0
1.723514,0.715088,0
1.533636,0.184212,0
2.255548,1.532784,0
1.529592,1.866484,0
1.238404,1.231543,0
1.317176,2.438525,0
3.761256,0.599133,0
0.839378,1.900044,0
-1.518294,0.350074,0
-1.498780,0.358207,0
2.265357,0.166403,0
2.407304,1.425570,0
0.468573,0.198683,0
2.783453,3.313552,0
2.208140,1.770936,0
0.650676,1.664991,0
2.324891,1.889822,0
2.919240,1.360237,0
-0.095862,-0.383809,0
0.798240,1.120718,0
-1.273125,2.100475,0
0.707415,1.755103,0
3.985394,1.055953,0
0.802545,1.054032,0
-1.416776,0.624242,0
0.057760,0.427837,0
2.247705,2.683055,0
-0.413762,2.328343,0
1.214095,1.068219,0
1.326865,1.143820,0
-0.269013,1.345580,0
-0.256935,0.555842,0
0.171911,0.834022,0
0.943395,1.119003,0
2.036953,1.354358,0
1.834563,1.475508,0
-0.327557,0.207650,0
0.728970,1.874040,0
0.231988,1.905190,0
0.745532,0.737513,0
1.360346,1.436125,0
-0.376086,1.993269,0
2.004691,2.259145,0
0.459964,0.510355,0
0.813431,2.137344,0
0.670817,2.836719,0
-0.659764,0.571589,0
-0.285617,2.068443,0
0.977732,2.982405,0
1.565381,2.277802,0
1.558982,-0.280746,0
0.675097,1.594717,0
1.993382,1.543667,0
-0.527778,-0.284692,0
-0.411249,-0.821870,0
-0.089628,0.729962,0
0.085804,-0.806657,0
-0.553935,1.322979,0
0.372309,-0.134698,0
-0.495898,0.175421,0
1.801548,1.098722,0
-0.190925,1.967296,0
2.033125,1.058162,0
1.498388,0.937854,0
1.514332,-0.396450,0
2.602705,-0.109347,0
1.016987,0.279854,0
0.896689,0.623938,0
0.705120,1.656485,0
1.345445,-0.039900,0
1.855340,0.235424,0
1.265981,0.695419,0
0.021907,0.830308,0
2.757606,1.261269,0
0.731506,0.115950,0
2.141269,1.418915,0
0.689128,0.516496,0
-0.033596,-1.210560,0
1.713548,-0.294008,0
0.715115,1.048220,0
2.841087,-0.201337,0
1.113516,0.974349,0
2.948101,1.277829,0
-0.013066,-0.219094,0
-0.953875,1.946977,0
-0.025797,1.479540,0
-1.335751,-0.692564,0
-0.641223,0.281853,0
1.153196,1.180629,0
1.058840,1.026932,0
1.978381,-1.098073,0
1.033861,-2.717623,0
-1.304007,0.084844,0
2.018564,1.973197,0
1.678293,1.049293,0
-0.746127,1.144253,0
0.534763,-0.087306,0
1.249857,0.825214,0
0.929244,2.029830,0
0.325016,0.647112,0
0.277514,0.720640,0
3.497209,2.547049,0
0.954976,0.735797,0
1.283398,2.056250,0
0.240055,-0.360961,0
1.935046,2.699064,0
-0.110927,2.115675,0
1.530801,0.709411,0
1.819588,0.903003,0
0.397442,-0.564014,0
1.858255,0.602919,0
1.182467,1.194931,0
1.143752,2.458035,0
2.419793,1.421321,0
1.434186,1.150126,0
1.958687,2.231318,0
1.569434,-0.021192,0
1.550969,0.644909,0
0.952122,2.176482,0
1.490270,1.904509,0
2.664436,-0.091707,0
1.389416,1.584718,0
1.176167,0.995299,0
3.199465,1.949053,0
0.125866,-0.524360,0
-0.221165,1.402449,0
0.888067,1.086514,0
1.346531,1.946015,0
2.979707,2.254412,0
1.638009,-0.945025,0
0.813818,-0.020970,0
1.149786,2.306394,0
2.936813,1.317865,0
0.853621,2.066004,0
2.779411,2.437772,0
2.128056,0.851331,0
2.353557,-0.262732,0
2.243906,0.510392,0
0.524419,1.782828,0
1.247754,-0.163181,0
1.395869,1.808482,0
0.710162,1.921289,0
-0.263982,0.586596,0
1.303505,1.919645,0
1.102376,2.082162,0
0.651648,2.749469,0
0.470706,1.086329,0
1.463145,1.135477,0
1.432920,2.747692,0
-0.672735,1.902811,0
2.066496,0.750244,0
0.599162,2.731683,0
1.918831,1.257409,0
3.030697,3.126417,0
0.685175,0.670031,0
2.019418,3.173445,0
1.486296,2.161064,0
2.206666,1.676374,0
2.773142,2.493524,0
-0.392537,1.260440,0
0.356277,0.956768,0
-0.538511,0.320687,0
0.883990,1.286733,0
-0.443911,2.404228,0
1.343329,0.613274,0
2.741049,0.279613,0
1.615781,3.054675,0
0.562814,2.381906,0
0.108381,0.705714,0
2.859627,1.322953,0
1.028965,0.239311,0
0.696497,-1.597279,0
1.455129,1.611763,0
1.072992,-0.751417,0
1.394620,1.187146,0
3.067729,2.289653,0
0.235981,1.845670,0
1.732067,0.426899,0
2.634900,2.344779,0
1.579188,1.153367,0
1.317397,1.761453,0
0.336922,2.044570,0
1.548181,1.502999,0
1.842527,2.101576,0
-0.471783,2.258455,0
1.163579,0.198760,0
-0.064775,3.394215,0
0.289372,2.167696,0
2.877433,0.143996,0
1.197600,1.394080,0
2.148268,0.113342,0
2.487714,0.694145,0
-0.176685,0.413157,0
0.864401,0.993661,0
0.718388,0.487539,0
0.434000,0.572801,0
0.425395,1.520686,0
-1.177353,0.208832,0
1.718259,0.947023,0
0.925994,1.583398,0
2.336733,0.810977,0
0.980926,2.000040,0
0.601466,0.317623,0
3.530474,1.009168,0
0.489345,0.348384,0
0.824726,0.139954,0
-0.096298,0.855430,0
0.081846,-1.124064,0
-0.347356,1.392951,0
-0.086338,1.100173,0
-0.070605,2.756206,0
-0.471123,1.917398,0
1.922824,1.033849,0
1.653402,1.991981,0
1.158834,1.065218,0
1.586061,0.449694,0
3.193197,1.737440,0
-0.638620,0.350880,0
1.113520,1.487890,0
1.884482,2.100666,0
1.743893,2.042995,0
2.408278,1.085671,0
-0.797122,-0.464739,0
-0.474070,0.943219,0
1.069181,1.671737,0
0.517360,1.220767,0
2.570908,-0.583654,0
0.749656,1.026060,0
2.673585,1.797744,0
0.647502,0.057251,0
1.632335,1.717957,0
1.133259,0.641748,0
3.370793,1.784389,0
0.128473,0.792090,0
0.858201,1.470444,0
0.869150,-0.893894,0
1.504978,0.447948,0
2.033313,0.607821,0
-0.069363,1.429067,0
-1.781646,1.287885,0
1.128721,0.543678,0
-1.339260,-1.057742,0
-0.493498,-0.581882,0
0.222874,2.221966,0
1.949137,1.208662,0
2.576546,1.062647,0
0.974511,1.890373,0
-0.117476,0.741206,0
2.520196,1.772766,0
1.869695,2.681388,0
2.585207,-0.117261,0
-0.077407,1.982441,0
2.598901,0.959302,0
1.236168,0.431232,0
-0.579825,-0.064390,0
0.230447,0.475801,0
0.751757,2.154153,0
3.041432,0.683371,0
0.368360,1.852806,0
0.532091,3.196354,0
1.688209,1.449379,0
0.909296,2.087155,0
-0.088898,1.856465,0
1.836256,0.380666,0
1.963675,1.271951,0
0.399859,0.403734,0
3.286450,0.283345,0
0.642425,-0.799072,0
2.170895,-0.148932,0
0.521358,1.375824,0
2.432810,0.736934,0
1.365215,0.459462,0
0.310500,-0.630944,0
0.132168,0.489605,0
1.891498,0.696856,0
0.826028,-1.657734,0
1.406466,-0.043354,0
1.368906,0.634426,0
1.524540,-0.792706,0
0.371850,1.373063,0
-0.655187,-0.653879,0
2.272443,0.534142,0
2.334376,3.158347,0
0.302587,0.795820,0
0.542570,0.806008,0
1.137764,2.896186,0
0.842690,-0.138348,0
0.531738,-0.594385,0
3.618709,0.247036,0
1.384517,0.015101,0
2.170210,1.173521,0
1.748205,0.959074,0
-1.048274,1.090532,0
0.150353,0.600485,0
0.450382,0.700449,0
0.283065,0.101627,0
0.924660,0.200049,0
0.967772,0.794003,0
1.872405,1.763462,0
-0.212768,1.950952,0
3.298750,1.790566,0
2.575080,1.733216,0
2.451189,2.398800,0
0.709112,1.203031,0
0.702639,0.916595,0
1.022717,0.652369,0
2.452028,-0.818745,0
0.906032,-0.396559,0
2.250724,-0.483074,0
-0.545287,0.784409,0
0.524076,1.154840,0
0.424366,-0.246268,0
1.011471,1.378924,0
2.682152,1.196683,0
-1.473367,1.781765,0
0.236787,2.965998,0
0.117844,-2.029304,0
0.675154,1.000195,0
1.183632,1.337112,0
0.901824,0.782856,0
2.638018,1.327324,0
-0.006397,1.143168,0
-0.111360,3.081162,0
2.849741,-0.241433,0
1.704190,1.351096,0
0.287313,3.430051,0
0.386621,0.663529,0
0.455100,0.624387,0
0.144091,0.484576,0
1.527191,1.043126,0
0.673179,0.081079,0
0.877745,-0.322771,0
2.383189,-0.101126,0
-0.934634,2.101708,0
2.686870,1.545913,0
2.301842,1.084449,0
2.516386,-0.310659,0
1.153924,1.667836,0
1.661091,3.163256,0
2.728936,0.329596,0
0.640294,0.144309,0
0.187113,0.353604,0
0.657323,2.139299,0
1.116598,0.765800,0
1.185816,0.580968,0
0.828922,-0.809078,0
0.312189,2.134329,0
2.925143,2.013691,0
1.063558,0.915782,0
2.272955,2.372375,0
2.455897,0.006916,0
0.601915,1.958529,0
1.168233,1.817588,0
1.016661,-0.047486,0
0.467187,0.473764,0
1.552802,0.172680,0
1.173844,2.955113,0
2.438582,2.349855,0
1.146256,2.464760,0
1.831495,-0.074234,0
0.371701,0.581086,0
-0.818138,0.755544,0
0.747478,2.212098,0
-0.477507,2.466296,0
0.835496,-0.121296,0
2.402904,2.402174,0
1.074492,0.917260,0
0.776453,2.165476,0
0.192050,-0.455634,0
0.257206,2.513000,0
-0.360255,0.237062,0
-0.056805,0.210161,0
0.511419,2.390005,0
1.348889,0.344575,0
0.326283,2.994101,0
0.457382,1.329271,0
1.815331,1.367573,0
-0.260415,0.700097,0
0.431643,1.463875,0
0.324711,2.618814,0
1.493917,1.586516,0
-2.892494,0.608150,0
3.429541,0.713590,0
2.186433,0.277446,0
1.435508,0.333822,0
0.447316,-0.306347,0
1.750777,-0.010163,0
3.364385,0.749986,0
-0.038139,0.793941,0
-0.076605,0.314716,0
0.940270,2.230040,0
0.103643,0.778058,0
0.744767,2.202925,0
3.179696,0.604774,0
1.212624,1.874588,0
2.106997,1.160709,0
1.104035,1.075483,0
2.106991,2.940941,0
1.831630,1.279056,0
1.097768,1.582283,0
1.536457,0.411483,0
0.132315,0.368685,0
1.430808,0.532254,0
0.631700,1.251383,0
0.166948,-0.334826,0
1.018548,3.219548,0
-0.447086,3.705549,0
1.600210,0.312097,0
-0.532999,1.082568,0
0.784111,1.908185,0
1.955966,-1.021693,0
1.660161,1.280882,0
0.608793,0.628043,0
0.309933,-0.044446,0
1.643469,0.858778,0
1.447653,0.647585,0
-0.643080,0.967082,0
0.210352,2.861897,0
1.483236,-0.665761,0
0.205106,1.811729,0
2.094544,1.101831,0
2.290788,0.338719,0
1.709549,-0.263762,0
1.637823,0.730493,0
-0.590695,2.564709,0
1.023678,0.080505,0
1.341938,0.355167,0
-0.704192,0.158561,0
1.368823,1.341115,0
1.321465,0.628475,0
-0.056939,-0.203198,0
0.861806,1.911355,0
1.378396,1.376059,0
2.254278,1.197507,0
0.034917,-0.689304,0
0.744345,0.679056,0
-0.581134,1.362944,0
2.620745,-0.118367,0
2.180098,1.195511,0
2.091352,0.790064,0
0.789711,1.242349,0
0.256412,1.969228,0
1.679484,2.146344,0
1.760631,-0.379617,0
0.059799,-0.941339,0
1.107522,1.574065,0
1.182220,1.350519,0
1.349020,1.853818,0
0.534006,-1.041987,0
-0.334499,0.266856,0
0.259670,1.263571,0
1.632113,1.418138,0
2.082815,0.719203,0
0.385250,1.007638,0
2.986290,-1.378492,0
1.883954,0.375910,0
0.222523,0.194172,0
0.707212,0.879024,0
1.572592,0.586556,0
1.578673,0.983278,0
0.400085,-0.298875,0
2.870160,2.795465,0
1.728601,2.643757,0
2.344717,0.966570,0
0.079343,0.710261,0
-1.021877,0.312118,0
0.059880,1.577094,0
0.391405,1.185766,0
0.001061,2.918948,0
2.359574,0.866991,0
0.902308,0.037270,0
1.515889,1.243247,0
-0.499480,1.667122,0
1.408201,2.612747,0
0.575991,1.014273,0
-0.807122,0.384007,0
0.603714,1.197880,0
1.651713,1.147488,0
-0.145353,1.099257,0
1.152391,1.355629,0
2.705780,0.801972,0
0.771848,1.435050,0
-0.191905,-0.937399,0
1.331697,-0.056381,0
2.371793,0.330212,0
0.747762,-0.397535,0
0.301874,1.307538,0
1.008216,2.408161,0
1.661808,-1.269462,0
-0.625014,2.220598,0
1.218290,1.205441,0
1.161979,-0.291037,0
1.906128,0.978193,0
1.469850,0.011192,0
0.568105,1.316189,0
1.123075,0.245905,0
1.164829,1.033560,0
3.059902,2.585116,0
0.373733,-0.699849,0
-0.643855,0.297839,0
1.949852,1.377507,0
1.387806,0.094379,0
1.463948,-0.243762,0
0.819808,0.441313,0
1.315065,-0.694909,0
0.932066,0.667143,0
-1.156555,1.625205,0
1.994527,1.051266,0
1.593645,-1.352037,0
0.523950,-0.076607,0
-0.248307,2.315614,0
1.894002,2.291269,0
0.543080,2.648989,0
4.129160,1.624835,0
1.820455,1.257422,0
0.322257,2.547533,0
-1.528729,-0.783826,0
1.044395,3.059892,0
3.098042,0.963886,0
2.280835,2.034820,0
2.576875,2.332107,0
1.357878,0.830032,0
0.082080,0.030684,0
1.168306,0.390404,0
2.211439,3.206705,0
1.397095,0.732421,0
3.852091,2.097302,0
1.388813,0.171383,0
0.733255,2.769568,0
1.634945,1.865875,0
-0.282310,0.584080,0
1.694027,1.051879,0
0.559310,1.122964,0
-0.256427,1.764518,0
0.437570,1.687653,0
0.526776,-0.488468,0
-1.126136,0.767658,0
0.332069,1.119828,0
-1.532419,2.219760,0
2.233936,0.765760,0
1.842690,1.753528,0
0.988340,2.449628,0
1.126706,2.381298,0
0.998269,0.624284,0
1.573878,0.220579,0
1.208508,1.506633,0
0.106532,0.203838,0
1.781084,0.499825,0
0.671477,0.613813,0
0.308825,1.507599,0
1.081613,0.474895,0
1.739845,2.047006,0
1.377197,0.195219,0
-0.011621,0.788158,0
-0.226938,0.981012,0
-1.395506,2.502142,0
2.199025,2.058101,0
0.190553,2.122693,0
0.251264,1.269144,0
1.135732,1.843920,0
1.804015,0.604822,0
1.241098,0.693786,0
1.652150,1.137891,0
-0.434602,2.988885,0
1.331017,0.774839,0
0.779160,2.854079,0
-0.116854,1.558904,0
1.712963,1.228803,0
1.331938,1.020346,0
-1.703972,1.608102,0
0.000672,2.324443,0
2.192970,0.379970,0
2.806345,0.492713,0
0.351233,-0.456148,0
0.553342,1.934613,0
1.270429,2.459423,0
0.928472,0.472840,0
-0.284960,1.239420,0
1.736411,1.681715,0
2.854676,1.338916,0
0.965526,0.729056,0
1.755782,1.396142,0
1.933204,2.159583,0
0.952702,1.249739,0
1.422108,2.235832,0
1.340383,-1.289058,0
1.150254,-0.295333,0
0.448744,1.061034,0
2.252948,1.822454,0
-1.127053,2.701702,0
0.492424,1.492049,0
0.684669,0.558990,0
2.696366,1.846263,0
1.276610,2.081769,0
1.519421,-0.362571,0
1.316627,0.556999,0
0.865446,2.900676,0
2.881009,0.988230,0
1.380643,0.950769,0
3.205565,0.652753,0
0.295281,1.606398,0
1.006789,-0.495604,0
3.258318,0.216002,0
0.430673,2.037710,0
1.798799,1.118555,0
1.889884,1.832283,0
-0.022285,1.180155,0
0.401499,2.168344,0
3.105012,1.507317,0
-0.732548,0.551449,0
1.158709,0.053423,0
1.194522,1.118992,0
0.813169,1.276584,0
3.402334,1.730060,0
0.595041,1.297273,0
-0.879919,0.387014,0
1.902381,1.807744,0
0.411665,0.576832,0
-0.674076,2.144239,0
0.916288,0.621279,0
2.161350,0.488223,0
1.894827,2.185552,0
1.638337,1.621599,0
1.049508,1.220568,0
0.931122,1.286203,0
-0.869698,0.860634,0
2.679775,-0.051594,0
0.416118,1.065640,0
0.446333,1.247128,0
1.317896,-0.386485,0
-2.218099,1.867978,0
0.396743,0.962813,0
2.342305,1.404631,0
0.674080,0.953748,0
1.689114,0.409610,0
1.093614,0.010961,0
0.333646,-0.307531,0
0.189730,0.595013,0
0.080994,-0.577001,0
1.652052,0.965143,0
2.713814,2.142331,0
1.412620,1.206403,0
0.062321,1.349447,0
3.097615,1.311466,0
3.602579,-0.271901,0
1.336202,1.624037,0
1.698345,1.786738,0
2.465098,1.571768,0
1.326980,2.667797,0
0.769256,0.670421,0
1.675600,1.863457,0
0.925697,0.552721,0
0.871799,1.764843,0
1.651214,1.778095,0
1.370381,2.343429,0
0.013453,1.540622,0
2.166877,0.884403,0
1.989741,0.798452,0
-1.052754,0.069112,0
1.920782,0.763046,0
2.449555,1.832824,0
1.865405,2.184612,0
0.622792,0.888850,0
1.662704,-0.147974,0
0.181180,2.925824,0
0.414870,0.678942,0
0.690631,0.384667,0
-0.300704,2.240352,0
1.334031,2.466582,0
1.582438,1.294771,0
2.837951,1.413928,0
-0.445961,0.566591,0
1.054729,2.351735,0
1.719859,0.221082,0
0.932496,-1.031996,0
1.529494,0.772340,0
-0.502272,2.569311,0
1.695235,2.835395,0
0.517540,3.032554,0
-0.325696,1.104577,0
1.155000,2.520468,0
2.610966,2.162996,0
0.855617,1.961277,0
-1.239185,0.383005,0
2.997334,1.316841,0
1.086929,1.069151,0
2.429731,1.432993,0
0.872250,0.831608,0
2.533225,-0.550552,0
1.756028,1.813386,0
1.161694,0.941184,0
0.360198,0.226971,0
1.065290,0.349760,0
-0.829768,2.850503,0
1.344966,1.848942,0
1.110898,3.554110,0
0.652663,3.199920,0
2.495658,0.605507,0
2.506908,0.986925,0
1.191926,1.703810,0
-0.605969,0.636234,0
1.345408,1.121183,0
1.879206,1.701017,0
1.121246,0.204209,0
0.954622,0.991142,0
-0.691523,2.991721,0
-0.006345,1.093075,0
0.877413,1.197130,0
3.106105,1.103832,0
0.852314,3.188835,0
2.225637,1.437823,0
1.067070,2.179592,0
1.683191,0.315516,0
-0.114350,-1.619515,0
0.437674,-0.051427,0
0.434526,2.629965,0
-0.896531,0.294132,0
-0.829057,2.705483,0
0.266211,0.170170,0
2.762165,2.019747,0
-0.131678,0.968975,0
-0.618546,1.888509,0
1.740070,-0.100340,0
1.219411,1.044835,0
2.214251,0.874617,0
0.425985,1.599423,0
-0.114665,1.456754,0
-1.568836,1.258313,0
1.518414,2.787753,0
3.144011,0.972642,0
1.690774,-0.079879,0
2.306030,0.482675,0
1.240086,0.663614,0
0.897870,2.474207,0
2.014630,0.928588,0
0.148570,0.814304,0
2.207453,1.071972,0
0.201308,2.614597,0
1.984989,1.551285,0
1.016029,1.275839,0
1.608256,-0.015536,0
2.239588,-0.061514,0
0.756501,1.534349,0
0.239316,-0.621758,0
0.860493,1.059940,0
0.466196,0.495465,0
2.450090,0.848052,0
-0.323625,-0.337240,0
1.983228,0.791040,0
0.814892,-1.456166,0
1.193385,2.415803,0
-0.043904,0.871928,0
-0.057325,1.766369,0
0.406640,-1.102548,0
2.927785,1.883339,0
1.993445,1.555932,0
1.051386,1.856662,0
0.894594,0.203414,0
2.097044,1.339198,0
0.259620,1.622296,0
1.259187,-1.123886,0
-1.836868,2.018187,0
1.021335,0.940426,0
0.623210,0.725959,0
1.798911,1.713202,0
1.773786,3.248551,0
1.590252,3.465009,0
0.989723,0.039412,0
-0.575504,1.725539,0
1.182368,-0.399289,0
-1.241691,0.425231,0
-1.148731,-0.000787,0
0.160143,1.342524,0
1.263218,0.039777,0
0.942478,0.488209,0
1.057956,0.411291,0
1.217606,-1.071852,0
1.623295,0.645520,0
0.361634,0.326482,0
0.731974,0.770460,0
1.938374,1.582819,0
-0.612843,0.683074,0
0.145596,0.909912,0
-0.020909,1.133033,0
1.430330,0.091740,0
2.792867,1.267772,0
2.178837,0.608619,0
2.036754,0.367548,0
1.891388,1.692379,0
2.523846,-0.170305,0
-0.101876,0.021576,0
1.063439,0.236695,0
0.488369,-0.536742,0
1.350505,0.671370,0
1.526737,0.624154,0
1.341794,1.240255,0
-0.052473,-0.289962,0
1.777436,1.396137,0
1.703094,1.199687,0
3.593740,1.316663,0
-0.578640,-0.210819,0
0.653260,1.349229,0
2.698246,1.190685,0
0.569583,1.122746,0
2.686985,1.730754,0
1.253779,0.872971,0
0.218902,3.982557,0
0.557402,1.672971,0
-0.175123,0.876158,0
-0.217908,-0.021541,0
0.885251,0.491575,0
0.317060,0.531299,0
1.950095,2.077772,0
0.386441,3.891078,0
0.651060,2.031925,0
-0.124342,0.387561,0
0.531931,0.976622,0
1.201641,-2.118192,0
1.648967,0.615198,0
1.833762,2.049764,0
0.596708,-0.679788,0
0.993725,0.871413,0
3.571172,0.643153,0
-0.234071,0.775386,0
-1.253663,0.987916,0
1.596572,-1.310958,0
0.480826,2.578519,0
2.061525,-0.128663,0
1.503545,1.583888,0
0.297330,1.363437,0
0.299894,1.817264,0
0.901877,1.285967,0
0.409338,1.593024,0
-0.306566,1.023005,0
2.860220,1.801216,0
-0.218299,0.979092,0
0.538054,-1.022866,0
2.770768,0.921490,0
0.261020,1.635938,0
1.676170,-0.289689,0
1.579592,0.517619,0
0.752830,1.318057,0
1.236271,0.943311,0
0.664860,0.521685,0
1.605328,0.573577,0
-0.477098,2.072986,0
1.132061,1.581050,0
0.343202,2.213925,0
1.342968,0.077890,0
0.668643,2.544474,0
1.629735,-0.137419,0
-1.021796,2.241539,0
1.429947,1.610321,0
-0.506233,0.875948,0
1.102670,2.066030,0
2.216156,2.392039,0
0.283536,1.126955,0
1.417478,0.909099,0
-0.928888,0.192827,0
0.520278,1.915544,0
-0.370235,2.583689,0
0.998388,2.931037,0
0.817964,1.264704,0
2.474356,-0.449794,0
1.219493,1.223485,0
1.660967,0.879294,0
2.293145,0.728224,0
2.343100,1.637290,0
0.961141,1.161943,0
-0.368504,0.867898,0
1.126162,0.712622,0
-0.590747,0.922211,0
0.559304,0.750238,0
0.602483,1.621187,0
-0.127975,0.096373,0
-0.163351,1.455299,0
2.142829,-0.666705,0
0.236513,0.012362,0
1.187457,0.213538,0
0.851356,2.751788,0
1.361783,0.009799,0
0.770387,0.413305,0
1.815306,-1.147240,0
0.262473,1.364675,0
0.337483,3.218428,0
3.126882,0.338570,0
1.837802,1.706203,0
-0.820553,0.597070,0
-0.542772,2.793756,0
-0.556077,1.545300,0
0.926467,1.132115,0
1.465725,1.198014,0
-0.920651,0.094676,0
1.758461,0.017752,0
1.557059,1.240404,0
2.403638,-0.047610,0
3.371405,-1.802810,0
0.396851,-0.308359,0
1.464737,2.021719,0
0.816411,1.428980,0
-1.174193,1.803139,0
2.012983,0.212723,0
1.206087,1.705452,0
1.271859,1.300104,0
1.156869,2.125280,0
1.492686,0.605274,0
0.019660,0.072499,0
1.615006,1.167224,0
0.773324,1.424652,0
1.389785,2.008857,0
0.214229,1.221678,0
2.196143,0.615414,0
2.560462,1.010608,0
0.758860,0.798594,0
1.111964,1.917470,0
0.632232,0.069634,0
1.637363,3.049347,0
0.751897,-0.008869,0
1.686485,0.500140,0
2.355562,0.609119,0
0.843434,0.846323,0
1.338202,1.219797,0
1.169033,0.839832,0
0.271580,-0.680022,0
0.862710,4.650635,0
0.154892,0.928131,0
-0.548566,0.217339,0
2.621580,0.869215,0
1.254321,1.030551,0
0.036936,0.903416,0
0.866783,1.979638,0
-1.013122,-0.754217,0
2.352831,2.713668,0
0.644449,1.817946,0
-0.054363,3.101027,0
2.005686,0.787476,0
2.627767,0.530219,0
-0.642932,0.619034,0
1.475340,0.060064,0
0.420969,0.879978,0
0.508403,2.765132,0
-1.195190,0.042147,0
1.006079,0.136641,0
1.149923,1.486728,0
0.793153,1.625331,0
1.896145,0.869288,0
2.026865,2.502734,0
0.809129,-0.773845,0
0.845448,-0.152431,0
2.835526,-1.743159,0
1.001251,1.303202,0
2.074090,-1.090195,0
0.172098,0.646266,0
1.544280,0.630794,0
0.973979,1.411829,0
-0.393524,0.848198,0
0.642557,0.342535,0
2.121420,1.842695,0
1.401173,-0.230525,0
1.328262,2.078202,0
1.652885,-0.120810,0
3.019181,0.369244,0
0.426098,1.098622,0
2.325112,1.815692,0
-0.540066,1.787797,0
1.756292,1.400167,0
0.067970,-0.700974,0
0.032590,0.249896,0
0.309260,1.497325,0
1.773108,-0.046458,0
1.330017,-0.509671,0
2.139124,0.927009,0
1.245655,3.108808,0
0.823264,-0.004402,0
-0.220563,2.048795,0
2.028418,-0.089910,0
2.303546,0.704171,0
1.797330,-0.127888,0
-0.719453,0.959058,0
1.447021,0.378113,0
0.645953,1.635344,0
1.191342,2.385942,0
2.093948,1.827083,0
0.229728,0.953756,0
1.487368,-0.039682,0
2.948455,0.612245,0
0.991044,0.589360,0
0.625462,2.536765,0
0.193821,1.266437,0
1.593525,-1.294546,0
-0.498718,3.288544,0
0.135762,0.238453,0
-0.605722,0.087291,0
0.186129,0.950018,0
-0.115620,4.186382,0
2.289970,3.712641,0
1.934686,0.335861,0
0.110448,0.749413,0
1.358069,0.815409,0
1.838887,2.051605,0
1.288487,2.263792,0
1.228755,1.674198,0
1.556098,0.859018,0
0.791251,1.098584,0
-1.891250,2.805162,0
1.697163,0.310299,0
-1.035244,2.201413,0
1.986354,0.935820,0
0.654901,1.966919,0
1.020288,2.220470,0
0.903541,-0.573114,0
2.258730,2.037446,0
0.845955,1.038596,0
2.171068,1.954164,0
2.035634,0.136752,0
1.664744,1.683167,0
0.167511,2.668989,0
0.383334,1.494642,0
2.595778,2.408288,0
2.620675,0.721844,0
0.516107,0.559809,0
-1.528660,1.457188,0
0.010746,2.121270,0
0.053117,0.566242,0
0.190917,2.101936,0
0.782239,-0.207033,0
0.996922,1.773901,0
0.606011,-0.265041,0
2.356983,1.249798,0
0.525142,1.055413,0
1.039912,0.928165,0
1.758568,1.657881,0
0.497429,1.512936,0
0.134836,-0.971767,0
0.272563,0.511746,0
1.791042,-0.294761,0
2.336031,2.439709,0
1.275623,0.786136,0
1.912462,0.634130,0
0.009149,0.923609,0
-1.100321,0.281394,0
-0.468704,-0.097925,0
0.203128,0.738966,0
0.792512,2.251135,0
1.175042,-0.525225,0
0.222880,1.362680,0
1.937341,0.580644,0
0.208139,1.375592,0
0.798063,2.320671,0
1.212793,0.527322,0
1.321611,1.327326,0
-0.108613,-0.315063,0
-0.542988,1.265358,0
1.695893,-0.436067,0
0.246443,1.716125,0
1.583797,0.452978,0
2.185803,1.397986,0
1.502561,1.988842,0
0.825983,1.426437,0
1.361271,2.020496,0
2.360130,0.154106,0
4.890527,-0.287715,0
-0.217221,1.687829,0
-0.386165,0.346505,0
0.343835,-0.700986,0
0.008834,2.312001,0
0.215981,0.627285,0
1.898271,2.783652,0
0.243318,-0.221154,0
0.623831,-0.150691,0
0.826129,0.812005,0
2.542189,0.211106,0
0.744035,-0.354904,0
1.584312,0.403681,0
0.578062,1.434267,0
1.517780,0.745174,0
1.141878,0.161942,0
0.362968,0.529154,0
0.752870,1.986527,0
0.830260,1.329690,0
1.038043,-0.476440,0
0.409332,-0.589157,0
0.715666,-0.251971,0
-1.693196,3.489785,0
2.700567,-0.057009,0
-0.015094,0.233567,0
1.898125,1.570102,0
1.864007,2.101503,0
-0.125822,1.508988,0
1.830535,0.922804,0
2.764818,0.636168,0
1.281081,1.974659,0
2.168489,1.689365,0
-0.225271,-0.725338,0
0.410606,0.079068,0
0.460405,0.867841,0
-0.877333,-1.893025,0
1.628741,0.075975,0
1.896629,-0.440044,0
2.366463,1.222548,0
-0.576199,2.252400,0
1.724301,0.895500,0
0.959775,1.904232,0
1.160920,1.241001,0
1.005306,2.125843,0
-0.836411,1.526000,0
0.809004,0.579085,0
2.209375,1.830971,0
1.131103,2.551694,0
-1.520084,-1.042376,0
1.570240,3.584148,0
2.552684,-1.019395,0
0.334975,2.027298,0
-0.366649,-0.094019,0
0.483715,1.535886,0
1.475529,-1.196722,0
-0.679735,2.259951,0
-0.031741,1.237749,0
2.899624,-0.451756,0
1.923692,0.510397,0
0.505369,-1.197880,0
1.783370,-0.061192,0
2.313491,1.278958,0
0.385500,0.833089,0
1.442512,1.434371,0
1.369845,0.730930,0
1.570093,2.056367,0
0.095710,1.424037,0
-0.923872,-0.912032,0
0.778798,0.481962,0
1.662815,-0.187831,0
1.834583,1.402772,0
1.996204,-0.676894,0
0.103495,0.981404,0
1.731065,1.811361,0
0.303504,1.537374,0
2.105093,0.581045,0
1.245040,0.470087,0
0.550230,-0.541783,0
0.958497,0.762010,0
-0.297044,0.442417,0
0.522201,2.238518,0
1.801679,0.658863,0
-0.269528,1.259080,0
2.374678,3.508218,0
0.486941,1.456882,0
3.275072,1.046842,0
0.844929,1.518354,0
-0.428637,0.485566,0
1.589238,3.318830,0
0.622315,1.199696,0
-0.862370,1.485579,0
1.309056,2.209656,0
1.404161,3.172148,0
-0.348660,2.316274,0
-0.755170,0.510252,0
2.268155,0.819112,0
2.095277,1.044296,0
-0.192288,1.665259,0
1.335842,2.050619,0
1.308277,1.096351,0
0.012400,0.286365,0
0.270614,1.521479,0
0.929458,1.431981,0
1.335840,1.892672,0
0.980124,1.392166,0
2.377268,0.404228,0
1.060891,2.191276,0
0.637176,2.866685,0
-0.551021,0.536693,0
-0.152551,0.777642,0
-0.407959,-1.153274,0
0.431417,0.921586,0
2.049459,-0.425042,0
1.180179,-0.227246,0
1.493079,1.271425,0
1.887331,1.441725,0
1.215271,1.301313,0
1.552600,1.438938,0
-0.907223,-0.156053,0
1.317735,0.151102,0
3.572549,-1.209979,0
3.047738,0.794889,0
0.465673,1.005485,0
-1.064961,0.886861,0
0.484298,0.726262,0
1.219934,-0.954393,0
1.337839,0.981720,0
0.812877,1.782913,0
0.755827,3.127518,0
1.281531,1.291572,0
1.542998,0.939232,0
1.912908,1.748127,0
2.208796,-0.128775,0
0.838028,-0.570364,0
0.038048,1.112346,0
1.275815,2.170614,0
1.866991,2.189329,0
1.014866,1.095812,0
-0.857944,1.958585,0
1.177598,2.206754,0
0.165216,1.852756,0
0.412155,0.257022,0
-0.118721,1.959518,0
-0.765082,0.743022,0
2.001641,0.765207,0
1.308336,-0.313905,0
2.448506,0.899513,0
0.883428,2.298799,0
1.218334,1.913451,0
1.894997,0.398166,0
1.754018,1.359154,0
2.307181,1.983508,0
-0.827308,1.380867,0
-0.163720,1.289461,0
0.722682,0.139093,0
2.304981,2.271914,0
1.330256,0.375392,0
2.400193,2.008568,0
1.372749,0.034738,0
0.682676,0.701313,0
2.776897,0.595785,0
2.776564,0.644216,0
1.282941,0.582227,0
-0.203529,0.916978,0
1.150692,1.120160,0
1.191350,0.575159,0
0.533144,1.920982,0
1.484944,-0.599568,0
0.259943,0.874142,0
-0.591604,1.202993,0
1.722121,1.786445,0
0.735428,1.092904,0
1.446795,0.924543,0
0.588343,0.605333,0
0.560432,2.050776,0
1.695803,0.805675,0
0.227564,1.170562,0
0.785976,1.140437,0
0.613562,2.147426,0
0.635133,1.524324,0
2.235781,0.654343,0
0.741843,0.101578,0
0.601141,1.582596,0
-1.566015,1.652034,0
1.669090,0.864648,0
1.651896,0.448438,0
0.154775,1.179174,0
-0.059580,-0.211527,0
2.709669,0.307628,0
1.946486,1.264184,0
0.221618,-0.677541,0
1.509476,2.617687,0
-0.039660,2.633436,0
1.641397,1.163925,0
0.224483,1.295990,0
-0.060497,0.108555,0
0.284098,2.470038,0
-0.162850,0.441382,0
0.919170,0.366783,0
0.588028,1.381239,0
0.587109,1.053679,0
2.519476,-0.197437,0
1.291466,0.464151,0
-0.962409,0.579505,0
1.455197,0.356046,0
1.262729,0.668527,0
1.645154,2.009671,0
2.571694,1.256064,0
1.206851,0.964462,0
0.611483,1.414849,0
0.107078,1.757150,0
0.830361,0.026436,0
3.236874,-0.132682,0
3.215353,2.044338,0
1.803167,-0.110643,0
-0.408124,0.848118,0
0.164018,1.527303,0
-0.099181,1.353858,0
2.098865,1.327626,0
2.837574,1.141198,0
2.732744,1.784818,0
1.928126,-0.374490,0
1.329234,0.692015,0
0.391675,0.377185,0
0.855958,0.633435,0
1.259231,2.302355,0
0.818628,1.177649,0
0.441088,1.033986,0
0.451221,2.074408,0
1.188225,1.368765,0
0.835614,-0.342608,0
2.069146,0.974843,0
-0.066400,-0.549231,0
0.616677,0.871896,0
-0.073670,-0.880237,0
0.672728,0.265337,0
0.589213,-0.097946,0
1.271440,1.558705,0
1.457963,-0.008646,0
-1.037116,0.278416,0
1.770536,0.767927,0
0.414674,0.553181,0
-0.301848,-0.023016,0
-0.189403,1.656628,0
0.906337,-0.146279,0
0.912916,1.484989,0
0.933415,2.520185,0
-1.595844,1.121079,0
2.497278,1.865671,0
0.321409,1.016492,0
-0.673226,2.655282,0
2.215413,1.268909,0
-0.351503,0.630203,0
1.723973,1.275791,0
1.260396,1.207961,0
2.374411,-0.386612,0
0.785330,2.296788,0
2.059414,0.634437,0
-0.874866,-0.114276,0
3.031139,2.060721,0
1.146674,0.985695,0
2.447583,0.086015,0
1.948558,2.822896,0
2.957459,1.460579,0
0.338528,-1.021307,0
1.881989,0.432616,0
0.437605,1.598904,0
0.571570,0.429832,0
0.959475,-0.741525,0
1.879444,2.315795,0
0.987517,0.104614,0
-0.126797,0.788041,0
0.106779,0.439044,0
1.220708,0.786090,0
2.266005,0.094552,0
0.162206,0.087542,0
1.861554,1.297782,0
1.067350,1.717093,0
0.539885,1.783840,0
0.038960,-0.162530,0
1.503232,0.786521,0
1.960267,1.364355,0
2.826638,1.014777,0
-0.606995,2.717412,0
0.723668,1.396404,0
0.243675,0.478521,0
1.890077,2.417567,0
2.476070,-0.961999,0
0.827003,-0.597222,0
-0.507226,3.226716,0
0.758309,0.545081,0
0.314050,-1.010926,0
2.093434,-0.799346,0
1.987241,2.093320,0
3.759687,2.096924,0
0.125602,0.682128,0
2.550295,1.973221,0
0.008993,-0.694204,0
2.911207,1.608523,0
0.949163,0.340936,0
1.182412,0.164834,0
1.357231,0.782108,0
1.943960,1.728820,0
0.269792,2.307833,0
0.080024,0.343795,0
-0.131266,2.044777,0
0.064380,1.450902,0
1.819964,0.806178,0
2.993896,0.093329,0
1.406970,0.397547,0
2.283373,-0.306562,0
-0.417536,-0.394479,0
1.839979,1.875597,0
2.166637,0.172770,0
1.069355,2.137614,0
1.278275,0.530356,0
2.453621,1.887980,0
2.027377,1.620345,0
2.330854,1.229576,0
1.303147,3.075324,0
-0.279065,1.510599,0
0.654396,0.618302,0
0.581023,0.815840,0
1.329636,1.153119,0
1.872365,0.698924,0
0.738453,1.967719,0
2.684750,0.450958,0
1.927198,1.684713,0
-0.149399,2.469445,0
1.365314,2.326240,0
0.695336,-0.205117,0
0.814186,0.094551,0
2.133795,0.665808,0
-0.088793,1.525162,0
0.286666,0.166625,0
1.703015,-0.185270,0
1.504427,0.059162,0
0.678619,0.510193,0
1.168464,1.880359,0
1.412044,-0.159386,0
1.838621,1.221805,0
-1.169927,2.113367,0
0.471245,1.406984,0
1.032169,1.837037,0
1.150224,0.230450,0
2.403538,2.393016,0
-0.127717,1.477557,0
1.330701,1.614836,0
1.815758,1.378280,0
0.533410,-1.385394,0
0.963521,-0.055587,0
0.077367,-0.377439,0
0.841340,2.603180,0
2.213348,0.231470,0
1.291909,-0.429478,0
-0.199967,1.781350,0
2.391807,1.677703,0
-0.642879,0.991457,0
0.129031,0.372130,0
1.831250,1.824948,0
-0.099454,2.043695,0
0.646789,-0.854617,0
1.587737,0.631022,0
0.820714,1.915394,0
2.735287,0.718582,0
1.070563,1.798386,0
0.494908,1.529968,0
-0.115552,1.208297,0
0.876184,2.011511,0
1.393237,0.844531,0
1.035285,0.997534,0
-1.104548,1.542855,0
0.624950,-0.333988,0
-0.374901,1.319511,0
1.219219,2.090374,0
-0.278252,2.986744,0
0.820973,1.193012,0
1.655390,0.431509,0
3.011454,0.930099,0
2.180300,0.548739,0
2.428609,1.734158,0
1.955608,1.128342,0
3.062264,0.479627,0
1.757828,0.393436,0
1.427752,0.826663,0
1.186957,2.394346,0
-0.769404,-0.302036,0
2.003091,3.141845,0
1.743312,0.679809,0
1.325525,0.305523,0
2.690144,-1.685606,0
-0.124395,0.562258,0
1.396770,-0.086810,0
-0.654308,0.917827,0
1.750145,2.127952,0
0.199568,0.929015,0
2.025493,0.418178,0
1.477218,1.609948,0
0.722847,2.213189,0
0.883618,0.078134,0
0.340833,-0.485117,0
-0.186383,-0.948789,0
0.750551,1.668582,0
2.726898,1.282751,0
1.151451,3.206076,0
1.746973,0.829405,0
0.605937,0.154769,0
0.516578,2.558853,0
2.117095,1.404232,0
1.743824,2.215472,0
0.843058,1.191919,0
0.695639,-0.878967,0
1.131681,0.798294,0
-0.282658,0.488342,0
0.891849,1.074655,0
1.474746,0.835485,0
1.169689,2.276407,0
0.488365,2.710409,0
1.423363,1.349123,0
-0.021061,0.845145,0
-1.866683,0.836109,0
1.994813,1.920485,0
0.116562,1.179193,0
1.873587,0.347068,0
1.450165,2.572218,0
-0.129129,-0.380960,0
0.832324,1.704449,0
2.256430,2.063745,0
1.706402,1.336783,0
1.232163,0.251378,0
1.693382,1.079229,0
1.818805,-0.151756,0
1.470005,0.504202,0
1.651848,0.587985,0
1.553334,1.023097,0
-0.004060,0.497514,0
1.978684,0.197480,0
2.205789,0.627007,0
1.554778,1.473748,0
-0.162549,1.426196,0
-0.237193,1.240114,0
1.245970,-0.175000,0
1.453788,1.689499,0
0.454440,1.032647,0
1.392847,0.202469,0
-0.266137,0.262083,0
0.958843,2.827171,0
1.070937,0.735922,0
2.404684,0.278413,0
2.063241,2.280955,0
0.516882,2.565563,0
1.034157,2.962993,0
1.038857,0.784435,0
0.660980,1.870730,0
2.210484,0.753893,0
3.449378,1.756639,0
2.474723,1.393625,0
1.952873,2.046463,0
0.927845,-2.396261,0
1.352809,1.841424,0
-0.744746,1.807293,0
1.553924,0.421374,0
0.435551,2.490488,0
1.768898,2.096974,0
-0.422457,2.656651,0
-0.225941,1.603398,0
-0.591500,1.305951,0
0.524847,2.468507,0
0.278710,1.583766,0
0.038637,3.035833,0
1.690526,1.257416,0
1.010753,1.570325,0
-0.486062,3.132476,0
1.791051,0.678675,0
2.311611,-0.494864,0
0.755802,2.029718,0
0.660420,-1.471484,0
2.598937,0.128109,0
-0.096766,2.164871,0
-0.188854,0.509528,0
0.444284,0.158662,0
3.039088,0.279583,0
0.688484,-0.425335,0
0.974827,-0.530336,0
1.737223,0.945754,0
1.237178,2.126978,0
0.058172,1.045980,0
0.192384,1.444123,0
1.881220,0.548998,0
2.003286,0.342969,0
2.507951,0.471399,0
1.365277,0.052307,0
1.056289,-0.401651,0
1.092851,-0.389848,0
1.575941,-1.036103,0
0.754629,0.361374,0
1.215150,0.093863,0
0.385882,0.933177,0
1.516076,1.429926,0
0.349372,-1.088498,0
1.600360,0.029725,0
1.439503,1.261778,0
0.115103,0.225389,0
1.143476,-0.075352,0
0.784249,-0.127710,0
-0.694551,-0.135387,0
0.655663,2.478807,0
1.418262,-0.222765,0
2.429796,-0.429909,0
2.250374,0.323828,0
3.341574,0.483853,0
0.155925,-0.095044,0
1.029169,-0.120903,0
2.284715,1.326610,0
1.407628,0.077237,0
0.497706,-1.453476,0
0.459324,1.350525,0
2.301625,1.658316,0
2.034688,1.163157,0
0.300632,0.277086,0
-0.621442,2.302764,0
0.513947,1.008468,0
1.271466,1.732835,0
0.805720,0.711236,0
0.967154,1.768941,0
0.881039,1.543784,0
0.717972,0.092156,0
2.652896,0.515894,0
1.148355,1.230062,0
0.892767,0.640147,0
1.492514,2.468040,0
-0.300536,1.730064,0
1.666916,0.843868,0
1.019342,-1.030566,0
1.959788,0.199801,0
1.051373,0.329585,0
1.228902,1.363719,0
1.201766,0.724663,0
-0.226458,-1.048046,0
0.868933,1.831684,0
1.054905,2.307550,0
0.026158,0.371944,0
0.812930,1.756151,0
1.539108,-0.631855,0
2.026810,2.345513,0
0.058044,1.861257,0
0.834965,1.167573,0
1.856196,1.796347,0
-0.054916,-0.356284,0
-0.995428,0.096964,0
-0.849879,0.272673,0
1.280967,0.298102,0
1.041773,-0.645938,0
1.708868,0.776027,0
0.314683,0.557158,0
1.764249,0.295927,0
-0.331324,0.553117,0
1.067399,0.549463,0
0.629022,0.223088,0
0.832327,0.399734,0
1.642999,-0.859189,0
0.404227,1.635236,0
0.224255,0.067800,0
-1.240510,2.315831,0
0.464728,0.761592,0
0.980827,1.470085,0
-0.177990,2.127182,0
-0.107576,0.989580,0
2.208724,0.374817,0
1.896134,1.511367,0
0.203471,0.673640,0
-0.406672,0.950199,0
1.602129,0.182014,0
2.563864,-1.943490,0
1.273222,2.759405,0
1.059034,1.237362,0
0.981546,-1.565914,0
0.768515,1.668083,0
2.116166,1.360432,0
0.979313,1.099869,0
0.829454,0.377078,0
2.155157,1.029108,0
1.982445,0.506677,0
1.302277,1.742885,0
1.838073,0.511727,0
2.054595,1.124051,0
2.592940,-0.287504,0
-0.524322,-0.122159,0
-0.283999,0.647428,0
1.293576,1.324536,0
1.126474,0.528339,0
0.457887,1.530879,0
-0.281919,-0.763024,0
0.993541,0.963936,0
-0.770641,0.974130,0
1.646256,1.329090,0
-0.032949,0.267746,0
2.537281,-0.080195,0
2.183077,-0.536122,0
0.597775,1.396289,0
1.555042,1.000884,0
0.852543,0.165486,0
1.040910,1.696046,0
2.031722,0.895290,0
0.159082,-1.673757,0
0.947757,1.177218,0
2.137077,1.511061,0
2.092419,0.824224,0
0.093904,2.688179,0
-0.109747,0.787485,0
0.886021,1.886332,0
-0.794556,1.831447,0
0.511415,0.551896,0
0.141943,1.599882,0
0.115528,0.580310,0
2.297253,0.965503,0
1.917996,0.487705,0
-1.231826,0.137651,0
-0.108292,3.290843,0
0.505158,1.782123,0
1.485281,2.390991,0
2.204005,0.050211,0
0.332060,0.238023,0
0.356578,1.248933,0
0.854761,2.463346,0
-1.113293,-0.722840,0
-0.522760,-0.046945,0
0.601645,2.659712,0
0.295811,-0.189935,0
1.333287,0.718060,0
-0.139383,0.885370,0
1.706576,1.685199,0
3.855279,2.117136,0
0.828855,1.190076,0
-0.451815,0.826439,0
1.698635,2.155649,0
-0.608316,1.035189,0
1.330970,-1.843529,0
1.773412,-0.045893,0
0.704590,1.502250,0
1.466952,1.060937,0
-0.104293,0.912215,0
0.524809,0.002814,0
2.735445,2.259990,0
-0.443470,1.258100,0
-0.220082,0.932920,0
0.861103,0.441685,0
1.895949,1.382558,0
-0.919666,2.942461,0
0.278311,1.347382,0
3.641454,0.930223,0
2.715217,1.948975,0
1.244206,-0.255064,0
2.770709,1.154111,0
0.616303,0.116310,0
2.827412,0.824862,0
0.864745,2.427073,0
1.871006,2.243596,0
0.378564,0.483174,0
1.595875,-0.763847,0
-0.550272,1.382668,0
-0.180735,0.744198,0
1.746308,0.630454,0
0.019982,3.063601,0
2.128250,0.542861,0
0.605791,1.445774,0
1.115718,0.795235,0
1.582168,1.113994,0
0.934333,1.834810,0
0.389150,0.508627,0
-0.179632,0.711153,0
0.769421,-0.119255,0
0.450001,0.414127,0
1.299389,0.745726,0
-0.288065,-0.082163,0
1.966649,1.780759,0
1.075090,2.342442,0
1.315562,1.556544,0
1.427204,0.531381,0
1.126482,1.917757,0
1.601501,-1.081747,0
1.612220,1.178898,0
0.518300,0.589425,0
1.668012,1.278887,0
0.405189,1.176301,0
1.920718,-0.159954,0
1.618383,1.106452,0
2.269975,1.600552,0
0.061269,-0.052918,0
0.796733,-0.339030,0
1.494424,3.144090,0
-0.113723,1.193376,0
0.433242,2.878865,0
-0.965287,-0.506982,0
0.066736,-0.166327,0
0.345448,1.177125,0
1.206219,0.588599,0
0.442825,2.521920,0
2.401525,1.022958,0
1.852921,-0.233294,0
1.344695,-1.183807,0
0.569818,-0.934551,0
2.172928,0.383002,0
1.522833,0.784211,0
-0.895662,-0.172658,0
-1.017335,2.162307,0
0.317769,-0.456433,0
-0.306798,2.002956,0
0.812681,-0.151579,0
1.033497,1.429404,0
0.634625,0.971965,0
-1.579100,0.385680,0
0.238925,1.371780,0
0.521883,-0.347582,0
2.867301,2.021855,0
-1.027860,2.907516,0
0.430809,-0.708237,0
2.122817,1.609177,0
0.865656,2.105412,0
-0.586034,-0.596275,0
1.500922,0.246809,0
0.924440,-0.316652,0
0.433788,0.767425,0
0.167320,1.199377,0
1.051436,0.555943,0
-1.253641,1.015742,0
1.158500,0.231917,0
0.813017,-0.868070,0
0.931571,0.475610,0
2.263303,1.222727,0
2.142661,1.943816,0
1.365646,2.167139,0
1.556092,-0.506597,0
0.912985,1.550899,0
0.145869,2.427743,0
-0.132006,2.115224,0
0.917722,2.777076,0
1.864980,0.581620,0
1.217748,0.631034,0
0.804667,0.373991,0
2.026176,0.106551,0
-0.208323,1.187176,0
1.585144,-0.210504,0
-0.801642,2.784138,0
1.423204,1.134683,0
2.181313,0.303452,0
0.010506,0.017539,0
0.648480,1.988820,0
1.885791,0.802579,0
0.946134,1.115705,0
1.136693,0.220122,0
2.087380,1.943017,0
0.708858,-0.408741,0
1.745321,1.263211,0
1.207832,2.520538,0
0.378258,2.944758,0
1.405538,0.628381,0
2.596826,0.829406,0
0.148425,2.784094,0
2.574207,1.763133,0
1.108679,1.640481,0
-0.635924,0.774446,0
2.547648,-0.162934,0
1.744372,1.518549,0
0.924617,1.489573,0
-0.146860,1.311951,0
1.130628,0.551092,0
2.499091,2.046248,0
1.680969,1.620235,0
-0.251591,-0.427234,0
2.133378,0.228857,0
0.999959,-1.401559,0
1.674886,1.362946,0
1.170557,0.068531,0
1.254881,0.384300,0
1.576772,0.762899,0
-0.544740,0.325253,0
0.098266,1.751357,0
0.257649,-0.927879,0
0.675596,2.130362,0
0.054488,1.446891,0
1.790679,1.342121,0
1.366484,1.764795,0
1.875577,0.505360,0
-0.494500,-2.116259,0
1.797359,1.231831,0
1.472615,3.011195,0
-1.142456,1.895038,0
1.184648,1.518738,0
1.946272,2.468916,0
0.915104,-0.829153,0
2.445058,0.290825,0
-0.043935,0.840790,0
1.806374,2.209987,0
0.822141,0.822974,0
0.177722,2.708423,0
1.097525,0.296014,0
1.616508,1.481912,0
0.453736,2.100456,0
0.718835,0.667208,0
2.736083,0.546106,0
0.982739,0.896456,0
1.951458,0.410178,0
2.388572,2.539007,0
0.983152,2.157572,0
1.924514,0.202086,0
0.416160,0.847169,0
0.678968,-0.436881,0
1.759897,1.265521,0
0.747855,1.824872,0
1.293805,1.890677,0
0.731144,1.285966,0
0.852145,0.186997,0
0.730130,-0.366721,0
1.471839,0.504654,0
-0.567805,2.560476,0
0.663524,2.080765,0
2.197430,1.337007,0
3.078382,0.714395,0
0.882058,-0.928537,0
0.153491,2.735899,0
-1.089667,2.141291,0
0.221802,2.805797,0
1.990672,0.336529,0
2.820147,1.371171,0
-0.033513,0.731977,0
1.865139,0.264327,0
1.517848,1.690561,0
-0.260097,0.796684,0
-0.931943,0.335849,0
2.135739,1.085799,0
0.757655,1.911554,0
2.128572,2.637079,0
0.524662,1.867594,0
3.038262,-1.026109,0
-0.179274,2.390434,0
1.680749,0.977366,0
0.136012,2.181780,0
-0.290273,-0.014914,0
1.808752,-0.052683,0
1.793422,1.525578,0
2.097556,1.011048,0
1.569639,0.833823,0
1.030601,2.333032,0
1.714696,0.490809,0
2.890334,2.238748,0
0.223054,-0.111550,0
1.962595,-0.826662,0
0.091688,0.592695,0
1.526997,2.868815,0
-1.503475,0.163525,0
1.754042,1.830795,0
0.952962,1.561402,0
-0.171952,0.781249,0
1.328012,1.646855,0
3.503769,1.886343,0
1.314824,0.898316,0
-0.235145,0.352835,0
1.187423,3.010499,0
0.336790,0.924169,0
3.596527,-0.943665,0
0.436747,1.786961,0
0.312358,-0.624282,0
0.370086,2.260176,0
2.011190,1.146732,0
0.850073,2.279798,0
0.149475,1.407848,0
2.740826,0.772840,0
1.420240,0.676906,0
2.943879,1.228467,0
1.156966,2.359837,0
1.432891,-0.244507,0
1.440568,1.463256,0
1.959926,0.264137,0
0.456234,0.329045,0
2.531884,-0.246038,0
0.879067,-1.021580,0
-0.929152,1.769592,0
1.002549,0.981607,0
1.531063,1.046060,0
2.173995,0.559390,0
1.029665,1.830763,0
0.946710,-0.113950,0
1.564664,1.850287,0
1.918725,-0.954475,0
4.721404,1.007264,0
-0.275216,0.823984,0
0.301993,1.453125,0
0.847751,1.566159,0
2.339098,1.007896,0
1.914326,0.316533,0
1.717432,0.348534,0
0.687310,1.193316,0
0.764233,0.251547,0
2.144647,1.983057,0
0.724368,0.150428,0
0.207932,1.266245,0
0.598264,3.457026,0
-0.493203,0.971694,0
0.081335,2.133842,0
1.776955,1.215719,0
1.181845,2.332573,0
1.813326,2.081544,0
0.814886,0.614119,0
1.825991,0.733695,0
0.646440,1.210044,0
-0.121824,1.335466,0
1.685962,1.128313,0
0.280308,0.603255,0
0.490868,2.107945,0
-0.021596,0.643003,0
1.514997,0.600509,0
1.384117,-0.219163,0
0.983049,2.087352,0
1.581671,1.946487,0
1.609630,2.325627,0
0.218229,-0.917038,0
0.698268,2.147559,0
0.749316,2.402382,0
0.841078,1.425732,0
1.954762,2.020083,0
-0.325754,-1.766952,1
-3.149014,-0.865936,1
-1.574041,-0.005036,1
-0.785930,0.001050,1
0.186295,-2.185820,1
-1.477951,0.140592,1
-0.489977,-0.466940,1
-2.088574,-1.049522,1
-0.360715,-2.144775,1
-1.528203,-2.289007,1
-2.176336,-1.251028,1
-0.861824,0.178499,1
-2.996140,-0.129169,1
-1.900740,-1.019912,1
0.555696,-1.430854,1
0.120137,-3.134122,1
-2.080940,-1.406837,1
-0.125845,-0.142113,1
0.466418,-1.333566,1
-2.283604,0.992927,1
-1.668747,-0.783888,1
0.142600,-1.185840,1
-1.445660,-2.479520,1
-1.249996,-2.409214,1
-1.855177,1.437057,1
-1.651191,-2.894624,1
-1.511944,0.125190,1
-2.663145,-0.796374,1
1.017609,1.072818,1
-3.049968,-2.655568,1
-4.018065,0.088458,1
1.492239,2.086407,1
-1.011637,-0.971896,1
-0.283389,-3.760383,1
-1.493638,-0.290238,1
-1.041633,-0.242145,1
-2.088747,-0.360872,1
-1.391828,0.062859,1
-2.272151,-0.849967,1
-0.329587,-2.485426,1
-0.913267,-0.737447,1
-0.894761,0.827294,1
-0.748479,-2.424299,1
-1.612328,-0.535346,1
-2.338955,-1.815201,1
-0.387734,-0.778934,1
-1.102455,-0.432939,1
-1.299046,-0.813220,1
-1.638605,0.625597,1
-1.617082,-0.822438,1
-2.224664,0.352315,1
-1.864408,-1.037659,1
-0.419044,-0.636678,1
-2.713163,0.843770,1
-0.835731,-0.152812,1
-0.625060,0.410800,1
-0.807137,-1.538362,1
-0.358482,0.363653,1
-0.699457,0.473148,1
-0.869338,-1.916130,1
-0.777970,-1.487056,1
0.386639,-1.779519,1
-2.185412,-2.476954,1
-1.527058,-2.975082,1
-2.993386,-1.691700,1
-2.115343,0.168482,1
-2.024774,-1.799072,1
-1.919362,-1.100667,1
-0.057090,-2.564037,1
-0.694033,-1.087225,1
-2.408499,-1.530298,1
-1.175840,-3.690171,1
-1.096719,-3.333581,1
-1.328807,-1.891816,1
1.285375,0.264419,1
-1.907224,-0.875731,1
-2.536947,-0.212910,1
-2.028309,-1.875269,1
-0.254713,-1.373375,1
1.227400,-2.203887,1
-1.804866,-0.846730,1
-1.285715,-0.371592,1
1.102252,-0.064748,1
-0.561335,-2.243531,1
-0.931237,-0.015023,1
-0.082303,-2.356720,1
0.511548,-1.410362,1
-2.855935,-2.680534,1
-0.495865,-0.263244,1
-1.815224,-2.024728,1
-1.783905,-1.411415,1
-0.272116,0.064108,1
-1.397656,-1.340724,1
-0.713521,-0.937008,1
-0.305539,-0.263752,1
-0.208649,-2.617522,1
-2.317009,0.017216,1
-0.411039,-1.527511,1
-0.740766,-0.807795,1
0.104719,-1.857938,1
-1.202805,-0.987729,1
-0.913442,-1.483074,1
-0.027521,1.704623,1
-2.426112,-1.168507,1
-0.949397,-0.324663,1
-1.730661,-0.381717,1
0.056253,-2.597712,1
-0.684226,-1.848166,1
-1.977654,-0.756069,1
-2.465762,-1.780059,1
0.057527,-1.507493,1
-0.157412,-0.649277,1
-3.089923,-1.730512,1
-1.095109,1.173053,1
-2.207044,-0.265807,1
-1.067126,-0.766035,1
0.744214,-0.004538,1
-0.255406,-0.930860,1
-0.067240,-2.298824,1
-0.825038,-2.038727,1
-2.383265,0.009987,1
-1.548086,-1.359191,1
-0.618427,0.382473,1
-0.220367,-2.830472,1
-0.825533,-3.152759,1
-1.747020,-0.796816,1
-0.568562,0.426657,1
-1.032538,-0.691316,1
-1.292926,-1.038705,1
-1.471774,-1.692375,1
-1.690682,-1.217047,1
-2.201206,-0.457613,1
-1.192722,-1.330596,1
-0.690737,-1.798734,1
-1.013020,-2.678169,1
-0.682537,-2.836011,1
-1.165270,0.413752,1
-2.859612,0.177657,1
-3.757801,-1.858308,1
-0.918907,0.124762,1
-0.095564,-1.132869,1
-1.775772,-3.035663,1
-1.759652,-1.610356,1
-1.808207,-1.424456,1
-0.315841,-1.847735,1
-1.254655,-0.598479,1
-2.320316,0.690860,1
0.630342,-0.422942,1
-0.869367,0.470725,1
-0.531664,0.895719,1
0.949272,-1.132466,1
-0.838284,-1.713325,1
-2.402403,-0.966147,1
-2.329057,-1.751761,1
-2.076934,-0.052843,1
-1.818449,-0.308527,1
-0.757769,0.197648,1
-0.962087,0.166027,1
-1.846951,-3.308278,1
-1.769679,-0.226022,1
-0.620133,0.022273,1
-2.893862,-2.214909,1
-0.354411,-0.779436,1
-1.704698,0.551138,1
-1.690061,-0.765306,1
-0.617209,-1.048735,1
-1.636182,-0.404751,1
0.285563,-0.915161,1
-2.476276,0.574676,1
-0.785412,-1.694588,1
-1.173341,-1.687411,1
-2.397326,-0.074049,1
-1.021779,-1.095011,1
-0.289176,-2.047352,1
-0.350427,-1.183740,1
-1.394881,0.083875,1
-0.600046,-1.075635,1
-1.426334,-2.429977,1
-2.891632,-0.440118,1
0.153469,-1.822201,1
-1.197167,-1.004338,1
-0.116189,-2.319060,1
-1.560537,-0.971304,1
0.130770,-2.321660,1
-1.578341,0.566691,1
-1.605947,-0.415617,1
-1.816345,-0.736506,1
-0.691949,0.110727,1
-0.461201,0.101314,1
-2.436824,-3.468379,1
-1.099779,-0.437923,1
-0.111085,0.740485,1
-1.059814,-0.746011,1
-1.197350,-0.508099,1
0.399231,-2.707826,1
-0.200655,-1.958138,1
-0.757799,-1.099939,1
-2.637435,-0.118139,1
-1.736755,-1.262825,1
-0.042765,-3.283488,1
-1.851221,-3.711873,1
-2.097880,0.383444,1
0.527562,-0.739962,1
2.159528,-0.498625,1
-0.326277,-1.632803,1
-1.640369,-1.676486,1
-1.233547,-1.525394,1
0.697250,-0.686271,1
-0.664484,-1.575732,1
-2.600879,-2.968186,1
-1.248278,-0.094903,1
-2.067095,-0.618310,1
0.078709,-0.248528,1
-1.113354,-0.337383,1
-0.669823,-0.563487,1
-0.100111,1.194084,1
0.157040,-1.208704,1
-1.251332,-1.597316,1
-0.927449,-0.770836,1
-1.798820,-2.277882,1
-1.317660,-1.404848,1
0.613760,-2.638052,1
-2.112561,-0.982931,1
-1.706418,-2.467336,1
0.358500,-0.729105,1
-1.049156,-1.703921,1
-0.723012,-0.107884,1
-1.027179,-0.267149,1
-0.629750,-1.846105,1
-1.038711,-1.512831,1
-0.654694,0.068689,1
-1.429569,0.378672,1
0.498347,-0.388783,1
-0.620652,-2.293813,1
-1.612682,-1.508558,1
-2.822214,-1.079497,1
-0.120092,-0.465270,1
-3.484100,-3.674405,1
0.668591,-1.669396,1
0.769335,-1.084729,1
-0.535717,-1.851365,1
-1.590562,-0.370313,1
-2.252527,0.946185,1
-0.108511,0.414886,1
-0.050848,-1.727342,1
-2.076603,-0.247395,1
-2.169267,0.914341,1
-2.378918,-1.224973,1
-0.255623,-1.207900,1
-0.300648,-0.099366,1
-1.144023,0.029482,1
0.337864,-0.086867,1
-0.779515,-1.721589,1
-0.513352,-0.062858,1
-3.345503,0.988667,1
0.153268,0.531650,1
-2.951236,0.478003,1
-1.682946,-0.593966,1
-1.504660,0.773832,1
-1.721157,-2.127145,1
-0.939513,-1.195675,1
-0.220059,-1.583218,1
-1.179027,0.432672,1
-0.328791,-3.582319,1
-2.554721,-2.194049,1
-1.044164,-0.308644,1
-1.608471,1.250513,1
-2.982729,-2.426839,1
-1.649925,-1.325796,1
-2.955109,0.486443,1
-2.215260,0.294877,1
-0.700814,-1.183810,1
-1.682403,-1.144430,1
1.098832,0.726230,1
-1.293865,-1.646783,1
-0.249599,0.431776,1
-0.313725,-1.897266,1
0.787642,-0.261463,1
-0.592933,-2.659387,1
-0.436806,-2.973336,1
-1.003025,-1.283159,1
-1.823447,-0.989533,1
-1.640947,0.148676,1
-2.554308,-2.146202,1
0.777142,-0.258046,1
-1.049843,-1.086484,1
-1.476158,-0.793262,1
-2.540777,-1.554502,1
-2.651216,-0.430652,1
-1.795856,-0.888350,1
-0.953803,-1.428221,1
-1.645651,-0.948868,1
-1.230768,-1.249361,1
-1.180911,0.155163,1
0.159454,-1.536650,1
-1.473269,-0.295156,1
-1.321916,-1.469429,1
-0.233902,-1.416230,1
-0.673037,-2.707427,1
-0.110057,1.294936,1
-0.587315,-1.526910,1
0.135160,0.687419,1
-1.564105,-1.729928,1
0.760221,-3.123330,1
-2.250604,-0.205110,1
-1.102843,-1.234165,1
-0.357166,-0.615665,1
-0.364508,-0.168927,1
-0.321292,-1.785670,1
-2.519992,-2.511475,1
-1.343483,1.379171,1
-1.520126,-1.111351,1
-0.900206,-1.168916,1
-1.107128,-2.802583,1
-2.209715,-1.646061,1
-0.702735,-0.121269,1
0.685177,-1.561598,1
1.093840,-1.189604,1
-0.376900,-0.668258,1
-0.656013,-1.930694,1
-1.134052,-1.135960,1
0.546986,-1.986823,1
-0.526464,-0.798774,1
-1.856061,-0.355300,1
-1.096390,-0.353318,1
-1.240947,-1.823871,1
-0.742707,-1.528702,1
-0.243811,-0.561148,1
-0.907955,-1.472187,1
-0.646719,-1.168646,1
-0.983809,-0.677288,1
0.275367,0.180354,1
-2.447368,-0.041409,1
-2.554257,0.446686,1
-0.479333,-1.229052,1
-0.660372,-1.080507,1
0.288110,-2.176730,1
1.455122,-0.060112,1
0.657509,0.151372,1
-1.673679,-2.881353,1
1.669981,0.085362,1
0.213391,-0.524201,1
-1.351374,-3.398901,1
-1.056603,0.656603,1
-0.176096,-0.938244,1
-0.292125,-1.463735,1
-0.084404,-0.691576,1
-1.864019,-3.000386,1
-0.299730,-2.249938,1
-0.650779,-0.022313,1
-1.095391,-1.294284,1
-1.129210,-1.922797,1
0.313954,-1.133006,1
-1.679276,1.040764,1
-0.449521,-1.413503,1
-2.433595,-0.436046,1
-1.192937,-0.321331,1
0.083537,0.645935,1
-2.467862,-2.639766,1
-1.170489,-2.200158,1
0.571876,-1.259249,1
-1.685036,0.003466,1
-1.384733,0.064804,1
-0.036126,-2.745318,1
-1.779360,-0.617712,1
-1.141321,-0.412970,1
-0.841959,-2.949329,1
-0.911256,-0.542884,1
-1.929755,-1.840321,1
-0.653629,0.540770,1
-2.488152,-1.489340,1
1.015268,-1.058489,1
0.402664,-0.928316,1
-1.041953,0.912642,1
-0.538828,0.698247,1
-0.289977,-0.820378,1
-1.101464,-2.422184,1
-0.280089,-1.904697,1
-1.297421,-0.843534,1
-1.473831,-1.708303,1
-2.117307,-0.691748,1
-1.069744,0.128939,1
-0.121308,-0.874687,1
-2.127913,-1.663170,1
-2.003575,-1.550826,1
-1.595786,-1.415652,1
-1.078812,-0.305100,1
-2.142202,0.261341,1
-1.828422,-0.882620,1
-2.171133,-1.091093,1
-0.510859,-1.016934,1
-0.428140,0.697600,1
-1.482594,0.307982,1
-1.243547,-1.088755,1
-1.087581,-1.927752,1
-2.985513,-0.574543,1
-0.578975,-0.351404,1
-0.425307,-1.667108,1
-0.776412,-0.935120,1
-1.160788,0.189806,1
0.865647,1.125367,1
-1.275618,-0.919560,1
-1.453463,-2.041131,1
-0.593338,-3.405900,1
-2.649115,-0.432440,1
-1.180561,-0.455597,1
-2.306551,-2.195307,1
-0.198928,-2.501199,1
-1.043396,0.179706,1
-1.864876,-1.471663,1
-0.328820,-0.132492,1
-0.720016,0.632363,1
-0.984812,-1.926985,1
-0.181157,-1.562805,1
-2.148471,-0.104415,1
1.379551,-1.591228,1
-1.264245,0.252985,1
1.066431,-0.835057,1
-2.498445,0.610304,1
-0.579204,-0.646217,1
-2.763139,-1.146725,1
1.486931,-0.655949,1
0.048209,-0.542494,1
-0.781929,-2.923241,1
-1.368848,-0.767296,1
-1.716780,-1.562831,1
-1.744602,-0.780523,1
-1.889038,-0.808376,1
-0.553620,-2.490401,1
0.614071,-1.080207,1
-0.322963,1.532867,1
-1.759469,-0.769329,1
-0.510669,0.206845,1
-0.492753,-1.598772,1
-0.935698,-2.228326,1
-1.973846,1.183968,1
-0.949460,-1.090353,1
0.259664,-0.973761,1
-0.030071,-0.407190,1
-0.221654,-2.152135,1
-3.077716,0.431485,1
-0.787193,-0.351037,1
-2.721242,-0.181515,1
0.971403,1.744324,1
-1.015769,-2.258572,1
-0.599401,-2.937646,1
-0.056020,-0.090650,1
0.341229,-3.232574,1
-0.111784,-0.812315,1
-2.187111,-2.014567,1
-0.506903,-0.362787,1
-1.573233,0.206748,1
-2.169084,-1.456623,1
-0.775781,0.427622,1
-0.164757,-2.435640,1
-2.083343,-1.021353,1
-1.571677,-1.123713,1
0.381092,0.878213,1
-1.113924,-2.210346,1
-1.409957,-1.816307,1
-0.291338,-1.646471,1
-0.483410,0.150553,1
-1.805307,-0.718334,1
-0.164349,-1.494976,1
0.105945,-0.497722,1
-2.186336,-1.265151,1
-2.942549,-2.893967,1
-1.011475,-1.383430,1
0.520122,0.803802,1
0.092389,-1.601922,1
-0.261637,-0.121135,1
0.254681,-0.148859,1
-2.009480,-0.338718,1
-0.991164,-0.391914,1
-1.725302,1.331020,1
-2.757821,-2.300096,1
-2.941747,-1.706552,1
-1.460783,0.290078,1
1.342320,-0.230272,1
-0.071183,0.218816,1
0.134382,-1.358328,1
-1.743483,-2.906845,1
-1.296962,0.205301,1
-3.501240,-1.899434,1
-1.577478,-0.898038,1
0.470138,-0.586288,1
-0.586811,-1.527442,1
-1.129828,-0.036710,1
-0.169640,-2.898748,1
-1.165136,-0.333541,1
-1.969465,-2.162870,1
-0.117536,-3.429971,1
-0.282422,-1.516366,1
-1.442021,-0.262248,1
-0.788677,-2.328481,1
-1.922917,0.263571,1
-1.674503,0.615646,1
-1.986005,-0.066829,1
0.620239,-1.802223,1
-2.533372,-0.164233,1
-0.531789,-0.584064,1
-2.067055,-1.879615,1
-1.665861,-0.427957,1
2.001256,0.260253,1
-0.462488,-1.116433,1
0.044032,-1.293749,1
-1.422249,-1.686821,1
1.152535,-2.508939,1
-1.252804,0.362598,1
-0.591441,-1.372342,1
0.243656,-3.212948,1
-1.618103,-1.232440,1
-2.592725,-0.808868,1
-2.793600,-0.683055,1
0.043528,-3.011070,1
1.869460,0.200171,1
0.955136,-1.349524,1
-0.862328,-0.581584,1
-0.586901,-0.759184,1
-1.160206,1.876946,1
-0.857504,-1.389487,1
-1.865011,-0.192377,1
-2.533897,-2.591178,1
1.524645,-1.186203,1
-1.906230,-1.293681,1
0.161757,-1.280697,1
-0.965777,-1.745076,1
-1.867655,-2.053831,1
-1.929461,-0.769147,1
-0.517899,-1.733352,1
-2.649208,-1.903101,1
-3.038205,0.765673,1
-0.248471,-2.449096,1
-0.579061,-2.309116,1
-0.922611,-1.045735,1
-0.157313,-0.786251,1
-0.877031,-2.117113,1
-1.577227,-0.165796,1
-1.238679,-0.176991,1
-1.858730,-2.139236,1
-0.970091,-0.511959,1
-1.378373,0.065279,1
-2.735255,-2.889273,1
0.137366,-1.830252,1
0.240942,-0.778689,1
-0.394904,0.432026,1
-0.277711,-2.199192,1
0.667130,-0.923063,1
-2.474452,0.090013,1
-2.647259,-2.398059,1
-2.731152,-0.601930,1
-1.384001,-0.510365,1
-1.055350,-3.156339,1
-4.480826,-0.272452,1
-1.846997,-0.438503,1
1.052487,-2.699164,1
1.585186,-1.099168,1
-0.805924,-0.761060,1
0.363667,-1.685449,1
0.145772,0.262291,1
-0.705004,-0.766541,1
0.018908,0.365475,1
-1.253770,-2.274238,1
-0.365982,0.164626,1
-0.503264,-1.159876,1
0.542694,-0.295749,1
0.084063,-2.230768,1
-1.205576,-1.086275,1
-0.830419,-1.955382,1
-2.122082,-0.747314,1
0.250131,-0.976423,1
0.405764,-1.603614,1
-1.508397,-0.465535,1
-3.307649,-0.756673,1
0.098462,-1.013988,1
1.221487,-0.391424,1
0.366364,0.082763,1
-0.955503,-0.527503,1
-1.146105,-1.023494,1
0.648216,-1.997564,1
-0.426282,-2.234845,1
-2.212782,0.269719,1
-0.121901,0.065674,1
-0.956521,-0.632568,1
-0.363595,-0.656475,1
1.738892,-1.598871,1
-1.664114,-2.474610,1
-1.780076,-0.069983,1
-1.861152,-1.350424,1
0.763427,-1.036301,1
-1.973926,-1.757053,1
-0.280312,-1.814721,1
-1.281615,-0.168529,1
-2.289619,-1.455472,1
1.155219,-1.019204,1
-2.587153,-3.095648,1
-0.063194,-2.601392,1
-2.573380,-1.097050,1
-2.654369,-1.617727,1
-1.156268,-1.947883,1
-2.147742,-0.614595,1
-0.814469,-0.246583,1
-0.772322,-2.011731,1
-2.212819,-0.294250,1
-1.789049,-2.022264,1
-2.770418,-1.327276,1
-0.044432,0.007483,1
-2.652758,-1.780889,1
-0.041462,-0.762634,1
-1.502432,-2.001305,1
-0.473780,-1.547097,1
-0.712262,0.440255,1
-2.230278,-1.456408,1
2.155180,-1.904829,1
-1.562201,-1.550799,1
-1.896797,-0.025732,1
-0.347463,-1.308090,1
-1.908844,-0.954359,1
0.655722,-0.282339,1
0.165707,-0.477972,1
-1.568550,-0.812174,1
-0.160276,-1.872182,1
-0.039746,-1.689648,1
-0.261300,-3.469905,1
-1.309000,-1.534036,1
0.597661,-2.079181,1
-3.359004,-0.086770,1
-0.081769,-0.964453,1
-2.161086,0.663084,1
-1.865986,-1.256715,1
-2.463897,-0.694347,1
0.251986,-0.990042,1
-1.013155,-1.832946,1
-0.479077,-0.330473,1
-0.901947,-0.680164,1
1.349608,-0.289404,1
-1.924651,0.350853,1
-1.632833,0.074528,1
-3.167397,-1.054492,1
-0.742111,0.310016,1
1.212473,-2.273424,1
0.547623,-2.225741,1
-1.116106,-1.715892,1
-1.323198,-1.641963,1
-0.968127,-1.055583,1
-1.110395,0.930944,1
-0.220208,-0.147266,1
-0.225470,-0.740716,1
1.444784,-1.723213,1
-1.191236,-1.067458,1
-1.262849,-0.540737,1
0.245305,-1.919919,1
-0.643165,-2.397164,1
-1.075538,-2.357999,1
-1.616710,-1.134016,1
-0.237351,-0.756793,1
0.113652,-1.245743,1
-2.806274,-1.815704,1
-0.895004,0.646680,1
-1.641260,-0.622263,1
-1.136557,0.079510,1
-0.327067,-0.968180,1
-0.561124,-2.329623,1
-0.055698,1.032118,1
0.467696,-1.514794,1
-2.186855,-1.805560,1
-0.994553,-0.746579,1
-2.393243,0.398835,1
-1.484392,-1.930643,1
-1.477633,-0.339496,1
-2.397835,-0.957360,1
-1.684479,-0.555395,1
-3.134810,-0.635840,1
-1.381860,-0.099334,1
-0.903837,-0.340022,1
-2.160390,-1.272689,1
-2.816779,0.718046,1
-0.523067,0.399634,1
-1.776176,-2.213193,1
-0.907505,-0.205810,1
-0.940004,-0.236675,1
-0.071699,-1.527554,1
0.457641,-2.344693,1
-1.846645,-0.332609,1
-0.601616,-1.888579,1
-1.869850,-2.084764,1
-1.573792,-0.228257,1
-0.682579,-1.092062,1
-0.798767,-1.005585,1
-3.385959,-1.117153,1
0.676020,0.264497,1
-1.159538,-0.605348,1
-0.462189,1.867657,1
-0.195037,-2.260475,1
-2.564704,-1.604807,1
-1.713899,-0.887077,1
-2.399525,-0.725266,1
-1.050304,-1.208068,1
-2.124166,-0.245719,1
-0.247692,0.071645,1
-0.596754,-1.068402,1
-1.006750,-2.225541,1
-0.265338,-1.735695,1
0.751817,-1.288728,1
-1.218923,0.232876,1
-3.078858,-2.496237,1
-1.445422,0.590667,1
0.195233,-0.833578,1
-1.202131,-2.537153,1
0.567976,0.758283,1
-0.685182,-0.927068,1
-1.831672,-1.593841,1
-0.572553,-1.292173,1
-1.215793,-0.781969,1
-0.888653,-0.257465,1
-1.096502,-2.300046,1
0.017513,-1.576918,1
0.467806,1.586106,1
-0.266898,-2.184566,1
0.296062,-1.325347,1
-1.657732,-1.167659,1
0.765179,-0.361756,1
-1.689698,0.093983,1
-1.647947,-0.343659,1
0.349132,-0.907001,1
-1.769670,-1.082570,1
-1.531177,-2.206138,1
-3.256655,-1.589033,1
1.147804,-0.101573,1
-2.109836,-2.753069,1
0.241445,-1.903348,1
-0.615326,-0.086036,1
-1.659934,-1.075687,1
-0.636958,-1.470950,1
-2.509615,0.955124,1
-1.125508,-1.305322,1
-1.857579,-0.766372,1
-1.328389,-0.896678,1
-0.394638,-3.116054,1
-2.385898,-0.917780,1
-2.910875,-1.269049,1
0.525093,-2.092863,1
0.487393,-0.910327,1
-0.912427,-0.609704,1
-0.803715,1.053380,1
-0.560403,0.966231,1
-0.550045,-0.797177,1
0.869287,-2.357630,1
-1.048330,-0.611579,1
-1.578880,-0.641673,1
-1.576979,-1.940926,1
-2.151576,-1.479722,1
-1.544397,-1.962029,1
-0.056815,-1.318097,1
0.126707,1.119141,1
-0.769343,-2.532735,1
-1.345786,-1.777458,1
-4.200685,0.134360,1
-1.531888,-1.140327,1
0.098857,-0.545457,1
-0.266219,-2.123274,1
-3.572988,-1.376102,1
-1.028618,-0.826830,1
-0.923283,-1.516090,1
-0.227655,-1.953279,1
-0.503161,-0.857237,1
1.024216,-1.264431,1
0.306125,-0.284097,1
-1.813706,-0.975582,1
-0.690959,-1.403061,1
-1.497027,0.043353,1
-4.048308,-1.859302,1
-1.798030,-2.406134,1
-0.868382,-1.644305,1
-0.566592,-0.718784,1
-2.847492,-1.635170,1
-0.759893,-0.639330,1
-3.022840,-1.452760,1
-1.835542,-0.621635,1
-2.139191,-1.429698,1
-2.282745,-1.559044,1
-1.562140,-0.334063,1
0.667979,-1.373199,1
-0.894980,-0.132008,1
-0.733481,0.456304,1
-3.007901,-0.516344,1
0.187695,-3.728034,1
-0.140815,-2.511244,1
0.761702,-0.276752,1
-1.165616,-2.042414,1
-0.695144,-1.597304,1
1.156237,-1.426671,1
0.439895,-1.626267,1
-1.020766,-1.197308,1
-0.606839,-2.189322,1
0.239766,-0.741123,1
-2.173594,-0.093236,1
-0.704890,0.018475,1
-0.427380,-2.524103,1
-2.877693,-2.640717,1
0.585677,-0.762070,1
1.577569,-1.487115,1
-2.089216,-1.038852,1
-1.077804,0.450565,1
1.052252,0.507294,1
-1.210450,-0.152767,1
0.524724,-0.514701,1
-2.098925,-1.417638,1
-0.007723,-0.169440,1
-0.088953,-0.899205,1
-0.161481,-3.036193,1
-0.408427,-1.372200,1
-1.756058,-1.001013,1
-2.039087,-0.475705,1
-1.278072,0.777056,1
-1.372106,-1.534427,1
1.206253,-2.681500,1
-1.454702,1.198741,1
-2.142372,-0.843008,1
-0.215284,1.186347,1
-0.265534,0.882011,1
-2.355949,0.647911,1
-0.642987,-1.470261,1
-1.289596,-0.534450,1
1.320085,-1.213732,1
-1.358040,-1.225914,1
-1.364075,-1.387705,1
-0.507376,0.015149,1
0.247458,-1.536315,1
-2.116161,1.104809,1
-1.176695,-1.600658,1
-0.741587,-1.379035,1
-0.386137,-1.682150,1
-0.475372,0.990717,1
-1.195270,0.544592,1
-2.019803,-0.847795,1
0.458567,-0.815262,1
-2.641850,-1.290849,1
-2.164021,0.579172,1
-1.102709,-0.683066,1
-0.699578,-2.419056,1
-0.878239,-0.281892,1
-0.770060,-1.240554,1
1.696079,-2.029474,1
-1.042498,-0.939596,1
-1.295918,-0.045416,1
-0.155756,-0.920434,1
-0.405419,-1.606599,1
-1.665289,-1.383627,1
-0.595051,-1.394715,1
-1.137832,-1.141054,1
-1.377198,-1.989285,1
0.079728,-0.765638,1
0.657667,-0.215617,1
-0.375363,-2.794346,1
-1.567913,-0.639656,1
-1.948889,0.279488,1
-0.727656,-1.156322,1
-1.015860,-1.224288,1
-1.232888,-1.558877,1
-1.425459,-0.309116,1
-0.190980,-1.981524,1
0.217541,-0.502140,1
-3.837673,-0.659458,1
-1.273875,-0.707458,1
1.776135,0.506474,1
-0.525139,-1.575659,1
0.372147,-0.443064,1
-1.952003,-0.042078,1
-2.020532,0.624848,1
-0.027867,-1.550683,1
0.013507,0.132688,1
-1.221330,-0.447456,1
0.476535,0.215939,1
0.025141,-1.954417,1
0.054664,-0.012537,1
-0.075534,0.344693,1
-0.721359,0.780597,1
-2.951656,-3.005306,1
-0.897222,-0.945589,1
-1.440758,-0.970057,1
-1.630459,-1.340827,1
0.378778,-1.072837,1
-0.027585,0.604399,1
1.142924,0.507956,1
-2.231679,0.269889,1
0.864041,-0.371221,1
1.922589,-1.061718,1
0.496543,-1.181509,1
-1.075802,-0.440272,1
-1.750447,-0.299135,1
-1.825591,0.461134,1
-0.331374,-1.880537,1
-1.062103,-1.925621,1
0.338652,-0.706866,1
-0.245576,-1.666454,1
-0.945380,-2.448778,1
-2.504547,-0.278713,1
-0.446461,-1.571327,1
-0.491184,-0.987805,1
-0.751118,-1.736598,1
-1.799189,0.449432,1
-0.485458,1.188045,1
-0.918232,0.671893,1
-2.127261,0.476150,1
0.132573,-0.491978,1
-1.248863,-0.793700,1
-1.131085,-0.221037,1
-1.280967,-2.315734,1
-0.896872,-1.705139,1
-1.207741,-1.223026,1
-1.073794,0.360549,1
-0.932504,-1.070873,1
0.241107,0.037941,1
-2.068040,-1.374604,1
-0.241312,0.091968,1
-1.249575,-1.581490,1
-1.896360,-2.216863,1
-0.896716,-1.607662,1
-1.004899,-0.768785,1
-0.138421,-1.601626,1
0.973744,0.200121,1
-0.424129,-0.612400,1
-1.121330,-2.281444,1
-1.423226,-2.953645,1
-0.771639,-0.869416,1
-2.348475,-2.765726,1
-0.845749,0.201831,1
-2.133450,-2.703023,1
-1.499509,-0.456193,1
0.910374,1.300509,1
1.089464,-0.202106,1
-1.821357,-1.558013,1
-0.558314,-2.596955,1
-1.147199,-0.540236,1
-1.783675,-1.040329,1
-0.597937,-1.467288,1
0.265991,-3.566053,1
-2.271837,-2.436142,1
-1.855752,-1.836805,1
0.150178,-2.505989,1
-0.557927,0.969115,1
-0.483511,-2.692190,1
-1.526305,-1.775802,1
-2.104639,-0.898049,1
-0.692809,-1.119417,1
-1.935134,-0.085067,1
-1.084772,-0.495678,1
-1.833118,-2.247430,1
0.129392,1.119102,1
-1.739745,1.585549,1
-1.280739,-0.446390,1
-2.692709,-1.167414,1
-1.287573,-0.714442,1
0.770497,-1.241755,1
-0.896231,-0.251045,1
-0.137970,-0.392382,1
-0.979596,-1.749660,1
-0.369464,-0.894215,1
-0.705124,-2.592138,1
-1.428995,-0.387726,1
0.291788,-0.802535,1
-0.561604,-0.893294,1
-2.118764,-0.255577,1
0.294484,-0.518519,1
-1.868711,-1.608077,1
-1.284198,0.516094,1
0.472278,0.054530,1
-1.948599,-1.079488,1
-0.043526,-0.367716,1
-1.450403,-0.801564,1
-3.397695,-0.224357,1
0.983824,-2.337767,1
-0.234603,-0.100696,1
-3.033589,-3.502673,1
0.480817,-1.724118,1
-2.931033,-1.481205,1
-1.480159,0.144231,1
-2.326563,-2.153513,1
-0.776701,0.259833,1
0.298707,-0.172893,1
0.028753,-1.501701,1
-0.928871,-0.124784,1
-0.111805,-1.169701,1
-1.759716,-0.696854,1
-2.643552,-1.453169,1
0.076417,-1.387788,1
-1.142382,-2.318885,1
0.135631,-3.253352,1
-1.055988,-0.444618,1
-1.336120,-1.733869,1
-1.843134,-0.811051,1
-1.833767,-2.048118,1
-1.187929,-2.598626,1
-1.275992,-2.111675,1
-0.892688,-1.384547,1
-2.290941,-3.200410,1
-0.311014,-0.143589,1
-0.460427,-0.686379,1
-2.933836,-1.293080,1
-2.152170,-2.177777,1
-0.981543,-1.140158,1
-1.535301,-0.301201,1
-1.521347,-1.159739,1
-0.278158,-0.904189,1
-2.134946,-1.404776,1
-0.328782,0.373236,1
-0.626070,-2.543566,1
-2.079755,0.492571,1
-1.483833,-2.726036,1
-1.664888,-0.226775,1
-0.742574,-1.012562,1
-0.674479,-0.101967,1
-1.715942,-2.072321,1
1.299530,-0.401979,1
-0.407137,-2.775516,1
-0.764177,-1.372844,1
-1.596265,2.998571,1
-0.311143,-0.949018,1
-1.808656,-1.029776,1
-1.009572,-1.198309,1
-1.592766,0.197797,1
0.676001,-0.474771,1
-1.373517,1.453180,1
-0.494149,-0.485323,1
-0.876965,0.041940,1
-0.535449,-0.316456,1
-2.378073,-3.517940,1
-0.924502,-3.728574,1
-1.145975,0.533989,1
-1.023820,-1.183826,1
-1.835671,0.568525,1
-1.431968,-1.578741,1
-2.025004,-2.804626,1
-0.222946,-1.278573,1
0.944395,-0.027710,1
-2.339217,-3.071392,1
-1.908176,0.128712,1
-0.476113,-2.648692,1
0.092205,-1.798409,1
-2.958995,-1.160100,1
-0.521120,-0.458139,1
-1.522388,1.087135,1
-1.162884,-2.129038,1
-0.346676,-0.453019,1
0.308509,1.583478,1
0.083107,-1.792341,1
-1.690083,-2.244573,1
-2.635469,-0.626403,1
-0.873735,1.688121,1
0.038690,-1.476185,1
-1.649037,-1.199937,1
-2.299672,-1.370923,1
-1.442433,-1.877361,1
-1.651655,-0.333066,1
-2.485949,-0.853797,1
-0.606275,-1.997992,1
-2.184667,-0.075545,1
-1.323776,1.173790,1
-0.117225,-2.685683,1
-0.938715,0.609284,1
0.042818,-1.247722,1
-0.904378,-0.003436,1
-0.763416,-1.662959,1
-0.427654,-2.479679,1
-2.715496,-0.980408,1
-0.990262,0.765516,1
-1.446215,-0.304483,1
0.064277,-0.955721,1
0.149485,-1.249271,1
-0.053591,-1.670479,1
0.321025,0.771080,1
0.560921,-0.077929,1
-0.962679,-1.874540,1
-2.065542,-0.970596,1
0.271875,-2.369475,1
0.265149,-2.167315,1
-1.274506,-0.211655,1
-1.159050,-0.069239,1
-0.375794,-1.138421,1
-2.870426,0.038651,1
-0.289766,-0.860443,1
-1.338586,-0.396237,1
-0.204172,-2.685030,1
-0.997612,1.924117,1
-0.824303,-1.403651,1
-0.355862,-1.890112,1
0.385572,0.591130,1
-2.353286,0.606462,1
-0.176827,-0.675756,1
0.344807,-1.056003,1
-0.074450,0.071822,1
-2.632319,-0.328137,1
0.416706,1.582154,1
0.179563,-0.970710,1
-3.183288,-1.203619,1
0.395452,-1.415766,1
0.045352,1.371587,1
-2.209042,0.269295,1
-1.681988,-1.054757,1
-2.189361,-1.668507,1
0.182735,-2.700503,1
-1.130514,-1.027074,1
-0.344672,-0.995096,1
-1.865243,-2.808344,1
0.719182,0.783177,1
-1.195306,-1.014320,1
-0.151954,-1.432236,1
0.689826,-1.080308,1
-1.076674,0.082339,1
0.252372,0.989238,1
-2.063489,-1.590452,1
0.970657,-2.339374,1
-1.492880,-0.886222,1
-1.474991,-0.751759,1
-0.546726,0.277285,1
-2.804949,-2.775900,1
-1.878873,-2.453115,1
-1.399045,0.422039,1
-1.075682,0.320966,1
-0.518164,-0.124265,1
-1.827316,0.948133,1
-1.778039,-1.029960,1
-0.935451,-1.507525,1
-1.893322,-1.766830,1
-2.316311,-0.847779,1
-0.710067,-0.604649,1
-0.064692,0.579745,1
-1.465875,-1.927189,1
-1.116448,-2.076127,1
-0.203728,0.106851,1
-1.554381,-0.639006,1
-0.242172,-1.785945,1
0.093430,-1.427160,1
-0.723164,-0.974559,1
-0.905010,0.002262,1
-1.579890,-0.339011,1
-2.435695,-1.136378,1
-2.012257,-0.818622,1
-2.089818,-1.569231,1
-0.819371,-1.675114,1
-0.406717,-0.869601,1
-1.164369,-0.595047,1
0.204824,-1.910594,1
-0.235975,-1.295368,1
-2.013125,2.143086,1
-0.997955,-1.278291,1
-0.615664,-0.464013,1
-2.649734,-0.900849,1
-2.378230,-0.713272,1
-2.109386,-2.253363,1
0.857708,-2.403891,1
-1.773688,-0.948422,1
-0.639869,-2.565878,1
0.190510,-1.674675,1
0.242239,-1.707135,1
-0.980284,0.015075,1
-0.444486,0.347396,1
-2.047735,-0.178530,1
-0.494714,1.329892,1
1.515135,-0.001020,1
-3.163545,-1.572973,1
-0.767082,-0.009242,1
-0.006874,-2.266810,1
-1.433015,-1.030570,1
-1.323805,-1.608763,1
-3.037582,-1.069230,1
-0.895114,-0.985693,1
0.508582,-0.901989,1
-1.318318,-1.167263,1
0.831123,2.383452,1
-0.596703,0.519820,1
-0.544889,0.832234,1
-1.060383,-0.253576,1
-1.342198,-0.816201,1
-4.523621,-1.943854,1
-1.164064,-1.243102,1
-0.821408,-0.441565,1
-1.331651,-1.196409,1
-0.191305,-3.243952,1
-2.188860,-0.171295,1
-2.681340,-1.269207,1
-2.752694,-1.143275,1
-1.255895,-1.418934,1
-0.379075,-0.898333,1
-0.806704,-1.947830,1
-1.205073,-2.877463,1
-0.109237,-2.099361,1
-2.251034,-2.243666,1
0.126442,0.130488,1
-0.480585,-0.528489,1
-0.148677,-0.327103,1
-0.751837,0.325909,1
-0.367942,0.199968,1
-0.068747,1.122023,1
-2.313277,-0.481019,1
0.191454,-0.927383,1
-1.737103,-2.513229,1
-1.349027,-0.804555,1
0.195632,-1.956995,1
-1.798811,-2.387593,1
-1.221117,0.862976,1
-1.029860,-1.172049,1
-1.678141,-0.332879,1
-0.610271,-0.662690,1
-0.975681,0.372096,1
-1.312829,-2.276633,1
0.303210,-1.305869,1
-1.651002,-1.257062,1
0.187292,-1.368247,1
-1.026296,-1.312569,1
-0.213016,-0.359080,1
-0.420839,-0.023149,1
0.742034,-0.977035,1
-1.555874,-0.199061,1
0.298860,0.087193,1
-0.940281,-1.608133,1
-1.811869,0.666152,1
-2.745703,-1.364530,1
-2.843109,-2.877486,1
-1.071832,-0.868457,1
-0.537499,-0.016072,1
-0.693081,-1.470624,1
-2.434032,-1.703780,1
-0.023452,-1.234655,1
0.220853,-0.494590,1
-1.999141,-0.039704,1
0.124425,0.120814,1
-2.598633,-0.669699,1
-2.660728,-1.009051,1
-0.747022,-3.705635,1
-0.531993,1.261910,1
-0.270682,-0.904563,1
-1.642911,-1.203348,1
1.084463,-0.964438,1
-2.229729,-0.419171,1
0.768402,-0.216030,1
-0.723254,-0.906394,1
-0.713225,-2.420602,1
-0.647524,-0.521900,1
0.011856,-0.367227,1
-1.158633,-1.035265,1
-1.950467,-0.150572,1
0.673454,1.131845,1
-0.845332,0.555528,1
-0.716897,-0.348022,1
-0.575136,-2.432005,1
-0.963432,-0.293318,1
-1.576581,-0.710850,1
-0.766294,-1.542868,1
-2.568463,0.425001,1
-0.782562,-0.031229,1
0.925471,-1.052319,1
0.919209,-2.517269,1
-3.033296,-0.973074,1
-1.742616,-1.149935,1
-0.592149,0.018065,1
-0.556429,-1.422287,1
0.578647,0.595004,1
-0.984806,-1.546374,1
0.401123,-2.528717,1
-1.576603,-0.921493,1
-1.371337,-0.315399,1
-1.000039,-1.437238,1
0.733902,-0.853554,1
-0.466972,-1.731179,1
-0.456284,1.048610,1
-2.456523,-1.408783,1
-0.863233,-1.634989,1
-0.926638,0.735722,1
0.399889,-1.216304,1
1.697190,1.140542,1
0.970727,-1.256979,1
-0.577092,-1.344308,1
-1.327586,-0.483437,1
-0.298708,0.809198,1
-0.688790,-2.451108,1
-1.017168,-0.669240,1
-1.184215,-0.890478,1
-1.361983,-1.884200,1
-0.568451,0.048029,1
1.582192,-0.325866,1
-0.237998,-1.929050,1
-1.954426,0.198808,1
0.184200,-0.891774,1
-2.482993,-0.862971,1
-0.716537,-1.556703,1
-1.494925,-1.107734,1
-1.129261,-0.912596,1
-2.097507,-0.553860,1
0.446719,-3.184225,1
-0.709225,-0.398715,1
-1.831548,-0.768709,1
-0.142531,-1.247011,1
0.025912,0.015925,1
-1.187422,-1.547137,1
-1.314616,-1.307454,1
-1.772384,0.197270,1
-0.856934,0.855353,1
-1.912921,-1.469003,1
-2.073280,-0.475595,1
-0.530563,-0.632526,1
-0.251403,-1.749991,1
-0.582859,-1.989789,1
-0.493496,-0.794868,1
-0.332603,0.889519,1
-0.697741,-2.465261,1
-0.684392,-2.814267,1
-1.021397,0.729677,1
-1.176662,-1.634791,1
-0.439385,-1.080675,1
0.286580,-1.938275,1
-1.983924,0.354632,1
-2.183844,-0.728861,1
-0.189882,-2.489340,1
0.046149,-1.330499,1
-0.945400,0.073866,1
-1.602612,-1.502420,1
-0.081061,0.239740,1
-0.549336,0.372901,1
-2.444396,-0.752242,1
0.585370,-1.256109,1
-1.342593,-1.572915,1
-0.894014,-1.096283,1
0.596109,-0.492333,1
-0.342165,-1.722075,1
-0.909742,-0.298164,1
-0.376480,-0.172891,1
-0.741621,-0.554846,1
-1.304135,-0.600168,1
1.327501,0.007353,1
-1.686149,0.136283,1
1.009364,-2.377460,1
-2.528699,-1.648566,1
-2.902988,0.874212,1
-3.041711,-1.008489,1
-1.208108,-0.699732,1
0.291891,-0.869144,1
-1.271914,-1.402312,1
-1.530479,-0.938379,1
-2.521836,-1.784623,1
-0.218140,-1.711189,1
-0.934570,-0.179674,1
0.988515,-2.092279,1
-0.672088,-0.514776,1
-2.383370,-1.129464,1
-1.958063,-0.346489,1
-0.166759,-0.020597,1
-0.551555,-1.318942,1
1.468633,-0.716068,1
-1.750651,-0.521394,1
1.513473,-1.391425,1
2.435696,-1.706655,1
-0.600374,-1.327312,1
-0.425733,-1.922571,1
-0.829526,-0.906991,1
-1.414369,-0.953187,1
-0.936324,-0.334630,1
0.577126,-1.316481,1
-1.433655,-0.260345,1
-0.501212,-2.909497,1
-0.419958,-1.117171,1
-1.223175,-0.306892,1
-2.280442,-0.160927,1
-0.740709,-0.738335,1
-0.096903,-1.960684,1
-2.648130,-1.281546,1
-2.515570,-0.150156,1
-1.233344,-1.074138,1
-0.767418,-1.014116,1
-0.061753,1.563080,1
-2.617877,0.651262,1
-1.636897,0.085369,1
-1.637633,-1.571624,1
-0.667501,-1.909615,1
-2.575675,0.626397,1
0.563540,-1.180279,1
-0.737020,-2.569093,1
-2.516390,-0.868197,1
-0.034136,-1.053181,1
-1.169301,-0.939173,1
-2.775002,-0.401638,1
-1.839826,-1.891436,1
-1.421331,-0.512803,1
-0.323703,-1.563912,1
0.944123,-1.967894,1
-2.148618,-2.619473,1
-1.410563,0.132340,1
-0.795787,-1.755848,1
-0.322062,0.118411,1
-1.412948,0.636546,1
-0.223011,-2.004736,1
1.318400,-1.305732,1
-0.837988,-0.827815,1
0.941713,-0.263051,1
0.262636,-2.679621,1
-1.026516,-2.056492,1
-2.240715,-0.775910,1
-0.936700,0.039877,1
-1.430982,-1.091385,1
-0.561250,-0.017831,1
-0.812407,-0.939400,1
-1.802384,-2.204244,1
-1.673677,0.923859,1
-1.400408,-0.826340,1
-0.168353,-0.590530,1
-1.432119,-2.059172,1
-2.058511,-3.061976,1
0.659765,-2.267518,1
-1.628845,-1.921611,1
0.029347,-0.293010,1
-0.770042,-2.051229,1
-1.639790,-0.705030,1
-1.341222,-1.226954,1
-2.243898,0.705966,1
-1.944655,-1.175634,1
-2.532119,-1.015266,1
-1.799671,-0.827976,1
-1.661048,-1.661129,1
-0.956728,-0.911194,1
-0.415612,-0.265096,1
-0.998249,-1.482046,1
-1.257887,-2.591452,1
-1.037501,0.226899,1
-1.816024,0.116438,1
-0.020779,0.380162,1
0.884072,-1.424118,1
-2.086131,-1.554794,1
-3.046612,-0.626371,1
-1.605071,-0.980720,1
-0.638379,-1.547145,1
-1.865247,-1.682743,1
0.021270,-0.523523,1
-0.726801,0.277332,1
-0.604756,-1.011711,1
-1.201117,0.727631,1
-0.991066,-1.390511,1
-0.639348,0.314734,1
-1.430828,-1.496014,1
-2.668106,0.733864,1
-0.852943,0.258539,1
-0.630926,1.752584,1
0.133430,0.118912,1
-0.964158,-1.305820,1
-0.160388,0.157633,1
-0.525352,-0.923872,1
-1.125203,-0.181007,1
1.117605,0.437805,1
-1.290632,-0.032901,1
0.626132,-2.078325,1
-0.135750,-3.267655,1
-1.161010,-1.091821,1
1.387309,-0.102252,1
-0.954255,-0.420144,1
-2.543601,0.429860,1
0.394260,-0.438285,1
-1.983180,-1.568035,1
-0.387655,1.209647,1
-2.420215,-0.880369,1
-0.560912,0.397595,1
-2.177893,-3.278099,1
-0.750106,-1.434083,1
1.644526,-1.535725,1
-0.745087,0.567491,1
0.667510,-0.393436,1
0.636103,-0.086453,1
0.432462,-3.213631,1
-0.229578,-1.725892,1
-1.395767,-0.882098,1
-1.204309,-0.898808,1
-0.314009,-0.657443,1
-2.444972,-2.011770,1
-0.180141,-1.692796,1
-1.758499,0.084415,1
-1.286951,-1.291320,1
-1.024333,-0.852795,1
-0.800753,-1.578456,1
-1.033226,0.150522,1
0.623100,-1.018976,1
0.259258,-0.177252,1
-0.000292,-0.342637,1
-2.476899,-1.772087,1
-1.244740,-3.460199,1
-1.902142,-0.081823,1
-1.824539,-0.823976,1
-1.083822,-2.103955,1
2.084470,-0.325938,1
-0.091150,-2.396093,1
-0.436256,-1.202600,1
-0.572833,-1.209972,1
0.201962,-1.837100,1
-1.875209,-0.696840,1
-1.662692,-0.488217,1
-1.532283,-2.442387,1
-0.889439,0.115223,1
-0.654352,-2.456324,1
-1.744466,-0.601495,1
-1.864656,-1.543808,1
-1.225716,-0.634877,1
0.025083,-0.871964,1
1.092220,0.327971,1
-2.422805,-0.288300,1
-1.785108,-1.413973,1
-1.332430,-1.313952,1
0.471273,-2.314720,1
-0.619617,-1.534244,1
-1.233721,-1.132924,1
-2.456613,0.636856,1
1.105140,-0.695260,1
0.025982,0.684019,1
-0.581483,-0.357846,1
0.321583,-0.023726,1
-0.894656,-1.458748,1
0.831659,-0.713166,1
-1.611432,0.941728,1
1.114069,-1.237062,1
-1.921417,-1.608925,1
-1.280481,0.438969,1
-1.386034,-0.374022,1
0.807171,-0.365264,1
-2.492602,1.389776,1
0.380419,1.402073,1
-2.256814,-0.830451,1
-1.034364,-3.420017,1
-1.937073,-1.744059,1
-0.030052,-0.145545,1
-0.865522,-1.543814,1
-0.697180,-0.885830,1
-1.152151,-1.397845,1
-0.305088,-1.843402,1
-1.626101,-1.807048,1
-1.130383,-1.331147,1
-1.002565,-0.028702,1
-1.070593,-1.083726,1
-1.397506,0.364137,1
-2.204514,0.395414,1
-1.079007,-1.194155,1
-0.759315,-2.197824,1
-1.304017,-0.594781,1
0.500822,-0.557721,1
-2.002172,-0.070313,1
-0.758868,0.386815,1
-1.315192,-1.777975,1
-0.967404,-2.282501,1
-0.690755,-0.418900,1
-0.898177,0.716571,1
-1.297319,-0.855225,1
0.750237,-1.452181,1
-0.292339,-1.111741,1
-2.549842,0.854355,1
-2.466054,0.179124,1
-1.362038,-3.239964,1
-1.714161,-0.379085,1
0.573442,-0.440910,1
-1.857077,0.297219,1
2.651917,-1.608171,1
1.347075,-0.198225,1
-1.549854,-1.876575,1
0.449151,-1.485179,1
-0.735264,-0.782299,1
-2.715200,0.618210,1
1.050841,-0.684706,1
-0.251573,-0.687398,1
-1.175577,-0.888413,1
0.298041,-1.590174,1
-1.191856,-1.159975,1
0.945141,-0.670685,1
-2.190937,0.043146,1
0.016861,-0.075896,1
-0.140921,-2.731931,1
-2.284355,-1.404620,1
-1.534608,0.352487,1
0.714826,-1.617365,1
-1.279360,-2.709073,1
-1.626016,-1.440412,1
-1.951363,-2.205216,1
-0.412499,-0.530604,1
-0.546402,-1.163016,1
-1.423965,-1.509820,1
-0.047738,-0.095326,1
-0.129041,-1.128884,1
-1.011039,0.225835,1
-1.739950,-0.973922,1
-1.768949,-1.963636,1
-1.850624,0.715065,1
-1.039896,-0.904572,1
-0.922521,-2.075256,1
-3.573095,-2.215411,1
-1.674505,-1.846079,1
-0.720944,-2.428931,1
-1.472802,1.087594,1
0.472256,1.590084,1
-0.250958,-0.225516,1
0.494621,-1.550154,1
-1.394055,-0.478824,1
0.506179,-0.847968,1
0.198008,-1.885910,1
-0.780329,0.144622,1
-0.582752,-1.703255,1
-1.193910,-1.389910,1
0.702199,-1.424158,1
-1.344488,-1.822100,1
-0.029843,0.306880,1
-0.530829,-0.800002,1
-0.901148,0.718502,1
-0.973133,-2.397193,1
-2.686344,1.067421,1
-2.261851,0.136596,1
-0.288480,-2.405868,1
-1.950325,-0.844914,1
-0.727022,-2.022021,1
-0.869490,-2.184348,1
-2.042542,-0.001482,1
-1.840384,-1.949273,1
-1.517090,0.931266,1
-0.054553,-1.694537,1
-1.946714,0.285940,1
-1.529737,-1.506175,1
0.048379,-1.815675,1
-1.128342,0.438058,1
-0.429409,-0.164663,1
-1.302136,-1.499218,1
-0.514498,-2.369301,1
1.038295,-1.290966,1
-2.561290,-2.744132,1
-2.609036,-2.467721,1
-0.289912,-1.380517,1
0.443978,-3.217663,1
-0.141569,-3.129641,1
-0.805423,-0.108502,1
-1.566495,-0.832900,1
-2.480891,-1.208436,1
-1.607916,-0.017788,1
0.556841,-1.308115,1
-2.381267,-1.519334,1
-2.477831,-0.756375,1
-1.171519,-3.311136,1
-1.530439,-0.035271,1
-1.309776,0.524721,1
-0.786004,-1.993655,1
-1.093201,-0.743826,1
0.145038,-0.677104,1
-2.353988,-1.479431,1
-1.604465,-1.570572,1
0.196643,-1.389392,1
1.438702,-1.197325,1
-1.983153,-1.278327,1
-0.074834,-2.821502,1
-0.846978,-0.366940,1
-0.489375,-1.805221,1
0.118091,-0.974527,1
-2.552401,-0.839112,1
-1.350310,-1.283870,1
-2.430808,-0.663863,1
-2.555604,-1.215752,1
-0.318879,0.063124,1
0.705386,-0.659694,1
-1.664241,-0.877482,1
-1.093417,-3.142777,1
-0.420999,-0.400425,1
-1.365816,-1.721849,1
-2.661900,-2.524092,1
-3.211000,-0.844969,1
-0.460026,-1.786980,1
-0.557256,-1.722738,1
0.131074,-2.052418,1
-0.656868,-1.521677,1
-1.803847,-2.230359,1
0.586096,-2.102403,1
-0.507350,-2.628973,1
-1.354526,0.279716,1
-0.549847,0.398448,1
-1.258275,-2.425062,1
-0.938958,-2.101897,1
0.133603,-0.709063,1
-1.853157,-1.124947,1
-0.793851,1.203442,1
-3.063502,2.114215,1
-0.998212,-2.003515,1
0.742085,-1.342685,1
-0.356259,-0.150421,1
-0.239182,-0.898125,1
-1.818457,-3.380586,1
-0.918752,-1.988790,1
-0.669034,0.451980,1
-2.292467,-2.214720,1
-0.892961,-0.914819,1
0.233815,-1.018847,1
-1.432551,-1.281948,1
-1.459687,-0.613116,1
-1.116101,0.458497,1
-0.490538,-0.762358,1
0.772778,-2.184813,1
-0.003786,-0.333705,1
-0.739810,1.562414,1
-1.195708,-0.584573,1
-2.630540,-0.593378,1
-0.974288,-1.948130,1
-0.294304,-2.017394,1
-1.550063,-3.266244,1
-1.656406,-0.919075,1
0.112171,-2.562071,1
-1.444637,-2.121755,1
-1.530994,-1.671319,1
-3.447664,-1.104876,1
-0.335145,-4.033607,1
-0.664320,-0.172048,1
0.472738,-2.478411,1
-0.515045,-3.412975,1
0.330190,-0.499632,1
-0.558869,-0.862661,1
0.192344,-2.008447,1
-1.305537,-0.747876,1
-2.410218,-0.820489,1
0.695966,-1.173923,1
-1.729094,-2.689314,1
-1.438549,-0.381305,1
-2.520432,-1.058750,1
-1.581468,-1.027086,1
-2.033236,-3.113730,1
-0.817414,-0.591662,1
-1.379267,-1.014134,1
-0.327653,0.876571,1
-0.734454,-2.050670,1
-1.626033,-0.900276,1
-1.654274,-1.716413,1
-0.691186,-2.638753,1
-0.654259,-0.933385,1
-2.484518,-0.651804,1
-0.987795,-1.565700,1
0.833499,-0.043858,1
-0.708613,0.223986,1
-1.551256,0.237373,1
-1.839496,-2.768886,1
-0.630576,-0.625731,1
-2.455844,-0.578639,1
-0.294996,-1.276000,1
-1.748310,-0.700291,1
0.684589,-2.129659,1
-1.509098,-1.459509,1
-1.811126,1.448242,1
0.383595,-0.644302,1
-2.485901,-2.298201,1
-1.401665,0.311846,1
-0.169341,-1.029851,1
-0.780445,-0.301144,1
-0.853218,-2.075892,1
-1.026327,-1.990415,1
-0.048202,-1.102772,1
0.085241,-1.219175,1
-2.406045,-1.293641,1
-0.970181,-0.410063,1
-2.859776,-1.906641,1
-2.703448,-3.456411,1
-0.684297,1.283469,1
-0.716891,-1.136473,1
0.353159,-2.034748,1
-1.115612,-0.669463,1
-0.142912,-1.285831,1
0.191233,-0.749153,1
0.054997,-0.977813,1
-1.076718,-0.470848,1
-1.384469,0.453320,1
-1.712097,-2.379697,1
-1.595672,0.139001,1
-0.148164,-2.369739,1
-2.845405,0.121521,1
-1.453595,1.201309,1
-2.156062,-3.204254,1
-1.411600,-0.495575,1
-0.409105,1.344610,1
-0.450334,-0.119332,1
-2.075894,-1.289073,1
-0.283585,-2.038392,1
0.288374,-1.862127,1
-1.081656,-2.077223,1
-1.141853,-1.779076,1
0.105175,-0.786546,1
0.622439,-0.381129,1
0.158473,-0.822834,1
-0.478473,-0.998393,1
-0.381135,0.091558,1
-0.196731,-0.067848,1
0.101025,0.057144,1
-0.421326,-1.610813,1
-1.408052,-2.690482,1
-0.989733,-2.790277,1
-0.296795,0.835038,1
-1.970465,-0.634021,1
-0.823058,-0.174470,1
-1.743651,0.608634,1
-0.727118,-0.181565,1
-0.294998,-1.985116,1
-0.654091,-1.229214,1
-1.050113,0.045786,1
0.418949,-1.075943,1
0.566147,-1.950672,1
-0.395623,-0.509553,1
-1.433498,-0.998539,1
-0.482306,-0.340556,1
-0.385990,-1.544047,1
1.084340,0.872522,1
-0.630630,-2.369293,1
-0.794050,-1.444139,1
-3.366950,-0.553672,1
-2.654598,-2.579844,1
-0.688612,-0.336411,1
-1.927801,-0.626923,1
-0.366105,-1.623813,1
-1.049933,-0.770487,1
-0.909284,-0.564497,1
-1.283576,0.590708,1
-1.013304,-1.065754,1
-0.407687,-1.835858,1
-1.523571,-0.146270,1
-1.535149,-2.318139,1
-1.443311,-0.207169,1
-0.781126,-2.920973,1
-2.079763,-1.226336,1
-2.612275,-1.473299,1
-0.344768,-0.040554,1
0.966228,-1.463151,1
-1.160435,1.167954,1
-0.186753,-1.229016,1
-1.245107,0.340005,1
-0.206255,-0.984601,1
-2.535204,-1.330333,1
-1.752421,-1.989139,1
-1.126882,-1.940438,1
0.313341,0.300947,1
-2.530541,0.360617,1
-1.256474,-3.417284,1
-1.151805,-1.421967,1
-0.203498,-1.363250,1
-1.233506,-0.120691,1
0.694331,-1.354998,1
-2.014798,0.092815,1
-3.695358,-3.504636,1
0.614799,0.255286,1
0.719601,-0.129574,1
-0.156863,-1.919265,1
-2.824939,-1.074828,1
0.186701,-1.595987,1
0.558235,-0.556071,1
-2.308811,-0.985005,1
-0.537384,-1.062612,1
-0.833375,0.689716,1
0.871799,-1.935453,1
-0.458170,-0.513522,1
-2.274690,-1.082862,1
-0.439029,0.209811,1
-1.969623,-0.028897,1
-1.504876,-0.021111,1
-0.399312,-1.586095,1
0.097472,0.511157,1
-1.352429,-0.818358,1
-1.363969,-1.112294,1
-1.009240,-0.704046,1
0.379721,-2.121598,1
-1.559022,-0.652052,1
-1.039044,-1.293020,1
-0.885185,-0.388025,1
-1.147152,-0.940698,1
-0.429126,-2.584481,1
-1.601485,-0.900814,1
0.812704,-2.763370,1
-1.016951,-0.252932,1
0.289471,-1.545319,1
-1.556217,-2.676893,1
-0.697766,-0.662314,1
-0.729424,-1.555731,1
-1.478599,-0.744979,1
-0.089487,-1.667910,1
-0.694785,-2.194462,1
-0.938109,-2.062344,1
0.243100,-0.913579,1
-0.145679,-1.726034,1
-1.770043,-1.062624,1
-2.293746,-0.016908,1
-1.780457,2.053198,1
-1.285359,-0.735891,1
-1.209366,-0.792131,1
-1.510522,0.575769,1
-0.648065,0.372773,1
0.375127,-2.280042,1
-2.441473,-0.293420,1
-0.159034,-1.129397,1
-0.294443,-1.761549,1
-0.600687,-1.124137,1
-0.672472,-1.834127,1
-1.507243,0.225428,1
-2.618412,0.357011,1
-1.455394,-0.657065,1
-2.853912,-0.476845,1
-1.230956,1.670609,1
1.229657,-2.609832,1
-2.271877,-2.110158,1
-1.535439,0.058556,1
-0.048320,0.006231,1
-0.952000,-0.207477,1
0.297425,0.735291,1
-1.343224,-0.568918,1
-0.694675,-0.194122,1
-1.017738,-1.513560,1
-0.983917,-0.835237,1
-0.709786,-1.722164,1
-0.495227,-0.461086,1
-0.778536,-2.877565,1
-1.353021,-2.356035,1
0.456012,-0.179210,1
-3.418481,-1.532108,1
-0.333891,0.281677,1
-0.744096,-2.107717,1
-0.903029,-0.849804,1
0.729956,-1.216774,1
-1.048702,-3.210864,1
-1.212550,0.104442,1
-0.315325,-2.081487,1
-2.344782,0.599487,1
-0.923568,2.023733,1
-0.545177,-1.296217,1
-1.063924,-1.288746,1
-0.847563,-0.883186,1
0.367819,-1.278964,1
-0.648003,-2.362067,1
-1.645048,0.487174,1
-1.684348,-1.862518,1
-1.089928,-0.609081,1
-1.749980,-1.060803,1
-0.301977,-2.069029,1
-2.087603,-0.597898,1
-1.044308,-1.276498,1
-1.052600,1.216385,1
-1.790415,-2.082014,1
-0.417245,-0.971932,1
-0.013761,-0.838978,1
-2.553888,0.020497,1
-2.312285,-2.656907,1
-0.949945,-0.242276,1
-1.134004,-2.226694,1
-3.248540,-0.400476,1
-1.442456,1.633493,1
-1.015965,-2.042779,1
-1.193862,-1.733003,1
-0.165635,-1.748295,1
-0.608911,-1.201584,1
-2.087402,-0.590760,1
-0.701284,-0.809213,1
-0.691820,-0.794292,1
-2.894090,0.084610,1
-0.582527,-2.222661,1
-1.684898,0.201477,1
-0.960094,-2.305696,1
1.487388,0.080862,1
-0.535799,-1.383226,1
-0.366307,0.071686,1
-1.241354,-0.652655,1
-0.890013,-0.513583,1
-1.335642,-0.068856,1
-1.293266,-2.997550,1
-1.794378,-3.390430,1
-1.325788,-0.462602,1
0.995507,-0.254885,1
-1.640837,0.067270,1
-1.700605,-0.883181,1
-2.871427,-0.323071,1
-0.994149,-0.527345,1
-1.193544,0.022190,1
-0.743150,-0.072088,1
0.249238,-0.680703,1
0.694488,-0.282396,1
-0.341012,-0.480150,1
-2.967494,-1.779653,1
-2.413021,-0.484499,1
0.835254,-2.654545,1
-1.673950,-0.445135,1
-1.191020,-1.943925,1
-1.468069,-0.746115,1
-0.837632,-1.017356,1
-1.096085,-1.848558,1
-0.908944,-0.554970,1
0.446365,-1.174101,1
0.151775,-2.339311,1
-1.516582,1.617526,1
-2.660152,-1.580303,1
-0.239052,-1.675398,1
-1.648601,0.013389,1
-1.009374,-1.046697,1
-0.433031,-0.765071,1
-0.314819,-2.188683,1
-1.430040,-0.569502,1
-0.757057,-1.325167,1
0.468190,-2.301204,1
-0.387084,-0.022611,1
-2.443838,-0.761083,1
-1.016668,-0.595380,1
0.867166,-1.288387,1
-3.066390,-1.075999,1
-1.702792,-1.079506,1
-3.360168,-2.572961,1
