-0.876944,-0.567233,0.151007,0.601240,-0.421230,0
2.001905,0.167094,-0.393885,-0.110552,-0.293281,0
-2.782854,1.219200,-1.635470,0.032124,-1.825236,0
1.615364,2.586598,2.007826,3.515531,-0.985448,0
-5.408943,-0.382842,-0.765182,-0.083281,-2.357318,0
6.246328,0.733612,0.409751,-2.088999,-2.740490,0
1.623275,0.671089,-1.191033,0.942412,0.423103,0
-1.816177,-0.813150,-0.832182,-0.834044,0.476523,0
6.718108,0.274773,-0.298502,0.094785,0.830544,0
1.146683,-0.606097,3.739995,-2.638261,0.529876,0
0.312300,0.307182,2.453790,-2.803721,-1.104219,0
1.902111,-0.319623,-0.812923,2.238676,-1.177314,0
0.326050,4.162265,-1.464809,2.284653,-0.664004,0
-0.880030,1.932416,-0.603716,-0.088588,1.397991,0
0.854464,-1.146767,1.017197,-2.885819,-1.755953,0
4.008819,0.126571,-2.687896,-0.375453,1.029510,0
-0.169480,0.221435,1.610168,-0.398879,-1.010705,0
-0.923686,-1.889806,0.892978,1.294081,-0.000895,0
3.010837,-1.633806,-1.442949,1.056669,-1.805571,0
1.429703,-1.335009,1.171765,-0.370046,-0.547940,0
1.450908,-1.906797,1.199730,1.321460,2.968405,0
0.443243,0.202570,2.140494,-0.262424,1.489502,0
0.325007,-3.944826,-0.478309,1.649023,-1.406734,0
0.425946,3.515858,-0.460084,-0.280316,-0.081474,0
1.058407,-0.508207,1.272821,-1.686989,1.860538,0
1.484313,1.258284,-1.346189,-0.674945,3.472549,0
4.324656,3.785685,1.279974,-2.362137,-1.826290,0
4.032091,-0.821016,1.819192,-2.832541,-2.543823,0
-0.504092,-4.036900,-1.598911,-1.438477,-0.738564,0
-0.080058,0.132712,-2.106791,-1.316120,-4.797235,0
1.957991,0.055422,1.312961,-3.894464,0.868690,0
0.691860,3.088845,0.457279,-2.588547,1.470145,0
-0.789806,0.825085,-2.133156,-1.113008,-1.683675,0
3.625294,-2.452330,1.500408,2.210196,3.431077,0
-1.437120,-0.432328,1.351036,1.415261,1.641234,0
1.012479,-0.603938,1.064701,-1.784634,0.296269,0
1.244551,1.571594,2.864351,-0.328456,5.191526,0
2.195130,0.417391,-0.321297,0.351697,-3.037159,0
1.645770,1.814484,1.532484,0.713081,1.079723,0
-0.116433,0.422098,0.618475,-0.616566,0.186954,0
2.505341,2.673297,4.378061,1.170238,-1.811706,0
2.658648,-0.684496,-3.813791,0.130806,-0.030496,0
-2.962979,-0.991751,-2.331949,1.725903,-0.542716,0
3.344828,0.105387,0.206777,0.727569,0.129187,0
1.597053,-2.880168,-0.995239,-1.336304,-0.563578,0
-0.630320,-2.338520,1.701714,2.336415,3.424904,0
-2.302288,1.500158,-0.886036,-0.452758,-1.537265,0
1.327522,2.162099,-1.283919,3.864623,0.189208,0
1.372606,-2.484888,2.472363,0.329146,-0.374971,0
2.595855,1.236408,-2.554731,0.440825,-0.401035,0
-1.739344,-0.045311,0.862225,-1.995016,-0.831894,0
-3.588716,-0.171499,4.038231,-2.997304,0.121904,0
0.779117,0.133990,-1.593338,-1.044920,2.507002,0
0.854921,-2.827302,3.634371,-1.806080,-2.233388,0
3.651619,0.160578,-1.992484,-2.294208,-0.773716,0
-1.131939,-1.315185,-2.302166,0.625982,0.598331,0
1.725427,-1.844534,-1.839626,-0.869693,-6.218649,0
-1.418910,0.615431,1.098527,0.441552,0.174502,0
1.051866,-1.470272,-0.590206,1.159129,-3.435943,0
-5.273593,-2.716177,3.019896,-1.343547,-0.746898,0
1.036869,-2.007499,-1.828850,-1.669606,0.903774,0
-0.841481,-3.911510,-0.295497,0.035173,0.023308,0
0.308773,0.021838,-1.661910,1.344542,-2.766201,0
-1.840139,-1.714990,-0.891703,0.618454,1.636115,0
1.127621,-0.411805,4.645711,-0.958777,-0.017115,0
4.111462,-1.451576,-0.742932,3.646354,-0.225257,0
0.471433,1.495013,0.655676,0.700513,0.445074,0
1.025702,-1.753345,0.314235,-0.672237,0.194310,0
0.734466,-1.673907,-1.700064,-1.315109,1.737635,0
1.153721,-3.312590,-0.701896,-0.978431,1.936003,0
1.733232,-0.629501,0.591806,1.006388,-2.180833,0
2.739006,-1.824000,1.763434,-0.046405,-1.215366,0
1.675823,-1.522758,-1.140979,-1.207263,-2.800583,0
2.537108,3.828206,3.036813,0.245485,-0.382060,0
4.199553,-0.563958,0.004446,1.243953,1.417375,0
2.115499,-2.776435,-0.581990,-0.911155,-0.512196,0
2.083589,1.484676,-0.809791,-1.387690,0.534527,0
0.740538,0.296751,-0.040921,2.530561,2.703347,0
-1.084877,4.345857,-1.215621,3.814129,-1.076781,0
1.612926,-0.065444,1.160181,-1.590734,-0.129500,0
2.428068,0.476620,0.122238,-0.091799,-1.947204,0
3.934700,0.987000,0.587307,-2.903184,2.817028,0
1.114496,1.566549,1.018545,-1.154037,2.259617,0
-1.585281,-3.723596,-0.285526,3.641073,-0.618179,0
-1.670371,3.743467,-0.208807,-1.619019,-1.911661,0
0.414535,-3.085722,4.038494,-3.059381,-0.121037,0
3.337674,-0.020391,1.155645,3.381386,2.009339,0
3.772918,-2.052523,-0.557484,-0.023879,1.699589,0
2.226754,3.157377,1.493790,-0.110313,-0.278233,0
-1.295352,-3.382463,0.624287,-1.327166,1.427220,0
-1.924924,0.966340,1.535673,-0.624014,-1.230965,0
-0.849358,-2.068322,0.086807,0.527434,-1.350307,0
-0.972289,0.278250,-2.168128,-0.527832,0.218172,0
2.072282,3.866363,2.135368,-2.515142,-0.844861,0
-2.684132,0.591413,-0.951711,0.339756,-0.751257,0
3.248507,-2.923960,3.007481,-0.290930,0.920053,0
-0.487339,2.142790,0.255713,0.896534,-1.155352,0
1.227114,-1.025269,1.553839,-3.813358,-0.697063,0
1.168303,0.368923,-0.035429,-2.836673,-0.457856,0
2.195559,3.380685,1.554159,-0.557974,1.403314,0
4.780191,1.747604,-0.358727,1.648416,2.295204,0
2.882427,0.097157,-1.069418,-3.931871,-0.070589,0
3.095514,0.582113,4.491483,-1.903471,-3.902831,0
-2.962732,0.129200,-0.905190,1.682569,4.735455,0
2.121217,-0.722445,-3.259914,0.338659,-1.141957,0
3.295218,1.965848,-2.268293,1.234921,0.298609,0
1.805936,2.607363,-2.139287,-3.253830,-2.384547,0
0.938347,-1.025454,-1.378082,-1.204482,0.942731,0
-0.550586,0.522259,0.222478,-0.504520,-1.026205,0
1.815715,0.201398,-2.209616,-3.214360,0.840590,0
-0.335465,3.238622,-3.747263,0.330682,2.587578,0
1.796535,3.242284,2.027016,2.273016,-0.672478,0
-0.591820,1.901174,-0.790540,-1.687824,1.023952,0
-1.452631,1.608619,0.611616,0.785870,2.247042,0
3.143530,-1.898147,1.698304,-1.052298,-2.240948,0
1.038456,1.528874,-0.598534,2.334333,-2.166448,0
2.287657,-1.152383,-1.843459,0.961071,-0.126459,0
-0.487721,-3.954721,-1.555301,-1.042669,5.927732,0
-0.302505,-0.347701,1.983009,-0.869654,1.242560,0
2.284553,-1.524623,1.458399,-0.796342,1.163734,0
-1.239546,-0.418181,-0.761628,-1.581055,-0.990347,0
-0.497576,0.231943,-1.646203,-0.435183,2.705339,0
2.534381,-0.906648,3.177549,2.359414,1.425538,0
1.082060,0.617047,-0.467003,-1.252405,-2.322660,0
-1.807947,-1.875523,-1.423313,-1.233796,-1.171306,0
-2.864531,0.748964,2.359104,-1.337229,-0.049666,1
3.177229,-0.494724,0.136230,1.687061,-3.670590,1
3.229870,-2.679290,1.874088,3.513579,-0.618034,1
-0.566696,3.584625,-1.014727,-1.962549,-0.057878,1
-1.778049,-0.468958,0.624890,-3.671040,1.260620,1
0.210356,-1.527292,1.579844,2.973574,3.161219,1
0.804688,0.586323,3.439854,0.021864,2.974134,1
-5.063861,0.233063,3.367972,-0.960302,0.633621,1
3.302929,-1.951633,-1.218229,1.592183,0.150746,1
-0.069509,2.501178,1.507545,-0.202885,-3.382473,1
2.114692,1.363540,-4.036998,-0.958095,-1.518063,1
1.186580,0.820934,0.780295,0.416761,1.149542,1
0.334068,-1.256168,-2.823570,-1.725989,0.074747,1
-1.017450,-0.814532,-0.513820,2.184175,4.737439,1
-0.738332,2.871323,0.634230,-1.043020,0.655878,1
-3.847901,-0.413988,0.508772,0.342373,0.836402,1
-0.423405,-0.228340,1.089640,1.491394,4.753086,1
-0.867982,-0.749091,-2.749400,-2.877445,0.038845,1
0.772586,-0.705923,2.896235,-1.135907,0.828186,1
3.199859,-1.605096,0.559612,3.143484,-0.773049,1
-3.103564,-2.846657,2.394525,2.365703,0.470737,1
-3.277815,0.816556,-1.963878,2.742006,3.214644,1
-1.889665,-1.164804,-1.918682,-4.648311,-0.455619,1
-0.297298,-1.297598,-1.021615,-1.231335,-1.376421,1
0.171249,-0.855467,-2.992666,2.773037,2.588719,1
2.093456,1.174766,-2.809662,0.618444,-1.748434,1
-1.529662,-0.189508,-0.433259,1.533148,-1.882867,1
-3.991243,-0.044294,-0.858307,-3.356384,-2.602239,1
0.618079,-0.912041,-2.550192,-0.699300,0.626136,1
-2.444283,-1.222314,-0.607880,0.693168,2.345997,1
-2.039907,-1.192231,1.278114,-1.885076,-0.670760,1
1.140705,4.156846,2.196322,-2.228943,1.871092,1
-0.069298,2.956608,1.755564,-1.134720,-0.367607,1
2.553119,0.112684,2.541852,0.971935,1.177435,1
-2.655408,-0.887542,-0.569948,-2.272370,2.115277,1
-3.390346,0.533076,-2.001635,2.606702,-0.253237,1
-3.422447,0.845060,-0.095212,-0.867679,0.987386,1
-5.665399,-1.225270,-3.032052,1.498228,-3.492013,1
-0.066969,0.419302,1.933565,4.122885,-2.595014,1
1.515848,4.849079,-0.823208,-0.018894,2.057713,1
-1.534430,-0.666143,3.236700,1.318619,0.884043,1
-1.273188,-0.751591,3.190784,-2.713255,-0.231711,1
-0.547672,0.327286,-1.484749,-0.286061,-1.278724,1
0.811828,3.741628,-0.370648,0.208523,1.489023,1
-1.557018,1.357002,0.420457,-1.670962,-1.660912,1
-3.237813,-0.657785,-3.602843,5.358078,2.433639,1
-4.408591,0.224188,1.152960,0.106565,-2.922392,1
-0.939409,-3.167777,2.153421,0.235617,-0.077067,1
1.699752,3.607044,-1.174518,0.555342,2.122878,1
-0.307145,-1.007437,3.368465,-0.157454,5.326034,1
-3.727731,1.890146,0.626293,-0.319605,0.486135,1
0.245087,-0.889536,-0.235564,0.889436,1.626532,1
-0.676779,1.782022,-2.056205,-1.798790,4.351596,1
-2.645917,0.819920,-0.964676,-0.522668,1.907687,1
-1.377625,1.259561,1.808193,-3.251439,-0.085835,1
2.380787,0.753440,-2.664700,-1.348671,-1.012157,1
0.334866,2.221626,-0.184805,-1.297800,-3.248033,1
1.455219,-0.472467,-1.238367,-2.869653,2.252344,1
-1.036433,0.794739,0.925464,0.165785,2.709604,1
-0.312260,2.050325,1.845454,-1.887194,1.012296,1
-0.191979,1.975082,0.532068,4.009451,-0.743524,1
0.930067,0.844835,-1.846642,-0.298571,0.188559,1
-0.178533,-2.192710,2.202122,-2.508027,-1.735600,1
-1.147296,-0.215277,-1.023167,2.200399,0.619600,1
-1.738806,-1.034725,1.572174,0.663221,1.894488,1
-1.455479,0.854816,-2.138707,0.357236,-0.310046,1
0.244107,-0.849564,0.799032,1.773125,-0.939006,1
-6.826531,2.664881,-1.567614,-3.645118,-0.718266,1
-5.296183,-2.160728,-1.122486,-2.929599,0.483593,1
-1.302073,0.418626,1.000423,4.474324,3.008162,1
-2.896952,1.536095,-2.227897,1.351936,3.352981,1
-3.533590,-4.115446,-2.168429,-0.343048,-1.146981,1
-2.632455,1.768318,-0.246621,0.614420,-0.560537,1
-2.895143,2.113201,-0.017239,1.070601,3.201757,1
1.053123,2.227489,0.722736,0.876596,-1.872545,1
-0.606647,-1.589675,-1.066797,1.498737,-0.744793,1
-0.803735,-0.841285,0.583609,-1.083642,-3.731727,1
1.171528,-1.947468,3.301600,-2.280073,0.825735,1
-0.708584,-2.517097,-0.129715,-1.777721,2.609693,1
-0.609148,-1.507231,0.802427,0.458774,-3.011343,1
-1.794753,1.160316,-0.037483,2.860355,-1.821488,1
-0.302452,-2.035010,2.087382,1.848701,4.175301,1
1.538538,1.072493,-0.623543,0.301075,-2.821326,1
0.737491,-2.567432,1.722147,-1.876325,-1.436999,1
2.388101,-1.758192,-0.685624,-0.324067,0.723228,1
-1.578738,0.988676,-0.397076,-0.836939,-1.467072,1
1.541591,3.783010,2.143959,0.203024,-2.833506,1
0.046511,-2.277931,0.379347,-1.195950,-0.678061,1
-0.292965,3.701660,1.359139,-0.789453,2.919320,1
1.629250,2.239604,-1.163379,2.919615,-1.887464,1
1.458612,-1.859059,0.476003,0.144258,0.863070,1
-0.699445,-0.549600,0.118445,0.439463,-2.034735,1
-2.676096,-0.713360,-0.369827,-3.187637,0.510214,1
-1.281974,-3.537178,-1.320120,0.668177,-1.374713,1
-1.280625,0.996742,3.410655,-0.014111,-1.309700,1
1.910551,1.281232,1.039344,-1.134149,4.077755,1
0.565266,0.792643,-2.312923,-3.227429,3.257656,1
-4.776467,1.657230,2.982452,-1.510307,0.459711,1
1.185636,1.211444,1.252577,-1.176954,1.342665,1
-4.054173,3.782724,-2.523978,-0.548850,-0.916925,1
-2.382589,-0.448221,1.274148,-1.303408,1.373777,1
-2.101749,-0.350674,-1.289606,1.488201,-2.096064,1
-0.096890,-0.183916,0.183954,-1.027602,3.730550,1
3.122304,2.611308,-0.178404,-1.055036,0.102955,1
-0.268294,-0.462177,0.556511,-2.736790,-1.037786,1
-3.186036,-0.092725,1.091126,-0.976041,1.131884,1
-0.263068,-3.127528,-0.128897,-0.959176,0.524147,1
-0.513945,-1.050691,1.061959,-0.082280,1.373400,1
-0.427835,-2.115070,0.202049,4.522156,1.368433,1
-0.614873,-3.035389,3.162461,3.961994,1.565038,1
-0.889505,-1.018754,1.174073,-0.171675,-2.067134,1
-0.825969,1.628670,0.833634,-0.182526,-2.350119,1
0.383143,-2.023189,-1.934829,-1.849373,3.035992,1
1.037510,-0.963001,0.578903,-0.614497,2.907713,1
-2.063137,-1.647356,2.624732,-0.411757,-0.926615,1
0.891604,0.366002,3.826685,-0.948115,0.893172,1
1.643257,1.254121,1.486550,-4.183641,-0.519535,1
0.590575,-1.340011,1.651410,0.471752,0.772697,1
-1.239851,-1.048118,0.576429,3.039532,-0.169983,1
-0.892169,0.588137,0.022152,-0.694753,1.042921,1
1.392406,-1.834022,-2.504827,1.686289,-1.145600,1
2.285593,0.720092,-0.001785,-2.166538,-0.328585,1
-3.558652,0.046387,2.905706,0.788340,-0.592105,1
-1.976199,-0.615155,2.723833,1.866666,2.853334,1
-2.145802,3.612603,3.137218,-0.418821,0.870770,1
