1.088847,-0.494078,1.195214,-1.344064,-0.018269,-0.523978,0.122914,0.630421,0.003151,0.087811,-0.594761,-0.479696,1.185978,0.681452,0.719893,0.397284,0.785902,0.059532,-0.718897,-0.512833,0.235406,-1.507043,-0.377131,-0.357844,0.056674,0.568123,-1.094640,0.284658,0.358969,1.110144,-0.011908,-0.522750,0
0.213240,1.155985,0.217736,-0.700487,0.651901,-0.457310,-0.184717,1.498536,-0.885831,-0.704942,1.445125,0.641466,-0.437643,-0.931672,-0.487341,-1.071483,0.914230,1.925027,-0.488948,-0.285288,1.724289,0.203058,-0.334229,1.452986,-0.248738,0.077195,-0.306618,0.421855,-0.244486,0.187689,-0.121280,0.374503,0
0.977146,0.753923,-0.224251,-0.657120,0.091845,-0.167156,0.467365,-0.339337,0.393949,-0.060635,-1.251281,0.063645,-0.780132,-1.259125,-0.704051,-0.451451,-1.271414,0.950482,0.450080,-2.171911,-0.751094,-0.254510,-0.781624,-0.176309,-0.681276,0.137157,1.630684,1.679103,-0.394295,0.218270,0.747684,-1.021370,0
1.083885,-0.391237,-2.117770,0.333832,-0.263285,-1.158819,0.556344,0.585411,0.864944,0.049499,-0.833554,0.315970,1.448167,0.212803,-0.363653,-0.550123,0.743599,-0.634161,0.148803,0.020560,0.879565,0.439854,-0.289075,-1.839128,-0.035274,0.692635,-0.419842,0.192116,-0.654314,0.231634,-1.366365,-0.466413,0
1.283105,0.553488,0.658508,0.163457,-0.492474,-1.390930,1.413436,0.515636,0.595716,-0.788644,-0.183306,-0.710719,0.207538,0.468732,-0.505510,0.375125,1.142396,-0.111351,0.062106,-1.103721,-1.088144,-1.282724,-0.578653,1.478218,-1.096058,-1.121943,-1.111860,-1.247908,-0.605325,-1.823596,-0.758736,-0.564795,0
2.357570,0.498518,1.269755,-0.516925,-0.478269,-0.397605,-1.467184,-0.139718,-0.490837,-0.170713,-0.466222,-0.541548,-0.509063,0.600609,0.995932,0.321252,0.030337,-0.184835,-0.734022,-0.398897,0.659221,0.640253,0.127572,0.069601,0.046459,0.201634,-0.006941,-0.211158,0.207364,0.404190,-0.092811,-0.402428,0
0.816165,0.765990,-0.946566,-0.283201,1.046002,-0.952669,0.321695,0.488739,-0.354532,-0.128142,-0.079970,0.421891,0.546079,0.613112,-0.452020,0.908778,-0.659088,-0.798679,-1.264619,-0.345032,-1.804958,0.664988,-0.605839,0.221365,-1.374689,-0.166014,-0.955171,0.909660,-0.326071,1.019751,0.751305,-0.432341,0
1.475563,-1.168407,-0.610301,1.085202,1.350301,-0.216169,-0.294971,0.978634,-1.012394,-0.111318,-0.034060,-0.295350,-0.638540,0.594774,0.134742,-0.461287,0.686170,0.873608,0.374144,-0.944890,0.201301,-1.444913,0.430372,0.167961,0.127947,-0.325959,-0.219133,-0.052904,0.184442,1.441834,1.043579,-0.042164,0
0.448273,-0.298712,-0.776092,-0.771543,-1.322364,-0.085559,-1.040264,0.861959,0.897458,0.453274,-0.896061,-0.461356,-0.210295,0.422200,0.086949,0.932530,0.774727,-1.206479,-0.611588,-1.055242,1.042779,-0.298138,-1.041718,-0.824613,-1.279352,-0.429144,0.017007,-0.335636,0.292784,-0.441752,1.612870,-1.409347,0
1.371228,-0.923630,0.450460,0.472414,1.265178,0.330972,-0.313823,0.329570,-0.673469,-0.172703,-0.133414,0.599815,0.025854,-0.040961,-0.251777,-0.628785,1.514665,1.371698,0.706469,0.438079,-0.612661,1.471054,0.159671,0.909773,0.335756,-0.962777,0.727120,-0.691205,0.022612,-1.982915,-0.154000,-2.043381,0
0.586301,0.757969,0.233185,-0.701663,-0.119318,1.466111,1.410734,0.270223,-0.041602,0.314255,0.608555,0.907400,-0.049095,0.309829,-1.165813,0.585750,-0.304797,-0.514822,-0.008639,-0.675714,-0.227360,-0.576309,-1.153613,-0.046379,-0.473057,-1.419526,-0.858681,-0.739924,-0.223179,0.332075,-0.433363,-0.653526,0
1.285816,0.556060,0.434364,-1.126008,0.223140,1.533580,0.151012,-0.473169,-0.893013,0.168611,1.166357,-0.498197,1.209817,-0.636390,0.933094,-1.424551,-0.661642,0.934672,1.251724,0.736443,0.048359,-0.606194,0.888686,0.824036,-0.092556,0.868896,1.078528,0.831031,0.318447,-0.232284,0.389322,0.046435,0
1.677390,0.852552,-1.129712,-0.680445,0.932512,-0.014777,1.265193,0.885575,0.211531,0.563486,1.387644,0.750957,0.847187,-0.435100,0.165883,-0.956633,0.097002,0.972362,-1.205436,0.166487,-0.174360,0.771306,0.932942,0.578696,1.092642,-0.429516,1.025519,0.357177,-0.092522,-0.113884,-0.161833,0.386679,0
-0.210010,1.172575,0.718098,-0.909419,-0.962627,-0.311625,-0.727226,1.724120,-0.860814,-0.097456,-0.349776,-0.536619,0.058553,-0.788576,-0.562685,0.614857,1.096196,0.213926,1.286462,-0.338924,-0.415306,1.874671,-1.756982,-0.664348,-0.042542,-0.810309,1.176311,0.879900,0.242329,-0.346067,-0.078067,-0.343595,0
2.755381,0.697546,1.109260,-0.452683,-0.119924,1.205973,0.072262,0.009651,-0.453882,-0.818128,-1.188215,-0.037919,-0.008373,0.419257,-1.336585,-0.538802,0.626544,-0.566262,0.120812,-1.527241,1.723927,0.108385,0.147001,0.041156,-0.922595,0.569328,-0.849312,-0.631534,0.398324,0.239157,0.989820,-0.366619,0
0.777413,0.077083,1.023112,-0.753712,0.119320,-0.611860,-0.128808,0.171952,-0.454224,0.091585,1.001293,-0.155866,0.002381,1.337701,0.481555,0.652340,0.265229,0.700344,1.106010,0.642405,1.424069,0.531891,0.679017,-1.265222,0.308082,0.686136,0.046763,-0.720734,-0.672052,0.234474,-0.404450,1.993483,0
0.784063,-0.128225,0.574483,-0.020521,0.621804,0.149206,-0.023279,-1.006292,0.063615,-0.817284,0.750559,0.488626,-1.091405,-0.028448,0.156341,-0.857677,-0.485052,0.374996,0.300474,1.044801,0.611699,-1.971144,0.992030,0.624800,0.810879,1.494367,1.101053,-0.016153,0.461446,-0.887463,-0.806700,-0.074956,0
1.428792,0.482032,-0.723395,0.535656,-0.657253,0.214921,0.137830,-0.350166,0.433221,-0.118695,-0.493657,-1.206034,-0.718445,0.846551,1.293756,0.589628,0.359457,0.196513,-0.693722,-0.780081,0.298567,0.916106,-1.009182,-0.922492,1.188124,-0.622318,-0.820987,-0.079490,-1.750623,-0.000303,-0.851484,-2.076669,0
1.112523,-1.241347,1.263473,-0.464281,-0.603721,0.506758,-0.536598,-0.737506,-0.258652,-0.570129,-0.844419,-0.051996,-0.702483,-0.539314,0.272478,0.762655,-0.045954,1.142939,-0.056113,0.695892,-1.670328,-0.939643,-0.144890,0.892045,1.020456,0.281824,0.650274,0.457495,0.345104,-0.847402,0.302882,-0.421812,0
1.519468,-0.614501,1.437945,-1.541969,1.790659,-1.138401,-0.476057,-0.666218,1.528281,-0.834717,-0.182704,-0.162469,-0.614493,0.080448,-1.020276,-0.357189,0.005039,0.440272,-0.485815,-1.716976,0.125964,0.965049,1.293757,0.660963,0.094028,0.865794,0.571135,1.723293,0.209459,-0.181114,-0.393786,1.184465,0
1.684447,0.488132,1.092353,-0.319683,-0.768555,1.310757,-0.322187,0.785087,0.869635,-0.313089,-0.703341,-0.635181,0.090438,-0.352421,-0.114970,0.676712,0.768538,0.122336,-1.288417,-0.178039,-0.428494,-0.068938,-0.996113,0.331559,0.904095,0.608538,1.997918,-1.271420,0.174399,-1.537182,0.230044,-0.240651,0
-0.208845,-0.213753,0.832332,0.323979,1.143316,0.633646,1.662216,0.172819,-0.169485,-0.600704,1.330564,-0.922530,0.323031,0.356003,0.421353,-0.232806,0.122426,0.000799,-0.047245,-1.059294,-1.527454,0.598613,-0.539181,0.248465,0.446572,0.115504,-1.469890,0.112625,1.673556,-0.503325,0.533207,-0.044427,0
1.016774,0.531333,-0.032003,0.703940,0.264632,1.230519,-0.843291,-0.442465,-0.607796,-1.073221,-0.499475,-0.586589,-0.170372,-0.110860,0.867267,0.422052,1.177489,-0.370667,0.319854,0.625911,-0.037336,0.547685,1.320004,0.906704,-0.422703,-1.272014,0.579075,-0.221984,1.103713,-0.371689,-0.255373,1.050430,0
2.131040,-0.239677,-0.090714,0.006027,0.027597,-0.925606,-0.546194,-0.285726,1.092551,0.039299,0.026479,1.322139,0.365464,0.152667,0.624028,0.737491,0.332830,0.595871,-0.169419,-0.522831,0.349342,-0.869400,-1.191395,-0.755080,-0.824754,-0.820289,-0.151885,0.792670,-0.524108,1.024860,-0.056323,1.533108,0
0.089875,-0.513618,1.515207,-0.588016,0.616883,-1.214814,-0.071490,0.340828,1.130857,0.137166,0.697413,0.514643,-0.246094,-0.245187,0.121674,-0.535023,-0.221960,-0.434695,-0.817879,-0.992756,-0.043096,-1.157698,-0.490802,1.035579,-0.446791,-0.145487,0.446697,0.291937,1.009042,-0.522584,1.494726,0.931292,0
-0.660574,0.902035,0.253373,0.183990,0.623380,0.331849,0.943004,-0.303511,-0.162450,0.583654,-0.655066,-0.051889,0.603749,0.528782,0.545221,-0.732125,-0.178335,0.265744,0.744112,-0.058473,0.058457,1.444323,1.792089,-1.480745,0.742142,-0.483182,-0.139828,0.370243,-0.406667,-0.939298,-0.018417,-0.747758,0
1.503011,-0.814976,0.769719,0.297096,0.464939,0.030997,0.861364,-0.717491,-1.034040,-0.595298,0.816725,0.619687,0.915354,-0.221017,0.977246,0.586084,-0.421913,0.064851,0.129989,-0.103638,0.749808,-0.571131,0.772167,1.288293,-0.274358,0.066480,0.576998,0.033985,0.239475,0.965863,-0.246879,-0.395000,0
0.901916,-0.319757,0.826627,0.140544,0.030881,1.493272,0.011853,0.348928,-0.719490,0.770347,-0.217634,-0.736642,0.975971,0.832671,0.278462,-0.028052,1.152674,-0.545894,0.318340,1.262686,0.312157,0.088260,-1.503133,0.890767,0.319678,-0.073007,0.601212,-0.904019,0.716625,0.613378,1.683359,-0.616427,0
1.268574,-0.623824,1.165714,0.277426,-0.395453,0.617294,-0.248417,-0.234334,-0.272976,1.203303,-0.110655,0.135267,0.626463,1.369068,0.619180,-0.172616,0.953214,0.860451,-0.169031,0.072150,0.124393,0.581118,0.011284,0.537421,0.298862,0.361851,0.251315,-0.837158,-0.105475,-1.711293,0.161752,0.112617,0
0.964985,-0.259015,0.151311,-0.957693,-0.325130,1.566893,0.499745,0.975522,0.573371,-1.011723,-0.248307,0.723259,0.332199,-0.332237,-0.054646,-0.250204,0.481470,-0.700078,-0.487101,-0.722179,1.045882,1.041857,-0.194421,-0.166775,0.471413,-0.068364,0.629330,-0.587947,0.206876,0.375404,-0.588844,0.478759,0
1.705299,0.625695,-0.761221,-0.691593,-0.571884,2.142915,0.748491,-0.005958,0.978824,0.991602,-0.054528,0.209835,-0.935126,-0.983386,-0.708375,-0.076985,-0.767251,-0.856601,-0.455850,-0.447485,-0.154246,-0.281292,-1.080448,0.126923,0.603740,-0.218490,-0.313686,-0.361276,0.658349,0.832032,1.236204,-0.485701,0
0.895470,0.379403,0.383347,-0.570147,-0.052263,0.864826,-0.321955,0.098947,-0.065193,-0.342270,0.347496,1.130848,-0.008301,1.498162,0.457221,-0.620441,1.495850,-0.523930,-0.721524,-0.323132,-1.201437,-0.360727,0.798649,0.623798,-0.159130,0.122160,1.686210,-0.079909,0.495397,-0.739431,0.437647,-0.644780,0
1.079455,-0.502269,-0.625003,0.663620,-0.304417,0.626137,-0.222579,0.520026,-0.330066,-1.445397,-0.527962,0.461924,-0.663627,-0.341882,0.547188,-0.581348,0.100704,-1.310727,1.285045,0.897745,-0.934850,-0.488922,-0.982890,-1.046179,0.460706,0.869604,-0.678926,0.369113,-0.587625,-0.747298,-1.024622,-0.903593,0
2.042897,-1.369091,0.237350,-0.159325,-0.394583,0.386436,0.088310,1.258374,-0.529628,1.821299,-0.227646,1.005813,0.812230,-0.782247,-0.549503,1.338376,0.472703,-0.712989,-0.341131,0.069624,-1.824193,-0.864314,0.512450,-0.692153,-0.764938,-0.804054,-0.086577,-1.797834,-0.891589,0.920411,0.766376,-0.250342,0
0.382643,-0.914749,2.238927,-1.017947,0.562539,-0.820475,-0.037899,-1.010637,0.465877,-0.507752,1.449492,-1.594822,1.257030,-0.533735,-0.443105,0.367493,-0.256506,-0.267098,0.909135,0.276926,0.064047,-1.192908,0.897506,-0.603133,1.370615,0.237770,-1.257827,-0.691462,-0.317307,-2.013002,0.236778,1.151544,0
-0.245501,-1.303352,-0.067924,-0.079999,0.694900,1.011693,-0.436154,0.497192,-0.685582,-0.124878,-0.499574,-0.571074,0.387554,0.162735,0.565457,0.543035,0.411081,0.423915,0.770762,-1.175877,-0.996663,-0.411346,0.329714,0.007513,-0.329067,-0.611541,-0.032977,0.130615,-0.848328,0.602373,0.863611,-0.600836,0
1.380222,-0.058740,-1.825509,0.731647,1.480886,0.537705,-0.711436,0.234289,0.254484,-0.605283,-1.171890,-0.098210,-1.031721,0.666054,-0.176879,0.964410,2.170696,-0.486807,-1.009912,-0.594661,-0.124775,-0.567514,0.162718,-0.196110,-0.877805,-0.449645,0.349116,0.055676,-0.287513,0.085559,0.211884,-0.234917,0
2.119717,0.304243,-1.693512,1.087258,1.037572,0.984134,-0.899003,1.029194,0.576968,0.285468,0.985496,-0.834980,-0.045331,0.565253,1.095078,0.498374,-0.257650,-0.601213,-0.065383,-0.788589,-0.156455,1.442970,-0.533343,0.058225,-1.972988,0.084706,0.333907,0.060108,-0.162447,0.286043,0.222080,0.247678,0
1.165954,1.235915,1.257793,-0.209775,-0.323662,-1.321055,-0.599356,-2.157091,1.407757,0.793358,-0.322253,0.730664,-0.584309,0.280014,-0.104831,-0.102176,0.465123,-0.581769,0.065125,0.497432,-0.772262,-1.390246,-0.267548,0.593880,0.751231,0.527542,-0.404109,0.573102,-0.339514,0.950073,-0.458324,-0.261661,0
0.815534,-1.364527,0.161915,-0.096939,0.000268,-0.019679,0.501760,-0.922087,0.500077,0.543477,0.359900,0.530817,0.066364,0.560678,1.451212,-0.681067,0.679750,0.671787,1.050537,0.382997,0.591692,-1.317772,-1.033947,0.211193,0.191516,-0.636710,-0.460561,-0.392245,0.122839,0.423436,0.970493,-0.658603,0
2.450540,-0.568109,-0.382046,-0.400950,0.457158,-0.066860,-0.431426,0.687464,-0.765285,0.134474,0.660803,-0.227374,0.147631,0.472686,0.785123,-0.337821,0.666055,-0.640060,0.324323,-0.758382,0.622935,-0.047196,-0.956413,-0.026124,0.135219,-0.198735,-1.336465,0.604056,0.293508,-0.157410,-0.161728,-0.665160,0
-0.000829,-0.761050,0.647938,-0.335831,-0.557278,-0.103671,-0.475900,0.771262,0.362409,-1.078535,-1.672139,-1.358637,-0.303697,-0.314784,-1.241103,-0.449587,-0.305694,0.094221,-0.203822,0.913010,-0.016391,-0.619824,-1.198559,-1.103274,0.242838,0.120295,-0.932694,-0.887799,-0.517075,0.173919,0.373144,0.256776,0
1.462579,-0.491243,-0.180142,-0.557690,0.207480,0.665190,0.896534,0.516454,-0.237845,-0.067331,-0.696873,-1.187018,0.371574,-0.016366,0.286689,-1.065475,-0.471731,-0.001087,0.323758,0.227847,1.436313,-1.564913,-0.573508,-0.345961,0.637617,1.568763,-0.402296,-0.462778,-0.331794,-0.623439,-0.758438,-0.597759,0
1.679991,0.263185,-0.110266,0.468615,0.225560,-0.725502,-0.239385,-1.765529,0.678471,1.700767,-1.489551,-1.068798,0.007142,0.612777,0.337736,1.083010,-0.880113,1.192883,0.307857,-1.011591,0.299504,0.149155,-0.058951,0.894392,-0.042118,-0.142385,-0.337449,-0.074122,0.276639,0.290587,0.694452,-0.382270,0
1.578085,-0.659824,0.295856,1.348226,0.062117,0.428828,-1.335353,0.881841,0.812374,-0.443295,-0.830512,-0.504491,0.320680,-0.529558,0.734497,-1.283036,0.996445,2.157270,1.104402,-0.914599,0.446493,-0.415794,-0.554879,-1.549307,-1.678625,0.206203,-0.524450,-0.412133,-0.065629,-1.297426,1.235165,1.611189,0
1.730520,-0.432081,0.431421,-0.575032,0.963869,-0.900798,0.563453,-0.125296,-1.428537,-1.604485,-0.371418,-0.325601,-1.025553,-0.717295,0.798632,0.276594,-0.665893,-0.746650,-1.222295,-0.994440,0.120111,0.074050,-0.535626,-0.183950,0.603523,0.661546,1.989035,-0.761606,-0.828600,-0.260687,-0.093767,0.918027,0
-0.401881,-1.273013,0.066812,1.126100,2.321788,-0.719436,0.002038,0.129882,0.142931,-0.315909,-0.603906,-0.934404,-0.579646,-0.114212,0.494486,-0.776400,0.618066,0.284541,-0.563070,0.830965,0.006160,0.842151,0.049493,0.422911,0.695388,0.296125,0.183516,-0.508078,-0.669490,0.116966,-0.656665,1.206373,0
1.221193,-0.259413,-0.653884,-0.543580,-0.465414,-0.826024,0.460259,-0.913213,0.723490,-0.844310,-0.172815,-0.332270,-0.530881,0.231775,0.520242,-0.067307,1.478198,0.099788,0.286657,-0.724233,-0.129402,0.012917,0.255626,0.787410,0.138383,-1.393149,-0.010657,-1.436581,-0.581770,0.725417,-0.041283,1.366655,0
0.270011,0.246932,-0.791339,0.399618,0.247957,0.197152,0.361595,0.970251,-0.486842,0.291619,0.650702,-1.074366,0.077476,0.754214,0.957270,0.223364,-0.287335,1.114187,0.465191,0.065170,-0.349108,-0.522970,-1.811599,0.058985,-0.469947,0.069925,-0.364883,0.163295,-0.255231,0.528484,-1.751089,-1.409037,0
-0.306234,-0.682623,0.336935,0.327695,0.657884,0.987363,0.021763,-0.703365,-0.513765,0.416579,-0.275620,-0.428225,0.999016,0.429696,0.144631,0.312850,0.523090,-0.217164,-1.084697,-1.223881,-0.194804,-0.438082,-0.302865,0.625310,0.955922,0.678035,1.474474,-0.486201,0.168096,-0.688307,0.829350,0.740847,0
0.023084,-0.088506,0.273657,-0.454700,-0.703154,-0.246461,-0.754719,-0.704803,-0.059182,0.662540,0.101698,1.066399,1.084825,0.977461,0.328639,-0.807847,-0.508788,-0.679946,1.033583,-1.011354,0.644689,0.037065,-1.333623,0.407183,0.452821,-2.060026,-0.795146,0.056293,-1.463586,0.705284,0.173941,-0.943686,0
0.654920,0.189961,0.171871,-0.010706,-0.292681,-0.561700,0.176438,-0.871785,1.424492,-0.630793,0.049358,1.417905,-1.263969,0.725563,-0.609297,0.857164,-0.944344,0.314736,0.346270,0.163091,-0.104658,0.282562,-0.595859,-0.502634,-0.219920,0.431490,0.574165,-0.499637,-1.621869,-0.719832,0.456344,0.177556,0
0.606905,0.358742,0.774871,0.470298,-0.285644,-0.218828,-1.377617,0.831800,0.935185,-0.905587,-1.175540,0.661810,0.359457,0.132918,0.218970,-1.691798,0.059967,0.465290,-0.902940,1.095339,0.278075,-0.477989,-0.727555,-1.588919,-0.243409,0.344548,-0.666836,-0.074633,-0.262100,1.280452,0.284437,-0.071022,0
0.211756,-0.229967,0.228818,-1.001987,-0.854220,-0.390214,-0.721749,-0.774790,-0.619957,-1.777948,-0.964755,-0.410325,0.256484,-0.244966,-0.529524,0.711339,1.079416,0.775210,-0.924321,1.115787,-0.255749,0.457464,0.459355,-0.471874,-0.133150,-0.513114,0.165388,0.047666,0.266929,-1.282382,0.013191,0.243448,0
1.246181,-0.123280,-0.034878,-0.638235,-0.081698,-1.410535,0.762176,-2.082944,-1.179438,-0.427924,-1.561522,-0.158145,-0.421879,-1.150336,0.050545,-0.192929,-0.717561,-0.075433,-0.263020,1.052106,-0.231467,0.107985,0.348062,-0.365764,0.338671,0.658069,-0.301073,0.053032,1.249188,-0.191941,0.825396,0.516341,0
0.704482,0.495838,-0.325694,-0.882069,0.700898,-0.966964,0.667757,0.173026,0.018651,-0.780854,0.130681,-0.534614,0.119448,0.504039,-0.030583,0.510637,-1.322526,-0.145568,0.212185,0.301677,-0.976802,-0.234396,-0.476667,-1.106976,-0.949354,-0.500158,-0.915457,-0.698685,1.063542,0.797096,-0.721296,-0.309127,0
1.954473,-0.023932,0.983341,-0.416701,0.426739,-0.863033,0.301296,-0.919285,0.195390,0.167682,1.324051,0.678379,0.633526,-0.011180,-0.238132,-0.175975,-1.156895,-0.395886,0.206044,-0.444621,-0.434726,0.081419,-0.531790,-0.392620,-1.115181,-0.989996,0.572251,-1.030189,-0.824318,0.926739,0.458103,-0.891134,0
-0.008554,-1.395521,-0.353533,-0.082846,1.115391,0.201146,0.397069,-0.715178,-0.017601,0.905412,0.238196,0.230452,0.236601,-0.114837,0.363093,-0.001415,-0.812406,0.014045,-0.006401,0.093755,-0.037126,-1.012273,0.096107,-0.015226,0.221595,-0.523697,-1.122928,0.640120,0.202400,-0.542631,-0.680066,0.194022,0
0.941695,-0.369254,0.335684,-0.262854,-0.677152,-0.434631,-0.925345,-0.538440,-2.257121,0.208371,-0.259153,0.312874,-0.513287,0.045754,-0.361879,0.673493,0.921091,-0.521463,0.974068,0.518710,0.191629,-0.839143,0.275226,-0.711409,0.547082,1.010181,-0.013765,0.096271,-0.280743,0.981403,-0.856157,-0.580876,0
1.132210,0.669638,-0.783130,-0.925070,-1.132176,-0.036226,0.668105,-1.625573,-0.910392,-0.085742,0.042157,1.487706,0.158696,-0.554581,-0.822009,0.163824,1.022736,0.816117,-0.696400,0.065205,0.376410,-0.530623,0.049786,-0.093055,0.172382,0.001092,0.440074,-0.712276,0.004255,-0.371759,-0.763423,0.263656,0
0.864279,0.090385,-0.044986,-0.213527,1.301967,-0.011392,0.682004,-0.453515,0.761563,-0.201949,-0.015619,0.236606,-0.554399,0.643471,0.444610,-0.509353,0.688193,1.629532,0.331863,1.141699,0.040869,-0.057572,-0.276598,0.575932,0.119871,0.699961,-0.092350,-0.117377,0.291859,0.294066,-0.070496,-1.074842,0
0.493224,1.564070,-0.069472,-0.069678,0.506033,-0.506034,-0.115754,0.634565,-0.792286,-0.299381,-0.491580,0.518022,-0.029878,0.426982,0.248264,0.887955,-0.240562,-0.539452,-0.436979,-1.124315,-0.072762,-1.306453,1.088694,1.182715,-1.343364,-0.188994,-0.628406,-1.038371,1.109346,-0.267448,0.501849,0.631507,0
0.681666,-0.476654,0.454183,0.374406,-0.261855,-0.209136,-0.218207,-1.862924,1.812604,0.559764,0.543665,2.044038,0.339595,-0.356328,-0.801855,-0.857700,0.812015,1.517692,-0.207631,-0.363906,-0.345712,0.355753,-0.500599,-1.075073,0.310843,-0.020220,0.006264,0.294413,-0.266055,1.412657,0.521261,0.018625,0
0.465937,0.260317,-0.434128,1.204067,-0.427087,0.161007,0.400302,-0.762073,0.066188,1.144165,-0.743940,-0.020139,0.299618,-0.916134,-0.259697,0.066307,0.224545,1.009497,0.879203,-0.796137,0.559197,-0.468834,0.102812,0.197905,-0.458490,-0.985167,-0.157934,-1.140902,-0.592460,-0.555937,1.032204,0.910015,0
1.394297,0.196386,-0.211132,-0.645574,0.075108,0.010286,-2.051983,-0.089907,0.166722,-0.496013,1.020453,0.732734,-0.567584,1.638144,-0.946127,1.032971,-0.104525,-0.327832,-1.157550,0.577005,0.413662,0.906902,0.547475,-0.325345,-0.644981,-0.326069,-0.584460,-0.014136,-0.440274,0.133321,-0.006151,-0.107362,0
0.164907,1.417252,0.443988,0.164827,0.324070,1.434610,-0.375180,0.714206,0.317786,0.680004,0.322021,1.297761,-0.330427,-0.050701,-0.553116,0.784259,-0.604385,-0.393132,0.788857,-1.065565,0.345760,-0.122319,-0.311056,0.656627,0.689792,0.200012,0.842337,-1.236732,-0.753146,-0.622082,0.747083,-0.362446,0
0.796074,0.681977,-0.378390,-0.861005,-1.209403,0.207628,-0.366831,-0.622584,-0.352967,-0.891914,-0.738309,0.753183,0.801412,-0.369944,0.908313,0.163679,-0.314960,-0.442855,0.903536,-1.355919,0.569473,-0.851953,0.597511,1.157203,1.315070,0.208375,0.265160,1.027052,-1.188450,-0.452528,-0.888221,-1.016533,0
2.106371,-0.024023,1.238238,0.578999,-0.102280,0.033102,0.568567,-0.008274,1.402532,0.594685,1.051053,-0.839214,0.381915,0.056912,-0.193967,-0.043444,0.648121,-0.681288,-1.006506,-0.190532,0.095138,0.032183,0.240468,-0.521439,-1.364876,-1.100021,-0.020923,-1.518207,0.064145,0.667128,1.222335,-1.393332,0
2.239496,-0.054685,0.011920,-0.084924,1.153656,-0.245453,-0.548722,0.172897,-0.096322,-0.946696,-0.069396,-0.370344,-1.536238,-0.278242,1.526659,0.222114,1.412871,0.401701,-0.315767,0.306834,0.808633,-0.309925,-0.635009,-1.357483,1.529487,-0.283641,0.537086,-0.988309,-0.556202,0.169521,0.237706,0.158980,0
1.107439,-0.787553,0.060750,0.621588,-0.238007,-0.924613,-1.413431,-0.584952,1.476560,0.038526,-0.263958,0.991017,-1.957511,0.150797,0.518179,0.040864,-1.323267,-0.307622,0.914803,-0.218870,-0.260952,0.883608,-0.155269,-0.449929,-0.164596,0.494187,0.836817,0.525586,-0.415990,-0.309586,0.142341,-0.743739,0
0.070754,-0.274519,-1.455058,-1.445457,-0.522343,-1.304085,-0.563335,0.695586,-0.350636,0.941730,-0.595338,-0.405910,-0.938978,-1.308966,0.377883,-1.641115,-0.634759,-0.260650,0.098404,0.736665,-0.088414,0.022840,-0.600936,2.006819,1.261050,0.146992,0.278262,-0.087030,-0.151662,0.549593,0.678890,1.204187,0
0.821230,-0.019633,-0.840948,0.917557,-1.004444,-0.882421,0.193327,0.275435,0.011120,-0.205328,-0.351329,-0.107592,1.747226,-1.218672,-0.206498,2.016172,1.096557,0.159518,0.107271,-0.792305,0.148766,0.924240,-0.536798,-0.413507,-0.127135,0.692190,0.419473,-0.179111,0.033469,0.116745,-0.362865,-0.219872,0
0.759665,-0.779358,0.127306,0.416420,0.170537,-0.452479,-0.269377,-0.382634,1.082290,-0.586055,0.777109,-0.601778,1.483759,-0.014231,-0.425593,-0.858877,0.724334,-1.288806,0.835032,-0.219019,0.356321,-0.695642,-0.622893,-0.910438,-0.558371,-1.074318,0.264886,0.312330,0.375620,-0.364801,-0.064303,-0.794279,0
0.959410,0.373537,0.709357,-0.099115,0.182837,0.111465,-0.599541,-0.716048,0.168309,-0.298466,0.770242,-1.576405,-0.422135,-0.184900,-0.882036,1.211466,-0.124196,-0.227846,-1.234128,-0.200850,0.691850,-0.866146,-0.829116,0.739548,-0.301521,-1.425846,-0.982261,0.164002,-0.552487,0.385461,0.309814,0.450111,0
0.771477,-0.014887,0.653634,0.741222,-0.207319,-0.781738,0.003407,-0.197592,0.129857,0.575646,-0.716082,1.125383,-0.136064,-0.328039,0.670351,-0.801887,0.504719,0.368493,0.930659,0.470852,0.673963,0.821238,0.322437,0.758437,-0.077392,0.487077,-0.632377,-1.645816,0.478341,-0.254582,0.773186,-0.658478,0
1.110395,-0.919088,-0.388012,-1.905011,-1.050996,0.527899,-0.341063,0.765878,0.712645,1.082840,-0.519629,-0.653888,-0.228728,1.700559,-0.374824,0.102720,0.620384,-1.528645,0.786412,-0.691679,1.988524,1.216872,0.893251,0.686699,-0.150110,-0.201046,-1.078893,-0.600302,-0.254117,-0.003927,-0.417802,-0.742114,0
0.762505,-0.503394,1.375361,-0.675759,-0.307341,-0.055022,-1.849309,-0.400775,-0.726007,-0.922937,0.639064,-0.931320,1.100060,0.559326,-1.083900,0.117511,-1.801055,-1.145470,-0.420989,0.601316,0.509020,-0.014918,-0.726323,-0.096919,-0.266474,-0.061339,1.232910,1.159627,0.232972,1.216435,0.867827,0.124444,0
0.646929,-0.703605,0.271677,-0.863846,-0.194214,1.103903,-1.029387,0.859578,-0.474350,-1.164616,-1.178603,1.114988,-1.471715,-0.167289,-0.747778,0.993291,1.163267,1.303498,0.519717,-0.575214,-0.142968,0.289062,0.763810,0.374652,-0.559539,-0.027136,-1.091640,1.740862,-0.283537,1.196504,0.336227,0.496094,0
2.336053,0.192531,-0.087435,0.111264,-1.294154,1.333469,0.945177,0.724527,-0.426654,0.827264,-0.199590,0.040335,0.096010,1.563257,0.061854,-0.530190,-0.393978,-0.631985,0.529193,-0.078411,0.981847,0.438910,-0.301216,-0.667026,0.568527,-0.536332,0.961539,0.655117,0.414572,-0.069301,-0.800526,0.836076,0
1.069848,-0.285122,1.150335,-1.310319,0.529837,-0.403224,0.095823,0.396901,-0.139243,-0.459363,-1.569801,-0.282636,-1.381184,1.444466,0.466381,0.996462,-0.171411,-0.308096,0.271678,0.273203,0.552634,-0.491822,-0.152907,-0.287472,-0.238136,0.510175,-1.412815,-1.469016,1.627810,-1.157467,0.549971,-0.128029,0
1.217476,0.525760,0.030298,0.125729,0.171970,0.462051,-0.970068,0.354606,-0.165693,0.169608,-0.534208,0.237758,0.129766,-0.910776,-0.261040,-0.692043,-1.431464,-1.848646,-0.514121,-0.493478,0.410568,0.587156,0.625543,-0.893482,-0.078026,0.809726,0.736153,0.397158,-0.991750,0.392859,-0.292153,0.284578,0
1.826206,0.293599,0.083828,-0.510467,0.528967,0.886767,0.813094,0.714271,-1.252510,-1.869907,-0.010617,0.638503,0.185572,0.745342,-0.368113,0.202009,0.580298,-0.013066,0.089385,0.393402,-0.570533,0.447909,1.336539,-0.875317,0.499135,-1.354753,1.124847,0.495333,-1.055985,-0.331897,0.646802,0.350534,0
0.346038,0.830860,-0.039819,-1.537616,-1.927489,-0.880596,-0.211426,0.009892,-0.651685,-0.039435,-1.462643,0.162696,0.021956,-0.923223,-1.569820,0.185810,0.411480,-0.965483,-0.155104,-0.908195,-0.427624,0.949985,-0.347100,0.030037,-0.712600,1.158010,0.696885,-0.463760,0.448383,-0.887415,-0.036407,-0.286592,0
2.273585,0.511874,0.884121,-0.692573,1.197499,0.072292,-1.003053,-0.423378,-0.681798,-1.194113,0.542645,-0.711138,0.896163,-0.312741,0.266989,-0.913149,0.682717,-0.230935,-0.428290,-0.847849,0.044119,0.011707,-0.303648,-0.230040,-0.743126,-0.083447,-0.688935,-0.999663,-0.576621,-0.980855,0.100120,0.196156,0
1.375275,-1.478369,-0.561784,-1.314722,0.605748,-1.252980,-0.649549,0.478127,0.703355,0.174645,-0.237556,-0.315669,0.388478,0.783062,0.024032,-1.645701,-0.240090,1.063660,-0.343431,-0.750098,-1.659949,0.768935,0.807133,-0.222987,0.012002,0.983540,-0.356389,-0.095655,0.009674,0.098809,0.954088,0.654517,0
1.791713,0.963635,-0.191098,-1.072572,-1.238356,-0.777894,0.011269,-0.609561,-0.876296,-0.287912,0.411019,-0.737088,-0.245090,-0.274627,0.227599,1.020050,0.605795,-0.675956,-0.472295,0.465292,-0.756367,-1.248870,1.461449,1.113083,0.941075,0.557376,0.711440,1.192740,0.113736,-0.735438,-0.793254,-0.729989,0
0.500666,-0.434504,-2.099072,-0.321040,-0.266050,0.207307,0.744303,-0.090243,-0.952240,-0.091374,-0.687260,0.156483,-0.728049,-1.053027,-0.956272,-0.394146,0.199617,0.643820,-0.893554,0.307060,0.126387,-0.013975,0.366869,-0.177227,-1.374068,0.541734,-0.511045,-0.771866,1.261343,-0.300734,0.692129,0.677004,0
0.858058,1.258906,-0.205327,-1.122768,1.140702,1.051575,-0.922410,-0.126574,0.141130,-0.390264,-1.487183,0.866800,-1.143598,0.588669,-1.308033,-0.745006,1.031765,-0.748140,-0.430756,-0.271160,0.085893,0.135504,0.384362,-1.907802,0.388907,-0.018862,-0.930017,-1.295790,2.060734,-1.258713,-1.174184,-0.736602,0
1.200176,1.000997,-0.315971,-0.563301,0.464197,0.191835,0.438722,-0.156396,0.450572,1.265670,0.028164,-0.061213,-0.357854,-1.283328,-0.378301,-0.587608,-1.079245,0.186461,-0.590512,-0.038929,0.599932,0.940710,-0.602388,-1.799711,-1.375120,-0.735183,0.675550,-0.548387,-0.595851,-0.959260,0.641270,-1.221036,0
1.597699,-0.549661,-0.215047,-0.800817,-1.080240,0.713853,-1.557366,0.587411,0.409117,0.618227,-0.283233,-0.767420,0.364224,-1.060515,2.191784,1.166652,-1.629358,-0.008167,0.599184,1.737148,-0.873384,0.611245,-0.790238,-0.533854,0.786844,0.086325,0.384999,-1.343499,-0.189899,-1.794794,-0.891063,-0.733449,0
0.897487,-0.713837,-0.626463,0.923172,0.174544,-0.529037,-0.197218,-1.187894,0.451908,2.108998,1.242087,-0.325849,1.357443,-0.244379,0.019786,0.306711,-0.363000,-0.553439,-0.291959,-0.083854,0.389150,1.045624,-0.654416,1.165425,0.580857,0.312869,-0.041358,0.294709,0.550299,0.280956,0.661125,0.176189,0
1.341841,0.096155,0.328222,-0.557888,-0.210300,0.241327,0.183644,0.992741,-0.940475,1.559255,0.354070,0.468451,-0.815199,-0.223774,-0.296458,0.693272,0.222423,0.197309,0.914838,-0.672432,0.431666,-0.959354,0.001630,0.110500,0.418937,-1.798962,0.172729,0.310455,0.108374,0.412834,-1.057004,0.019742,0
1.553899,1.164012,1.128269,0.854807,-0.541399,-0.698029,0.488396,0.656591,-0.614863,0.158539,-0.223915,0.590976,-0.351999,-0.789548,0.961485,-0.424091,1.234417,0.021706,-0.209560,0.613471,-1.209957,1.516472,1.359011,-1.846324,-1.104350,0.848700,0.552970,0.071754,0.032690,1.028744,-0.316493,1.295582,0
1.715270,-0.195664,1.223071,0.226797,0.560371,-0.070193,1.612476,-0.228470,-1.197422,-0.948991,-1.335414,-0.281783,-1.101397,1.005003,0.919451,0.701397,-1.958236,-1.423391,0.316314,-1.257809,-0.506925,0.102234,0.922681,-0.898885,-0.699451,1.109618,-0.984735,-0.351453,1.153288,0.144378,-0.535247,-0.451560,0
0.787594,1.955751,-1.196436,-0.368520,0.331713,0.428346,0.628047,0.105174,1.250684,-0.168509,-0.121582,-0.479773,0.189577,0.778765,-2.033735,0.526110,-0.098120,-0.086316,0.060439,-0.116657,-0.408167,0.234837,0.550425,0.542907,-1.081333,0.117305,-0.976182,-0.282842,-0.791024,0.685813,-0.191143,0.650592,0
0.549627,-0.327005,-1.277025,0.697161,2.418672,-0.440879,1.371290,-1.446051,-0.825166,0.238718,0.345304,-1.051067,0.899233,-0.291271,-0.268471,-0.530199,0.442501,1.504804,-0.967880,0.050729,0.418334,-0.304139,1.150957,0.273127,-1.311967,-0.559393,-0.359071,-1.040324,0.222793,-0.365622,0.296433,0.164802,0
1.003277,-1.372542,0.225070,1.334613,0.405887,-0.036454,-0.740220,0.787149,0.954827,-0.418349,0.654219,0.913504,0.194772,0.236075,-1.030576,-0.004002,-0.669230,0.648641,-0.153067,0.058982,0.209191,0.703986,-0.016741,-0.032929,-1.225822,-1.564784,0.011277,0.758415,-0.705908,0.332267,1.644812,0.665196,0
0.686559,-0.550037,-1.030785,-0.031855,-0.495685,-0.069906,1.084326,-0.907112,-1.594203,0.048402,-0.978692,-0.670131,-1.256913,0.372091,-0.354864,-1.998785,0.359123,-0.329410,-0.404795,1.343788,0.182829,1.050668,0.173169,0.061524,-0.440785,-0.234262,-0.057279,-0.035203,-0.837148,0.150800,-0.157197,-0.203278,0
0.971243,0.196237,-0.727075,-0.621459,-1.444467,0.045828,-0.994556,0.924432,1.508898,2.187721,-0.318088,-0.776312,-0.018946,0.064151,0.585421,2.007979,0.359821,-0.958673,1.485136,-0.744974,0.062808,-0.431715,-0.376884,-0.585142,-0.219866,-0.013779,0.102092,-0.236301,-0.015881,0.162590,0.068553,0.129958,0
1.617848,-0.078083,0.387387,0.201890,-0.682222,0.798163,-0.483475,0.923974,-0.073539,0.536041,-2.288203,0.178513,-0.454046,-0.456600,-1.063370,-0.214329,-1.102003,-0.091774,1.174747,-1.085408,-0.727452,0.781282,1.630540,0.173753,0.660161,-0.438893,0.175671,-0.638414,-0.842946,0.589216,-0.365787,0.229875,0
2.041483,0.384480,0.371506,-0.334891,-1.155819,-0.648091,0.100555,0.473636,-1.642996,-1.186452,-0.144373,0.767684,-0.687446,1.005802,-0.994386,-1.456121,-1.460394,-0.731784,1.108909,-1.188646,0.498311,-0.522679,-0.372466,-0.271901,-0.157345,0.071018,0.135228,-1.599953,0.622333,0.348273,0.353503,0.668351,0
0.934111,-0.163334,0.102824,1.603142,0.808604,0.030725,-0.469759,0.747485,-1.181168,-0.287212,0.031168,1.358050,0.471664,0.804670,-0.266693,-0.367810,1.002700,-1.045816,1.285053,-0.897208,-0.573908,1.121022,-0.127390,-1.555529,0.104643,0.128927,-0.248366,0.555955,0.644234,0.286509,-0.290728,-1.418860,0
0.903959,1.475927,-0.081231,-0.085276,-1.461784,0.992385,0.593090,-0.044055,-0.348196,-0.524960,-0.676576,0.593758,2.439318,0.826780,-0.515952,0.290119,0.450267,-0.435728,1.103460,0.404881,0.297642,-1.075042,1.076476,-1.229311,0.325358,0.364066,0.282584,0.171740,0.261845,0.376568,-0.326824,-1.848181,0
0.802231,-0.015693,0.219961,0.071035,0.112461,-0.952770,-0.607659,-1.055054,0.341575,-1.374766,-0.528203,-0.530474,-1.473843,-0.201940,1.531358,-0.911545,0.483960,0.858521,-0.456747,0.073097,-0.257462,-0.824118,0.801105,-0.164747,-0.890714,-0.883503,1.863306,0.514130,1.168802,-1.964513,-0.337814,0.139398,0
1.289177,0.220062,-0.856482,-0.180882,0.471072,0.812587,-0.726126,-1.263088,0.355123,0.308368,0.054338,0.310243,0.159134,-0.913832,0.424131,1.147226,-0.494712,-0.046531,0.211468,-1.275274,1.146412,-1.148194,0.964406,0.518900,0.325593,2.178363,1.039601,-0.002759,0.590700,0.687766,-1.378748,0.087456,0
2.837012,-0.177004,-0.288400,-0.140940,0.217882,1.286375,1.389184,-0.101731,0.511424,-0.373416,0.681709,-0.239822,0.198531,0.205844,-0.193446,0.779049,0.070281,0.383551,-2.663980,1.172223,1.447555,-0.021884,-0.626413,-1.538581,-0.347173,0.253273,-0.616169,0.953617,0.842973,-0.135677,-0.525052,0.510812,0
0.723607,0.274849,1.006086,-0.878193,-0.454845,0.404513,-0.671219,1.090687,0.646124,-0.261193,-0.187147,-1.370827,-0.200906,0.431841,0.264313,0.469096,-0.217719,0.607349,1.076501,0.688731,-0.802037,0.090877,0.449559,0.776968,1.587092,-2.349761,0.437150,0.629993,0.001590,-0.473750,-1.169658,1.463328,0
1.055852,-1.442641,-0.461054,-0.079175,0.123309,-0.566008,-0.487188,-0.171259,1.490043,-0.384309,-0.189454,-0.214470,0.194612,1.528251,-2.282594,-0.381634,-0.880913,0.362773,-0.209730,1.220494,-0.148462,1.179699,-0.118133,-0.038159,-1.135785,-0.009261,0.394372,-1.111194,0.802343,-0.447645,-0.420533,0.219890,0
1.210853,-1.679902,-0.865887,-0.303250,-1.807392,0.868132,-0.395317,0.420512,-0.260783,-0.399044,-0.572770,0.336371,-0.881817,0.972721,1.056688,-0.505356,0.306321,0.199951,0.565248,1.468014,0.615469,-1.046148,0.149164,0.401466,0.103554,-0.860675,-1.407225,0.200016,0.071609,0.648708,-1.207127,0.466218,0
2.006669,-0.831182,1.503377,-0.406399,-0.960464,1.256552,-1.269570,-0.556358,-0.685676,0.755005,-0.824749,-0.407503,0.820150,-0.924797,-0.013711,0.179273,-0.648065,1.045393,0.102697,-0.582974,1.013441,-0.558885,-0.563666,-0.638730,-0.244931,0.029778,1.045737,1.568211,0.229185,-0.126758,-0.168641,-1.265027,0
1.016433,-0.683013,2.581318,-0.079154,0.237564,-0.597187,-0.483876,0.877950,-0.097135,-0.981905,0.351084,0.615445,0.810077,-0.248476,0.862273,0.660848,0.431326,-0.067620,0.232125,0.379958,1.013943,0.044776,-0.628463,-0.411842,0.341724,-0.259539,-0.942066,-0.600036,-0.593311,0.833095,1.013726,-0.687383,0
1.722275,-0.520115,-0.362179,0.358889,0.562244,-0.755283,-0.097635,0.364929,-1.599694,0.457885,0.736511,0.196121,0.286469,1.847294,-0.105403,-1.126244,0.049634,0.120072,-1.372830,0.795641,-0.427760,1.159507,1.156026,0.477327,-0.846586,0.209733,-1.237246,1.749868,1.954421,0.675745,-0.214562,0.646103,0
0.847461,-0.297092,-0.099919,0.378636,-0.026499,0.276187,0.334813,-0.617058,-1.627464,-0.969486,0.094930,-0.383297,0.000198,1.713195,0.043799,0.588063,-0.442541,0.341980,-1.177064,0.411839,0.041985,0.496133,0.718333,-0.532384,-1.240736,1.327813,-0.142141,0.238656,0.361425,-1.065622,0.296523,-0.875360,0
1.272986,0.048043,0.830052,0.495862,0.061499,0.026612,1.295785,-1.227473,1.135469,0.084076,-1.771021,0.869630,-0.197587,0.884310,0.745113,0.496510,1.860742,-0.151552,0.412646,-0.319734,0.306849,0.445873,-1.205195,-0.041836,-0.442903,1.034027,1.000978,0.125421,-0.297165,-0.376731,1.059301,0.200866,0
2.371119,-0.148920,-0.659780,-0.298556,0.941121,-0.171313,1.876163,1.110098,-0.366108,-0.099276,-0.289426,-0.051032,-0.497260,0.730688,1.319914,1.021028,0.959842,0.700176,0.605656,-0.993661,-0.085111,-0.387959,-0.831524,0.890854,0.562866,0.881459,-0.475772,0.386127,-1.321348,-0.730829,-1.272332,0.074744,0
2.219295,0.776966,1.594427,-0.233181,0.890172,-0.105816,1.377355,-1.363259,-0.337677,-0.137326,-1.381461,1.035428,0.719331,-0.818828,0.798487,0.064659,1.034559,-0.813596,-0.920079,0.789104,1.000242,0.717575,1.674164,1.598223,-0.254408,-1.677522,0.312251,-0.802176,1.219600,1.436235,-0.187836,0.256968,0
1.921106,-0.180961,-0.458573,-0.153844,0.183653,0.406868,-0.699319,0.030186,1.068487,-0.612666,-0.314113,-0.187098,0.553049,0.050399,0.882045,0.671774,-0.585047,0.262428,-0.648536,-0.485121,0.393721,-0.028181,-0.300033,0.813742,-1.536084,0.404497,0.212814,-1.015896,-0.417990,0.242611,1.014266,1.075756,0
1.009650,-1.222596,0.832583,-0.557834,1.407519,-0.723422,0.635265,-0.786491,-0.892618,-0.892438,1.608364,-0.180553,-1.146316,-1.181144,-0.619291,0.831118,0.531912,-0.698064,0.119320,-0.856557,0.973259,-0.792785,-0.131047,0.800237,-0.851049,0.657122,1.087679,-0.931299,0.737969,-0.329352,-0.443008,-0.498645,0
1.744365,-0.706918,-0.184631,-0.448156,0.054615,0.783798,0.397412,0.520862,0.150982,2.635244,0.036150,1.274931,-0.926962,-0.756934,0.287962,1.349079,-0.425461,-0.627327,0.188390,0.233203,0.585915,-0.590240,-0.579045,-0.339648,0.065597,-0.520177,0.905713,0.075414,1.841060,1.101210,0.379549,-1.050106,0
0.733269,0.775967,0.811109,0.435138,-0.821539,0.264808,-1.242122,0.894620,-0.949992,1.535342,-0.489095,-1.018963,0.259182,-0.526090,-0.810784,-0.155420,-0.567467,0.260064,0.114919,-1.003137,-0.701351,-0.423147,0.096556,-0.807044,0.201745,0.894957,-0.170315,0.765277,0.080475,-0.523875,0.012284,0.977184,0
-0.374430,-1.290509,-0.633723,0.749394,0.894310,1.223677,0.228420,0.066500,-0.820630,0.035377,-0.077496,0.391031,-0.161414,0.472534,0.104808,0.253969,-1.375254,0.109515,-0.349796,-0.667919,-1.783379,0.703121,0.376427,-0.607747,1.100730,-0.838249,-1.953901,0.573688,-0.079832,-0.122479,1.124240,0.396475,0
2.001596,0.215111,-0.200709,0.400217,0.418093,0.615126,0.363586,-1.220730,0.122652,0.303935,1.862191,-0.624334,0.355248,1.217084,0.275413,0.409364,0.756449,-0.113438,0.917615,-0.375885,-0.612966,-0.669846,-0.781906,1.374236,0.075674,0.620611,0.130988,-0.956296,0.101443,0.981501,-0.777008,0.363134,0
0.095647,0.792883,-0.014823,0.979463,-0.438905,0.098341,0.351681,-0.018053,0.061634,0.697865,1.358446,-1.297185,-0.535425,-0.239049,-1.016877,0.263295,0.866295,-0.660995,-0.853093,-0.030031,-0.894245,1.243448,1.289498,-0.496112,-0.146220,-1.150677,0.072946,0.166891,1.458404,0.500832,-0.488977,1.017797,0
0.132751,-0.510453,0.656760,-0.132238,0.201599,-0.274489,0.403266,0.863942,0.812677,0.240208,-1.813235,-1.419615,-0.133764,0.402781,-0.321403,0.270516,0.487109,1.690872,0.598146,-0.464012,-0.634099,0.249075,0.592886,-0.797116,0.726925,-0.512795,0.947448,1.000476,1.062709,0.943614,0.351327,-0.384792,0
0.081344,1.189061,0.637637,0.205271,0.342643,0.598714,-0.335012,0.713416,0.957079,-0.554037,-1.402458,1.324469,-0.392126,0.175818,0.238316,0.090434,-1.352080,-0.563241,0.689971,-0.396346,-0.808011,1.693673,0.221066,-0.018872,1.762560,-0.918180,-1.163054,-0.604130,-0.129967,1.550590,0.505347,0.691772,0
0.587898,0.545339,-0.500849,-0.964174,0.572623,-0.288555,-0.130073,0.659185,0.637806,0.619193,0.694553,0.019749,0.044559,-0.230846,1.191137,0.433387,2.093604,0.342064,-0.199150,-1.324356,1.405950,0.184508,-0.175690,-0.211163,-0.754730,0.042196,0.194670,1.312149,-0.501609,-1.072082,-0.961276,-0.242557,1
-1.773778,-1.239640,-0.316477,-0.791874,0.373984,0.467845,1.391727,1.029879,2.117123,0.232104,-0.268565,-0.256515,-0.155148,0.713832,-0.214113,1.047997,1.343629,-0.691667,-0.190073,-0.666130,-2.116343,0.851331,0.429734,2.355376,-0.780347,-1.397969,-1.325584,0.167940,-0.894791,-1.136421,-0.206727,-0.048994,1
-1.068546,-2.170053,-0.573974,-0.241877,0.034569,-0.041692,-0.708633,-0.655775,0.541692,-0.380373,0.384892,-0.693580,-0.386213,0.340853,0.322117,1.505295,1.009073,0.257072,-0.040096,-1.210494,-0.669168,0.822438,1.327810,0.872794,1.416516,0.720706,-1.070924,0.864587,1.061258,1.166368,0.679552,-0.795073,1
-0.166385,0.788695,-0.404178,-0.040979,0.191167,1.030421,0.993189,0.077553,2.151566,-0.102495,0.581922,0.761746,0.464737,-1.034982,-0.753262,-0.217410,-0.169775,0.005433,0.554657,0.994135,-0.083354,0.435845,1.271732,0.859606,-0.684838,0.893448,-0.014434,-1.774809,-1.181451,-0.196415,-1.113386,0.738318,1
-1.261127,0.161513,-0.922050,-0.099467,1.105578,1.086668,0.279526,-0.124538,-1.367831,0.130114,0.489548,0.086496,0.446022,0.264256,0.633763,0.255090,1.154441,1.387622,-1.154275,1.424318,0.284685,-0.278513,-0.076762,0.091381,-0.383460,1.070697,0.861689,0.571005,-0.210258,0.570082,0.175517,-1.643416,1
-1.293662,1.566667,0.703308,1.105146,-1.037109,1.424189,-0.179221,0.342035,1.491459,0.457939,-0.234286,-0.641076,-0.348875,0.215000,-0.596921,-0.026994,-0.290224,-0.215306,1.506251,-0.878626,0.605303,-0.157071,0.871526,-1.396883,-0.185626,-0.544922,0.183859,-1.020962,-0.771825,-1.027005,-0.525066,-0.874560,1
-1.222497,-0.129390,-0.930456,0.928891,-0.406932,0.220356,0.525436,0.950021,1.096667,0.355462,0.168185,0.065377,-0.325253,0.349416,-0.666032,1.003966,0.058977,0.139941,-0.324309,-0.115848,-0.769665,-1.938228,0.362114,0.002489,0.345508,-0.260416,-0.845314,-0.299625,-0.418120,0.649123,0.133808,-0.523698,1
-1.240396,0.080286,-0.069431,1.281625,-0.376799,0.411056,-1.030577,0.662196,-0.288631,0.025828,-0.969227,-0.178910,0.316391,1.386534,-0.723691,-0.122134,2.201792,-0.827760,-1.053159,-0.483892,-0.023007,-1.059213,-0.858820,-1.201127,0.126044,-0.264599,-0.720065,1.322395,-0.436333,-0.503808,0.968145,-0.506059,1
-2.185583,0.985014,0.306593,-0.906984,0.217130,-0.020080,0.205030,0.622018,-1.099673,-0.767794,0.799265,0.019039,-0.372203,-0.361537,-0.373190,1.192841,-0.545935,1.039082,0.124768,-0.073648,-0.098644,-0.299814,0.984876,0.171006,0.190013,0.257117,1.370814,-0.793238,-0.781728,-0.867330,-0.607233,-1.205244,1
-0.629812,0.857094,-0.344434,-1.118422,-0.855583,-0.285271,-0.036755,-0.347440,0.425909,-0.282632,0.161819,1.037988,0.394087,-0.940007,-0.204683,0.154547,-0.225715,-0.578891,-0.032773,-2.164806,-0.020447,0.714032,-1.621119,1.812340,0.229187,1.180104,0.074285,0.676791,-0.874645,0.077067,1.398347,0.157508,1
-0.759241,0.360742,0.243348,0.744922,0.154873,-0.276678,-0.208759,-0.952720,-1.583579,0.039542,-0.411542,0.380634,-0.165714,0.196366,0.880420,1.108864,0.663185,-0.805113,0.254043,0.220908,-0.050880,0.005270,0.077781,1.595660,0.494380,0.219473,-0.000917,-1.666663,-0.265025,0.875275,0.479308,-0.006104,1
-0.356148,2.093658,1.615840,-1.714098,-0.104172,-1.458545,-0.015287,0.034629,-0.804955,1.667783,0.273108,-1.276027,0.249083,-0.094523,-0.164235,-0.117813,-0.402634,-0.697037,0.988598,0.398041,-1.717679,0.828645,-0.264614,-1.501745,0.637295,-1.649748,1.125729,0.365977,0.764813,-0.514809,0.278409,0.322291,1
-0.623580,0.489180,-0.247633,-0.134892,0.467924,-0.273635,0.196786,-0.784719,-1.156970,0.296160,0.707807,0.254672,0.162580,0.503701,-0.648980,-2.110598,-0.143133,0.308443,-0.357689,-0.394249,-0.424214,-1.662551,0.229707,1.253911,0.338546,0.699299,0.901010,-0.566605,-0.125746,0.114806,-0.458185,-0.083849,1
-1.679491,-0.649617,1.405427,-0.211450,0.063542,-0.116946,-0.541421,-0.557375,-0.129202,0.793033,1.440512,1.859516,0.880792,-0.223957,0.906726,-0.590753,0.470862,0.525872,-0.500954,-0.053073,1.560774,-0.022102,-0.516712,0.243966,-1.046186,-0.106675,1.209539,0.046718,0.781956,-0.883871,0.662879,0.003261,1
-2.472192,0.490303,0.824681,0.431984,-0.271597,0.367672,0.673903,1.131732,0.343477,-0.680974,-0.359034,0.050438,0.408609,0.350746,0.110903,1.175443,0.801180,0.379121,0.319566,0.719051,0.442910,-0.470619,-1.243635,-0.142703,0.852028,-0.223487,-0.769437,-0.047430,-0.097356,0.751130,-0.447151,-0.302674,1
-0.070435,-0.683692,0.596182,-1.450234,-0.528139,-0.271154,-0.850546,-1.303900,0.085639,-1.644820,1.316816,0.983392,0.263767,-0.576109,1.433424,0.237693,0.625669,-0.166424,-0.395386,-0.508245,-0.269839,-0.238003,0.839484,0.543496,0.446464,0.001204,1.062015,0.424290,0.125359,-1.874402,0.328157,-0.727229,1
-0.485759,0.009013,-0.074144,0.965548,1.472152,-0.040801,-0.091738,0.407609,-0.184549,-0.707309,-0.876650,-0.157775,-1.139913,-0.595439,0.406019,-0.128576,-1.098145,0.021766,0.247510,-0.353712,-0.797702,-0.165746,0.710994,-0.404091,0.893046,0.607746,-0.606065,1.564941,0.698723,0.928689,1.181760,-1.321276,1
-2.397621,-0.944758,0.756510,0.386099,-1.221219,-0.057247,-0.181614,-0.057551,-1.319851,-0.063205,0.183408,-0.835155,-0.149629,0.759788,0.761309,-1.078774,0.360781,0.567622,-0.186463,0.071562,-0.401228,-0.000206,0.703206,0.145267,0.162491,-0.101398,0.722946,-0.041529,0.418714,-0.322560,-0.818837,-0.195382,1
-2.088817,0.652069,0.614039,-0.209204,0.537991,0.701153,-0.359698,0.700046,-0.592913,-1.062577,-0.100927,0.340775,-0.475528,0.493388,0.588904,0.245085,-1.441324,-0.315137,-0.643698,1.397497,1.424439,0.509644,-0.244425,0.347612,-0.048105,0.691273,0.409878,-0.361957,-1.255255,-1.237630,-0.981189,1.445405,1
-1.408582,-0.250704,0.013775,0.443358,-1.157569,0.524503,-0.456531,-0.679342,0.123880,0.891231,-1.273966,-0.546462,-0.303072,0.543304,0.018972,0.594943,-0.144245,0.156967,1.431548,0.189466,-0.419377,-0.284887,-0.251084,0.116177,0.136989,0.106341,-1.267301,1.528690,-0.117153,0.200337,-1.152029,0.563005,1
-1.447486,-0.039454,0.415881,-0.078268,-1.081311,-0.094510,-1.503012,0.567612,-0.380503,-0.572855,1.511809,-0.248818,-0.818106,0.502614,1.402786,-1.696234,-0.404296,-0.603131,-0.424315,1.067643,-0.045600,-0.338592,-0.418112,-1.549972,0.184764,1.246387,0.879793,-2.315142,0.355607,0.624002,0.909571,0.329022,1
0.822444,1.030476,-0.032457,1.643446,-0.348216,-0.981786,0.570014,0.740917,-1.034536,0.700514,0.622811,0.895893,0.464736,-0.328942,-0.669322,0.663159,-1.226981,-0.890631,-0.122785,0.295808,0.653692,-0.413466,0.660905,-0.587258,-0.099210,0.776139,0.122720,-0.024749,-0.237197,-0.539066,0.438829,0.375859,1
0.116467,-0.422456,-0.781509,-0.514717,0.544314,1.547467,-0.356794,0.958312,0.499884,0.248083,0.304062,-0.765551,0.749596,-1.249465,0.484262,-1.071207,-1.819041,-1.100302,-0.249054,2.019993,-0.158527,0.415645,1.349490,0.947698,-0.685476,0.404603,0.067389,1.051844,0.604460,1.229573,0.386518,0.038059,1
-0.416121,-0.889838,-0.663417,-0.367814,-0.681222,0.008540,-1.754726,-0.169885,0.481904,0.132808,-0.366482,-0.443435,0.733622,-0.671463,0.580143,-1.054025,-0.423740,0.520313,-0.117033,0.271026,-0.221555,-0.975513,0.359272,-2.140346,1.639581,0.099093,-0.561648,0.302473,0.013806,-1.370192,-0.595383,0.290650,1
-1.453881,0.653043,-1.077629,0.914160,-0.175938,-0.245902,2.259978,-2.334582,0.874232,0.472466,-0.545595,-0.459977,-1.404907,0.402478,0.395687,-0.115364,-0.870432,-0.268999,1.669945,-0.276044,0.630400,-0.329874,0.120102,0.070213,-0.279317,0.858410,1.664089,0.013183,0.438928,0.680999,-0.655322,-0.707248,1
-0.910742,1.405510,0.593769,-0.377359,-0.799232,0.701234,1.205795,0.151543,1.464895,-0.416546,0.604686,0.239757,-0.924869,-0.958325,-1.624433,0.012358,-1.000849,1.087651,-1.490045,0.028050,0.739103,-0.121454,-0.233801,0.016169,1.862790,-1.094258,-0.734979,0.125337,-1.007251,0.855025,0.404002,-0.249193,1
-0.744015,0.511389,-1.065355,0.504285,0.156262,0.975827,-1.229776,-1.025757,-1.746934,1.524678,0.904147,0.249699,0.239636,1.119986,-0.459771,-0.227290,0.990386,1.519530,1.252890,-0.033601,0.718217,0.706411,-0.310951,-0.492558,0.863682,0.544172,0.655417,0.216577,-1.194521,-0.437450,0.953350,-0.442495,1
-2.203142,0.583714,0.151085,0.391685,-0.658741,-0.342573,2.225235,0.013107,-0.589997,0.791474,-1.093439,0.287023,-0.585270,0.985276,1.392375,1.132011,-0.626173,1.209878,0.156862,0.762721,0.129590,0.423984,-1.114955,-0.027311,-0.342815,0.224447,-0.881656,-1.234090,0.726882,0.819310,0.099097,0.224841,1
-0.458294,-2.195985,0.649797,0.612178,1.236107,-2.015166,0.525942,0.726426,-1.185806,0.608189,-0.955734,-0.374917,1.176953,0.315248,-0.415120,-1.085155,-0.792572,-0.321042,-1.162298,-0.281658,-0.726496,-0.097759,0.460062,-0.339015,-0.100359,-0.253516,-0.679910,0.932997,0.472787,0.528479,0.738075,-0.062145,1
-1.022474,-0.435507,-0.190433,0.944911,0.596279,-1.447412,-2.026364,1.265126,-0.736208,0.924435,-0.830068,-1.626791,-0.670939,-0.664452,0.084461,-1.047684,0.385995,0.143668,0.090839,-0.458764,-0.600224,-0.302348,1.020826,0.449351,0.034560,0.917188,-1.364893,0.689202,2.003439,-1.172645,-0.275447,0.033599,1
-0.153027,0.164038,0.591457,0.286169,0.711410,-0.363906,0.085337,-0.421816,0.312866,-0.477752,1.111892,-0.639497,0.722872,0.451056,0.847015,0.618674,1.302934,-0.681611,0.415318,0.960969,-1.089074,0.629164,0.001772,0.690913,-1.092519,0.285969,1.143714,0.820415,1.411632,0.599098,-1.270626,-0.302913,1
-0.189781,0.322681,0.017710,0.330278,1.443928,0.313397,0.098748,0.835972,0.501563,0.876776,-0.013363,-0.961298,1.938375,0.540869,0.458757,-0.670700,0.086645,-0.404551,1.094388,-0.536364,-0.987915,-1.223825,-0.314945,0.510395,-0.003346,0.566983,0.586828,-0.669952,-0.723840,-0.364598,-0.737266,0.237330,1
-0.667391,0.856784,-0.594049,0.158789,0.875885,-0.174691,0.399110,-0.609332,-1.010049,0.586662,-0.503212,-1.797143,-0.515501,-0.038792,0.233489,-0.066255,0.506274,0.363531,0.739193,-0.384652,0.826350,-0.854643,-0.405525,-0.281216,-0.184288,0.186271,0.072750,0.930800,0.429652,-0.715977,1.028850,0.740376,1
-1.432577,0.288300,1.114576,-0.196167,0.526242,-0.833677,1.233223,0.339705,-0.949961,0.831207,0.264057,-0.710134,-1.041789,0.742081,0.557056,0.401224,2.075265,1.497942,0.381584,-0.419391,-0.911466,0.775968,-0.101243,-0.493431,0.269520,0.745920,1.216299,-0.110505,0.138310,0.645407,-0.232374,-0.740281,1
-1.124258,-0.702769,0.861530,1.103330,0.161888,-0.304371,0.528351,0.503226,-0.738012,0.972943,0.209209,0.608218,-0.493687,-0.492196,-0.074014,0.408031,-0.079759,-0.252375,-0.497247,0.601332,-0.024769,0.542819,0.441013,-0.781121,-0.701010,-0.308319,0.546654,0.299665,0.207021,-0.352085,0.472380,-0.013297,1
-0.966707,0.570902,1.660265,-0.353285,-0.027829,-1.413754,-0.489358,-0.287458,-1.145350,0.111425,0.368970,-0.351288,-0.324227,-1.202120,0.824148,0.127320,-0.014679,0.702666,0.887281,-0.268609,0.069096,0.719953,-0.141152,0.594327,-0.150016,-0.257010,-1.580642,-1.233026,0.066923,0.801392,0.524990,-0.561878,1
-0.405400,-0.184120,-0.184990,0.217632,-0.381418,-0.363096,-0.293666,-0.656178,0.121092,-0.871071,-0.258963,-1.191397,-0.593694,0.700605,0.743665,0.585915,0.532699,0.294221,-0.188419,-0.054482,-0.271165,1.023875,-1.603740,0.000354,-0.227046,-0.456598,-0.458570,-0.247938,0.405939,0.200737,0.067817,-0.211318,1
-0.761641,0.598398,0.159683,0.058557,-0.207215,0.022919,-0.498336,-0.272158,0.200539,-1.214731,0.345263,0.771345,0.162154,0.782072,0.502365,0.485991,1.797207,0.656303,-0.935282,0.342057,-0.129406,2.224402,-0.056017,-0.844608,0.927466,1.028419,-0.362561,0.547077,0.047012,-0.067411,0.070679,-0.027650,1
-2.187244,0.050036,0.691803,-0.847504,0.049109,-1.256129,0.841049,0.107599,-1.131761,1.369913,-0.038977,0.403945,0.153701,-0.737279,0.751965,-0.117357,-0.274692,1.302797,-0.645946,0.574453,0.254026,-1.416570,-0.355560,-0.592848,1.344042,0.249532,0.334082,-1.196374,0.754489,-0.115295,0.037942,1.376052,1
-0.663521,-0.717762,1.016672,-1.232806,0.601798,0.106911,-0.097364,-0.587968,0.868737,-0.074579,0.931573,-0.140059,-0.590836,1.121526,-0.903245,-1.789195,-0.509167,-1.400805,0.141817,-0.363615,-0.965912,-0.544150,1.048347,-1.002704,-1.134183,-0.185435,1.113714,-0.090991,-0.483709,-0.274544,-0.913585,0.264557,1
-1.582329,-0.406432,0.311359,-0.497592,-1.554252,-1.720336,0.767350,1.210343,1.095179,-0.493579,-0.297086,-0.686829,-1.586734,1.947005,0.048255,-0.216990,-0.332166,-1.236829,-0.357762,-0.305885,0.377305,0.105532,-0.432051,-0.361935,-1.559236,-0.957088,-0.698769,0.422672,-0.633599,-0.710267,-0.760804,-0.132439,1
-0.296559,0.610977,-1.120266,-0.733345,-0.870180,-0.045434,1.496563,0.940357,-1.918180,1.257352,0.356022,-0.108817,-0.226586,-2.253726,0.475011,0.397885,0.575680,-0.019852,0.966045,2.237395,0.021824,-0.171729,0.244692,-0.871414,-1.609732,-1.818807,0.644314,2.498048,-1.654871,0.236386,1.139936,-0.460857,1
-0.988714,-0.514063,-0.439126,0.935339,-1.498029,0.498202,1.137294,-0.321996,0.035280,-0.633273,0.425159,1.113594,-0.848354,0.461236,0.527952,0.844945,-1.803968,-1.626965,0.687705,0.791451,0.210696,0.140806,0.045706,0.623462,1.183773,2.004513,0.256527,1.048538,1.002834,0.851304,0.711365,-0.658985,1
-0.041845,0.781471,-0.904689,1.926473,0.360491,-0.336963,-0.793688,-1.424107,0.866013,0.662068,-0.066861,0.194027,-0.681024,-0.234645,0.961461,0.256185,-1.753540,0.737024,-1.099102,-0.520571,-0.136292,0.587236,-0.360340,0.466459,-1.007118,-0.103024,1.952080,0.927251,0.971995,-0.195267,0.127609,-0.227762,1
-0.299815,0.089105,-0.312078,0.681602,-0.191000,0.130079,-0.884838,-0.488867,-0.353914,-0.910254,-1.410358,0.325667,-0.504501,0.037511,-0.162515,0.276329,0.520538,0.594969,-0.678331,-1.076369,0.550159,-0.091017,0.150224,-2.373522,0.607410,-0.229710,-0.386763,-0.317214,0.758944,-0.067056,1.236194,-0.019370,1
-1.772882,-1.363309,1.721003,-0.635669,-0.226644,0.681132,-0.236989,-0.804343,1.058111,-0.667461,1.441097,-0.704340,-0.811620,0.551690,-0.101641,-0.435148,-0.059309,-0.592284,0.817723,-0.068001,0.719250,0.633466,-1.185431,-0.829521,0.696103,-0.036724,-0.665185,-1.309892,0.018636,1.137585,-1.475422,-0.088729,1
-1.190144,-0.780316,-0.673130,0.554043,0.158276,-0.450841,0.666963,-0.821676,0.192859,0.048495,-0.019647,1.487677,1.258600,0.718942,0.582186,-1.188890,0.513985,-0.425979,1.030767,-0.525483,0.136276,0.833809,-0.023889,-0.814808,-1.280622,0.190676,0.094057,0.489119,0.570962,0.657776,0.272643,-1.003528,1
-0.212372,-0.231215,-0.145189,0.704535,1.102412,1.280340,1.017548,0.683424,-0.519274,-1.019878,-0.796862,0.210613,0.454526,-0.328990,0.317374,-0.606015,-0.869494,-0.098375,-0.419682,-0.301691,0.126862,0.336571,-0.859879,0.473752,0.749152,0.102306,-0.366111,-0.443653,0.478884,-0.765896,0.476159,-0.905958,1
-0.641776,-0.168770,0.245615,0.190294,0.367253,1.107023,0.483193,-0.382954,0.001383,-0.584321,0.410777,-1.901109,-0.173549,-1.324716,0.680990,-0.948963,-0.775888,0.490974,0.299507,0.556788,0.340937,0.380758,-0.756204,-0.112480,-0.740532,-1.268353,-0.446176,-0.386803,0.638955,-1.116053,0.303264,0.002145,1
0.484848,0.031730,-0.225926,-0.482239,-2.801633,0.423003,0.676651,-0.342615,0.007692,0.306925,0.679770,-0.171178,-0.252479,-0.194244,0.421784,1.159223,0.232076,0.813598,1.556770,-0.370729,0.075806,-0.426855,-1.480799,-0.820460,0.517167,-1.342783,-0.346174,0.016748,-0.215657,-0.444979,-0.294082,-0.837316,1
-0.663897,-1.783078,0.799615,1.056608,0.107721,0.756446,0.463845,-1.602028,0.408270,-0.243094,0.212636,-0.987580,1.168354,-0.721842,-1.390985,0.412103,0.820553,-0.561304,0.670922,-1.481465,1.238389,0.441666,0.180598,0.731573,0.108114,1.526491,0.475776,1.558360,0.766245,0.349781,0.542604,1.128877,1
-1.628883,0.526197,1.086078,-0.170373,0.337880,-0.367252,-0.545079,0.749150,-1.736541,-0.500561,0.931997,0.599350,1.277557,1.073502,-0.753590,1.460127,0.756237,-0.897255,0.969729,-0.008173,1.160562,0.067587,-0.204722,0.942185,-0.021006,0.501418,-0.329679,-0.405543,-0.606722,0.650640,1.136185,0.870910,1
-2.571725,-0.829126,-0.380205,-0.778620,-0.884413,0.193541,0.445705,0.395125,0.837563,0.405403,0.550304,-0.199094,0.638684,-0.868796,-0.213218,0.014823,-0.817209,-0.145173,-1.339295,0.067435,-0.656085,-0.679863,0.198565,-0.188314,0.189537,-0.341972,1.504964,0.857552,0.262871,1.352454,0.386155,0.842478,1
-0.028859,-0.028496,0.165429,1.147610,1.166271,0.975094,-0.756521,-0.382174,-1.209274,-0.209738,-1.794098,-0.735946,-0.707057,-0.064631,-0.252574,0.714957,-1.500022,-0.480014,0.248046,-0.315485,0.592426,-0.361198,-0.087578,-0.207783,1.611997,0.893645,-1.480363,0.358372,-0.704327,0.886523,1.010480,-1.477501,1
-0.964597,-0.572405,-1.293731,-0.522028,0.901117,1.116683,-0.239751,-0.113538,-0.631502,0.625456,0.479719,-1.507445,-0.136494,-0.356848,0.161247,-0.452971,0.980158,0.921815,-0.543604,-0.491405,-0.044765,-0.623860,-0.556618,0.270414,-1.371118,1.126940,-0.072457,0.440813,-1.102324,0.916075,-1.126155,-1.024823,1
-0.797815,-0.171734,0.149316,0.578063,0.229669,0.086847,0.296819,0.991379,-0.555995,-0.572051,0.093080,-1.131356,0.318179,0.223602,0.612196,-0.097915,-0.797629,1.115507,-0.075890,-0.366592,0.328877,0.011090,-1.167832,0.906248,-0.219151,0.739733,-0.558570,0.029924,-0.994254,-0.260379,-0.367471,-0.184706,1
-0.361767,-0.896653,0.332876,0.874223,0.612013,-0.350328,-1.121536,0.097242,-0.286359,0.391837,-0.106317,-0.798974,-0.307870,-1.268011,0.199074,0.053203,-0.265967,1.801063,-0.627011,-0.931197,-0.120747,-0.754927,0.030269,-0.828438,-0.840446,0.213940,-0.145008,-0.735727,0.233155,0.537935,0.225987,-0.625475,1
-0.207801,0.030385,1.066502,-0.075363,-1.312671,0.674503,-1.342824,-0.859889,0.327367,0.431191,0.437174,0.148235,0.076039,-1.447453,1.332925,-0.703568,-1.526200,-0.840343,1.358074,-0.268787,0.279140,0.067423,-0.412671,-1.089278,-0.472998,0.434129,0.124451,0.796671,-1.082849,0.332813,0.439362,-0.159688,1
-1.558725,-0.969278,0.505951,-0.049327,1.375023,0.678417,-0.863501,-0.784330,-0.702718,-0.254038,-1.044206,0.000229,-0.587955,0.419656,-0.137573,0.874384,0.963331,-0.862553,-0.201797,-1.155352,0.237900,0.833620,-0.176527,0.827841,-1.322126,-1.213621,-0.144886,-1.551866,0.663786,-0.950845,-0.475791,0.689163,1
-2.213557,-0.240215,-0.761681,0.536842,0.181860,0.653661,-0.151895,-0.298142,-0.007763,0.217696,-1.047150,-1.685820,0.130211,1.333100,1.225019,-0.174762,1.556340,-0.116661,0.273456,-0.826257,-1.430230,-1.063432,0.399704,-1.058211,-0.950897,0.514390,-0.118883,0.029937,0.173942,-0.946316,-1.058983,-1.067315,1
-1.693087,0.544373,-0.032184,-0.565557,-0.042541,0.167346,-0.771344,-0.157302,0.766392,0.344532,-0.911399,0.576538,0.885470,0.758282,-0.698720,0.503521,1.613971,-0.415816,1.554709,0.413377,0.404553,0.087720,0.384187,0.028069,0.964328,0.208708,-0.906126,-0.579136,0.128341,-0.515043,-0.441836,1.317717,1
-0.272278,-0.131160,-0.083448,-0.899878,1.099305,-0.211946,0.065747,0.384355,0.989228,0.785520,0.161188,-0.675064,0.210543,-1.154665,-0.066596,0.091400,-0.068044,0.553523,0.539260,0.369343,0.958229,0.205545,0.718782,0.399228,-0.365307,0.395466,0.878811,0.447715,0.341518,0.525344,1.677196,-0.905968,1
-0.996312,1.106326,-0.229337,0.110217,0.955384,-0.110529,-0.385587,-0.023329,-0.216305,1.098804,-0.279416,0.956611,-0.754209,-1.240564,-0.819239,0.771762,-0.957666,0.447389,-1.063825,-0.406168,-0.532551,0.641927,-0.186696,0.340031,0.019079,-0.428365,-0.296211,0.151426,-0.162608,-0.433691,-1.215502,0.079998,1
-1.550768,-0.364540,0.169393,-0.067739,1.169065,-0.416437,1.332187,-0.045938,-1.470575,0.269058,-1.591352,0.008480,-0.311847,-1.654919,0.002179,-1.012679,-2.258530,0.474014,-0.529920,-1.021508,0.148319,-0.111738,-0.044899,0.309662,0.315858,-1.747941,-0.545322,0.458965,0.568745,1.073697,0.788127,0.416620,1
-1.212927,1.056117,-0.495292,-0.763165,-0.419636,0.966814,-2.030330,-0.281388,0.050870,-0.260741,1.041170,-1.842310,0.607595,1.542720,-1.396443,1.414476,-0.684543,1.373623,-0.050957,-2.092126,-0.549178,1.426020,0.010659,-0.213708,-0.293218,-0.153120,-0.724580,0.220514,0.229076,-0.084517,0.459902,-0.119615,1
-0.739559,-1.645244,0.740377,0.703717,0.765025,-1.633407,-0.415309,-0.135403,1.335213,0.453841,0.093064,-0.567937,0.972822,0.228631,0.254635,0.754320,-0.785907,-0.267894,-0.696288,0.097789,0.576421,0.540238,0.439961,0.099369,-0.523824,-0.544992,-0.893707,1.183942,1.063658,-1.167334,0.229365,-0.051006,1
-1.209539,1.188900,0.992194,-0.884148,-0.793009,0.401871,0.591891,1.716712,0.009944,0.398136,-0.557766,0.099542,-0.304655,-0.127010,-0.496584,1.323031,1.127604,-0.231059,-0.362053,0.078908,0.722609,1.045153,-1.180438,0.051785,0.607150,-0.818165,0.505635,1.731608,-1.460621,0.322110,-0.245743,0.261578,1
-0.399328,0.715282,-1.750072,0.329674,-0.055909,-0.904342,0.617381,0.386521,0.129659,0.940808,-2.390471,1.000409,0.831286,0.078792,-0.200342,-0.875348,-1.092583,-1.383504,1.641202,-0.818666,0.307194,-0.853330,0.971545,-0.814062,0.974981,0.366595,0.384127,0.009690,-0.438309,0.028714,-0.661491,-0.239770,1
-1.647438,-0.260895,-1.133096,0.143804,0.458524,-0.235898,0.336735,1.930918,0.485602,-0.217283,-0.048869,-1.011039,1.693337,1.000797,0.181429,0.790691,1.163685,0.764315,-1.291579,-0.327659,-0.994190,1.095404,-0.405934,-0.206993,-1.437275,-1.228079,-0.071010,0.135804,-0.423960,-1.317588,-0.260149,-0.643801,1
0.500132,0.936653,0.465760,-0.008522,0.103681,-0.077874,0.805595,0.307326,-1.380809,0.518807,0.472571,-0.007265,1.579016,-1.031887,0.413663,0.285228,-0.027056,0.019502,0.450083,0.318339,0.752954,0.690191,0.285305,-0.124230,-0.664463,-0.287184,-1.009019,-0.279358,1.187714,-0.463549,-0.774600,0.028161,1
-1.320124,1.171029,-0.995088,0.211331,0.371846,-0.707449,0.442772,0.826648,-1.141609,-0.662012,0.217586,-0.264083,-1.702848,-1.404799,0.376914,0.820127,1.583264,0.112334,-0.318513,1.465333,0.444934,-0.208331,1.401481,1.220618,0.994073,-0.369782,0.056128,0.592214,-0.708313,2.255853,0.628175,-0.797751,1
-1.953772,0.388319,-0.039823,0.073188,-0.011515,0.333577,-0.157630,0.833973,-0.700865,-0.427550,0.477930,-0.217387,0.738356,-0.314662,-0.878366,-0.190201,-0.224172,1.139161,0.319446,-1.453676,0.478796,0.302896,1.277906,-0.542300,-1.512011,0.887435,-0.889753,0.471969,-0.169426,-0.606406,0.759496,0.891505,1
-0.356205,-0.828151,-0.597674,1.386828,-0.295148,1.307579,1.342143,-0.143556,-0.574112,0.471499,0.719143,0.630164,-1.149993,-0.386012,-0.915164,0.874090,0.843796,0.090197,-0.184008,-0.606265,-0.334225,-0.121656,-0.002871,0.741620,1.220142,0.750130,-0.641543,-0.729644,-1.362636,0.216628,0.558106,-1.062313,1
-1.549977,-0.613961,0.865163,0.804191,0.164469,-0.753057,-0.114262,1.016736,0.207908,0.944276,0.547212,1.139416,-0.379981,0.351032,-0.255402,0.571027,-0.195650,0.438933,0.325639,0.009478,0.974310,0.784220,0.341014,0.410627,1.860150,0.269839,0.679315,-0.747264,0.865015,0.369688,-0.107567,-0.674809,1
-0.879505,-0.284545,-0.334597,0.875968,-1.493793,-0.548903,0.024210,-0.706111,-0.174297,-0.096150,1.491791,0.062778,0.650104,-0.680055,-0.195958,-0.222845,-1.112747,-0.009835,1.011594,0.785908,-0.384834,0.298367,0.895904,-0.630932,0.420173,-0.892457,0.146585,-0.616609,-0.447143,-1.062104,-0.762002,-0.236695,1
-0.230639,0.570825,1.021363,-0.222668,0.423806,-0.452705,-0.507215,-0.830981,-1.908832,-0.652451,-0.529757,-0.440431,-0.183198,-0.363307,-1.303328,0.591993,-0.651211,0.524668,-0.910530,0.230544,-1.438729,-0.672705,-0.739765,-0.467705,-1.824166,-0.237446,-0.234666,-0.414483,-0.109923,0.843259,1.324110,0.040325,1
-1.484800,-0.177018,0.935271,0.418776,-0.397070,0.356173,-0.522374,-0.848429,0.021880,-0.314168,-0.234753,-0.272884,-1.272878,-0.108391,-1.273842,-0.536706,0.669340,0.355448,-0.393206,-0.033747,0.379758,0.783962,0.553831,0.582814,-0.062279,-0.470789,-0.374550,1.235447,-1.440494,-0.103605,-0.312358,1.116850,1
0.436406,-0.126577,0.334274,-0.791031,0.566554,0.101326,0.774812,0.135864,-0.190709,-0.794014,0.485453,-0.626957,0.188548,-0.553742,-0.396617,-1.876698,1.983403,-0.136653,-0.203459,-0.005159,-0.001476,-0.005452,0.673226,-0.079995,-0.971981,0.910829,0.632577,-0.065000,-0.810241,1.041379,-0.452358,0.147573,1
-2.042415,0.973656,-2.590564,0.946825,-1.053193,0.423838,0.479588,-0.575820,0.401712,-0.581972,-0.737266,-1.641267,1.097312,-0.355469,0.521326,-0.392130,-0.003946,1.053603,-0.834205,0.550774,-0.551980,-0.227668,0.490164,1.071024,0.394107,-0.560080,0.653694,-0.178236,0.453224,1.006031,-0.223353,-0.588364,1
0.591246,-1.073249,1.024531,0.167091,-0.062280,-0.980698,0.097464,-0.184507,-0.036742,1.261019,0.706882,-0.224486,1.296785,-0.613349,0.129959,1.360622,0.431386,-0.253496,-0.245275,-0.526431,-0.437318,-0.537526,0.726960,-1.146902,-0.746024,0.030060,-0.685456,-1.325551,0.640365,0.261747,0.731492,-0.694727,1
-0.633843,-0.368728,0.389898,-1.172211,-0.072073,0.764935,0.384927,0.413814,0.270778,-0.266084,-1.325336,0.183509,-0.024298,-0.897521,-0.245798,0.797236,1.361922,0.337149,-0.655499,0.986610,1.138068,-0.125261,0.221325,0.056046,0.281168,0.708554,-0.636595,1.263990,1.094468,-0.491125,-0.934959,-0.459602,1
-0.205710,-2.063416,0.043885,-0.441173,-0.427248,-0.345706,-0.757157,-0.387570,0.139811,0.803374,-0.346336,-0.280676,0.992261,0.987731,-1.901254,0.995359,0.321023,-0.171459,0.899571,2.158136,0.612774,0.716618,0.843808,-0.396510,-0.508883,0.885441,-1.705296,-0.155960,1.069144,-0.379326,-0.583807,-0.122213,1
-1.984717,0.581447,-0.354084,0.298701,-0.196048,-0.927594,-0.501501,0.396600,0.490205,-0.800405,-0.982833,-0.697657,-0.515920,-1.311215,0.042652,-0.355951,0.309682,-1.257489,0.274905,-0.909782,0.668818,-0.804949,0.534880,-0.262985,1.071232,1.749157,0.281253,-0.919676,0.832299,-1.752739,-0.544521,1.056705,1
0.046782,-0.655867,0.436707,-1.014371,0.207934,-0.218301,1.526401,0.872530,-0.171866,0.060013,0.233396,1.687126,-0.229342,0.887204,0.299092,-1.421699,0.840552,0.459712,0.501714,-0.167376,-0.110329,0.442996,0.126617,0.303009,-0.929565,-0.124684,0.999850,-0.067628,-0.099058,0.115339,-0.475678,-0.366470,1
-0.949633,-0.068034,0.184756,0.192178,0.227725,-0.395130,-0.502571,0.520501,-0.882042,-1.000513,0.642002,1.373747,0.384991,-0.371158,1.550685,-0.738494,-0.298291,-1.060995,-0.903305,-0.339865,-0.076716,-0.382896,-0.634615,-1.116492,0.588969,0.654694,-0.903406,-1.044098,1.134205,-0.326362,-1.737777,-0.723364,1
-1.295626,-0.849735,-0.796003,-1.175978,-0.609671,0.170494,-0.422444,0.316096,0.498767,0.932570,0.390295,-0.209624,-0.809880,-0.862326,0.849870,-0.763703,0.420695,-1.661090,-0.020275,-0.287295,0.064229,-1.474710,0.802836,-0.804446,0.677760,-0.742602,-0.528354,0.406500,-0.066717,0.120159,-0.619227,-0.563000,1
-1.759193,0.058344,-0.638177,0.185707,0.889330,0.017390,-0.248878,1.045983,0.079377,-0.126867,-0.730195,0.458432,-1.674221,-1.332212,-1.442631,-0.425538,0.039078,1.593663,1.168472,-0.728317,-0.394356,-1.355130,-0.547583,-0.387254,0.486079,0.212470,-0.419173,1.200411,0.759318,1.029980,-0.221529,-0.724680,1
-0.158505,0.548934,-0.285788,-0.472337,-0.732268,0.641056,0.356391,-0.572492,0.541103,0.176870,0.117476,-0.583514,0.664085,1.367402,0.723111,0.506713,0.907449,0.920202,0.172498,0.740157,-0.124490,0.241475,-0.117548,1.265584,-0.999939,-0.976656,0.246966,-0.856339,-1.313527,0.828069,-0.922935,-0.681013,1
0.287313,0.810131,0.348840,0.489922,-0.500159,-0.726918,0.413862,-0.036999,-0.359646,0.472513,0.657458,0.056116,-1.224122,0.350087,-0.678916,0.158149,-0.423448,0.704752,-0.277737,0.228801,1.407500,0.103828,1.306097,-1.071053,-0.829168,1.016626,1.040641,0.799783,0.137942,-0.460581,-0.048809,0.113945,1
-0.110833,0.131768,0.623811,-0.141800,1.034628,-1.964416,-0.721398,0.066913,-0.603134,-1.070032,-0.194865,0.385314,0.204176,0.766037,-0.373290,0.240945,-1.161394,1.054941,1.635118,-0.932169,-0.346860,-0.528109,-0.389259,1.645425,0.123577,-0.706436,0.006515,-1.025865,0.249743,0.243842,0.985496,-1.044256,1
-0.307050,0.231528,-0.235364,0.509326,-0.599175,0.183622,-1.104585,2.365318,1.295948,-1.148703,0.630880,-0.324900,0.465942,0.180097,0.019089,-0.544064,0.581659,0.584548,-0.580875,-0.202698,0.469862,-0.422890,-0.401691,-0.133059,-0.206716,0.183068,1.890244,-0.788887,0.126693,0.438700,-0.438383,0.068769,1
-2.160272,-0.012677,2.546139,-0.478560,0.188533,-2.066087,0.488853,2.350346,-1.448772,0.675163,-1.395942,-0.393455,0.156127,1.054027,-0.813477,-0.037065,0.441462,-1.016322,0.163759,0.081207,-0.221366,0.375878,-1.013306,-0.772259,1.763629,0.069023,-1.621959,-0.078268,-1.136831,0.729648,-0.212496,-0.862689,1
0.099661,-0.122030,1.181323,-0.233289,-1.551195,-0.790035,0.586243,0.995128,-1.211629,-1.049547,0.634809,-0.534135,0.111701,0.153060,-0.128196,-0.051158,-0.638644,-0.175838,0.132079,-1.435053,-0.914580,-0.015375,-1.118378,0.554923,-0.628905,0.548233,-0.535454,-0.627309,-0.931263,-1.073715,0.193810,0.550902,1
-1.097496,-0.680976,1.488978,-1.135746,-2.000437,-0.137835,0.142270,-0.423990,0.643231,-0.664144,0.284956,0.542371,-0.664107,0.280547,-0.059693,0.976393,0.225719,-0.539827,-1.203535,-0.141994,-0.881725,-0.214987,-0.385469,0.187369,-1.638806,1.293207,0.259296,1.230454,0.771322,0.442618,-0.270716,-0.017849,1
-1.627667,-0.547852,-0.469448,0.919299,0.716377,1.157014,0.924718,0.578583,0.503167,0.423870,0.519800,-0.999392,0.378580,1.218673,0.888111,-0.908869,-1.365046,0.768956,0.565970,1.009493,1.017375,0.183137,-0.202233,0.657176,-0.107352,0.308326,0.317835,1.713023,0.505240,0.692153,-0.731309,-0.277526,1
-0.504873,0.362638,-0.100556,-0.398737,-0.284544,-1.405823,0.384454,-0.649908,0.292917,-0.978979,1.211702,-0.087453,-0.504189,-0.265033,-0.025042,-0.843079,-0.142243,-0.276435,0.253186,-0.572280,-1.161530,-1.003222,-0.025950,-0.074354,0.168646,-0.212355,0.759682,-1.135055,-0.262752,-0.277870,0.213286,1.204236,1
-1.043859,-0.625166,1.201340,-0.362585,-1.513241,-0.315111,0.001371,0.713907,-0.551117,-0.390466,-0.155937,-0.650437,-1.023990,0.101803,-1.284596,1.861378,1.322930,2.183060,-0.681209,-0.506064,-0.845123,-0.506778,-1.298571,0.755172,0.731815,1.812098,0.598710,0.470111,-0.400099,0.661778,1.390506,-0.195122,1
-1.603356,1.562059,-0.200706,-0.250470,-1.377055,-0.046735,0.782611,-0.608041,-0.557153,0.034494,0.417466,0.013768,-0.039838,-1.594453,0.032404,-0.102717,1.320305,-0.106001,2.605881,0.451960,0.476759,-0.230998,-0.970522,0.007324,-1.597529,-0.424988,0.047399,-0.136558,0.660304,1.158468,-0.523038,0.640019,1
-0.255265,-0.416672,1.821176,-0.477420,-1.105777,-0.077491,0.021607,-0.171933,-0.552965,-0.276574,-0.001651,0.898003,0.023250,0.118963,1.690432,1.910313,1.018952,0.342337,0.671247,-0.856893,-0.003510,-0.902928,1.657034,-0.780025,-0.382582,1.547031,0.456205,-0.342232,0.464343,0.598265,-0.970511,0.641736,1
-1.149539,0.083809,-0.260128,0.063581,-0.038751,-0.388423,-0.426453,-0.218203,-0.984020,-0.519062,-0.920397,1.324464,0.411904,-0.488976,-0.047077,0.213976,1.101459,-0.251095,1.700090,-0.201874,-0.754834,-0.956382,-2.050847,0.155102,0.021232,-0.082712,-0.348219,0.007447,-0.801008,-0.433962,0.120962,0.350823,1
-1.613967,0.506546,1.177691,-0.604982,-0.247293,0.040757,0.024487,0.076576,0.037554,-0.525445,0.310217,0.126490,-1.548619,-0.004335,-0.739375,-1.223607,0.796278,1.160656,0.483838,0.474003,0.319318,-0.223810,0.098225,0.107149,0.682447,0.544834,-0.037835,0.357533,1.104037,-0.833969,-0.894767,-0.482875,1
-1.158723,-0.507966,-1.221072,-0.117394,0.122195,-1.134527,-0.094244,-0.071701,1.522642,0.405116,0.747136,0.434266,-0.702568,0.512434,-0.929054,0.268177,0.267884,1.394444,-0.664363,-0.894739,0.673405,0.025898,0.152265,-0.521026,0.679093,-1.883173,-0.595065,0.197249,1.224031,-0.244611,-1.407204,0.977705,1
-0.272482,0.428750,-0.288988,1.002972,0.637150,-0.097679,-0.157268,0.214948,-0.560337,0.069352,0.191250,0.661155,-1.010393,0.309806,-0.140789,0.327681,-0.962684,-0.155225,-0.614218,-0.255434,0.349374,1.799160,0.537657,0.811600,-0.378241,0.487682,0.831008,0.497750,0.105734,-0.377795,0.085668,-0.597955,1
-1.167603,-0.569190,-0.691934,-1.062437,-0.593400,-0.232408,0.292645,-0.296057,1.417328,1.025729,-1.366973,1.360877,-0.061178,0.058089,1.106118,0.068869,0.237426,-0.556685,1.262346,0.170277,-1.111521,0.749015,-1.677609,-0.131580,0.154977,1.263575,-1.007807,0.836783,0.175737,-0.287436,1.631204,-0.567202,1
-1.045119,0.085297,-0.367194,0.207064,0.340802,-0.890172,-0.863239,0.487058,1.670566,-0.353580,-0.234464,0.911359,1.154729,0.878177,0.207005,0.699470,-1.243461,-0.182382,1.313398,0.513303,0.097176,-0.132086,0.907039,0.543419,-0.050169,-0.526920,0.040678,0.007488,-0.235180,0.886557,0.466626,-1.558694,1
-1.230533,0.064873,-1.285618,0.802381,-0.286377,0.284140,-1.207784,0.190103,-0.134396,-0.475781,1.407578,-0.731291,-0.487334,0.270483,-0.343012,-0.356132,0.682919,0.483349,-0.254777,0.283850,-0.193554,-0.096414,-1.771446,0.372550,-1.501452,0.427971,-0.083643,-0.067745,0.604102,-0.763184,0.106375,0.587616,1
-1.380898,0.272273,0.328912,0.758786,-0.444500,0.467005,0.751819,1.193435,-0.344298,-1.288283,0.009438,0.077956,0.357594,1.196459,-0.071006,0.271054,-1.113102,-0.303926,2.191206,-0.287257,-0.732764,-0.361417,0.114919,-0.620733,-0.753034,0.634496,-1.006405,-0.698863,-0.721013,1.424055,0.106025,0.295957,1
-1.093250,0.552900,-0.647527,0.388421,-0.665403,1.116037,-0.210185,-0.416458,0.296386,0.169235,0.481882,0.055056,0.876576,-0.901601,-0.400395,-0.086430,-0.488198,0.453968,0.586108,0.835548,0.104570,0.024410,-0.508566,0.382633,-0.330608,0.531751,0.506315,-0.525161,-0.250609,-0.588975,-1.080701,-1.202220,1
-1.059067,0.513030,0.457834,-0.141098,-0.838388,0.218786,-0.873603,0.891125,0.008030,0.827429,0.718121,0.142977,-0.048915,0.761423,-0.991107,-0.473485,-0.030375,-0.206684,1.082381,0.596709,-0.009426,1.705092,0.286679,-0.656360,0.645177,-0.234993,-0.880887,0.065786,-0.091831,0.983319,0.190393,0.573862,1
-1.505664,-0.252070,-0.696508,0.185160,0.088611,-0.139101,-0.479781,-0.025152,0.378996,0.334496,-0.074059,1.271257,-0.305639,-0.347705,0.314249,-0.329517,0.323332,0.102884,-0.546587,0.027511,-1.110077,-0.238256,0.053103,0.422305,-0.861293,0.341436,0.513224,-0.907745,0.711619,-1.017493,-0.950121,-0.002340,1
-0.922050,0.726638,1.300981,0.973064,-0.587661,-2.035473,0.672695,0.645659,0.964544,-1.149453,0.484137,-1.171507,0.078782,0.052626,1.278414,0.851778,0.175432,0.170576,0.256772,-0.284246,0.191986,-0.001006,0.273271,0.309792,-0.852141,-0.509617,0.328014,0.106838,0.820639,1.256703,-1.144398,0.647125,1
0.928020,-0.636935,-0.188972,-0.122428,-0.115406,-0.843871,0.162707,-0.021944,1.307349,-1.527520,0.677219,0.570498,-0.216797,-1.206916,-0.612563,1.637421,0.448851,1.109308,-0.101523,-0.794902,0.149439,-1.331532,-0.360796,0.223652,-0.897109,0.324649,0.045451,-0.064314,0.570922,-0.858425,-0.143751,0.477942,1
0.619957,0.017670,-0.558002,-1.092937,-0.284560,0.119685,-1.279201,-0.328074,0.544070,0.155353,-1.337102,-0.035630,0.409617,0.827895,0.509258,0.986632,-1.179879,0.756819,-0.445797,0.772685,0.091280,0.490718,0.865845,-0.114490,0.676899,-0.104980,-0.589003,-0.051641,0.642987,-0.882986,-0.636763,-0.851623,1
-2.176937,-1.481331,1.264776,0.046116,1.284578,-0.007349,0.287027,-0.139906,-0.589304,0.609397,0.308694,-1.813143,-1.350480,0.641883,1.260901,0.494161,-0.940110,-0.109033,-0.860699,-0.294950,-0.475852,0.872405,-0.339438,-1.155387,-0.451874,0.296234,-1.432328,1.328199,0.133629,-0.777924,0.181688,1.067590,1
-0.209301,0.062244,0.232856,0.116133,-0.408896,-0.623646,-1.161557,-0.478262,-1.124706,-1.964810,0.998707,0.038126,0.840100,0.507406,-2.028291,-0.320178,-0.644658,0.979308,-0.073051,1.555629,0.282692,-1.638460,-0.946892,-0.513476,-0.526103,-0.829206,0.293356,-0.085837,-1.508091,-0.178247,0.694911,-0.441860,1
-1.791277,0.270913,0.632250,-1.007475,0.532586,-0.767324,-0.115704,0.665688,-0.039711,0.191228,0.485740,0.104578,0.821738,-0.138074,0.837607,-0.215746,0.498739,1.354334,0.106320,-0.188126,-0.226444,0.041572,0.243968,1.338658,0.229757,0.365966,0.615093,-0.411290,0.358618,0.583855,1.707511,-1.101746,1
-1.048809,0.426118,0.088043,1.345237,-0.028215,0.968012,-0.305305,0.893471,-0.125152,0.124954,0.122961,-0.640519,-0.294131,-0.915010,-0.079462,0.330446,0.349046,-0.405246,0.513591,-0.104444,-0.588508,-0.184705,0.706388,-0.652369,0.248928,-0.081890,-0.204580,-1.040962,-0.147344,0.225827,-0.049741,-0.828428,1
-0.829202,1.202248,-0.560565,1.236223,0.405942,-1.501122,-0.349225,-0.069638,1.403291,-1.376254,0.061502,-0.216368,1.005096,0.944693,-0.654331,-1.753097,0.942399,0.724480,1.214636,0.230437,0.528293,0.749407,-1.228176,0.049640,-1.278037,-0.833644,0.239727,1.394198,1.145159,-0.152414,-0.650876,2.364483,1
0.364999,0.012329,-0.374244,-0.277568,0.190649,0.208681,1.074201,1.312689,0.598185,-0.182354,-0.587734,0.663431,-0.615401,-0.617313,0.647498,-0.074054,-0.037650,-0.158276,1.117381,-1.047134,0.411235,-0.463588,-1.080495,-0.273801,-0.209175,0.541379,-0.084740,-0.035843,0.364545,0.243507,-2.147143,-0.399863,1
-1.149184,0.067054,1.085500,-0.078699,-0.720153,-1.709127,0.336468,1.108379,1.041744,0.891569,0.301347,0.277635,0.222862,0.521009,1.012058,-0.779600,-0.282388,-1.027797,0.253794,-0.573800,0.899350,0.692586,-0.510353,-0.259717,0.539459,1.076575,0.697376,-0.140046,0.060266,1.110834,1.212773,-1.037625,1
-0.768399,-0.745076,0.755069,0.114340,-0.547977,-0.076925,-1.113790,0.540666,0.476194,-0.682163,-0.240749,0.965639,0.343527,-0.733449,0.539837,0.313951,0.331650,1.244168,-0.774467,-0.726611,0.531084,-0.240466,-0.317798,-0.052619,0.167829,-0.187832,-1.182485,-0.298211,-0.122055,-0.205315,-0.136666,-1.200140,1
-1.934458,-0.177941,0.060305,0.671162,0.019331,-0.236101,-1.430053,-0.496093,-0.503327,1.523950,-0.142412,-0.265023,0.572891,-0.498217,-1.843087,-0.930003,-0.459504,0.354251,-0.652705,0.135211,-1.585037,0.413075,0.095415,1.894313,-0.091341,-0.411494,-0.998734,1.439876,0.762959,0.572417,-1.099608,-0.072007,1
-1.040963,-0.936936,0.496369,0.107209,-0.538668,-0.127475,0.079592,-0.729158,-0.441414,-2.111168,-0.616830,-0.895890,0.204506,0.638445,0.569593,-0.290082,-0.976462,0.592749,-0.011304,-0.358263,-0.910024,0.973308,0.473362,0.810907,0.465808,0.617401,-0.056324,-0.363922,-0.276678,-0.258897,0.447095,-1.481155,1
-1.013199,1.836825,1.025671,1.660977,-0.093212,-0.324653,0.007632,0.538518,0.017132,-1.090217,-0.031865,-0.613240,0.251520,-0.583647,-0.617945,1.399216,-0.157558,0.434591,-0.494396,-0.168841,0.523843,-0.402182,-1.309825,0.574815,-0.100521,0.342909,0.146169,0.049035,0.989104,0.345384,-0.194301,0.632676,1
-0.978497,-1.275964,-1.305295,0.045526,1.561393,-0.708536,-0.138545,-0.373681,-0.261014,-0.276537,0.182750,-0.416809,0.576006,-0.359683,-0.643941,-0.048588,-0.702302,-0.175410,1.151745,-1.233269,-0.010301,0.191396,0.653425,0.659654,-0.243112,-0.819478,-0.702795,0.370234,0.035509,0.011020,-0.699413,1.301492,1
