1.066843,2.463951,1.141744,0.944911,3.124152,0.982048,4.311388,-0.073796,-0.174065,-0.989620,2.403855,4.080240,0.295024,2.768741,-0.079118,-1.976355,0.068855,-1.426473,-0.324400,1.126877,3.077905,-0.256610,2.101713,-2.316078,0.014066,-2.939717,-2.006099,1.649338,-2.974986,-0.199161,2.470362,3.955521,0
0.304858,-0.766371,1.785118,0.800516,0.521738,4.223634,1.151330,-0.295493,1.029928,3.269696,-2.208766,-1.072958,-1.483003,-0.732612,3.263446,-1.120140,-1.629673,0.907973,0.310549,3.606637,1.046034,-3.193825,-2.504687,-2.424612,0.869330,0.557979,1.504101,-0.583179,0.930504,0.473941,1.575879,3.976540,0
-1.730422,0.720418,4.153331,3.586630,0.973289,-1.787404,1.326664,2.881112,0.243057,2.299535,0.514709,5.344818,3.097110,3.458953,-1.184808,-1.699679,3.913259,3.457812,0.938377,4.707457,2.014386,1.462035,2.329010,-3.018592,3.580794,-0.261900,1.446289,0.751937,0.782747,1.813759,3.317382,-2.742972,0
2.036016,2.662147,2.388310,1.831660,-2.658053,2.537598,1.775486,0.286053,-2.651466,2.401826,0.860159,2.144065,0.899300,-0.486323,0.852036,3.477556,-2.505057,-0.336086,2.639239,0.211986,4.682927,4.563415,-1.949134,3.443243,-0.374598,1.052842,-2.252446,-1.213573,2.297040,3.887476,0.194219,1.920110,0
1.783370,0.458802,1.262552,-0.452735,-0.317551,-0.116760,2.611943,3.336396,0.676066,3.671854,8.551252,-1.101454,0.235182,1.461565,-1.469330,0.850640,4.025464,4.331190,-0.548318,5.045146,3.678191,3.938864,-0.033124,1.156075,1.195304,-2.025874,3.555099,0.051949,-2.646198,2.774474,2.412830,1.405902,0
3.355786,0.490709,1.674949,-3.548638,-2.313544,-1.930702,-0.462915,-0.505570,-0.229934,-0.034187,1.233615,-2.437611,1.927509,3.998239,-1.572637,3.189429,1.092359,0.930928,1.643427,-4.072514,5.655109,2.774799,2.643139,3.034035,3.973305,4.370162,3.924604,1.296614,-0.393601,-1.206779,2.272585,0.048735,0
-0.172575,3.497792,0.441156,1.989992,1.114235,1.768430,-3.260853,2.799632,-0.965795,-3.197492,1.430966,0.528039,2.312452,1.492705,0.311362,2.514339,0.543479,0.931857,0.134309,1.842876,2.291929,0.611045,-0.151743,-0.495172,1.474145,-1.534103,0.396981,-3.122357,0.619131,2.873192,5.463848,4.307281,0
0.656997,-0.408863,4.080631,0.531806,0.813622,3.084933,2.688959,-2.235795,-1.594979,-2.017361,2.837274,4.869429,5.937890,-0.867451,-1.361460,0.917047,-0.445869,-0.989520,5.234442,1.152863,0.307150,1.509994,3.134117,1.686463,-2.840247,1.815768,1.316245,2.327226,-0.932843,3.509095,4.130408,0.517738,0
-0.623811,-2.583840,2.175886,-0.701715,-2.650656,-0.379956,0.028567,-0.458186,0.885147,3.814064,1.820096,1.335036,2.851138,0.108900,0.622578,2.748045,-1.312229,-1.496694,0.904654,2.715494,2.047210,1.540923,2.899014,-0.130068,6.514688,1.736456,0.883754,-0.886528,4.522257,2.800153,1.996228,3.597051,0
0.271604,1.870877,0.483082,-0.637644,-0.821500,0.214632,2.141750,-1.283448,3.878125,2.162292,2.882565,2.379386,-1.597793,3.082300,2.684789,-0.716178,-1.326131,2.327984,0.483877,0.445246,0.976319,0.811429,4.262132,1.704534,1.900575,-1.224818,0.147783,4.545041,-0.147394,0.932286,-1.414742,-0.362457,0
2.688107,2.318820,2.013337,0.527402,0.493565,2.599907,0.899816,-1.003812,-0.962627,2.426044,-0.408853,1.361239,0.663149,3.482402,1.529548,0.993418,2.861434,-2.582429,-0.659426,-2.132910,1.593005,1.937412,-1.205684,2.708456,2.598052,-1.551591,2.356792,4.927485,1.931296,2.177628,2.187859,5.329241,0
-0.122647,-1.296593,3.588167,4.719216,2.427330,1.570266,2.666814,-0.228788,-3.655338,1.218417,1.597211,-4.463055,0.463463,0.477896,0.801571,1.290860,-0.246945,-0.977250,0.746969,-2.008533,-2.268648,1.677698,1.455794,4.407454,-2.658226,-1.232752,1.016917,3.438020,0.709471,-0.852206,5.708941,4.750466,0
3.348052,-0.198588,0.100723,3.123615,0.666787,1.563398,2.472449,0.004864,-0.697687,0.316153,4.821760,-1.673956,4.102596,4.436095,1.345903,0.806120,0.441314,2.900661,-0.804403,3.456123,-2.282656,-2.534178,-0.095764,-2.128767,3.326395,4.116245,-0.005540,2.143911,-2.543386,0.815722,2.802092,-2.827169,0
-1.162231,3.718680,2.320078,0.183054,4.480140,6.021412,3.746764,-0.041993,0.668447,4.314004,2.538608,-3.892205,3.388824,0.539012,-2.132849,2.212595,2.098880,-2.031206,-0.601760,0.014344,4.488884,3.761708,2.861476,1.947864,-0.797906,1.352819,3.690450,1.127476,2.349302,1.558280,2.045750,0.907200,0
0.524534,-4.016628,1.419968,-2.045897,-1.038476,1.352030,0.612576,-5.132812,-0.008720,1.112858,0.150604,-1.630749,2.856133,0.348385,2.219047,3.066723,1.283193,0.391676,0.976999,3.379457,1.124336,-2.603267,4.492722,4.906552,-0.769836,0.522856,1.131320,0.025611,2.807302,2.312721,-3.606479,3.087180,0
-2.584367,0.651238,1.944115,0.950022,-1.075532,3.486226,4.297881,2.008480,-4.065582,0.786024,3.078674,-0.562457,0.022340,1.758739,1.919159,-2.042389,0.836680,-0.301145,-2.092036,-2.490016,0.819812,2.346595,1.796439,3.370918,3.530761,1.160512,6.213664,-3.122024,-0.668443,-1.773521,2.142107,2.687156,0
4.095289,-1.276317,1.815097,-1.929606,0.050696,2.876631,1.518378,0.455377,-1.295744,0.639503,0.818863,3.737832,-1.841388,-0.125332,1.440392,1.910814,4.768064,0.989971,4.451545,1.591432,-0.438255,-1.795944,-0.029333,1.196184,-0.001299,0.069901,-0.738438,2.724187,5.220491,2.353511,0.591005,0.414750,0
1.560411,1.037076,-1.371908,-0.524832,4.229179,0.117547,3.873843,2.097483,5.289996,3.090961,1.917554,1.090209,1.320955,2.897410,3.316906,0.684651,1.250635,3.570515,-1.367181,4.124318,2.668393,-0.166281,0.754280,2.324962,0.400455,1.666079,0.415094,-0.665472,0.861525,1.492481,1.678355,0.867320,0
0.657578,4.693808,-0.531926,-0.186894,-1.845477,2.081445,2.281390,2.415997,3.722843,3.125290,1.588466,-2.344787,3.164849,-1.661059,2.707244,1.040662,4.188447,6.400864,2.050619,-1.512278,1.082079,3.080674,-2.348702,1.459000,-1.286810,-1.193719,1.008371,1.452424,-2.149885,1.620698,4.306113,-1.712705,0
-1.603597,-0.751740,0.872579,3.406374,1.960714,-1.083014,0.980722,-3.436618,-2.947274,1.159205,1.648269,2.508705,3.986561,-1.210029,0.018778,0.339713,1.698093,3.336762,-1.904527,1.133886,0.962442,-0.569645,-1.911417,1.494884,3.203079,1.512453,1.939952,4.238738,0.740617,1.091571,3.957833,2.230114,0
-0.105039,1.183331,0.636864,-1.071773,4.799152,0.222340,-2.736332,-1.126047,-1.490571,5.776553,-0.430794,1.191981,4.141566,1.973284,0.009065,-2.122288,0.055295,-0.232069,4.699327,-0.456443,-1.424333,4.047847,3.239408,1.931180,2.126043,0.270585,3.797419,3.558559,-1.904202,3.600739,0.458999,3.139112,0
-3.089968,3.745342,0.746635,0.416429,2.140170,4.076091,0.694432,1.318205,-0.446064,0.637900,2.439025,4.909760,0.612376,1.820232,0.309107,1.372195,0.892669,-1.745367,1.395033,-2.218936,3.461523,1.048121,-2.385615,4.503456,0.850161,3.269510,0.422641,-1.841681,6.507774,-1.770121,0.656249,1.019167,0
-0.109434,3.891700,2.481385,1.917953,-1.495547,-1.010155,-1.235345,-2.933926,-1.292006,1.002965,-0.270391,1.198749,2.941735,2.070844,-3.142969,2.355770,-0.242820,2.529493,-0.673740,-0.283250,2.191501,-1.440603,0.882027,3.869106,0.876050,-2.292861,1.560088,5.317462,0.376771,-3.054341,0.465230,-0.893410,0
5.134254,-2.387047,-3.056861,5.043881,3.369685,1.898293,1.462737,1.252296,2.719663,-1.495167,0.783908,-0.152904,3.405455,0.164822,1.922226,0.136723,1.840177,0.499355,-0.851477,-2.774642,-1.339887,0.165718,4.722386,0.280491,2.449037,3.351018,2.342155,4.509123,2.994115,4.293081,-1.861970,-0.034274,0
-4.220482,2.079802,-0.079446,-1.647395,2.051566,3.023602,-1.276846,1.022020,-0.861135,-1.981456,5.332870,2.215146,2.684402,0.337140,0.560394,1.674437,2.428201,4.734051,-0.174523,3.587522,3.054056,4.316504,-0.263797,-0.575260,-0.091500,2.361171,-2.436581,0.501146,2.090219,1.764102,3.545056,0.894381,0
2.762748,1.914583,-0.664773,-4.184390,0.337704,0.291319,0.326640,1.439739,0.683806,-1.856995,3.637361,-1.025439,-1.008880,-2.439753,2.976162,0.205078,1.793815,-2.217329,-0.555743,1.283610,1.334953,-4.165916,-2.068261,1.279695,-0.595876,2.759644,2.142342,1.622841,1.892088,1.167976,0.950911,1.105690,0
1.876795,1.234427,-1.376060,4.128678,2.714567,2.121734,-0.697255,0.958544,0.126755,5.699380,-0.317839,0.476137,1.901096,1.442053,2.281878,3.335818,4.037790,4.227311,0.284883,2.175769,6.009665,2.479681,-1.349854,-0.847551,-0.010928,-2.169171,-0.166755,1.037604,5.138982,1.673427,2.688169,1.230132,0
0.320307,3.060232,0.551765,1.687911,-1.495828,1.100540,-2.469733,2.117545,2.308311,0.489438,1.394015,1.445213,0.376627,0.917023,1.337719,2.002719,1.039117,-0.099509,-1.897569,4.862718,2.060952,1.411200,-1.470897,-0.742871,-0.227763,0.280843,1.753973,4.221407,0.490586,0.199690,1.301757,0.614579,0
2.213463,4.226533,1.955084,2.435476,-1.385790,-1.554080,0.884053,0.595162,0.213048,-0.017202,-0.697473,0.617687,-3.807553,-2.497896,2.089999,1.003885,3.145189,0.802429,1.722901,3.532430,-1.064226,-0.550055,-0.403880,-0.680804,1.679153,-0.065210,-1.483133,1.775682,0.353862,0.351171,1.874615,1.080622,0
-1.518441,-2.667063,-1.782384,-1.890928,1.517739,0.483811,2.570567,3.085769,3.759409,-0.307966,3.238290,2.539216,2.912241,0.828875,2.838434,3.852956,3.241831,1.361939,-1.139577,1.054780,2.277068,2.951930,1.607053,2.019469,1.809074,-0.547372,3.156885,1.245496,4.673306,0.994622,-1.763143,-1.642702,0
0.174537,0.138030,0.847778,0.040413,4.612419,0.731509,-1.010947,1.082072,1.789744,1.401347,-2.474958,3.564074,3.797845,-0.417773,2.945783,0.786212,-1.618205,3.595586,0.440805,5.467907,1.580992,1.071117,2.891233,-1.126280,-0.066119,-0.105313,-3.620146,0.940951,-3.342804,1.104482,2.151166,1.226727,0
0.575624,2.203094,3.182365,-1.179861,0.578635,3.016438,2.804917,-1.223501,-1.906621,0.881496,1.300827,3.601110,0.946538,-2.374798,4.547194,3.142380,0.308491,3.747316,-3.877411,1.444674,-2.598829,-0.910911,1.646479,-1.340691,-1.778978,2.305818,2.482115,1.922567,0.385201,4.050630,1.252628,-0.061686,0
1.951794,-0.497650,0.222863,2.766883,3.132133,0.447915,4.377984,-0.560909,1.979472,-2.388341,2.557178,0.661798,-3.440477,1.191062,-0.006745,-1.907875,0.474755,0.983788,-1.369973,4.153486,-1.898828,0.745211,1.448528,-2.511757,2.955247,1.389712,2.129053,2.383883,0.684227,2.407216,3.834020,4.425368,0
-0.090443,2.700174,1.579707,0.535233,0.462821,1.303949,2.404274,0.311817,2.683365,-0.478024,3.423347,1.137826,4.511556,2.203697,1.314893,1.787487,-0.175516,4.240395,5.083776,3.037892,-1.804052,-1.097313,-0.097187,-0.733369,2.899049,-2.657381,0.570133,0.480201,0.537915,-0.079969,1.718143,1.666305,0
0.215134,-1.927966,-0.425063,1.194170,3.949718,0.634608,2.183662,1.327941,3.972847,5.235118,-0.620988,1.305814,0.175362,-0.908932,3.573676,1.340972,4.869053,2.597598,-0.744143,0.593596,-2.315332,2.243567,-0.701751,-0.027105,1.366735,2.304081,0.343575,3.594045,0.491466,-0.921179,1.691738,-1.203045,0
-1.806170,3.497887,0.117746,-2.812129,2.328585,2.033628,1.500619,-2.696277,1.043025,-2.054253,0.050521,2.683716,1.909861,3.424855,0.270590,0.305045,3.673286,2.162113,1.426837,-3.689836,4.707049,-0.151858,0.797608,2.126801,4.435956,-0.081163,2.501264,0.912573,-1.685088,3.504288,2.027028,3.970682,0
2.267637,-1.965464,0.422630,-0.577292,2.085990,1.061591,3.525003,-1.571483,2.092982,4.429419,0.355811,0.980937,-0.800373,1.908475,3.844696,0.457314,1.766725,-0.807158,2.900131,2.071714,-0.386352,1.751860,3.186064,2.350197,3.708684,4.838773,2.063501,5.547300,-0.707103,1.725931,0.262022,1.707870,0
0.204028,0.565192,1.957645,1.056932,0.049027,1.461290,3.042193,3.902215,-1.696598,4.179654,-2.832466,0.027402,-0.067884,2.865452,2.199503,2.246582,1.585711,2.062581,-1.022390,0.670711,0.253958,1.908925,3.280468,-1.850807,0.670279,1.460022,1.763731,0.246337,2.185317,-1.187217,-0.282754,-2.070273,0
2.407764,3.412614,0.583391,1.169451,-0.668520,2.329545,1.037390,0.909793,0.768828,0.635022,0.141994,2.197244,3.058935,1.318357,2.362401,0.894837,-0.748491,-0.157547,7.357197,0.517403,2.569826,0.033773,0.204732,1.860915,0.139847,-2.390416,0.677950,1.857238,1.709531,1.603775,-1.338009,2.719419,0
-1.010439,0.826547,-0.600113,2.636896,0.003990,-1.100231,4.093446,1.272521,-1.406132,1.863713,-1.680203,0.012493,0.129560,5.387630,-0.494735,-0.240878,2.743503,2.063707,0.749734,3.053275,0.923829,2.406833,1.829808,-1.057066,-3.504080,0.864997,2.805149,0.603896,3.279203,2.548929,1.492621,-1.244256,0
0.823250,1.847022,-1.451664,1.107980,1.236515,3.091741,0.469950,3.392203,-4.658701,1.651912,5.919807,-0.897554,-2.716433,-0.215185,2.111172,-0.438680,0.969883,0.023332,2.896445,-1.796359,-3.964335,1.130495,2.634648,0.701472,2.719351,0.201620,4.065017,-4.616231,4.001470,5.148997,-0.081800,-1.606133,0
3.622000,4.128797,1.496995,3.163247,2.700677,-0.013074,1.028827,-0.703652,-1.183379,0.051567,2.558558,-2.475540,-2.486448,2.587040,4.902605,1.761485,0.362175,2.643773,1.776379,2.183746,2.531621,1.430090,4.374958,-4.241653,2.640664,0.554646,1.743552,2.036269,2.485846,0.373008,1.455262,0.940891,0
1.533390,-1.142006,-1.255976,-1.151274,2.783892,1.638022,4.105080,2.815865,0.320214,0.336204,-0.405973,1.466003,-1.653642,-1.989837,0.601601,0.184652,-1.032320,2.354094,5.302421,3.487408,-2.691653,-0.588470,-0.287127,1.824494,5.112854,0.179841,0.953135,-2.763370,-1.257985,2.974970,-2.049907,2.114078,0
-0.197229,0.117800,-0.357633,1.889826,1.819272,1.221976,-0.388504,3.581204,1.271353,-0.117187,1.920777,1.590459,-0.898199,-1.744642,0.163558,-0.683619,-3.034111,0.540172,1.709504,0.824866,1.665840,4.573410,2.027620,1.451612,0.262676,2.053540,1.691687,2.108870,1.101464,0.051118,1.771338,0.081041,0
3.370432,-0.194353,0.405425,-0.287300,4.098052,0.414505,-0.372296,-1.139627,0.291836,2.118123,1.181181,0.234639,-0.275866,0.376685,0.584305,-0.135076,2.436311,-0.251464,0.287330,0.928457,-1.155135,-1.697397,-2.844534,-0.626881,1.721314,-1.415559,1.831317,1.851348,-0.866595,2.406376,0.744546,-0.230298,0
0.766341,2.051533,2.176120,3.595576,-3.452329,1.063583,4.075808,2.021981,0.150465,0.579640,-0.079832,0.114322,1.173268,0.608946,3.053179,1.039133,1.771410,1.042513,3.565006,3.106311,-2.539324,0.460467,-1.381046,-1.237824,0.354490,4.468253,1.277896,-1.582998,-0.242348,2.158682,-0.776918,-0.537760,0
1.931444,3.201039,1.360875,1.178427,1.481465,0.965896,4.676089,1.982489,0.440663,3.003479,2.213660,6.135749,4.391926,4.623691,-1.096443,1.630376,0.960624,-3.043342,1.122802,0.956189,0.011679,2.201478,2.915291,0.447572,1.955292,-1.113370,4.770137,-0.783113,1.676322,1.437113,1.042497,1.238280,0
1.061878,-0.122849,0.344731,1.354944,-0.129941,0.631781,-1.831203,3.838297,2.849730,2.242302,2.628849,0.920140,2.782986,0.164149,-0.776034,-4.050846,3.040498,1.441801,3.023620,0.980865,0.195364,1.676583,2.425770,0.956970,-0.987417,2.731553,5.875020,4.213191,-1.304175,1.133177,2.549758,-0.371867,0
-0.697019,0.050026,1.147988,1.112893,-0.615611,1.979528,-1.774751,2.441417,0.560246,-2.296801,-0.732382,1.500781,2.624483,-3.645247,-5.653617,-0.321404,1.658226,0.333768,5.065074,-0.860271,0.271391,-0.520752,2.624650,0.244041,0.276280,0.049476,4.382650,-5.164937,-0.730738,-2.383832,-1.335714,-0.640471,0
2.881390,0.437280,-1.773117,-0.923041,2.267514,4.085904,2.489067,0.245380,1.149815,-0.291813,-1.718696,0.850796,4.346914,2.270706,3.039792,0.330777,2.928646,-1.499825,-3.493548,-2.585730,-5.735057,1.244415,1.704706,-1.698098,-1.680892,2.664578,-1.494928,-0.895827,2.625664,0.710864,1.119481,2.420209,0
2.311197,2.546388,1.373341,-0.157273,-4.164670,2.065907,-0.354115,-0.038666,-2.365727,1.545672,4.545745,2.296293,0.180156,-1.213176,3.332110,-0.803396,1.783544,-0.350874,3.292910,0.405416,-0.295620,-0.639740,1.918861,-2.677511,0.307494,3.789161,1.394539,3.853474,-3.213652,-2.020449,5.122851,-0.078480,0
2.191396,0.632912,3.836873,-0.964746,-0.177499,-0.753004,2.827421,2.009969,2.159917,2.413228,1.771386,4.243308,2.099864,3.269826,-0.526150,0.941435,2.724030,0.576653,2.259750,4.958440,1.304884,1.875043,1.993315,1.955320,-1.795915,2.165868,0.250480,-0.385204,2.437797,4.409079,0.865198,0.630281,0
-0.453836,-0.361939,-2.674515,3.004562,-2.580503,3.268779,1.239809,0.626505,2.579201,1.397470,5.166123,5.005265,0.710512,6.243880,2.735686,1.460388,-1.014424,0.219726,0.954325,3.218079,-3.898452,0.912399,0.737752,0.668131,-0.541516,0.700828,-1.897945,0.325297,-0.086665,-1.556376,0.714457,1.222649,0
2.806608,3.612732,1.545167,1.487892,-0.058591,0.391725,2.651909,1.773920,-0.078510,2.349889,0.071339,2.480090,2.015668,-0.073559,4.466279,2.285611,3.267273,5.105113,2.837678,-2.432958,-1.661220,1.845016,1.992838,3.254687,1.534025,2.341572,3.321712,1.268749,-2.303139,0.798313,3.626333,-1.594630,0
2.035180,0.350936,-1.943869,-0.215358,-1.104581,3.939995,4.687403,-0.064172,-3.379686,1.813200,0.830724,2.263835,-1.929602,0.625309,-0.415746,-0.158777,5.628686,1.316105,-0.062704,4.847354,2.448785,-2.393699,-0.747701,0.133844,0.531912,-0.324260,-2.346477,-2.091898,1.156758,1.101715,-1.964739,-2.155643,0
1.023243,2.139698,3.020080,-0.075018,0.899113,5.291355,-1.668231,0.521028,2.830564,2.335548,0.087104,1.368534,0.822880,-2.486708,3.434221,3.768973,-3.801155,0.626554,0.124384,0.252250,0.747669,0.688279,-1.106358,0.836458,0.638794,2.785478,1.721471,5.988722,2.072283,3.941865,1.256014,0.786382,0
-1.196522,-1.042761,0.065001,0.677888,-0.274731,2.186310,-2.406109,1.921535,1.295687,1.184607,-0.816445,3.626719,0.627721,0.118314,-1.910955,3.538441,3.544054,-1.791706,6.510645,1.832358,0.333179,1.599339,-1.605429,1.465416,-0.211101,-0.940001,-2.031286,-1.366059,0.755814,0.225899,2.743381,-0.188456,0
1.167288,1.698682,1.660947,1.405455,3.545284,2.499076,4.344333,-0.462053,4.299510,0.925735,0.414233,-0.384432,1.983306,-1.543444,3.669243,-0.087282,-2.425197,2.098698,3.954205,2.040183,2.507437,-0.750928,0.074815,0.429326,0.101730,-0.865321,3.054113,0.600576,-1.341698,1.323160,1.006771,-0.524665,0
3.537954,-0.868202,3.386116,-0.300772,0.258962,0.177151,-0.732711,0.153702,9.181187,3.252752,2.354846,-2.560496,-0.363814,2.788803,0.560740,1.680645,1.615283,2.882770,-0.206522,-0.184171,4.364714,0.549975,-2.257198,-0.451150,-0.100210,0.415908,0.915729,2.141706,-0.104766,2.601096,-0.993508,0.795673,0
-0.319034,3.727098,0.568248,3.633410,-3.758314,1.305607,0.424913,-1.489607,3.453152,4.625661,0.510617,1.729707,1.634329,-0.236434,2.997308,0.030114,1.119987,2.303517,1.381425,1.517761,-0.838749,1.961342,0.525211,2.389061,4.474847,-0.125567,-1.279529,0.919504,-0.468717,2.660420,3.833696,-0.697940,0
1.918529,-0.619902,2.903997,0.735727,0.882043,-1.636606,-1.362204,3.604897,0.523271,-0.057308,2.064392,0.641071,0.404355,1.835506,1.727071,-2.287260,-3.028750,2.003079,-1.066928,-0.583170,-1.795885,-4.164088,-2.287904,-1.534726,-1.428938,3.348495,-0.780130,3.403186,1.448947,2.535587,-1.031829,5.978466,0
3.196205,0.610600,-1.756004,0.070693,4.071825,3.585551,3.484474,-0.919430,1.093143,1.822748,3.356022,-2.994805,1.789316,-3.772250,-0.046591,-0.093541,1.505918,-0.356748,3.496546,3.980727,-2.340564,-2.425023,2.599617,1.907528,0.060912,-1.847018,-1.507739,2.797759,-0.972137,-2.447216,0.171744,1.713299,0
1.030832,1.201226,4.780256,1.829581,-1.127203,2.602142,-1.031733,-2.793758,-0.264768,2.838919,2.626372,-0.417684,-1.524753,5.776620,1.790371,2.131112,0.504177,2.588233,0.197604,-3.349133,-3.023544,0.013874,-1.472522,3.328985,1.694326,2.158158,3.123455,2.224357,-0.754354,1.349736,3.026534,-0.482340,0
-3.617605,1.836633,0.137671,1.639115,2.208344,0.800748,2.004113,2.596429,-2.558376,3.734093,1.074148,1.179190,3.333850,1.580246,2.935560,1.929240,0.339485,1.339846,-0.060971,-2.055840,-3.694920,-0.612837,-2.038421,-3.567880,2.474084,1.668310,2.034072,4.010584,1.708592,1.830423,-1.556057,2.139762,0
1.871746,3.799211,1.343987,1.206845,0.633195,1.068779,4.912787,4.213128,2.405152,-0.475393,0.313898,5.672812,0.995521,-2.162633,-2.296820,-0.050849,2.089503,3.200542,0.107832,3.032893,3.317291,-2.242568,-0.000583,2.907011,-0.935445,-1.761997,1.021804,-0.848824,3.574633,2.025777,-0.907097,-0.256735,0
-1.301001,4.186533,-0.733598,6.079197,1.837452,-1.722027,4.583254,-1.939141,-1.152945,0.846427,4.841063,1.498023,4.629098,2.124706,3.768333,-1.795370,1.144385,0.862555,2.668264,2.103785,2.528395,-1.659718,-0.290407,-3.523185,-1.851062,1.263363,1.863226,1.329632,1.289036,1.903606,-2.782048,0.039706,0
1.173459,1.588743,2.188908,-1.874670,3.065202,2.712151,1.010888,1.925641,1.510746,1.130956,2.088161,1.251509,3.501054,3.692477,-0.154464,-1.279727,5.185833,0.923928,0.426582,-1.722299,1.663932,1.840171,2.955386,2.731894,2.402106,0.549189,3.018053,2.667956,3.002455,3.490203,0.306100,-1.401361,0
0.815103,1.773717,1.560822,1.351575,2.328582,0.009919,1.646605,0.421284,1.869913,3.431261,1.940383,4.030268,0.524547,-3.140273,2.427829,1.850866,4.351986,-0.984747,0.220004,1.014143,-0.161732,-0.486508,4.441131,0.546576,1.760078,4.652518,4.807709,0.664706,1.288079,-2.041663,-2.863374,4.031764,0
1.904467,3.488279,-0.163197,0.500762,2.775553,2.469015,2.365175,-0.778898,2.259075,1.185994,0.442049,2.958309,2.656583,3.666816,3.920188,0.259156,-0.971178,0.478629,3.895125,-2.367574,-4.692966,3.710516,0.558602,3.745113,-0.715668,2.231380,3.128438,0.549047,-2.580200,-3.536447,-2.576423,0.941358,0
0.014606,3.602635,-0.851729,1.774305,2.655037,0.488380,1.208414,1.788592,1.891050,-0.621814,3.651794,1.950758,0.372242,0.268430,0.205963,0.199734,-0.232477,-0.980959,0.556425,0.883351,2.472051,-1.198571,2.823804,3.616786,3.526825,-0.027711,-0.537864,-1.483493,0.386302,-2.414678,0.852262,1.270249,0
-1.945207,0.678661,0.594844,-1.520401,2.605318,2.358688,2.154140,-0.332298,2.358565,-1.912797,-0.554072,1.567108,2.367313,-2.854079,0.632406,1.632855,-2.599641,-1.326839,3.695675,-0.259967,0.220064,5.707417,1.390124,1.600191,1.150147,0.681987,0.409958,-0.159410,-2.482429,4.277180,-0.140654,-0.130516,0
0.337067,2.455151,2.794228,0.481679,3.381331,-2.489551,3.315478,-0.058044,-0.913305,1.481256,1.211627,1.816831,0.252056,-0.840437,2.146081,-1.885988,1.143985,3.726228,0.677115,0.857923,-0.128513,-3.010132,1.014304,1.176394,1.580032,-0.381852,0.574018,2.742464,0.047523,1.305161,-0.344500,1.791646,0
1.999297,2.340344,-2.182630,-1.580863,-0.880835,2.669048,0.643597,-0.742884,-0.589700,1.630224,3.433574,3.176762,0.316105,-1.153920,0.454075,1.022036,0.727151,-0.046186,1.203022,1.873469,-0.326985,4.184844,1.911663,3.508951,1.605851,-2.936909,0.508743,1.849945,-1.277861,-0.224115,-0.188186,0.478712,0
2.195333,-0.969791,-0.547935,3.258209,1.726332,1.403904,-2.844758,2.341274,3.197205,0.103187,1.067283,1.999431,2.501336,-0.942797,2.262034,-0.982514,0.550461,1.029578,1.677736,1.574260,-0.210859,-0.103976,-0.766143,0.493771,0.947020,-1.421025,-0.956916,3.173276,1.808340,1.246512,5.343757,-0.646257,0
-2.979435,5.633576,-0.452921,4.639169,-0.383019,-1.125986,3.986886,-0.754384,1.066962,-2.289506,0.978703,3.606749,0.244861,2.384040,-0.890640,4.023372,-0.360795,-2.366011,2.890306,2.294604,1.899460,0.565680,1.324945,-1.215569,3.123616,4.387744,1.589611,2.972792,-3.581804,-1.351765,-0.326076,1.531034,0
1.770358,1.941873,1.699384,-3.178610,1.074265,-1.300844,0.527954,0.167971,-2.012036,1.138793,1.754147,-0.444018,1.516120,3.052304,2.086696,0.071141,2.305172,1.059437,3.936981,0.428836,2.561856,5.905952,1.797585,-3.821370,0.503431,-0.230194,4.890580,1.770348,2.194551,2.691115,-3.594980,2.611561,0
1.633610,2.895473,0.078408,2.280553,-1.154804,-0.366922,-0.444583,-0.738097,0.749939,1.133713,0.493032,5.342805,-0.509275,-2.345827,2.066405,2.574629,2.443982,4.133582,1.837133,-0.036676,2.118771,1.563548,0.611567,4.168958,3.278830,0.424488,-0.109695,-1.344708,2.402487,1.934662,0.385848,3.977386,0
0.540633,2.892700,2.915445,-4.336567,2.797455,1.854656,2.987947,2.451551,-1.465959,2.340503,4.186704,-1.676682,-0.093160,4.843159,0.609473,2.025459,1.721533,-1.417127,-0.879283,5.513807,6.645378,-1.285210,3.044264,2.797257,4.313822,4.440556,1.573339,0.980833,-1.755740,-0.490836,2.881309,0.340839,0
2.367326,2.474908,1.583647,-1.834218,-2.423159,1.104352,4.475510,-0.723334,1.904301,1.887348,2.974746,4.778237,3.119595,4.133449,-0.493123,0.695037,0.571880,-1.658263,2.299266,0.049286,1.925059,2.419980,2.753439,0.223596,0.975321,2.914225,2.858444,0.901863,-1.065578,-0.303329,0.842952,-0.274948,0
0.938986,0.209124,1.563142,-0.370316,3.830256,0.150305,-2.007495,4.437268,-3.070398,4.959396,0.876229,0.841330,-0.486100,3.423459,4.563858,0.369008,2.042147,0.142717,2.810330,-0.688515,-2.557543,-2.903101,2.751797,3.486753,-0.494240,2.720083,4.423975,1.004106,1.512695,-2.249594,-0.225780,-3.290734,0
-1.198474,3.953773,-2.007187,1.298760,-1.855361,1.639248,1.819362,1.936099,5.621464,2.118222,3.225221,-0.978622,0.094820,4.278044,-2.633306,0.150845,-0.276089,2.157911,-0.049509,-1.786872,3.057643,2.241427,-2.268105,-0.437039,5.301435,4.180751,3.607112,0.256437,-0.622696,5.110257,0.294992,2.674031,0
0.319638,3.763728,2.993136,-2.894154,5.691758,3.150979,-0.859241,-2.074686,4.550334,2.904277,2.623038,1.868973,1.276109,4.497198,-0.314760,2.275614,2.614982,1.601108,-2.489995,1.094012,2.634816,0.770494,-1.184996,0.445769,-1.384357,2.166836,2.902472,-0.558916,3.045852,0.719560,1.209723,4.471482,0
1.875892,0.443859,-0.143653,-4.010650,5.002656,4.969295,-3.325308,-6.673058,-2.133531,0.620771,1.097476,-1.302355,2.105624,3.609158,-1.702713,2.521782,1.300175,0.924150,-1.442038,-0.852930,2.002843,-4.350763,-0.073609,-3.699051,1.420900,-2.599923,1.793974,-0.449288,-0.416441,0.778356,3.119670,2.609715,0
1.374515,1.484962,2.891682,3.296307,0.818799,4.788634,0.607492,-0.719305,2.839027,1.950358,0.529346,-0.827332,2.862498,1.172076,2.821783,0.388383,0.698721,3.959634,-4.166733,-0.995964,0.472116,0.056398,2.088849,1.756706,0.736495,2.687382,2.014069,-0.269367,-0.223223,-0.364819,0.018599,-0.589444,0
-0.501068,0.784630,1.664760,-1.855642,-1.110359,4.073348,6.208881,0.467485,-2.733128,1.947971,1.806745,2.557197,0.565237,-1.551329,3.012691,1.007140,2.124953,0.943304,4.046339,-1.556890,0.282240,-0.261374,-1.191729,1.984620,1.024355,-0.791694,-3.380346,2.504406,-1.165668,0.366866,-1.389107,3.821135,0
2.480517,3.668615,4.290975,-5.669115,2.013420,-3.226517,0.454837,2.786112,0.257180,0.027143,2.948172,5.597220,-0.171124,2.926181,-1.393689,-0.030662,4.820088,-4.710229,-1.073164,2.686926,4.453756,4.802030,2.680548,-0.061623,0.658452,0.491261,2.100889,-0.382851,-1.831821,-0.129587,1.476246,1.184843,0
2.141823,2.622659,1.617013,3.921863,4.746034,-1.081020,0.294734,3.255478,1.905352,-1.198750,-2.528580,1.053202,-1.233462,-4.805619,-0.802610,-2.507909,-2.144871,3.049335,0.259878,-0.010977,1.586565,0.569979,0.830295,0.786249,-0.145641,2.017091,0.468070,3.181120,2.319854,3.345152,1.430439,1.787883,0
-0.804720,-4.047477,-2.238316,1.651069,2.019863,-1.163410,1.537708,3.011768,-3.591240,0.318832,-1.013812,3.462715,-0.717906,0.068706,-1.760402,1.350432,-0.007596,-0.894016,3.002339,-0.920542,1.058813,2.367142,-0.128591,2.289715,-0.125119,-2.541368,2.884122,4.593044,0.437100,1.114387,2.176079,2.524788,0
-2.461551,2.291498,-0.067260,1.089258,-3.517271,0.214100,0.050396,0.858995,1.369726,1.013135,1.323730,1.445045,0.710740,-1.356543,-0.233676,0.472622,0.998004,-1.167302,0.004636,2.734939,0.613602,0.493314,0.449454,-0.725307,3.474200,4.556861,-2.058140,-3.927542,-2.538097,-2.713647,2.122680,-0.503449,0
2.198997,3.888642,3.768061,-1.435767,0.352319,0.779375,2.246408,4.593389,1.660535,1.008971,3.939691,5.025354,3.512204,-0.398700,1.122494,0.385062,4.483438,3.021964,1.569333,-1.359642,1.446812,1.665410,0.484363,3.832324,3.858044,-1.065289,0.566660,4.986603,4.267048,2.831076,-0.910085,-1.910296,0
-1.829049,0.710620,3.496125,1.934334,2.726895,-0.761186,-0.033134,0.415315,0.392195,3.135185,0.007703,-1.050217,-0.157434,0.519217,3.578590,1.833477,0.989743,3.725116,3.040169,1.730849,2.138024,-2.181300,1.238769,-2.874622,2.296528,-1.601545,3.920286,1.603951,-4.040639,1.951297,1.544463,2.657010,0
-1.388133,-1.188642,1.665895,3.477419,2.695427,3.674376,0.293443,0.383783,4.038354,-0.860554,-0.116832,2.599149,-0.096294,-0.448639,1.673044,3.438495,1.481091,-0.945400,-0.714681,0.428733,-5.753040,-3.643438,0.017912,-1.399728,3.273278,-0.474670,-1.249433,2.404980,-3.704090,-2.511034,1.760489,1.537617,0
4.148380,1.951954,1.149439,0.032674,0.655457,2.507372,-3.178036,3.406472,-0.425347,1.633549,3.735462,-0.527431,-2.299333,2.139468,-2.685322,0.440770,-0.086227,-2.909870,3.629275,2.851582,2.226344,3.563183,-0.203793,-2.639158,-2.041232,1.392811,0.982814,0.282512,1.873085,-0.524047,0.254429,0.021748,0
1.474771,-1.692345,0.224749,-2.250641,0.669218,3.536380,-2.746722,2.935525,3.922552,1.203880,2.941115,-2.937234,-1.318043,1.563109,1.360523,2.019528,1.052290,3.938145,2.906731,2.387379,3.165242,-1.453363,2.161827,4.722710,3.770104,-1.722409,-1.158691,-3.048882,1.359597,0.861040,2.931930,1.984954,0
3.240860,0.145241,1.550871,2.678475,0.381541,0.366110,-0.900692,2.315001,4.621279,0.706852,-0.537235,2.253147,3.712518,-1.359321,-0.855399,0.614684,-1.307768,0.862949,1.822880,-3.403169,0.601737,0.158191,4.680490,-0.281924,-1.583709,0.769146,0.334325,2.882980,0.347708,2.264534,-1.932160,-0.217558,0
-1.457313,0.186054,0.366261,1.259604,0.106842,-0.405670,0.039737,3.046788,-1.468350,5.919724,2.087395,1.859254,-4.927451,0.338993,3.627576,3.048922,1.855917,-3.410614,-2.619322,0.017362,-1.214484,3.914135,3.420107,1.979971,0.515863,-0.345626,3.027132,3.610967,5.052777,2.284979,2.890866,3.969705,0
2.889870,3.880548,3.045971,0.559604,0.236080,0.101563,-1.901458,2.764302,1.996289,-0.484046,-0.845004,0.169402,-1.048401,5.343836,-2.082671,6.033110,-0.826831,0.757903,1.086117,0.136724,0.510635,3.563940,-0.204641,-0.079438,0.319223,0.267298,2.338986,0.125908,-3.561064,-1.818160,2.327276,1.777862,0
0.508444,7.168955,0.624490,1.908519,2.302129,-2.170886,-1.630888,1.042521,1.242253,-0.674116,2.987003,1.501605,4.011602,2.447506,-0.342593,-2.155494,3.353059,0.118236,-0.730410,-2.971743,2.867662,-0.857988,-0.472502,-0.522698,3.596032,2.535753,-0.259795,2.172582,0.730245,0.230630,0.908257,2.231174,0
0.254884,-2.370954,4.121457,2.586712,2.190898,-2.125277,-1.480071,2.522682,4.779099,1.936624,1.384128,0.578742,4.877312,1.236648,1.420356,2.117982,1.110377,-0.336633,-1.336655,0.172372,-0.972636,2.242962,-0.623967,0.922980,-0.529819,3.398670,0.355062,2.967910,-0.469070,-3.313231,-0.412630,0.866200,0
-3.072412,-2.155961,1.354597,-2.774949,-0.903639,0.524572,3.169211,-0.111238,1.309410,3.505512,3.511304,-1.987163,-2.135476,1.141480,-1.176435,0.238630,6.775074,2.139008,1.035201,0.930706,5.599953,1.307261,-1.551491,0.625435,2.564822,-0.312449,2.553243,2.149591,-0.777762,2.681304,5.834413,0.680083,0
-0.739272,-0.216846,-0.219914,0.015260,0.346586,0.720763,0.572309,3.335587,2.857327,0.896216,1.371376,3.048890,0.006746,1.227611,-0.903615,-0.696250,2.947665,-1.940095,0.840648,3.317986,3.812178,2.594436,2.107908,-1.372935,1.561247,1.897468,-0.782316,-1.055856,-1.905190,3.027204,-0.894488,-0.877120,0
4.830168,1.487842,-1.358300,-3.072955,5.025012,1.200130,0.243517,1.264963,0.418310,3.351020,1.892545,-0.940956,2.343344,-0.308654,3.472839,0.571366,0.660050,2.183280,-0.721003,0.239511,-2.005266,2.509136,0.237838,-1.453405,0.239346,-0.895945,1.203043,-0.717822,0.007263,0.675091,0.336477,4.597443,0
-0.335633,-2.283055,-1.233440,-1.295646,2.195749,4.336997,-2.104895,1.971741,1.634366,0.416433,2.942365,-1.571485,-1.943172,0.219313,-1.761501,2.141169,0.617232,1.220477,1.049433,-0.831577,-0.481004,0.238889,3.860353,2.357505,1.095140,1.825733,1.985100,0.734776,-0.814509,2.024768,0.236695,2.514703,0
1.709400,-1.831032,1.490553,6.015889,2.671814,-0.889329,-0.922126,1.028500,-0.832147,4.868295,1.092748,-2.357336,-0.492569,2.518117,-1.024547,2.972856,0.372757,3.523943,1.587077,1.032025,0.347066,2.884080,1.043553,2.073421,0.376628,1.916508,3.784297,0.406388,5.101614,0.737867,-0.180739,2.216761,0
2.158791,-0.942513,-0.108602,0.571980,1.340063,1.847092,4.628383,-2.680434,3.099164,0.173440,-0.690539,1.393596,2.459624,0.221884,1.438819,0.541412,-1.223918,2.909628,3.061261,-0.355127,5.704474,-0.717857,-1.103749,3.449334,5.779390,2.746646,2.423675,0.605695,-1.112198,-0.768157,1.790578,2.136683,0
1.853390,0.408362,0.869534,-1.376975,2.592356,0.425159,1.446087,-1.137028,4.497544,2.652005,2.705956,1.342666,4.036450,-1.323317,-1.077855,0.014026,1.830276,4.583555,-0.339454,0.659757,3.505383,2.022244,-1.782151,0.523927,1.036347,-3.327837,3.622707,0.471563,3.665299,2.377041,0.207263,1.357321,0
1.507538,0.496551,1.005182,3.285865,2.848685,-1.262829,-2.161585,-0.133428,3.279016,-0.254045,3.881811,1.214607,1.673216,-2.600128,2.695439,2.994991,1.240058,-3.568960,2.679181,1.514256,2.535395,1.486861,-1.282103,1.299221,1.496587,-2.426032,0.939093,-0.896505,4.186841,-3.008457,3.173320,0.915503,0
1.197979,0.096073,3.005665,1.476650,3.140389,3.888904,4.166155,1.007668,3.475025,4.407254,-0.085261,4.327590,0.696600,3.993905,2.457630,-0.806880,2.856750,-1.663722,0.044066,2.225896,0.805292,0.019904,-1.277329,-4.481127,0.538119,3.495811,1.311258,5.728671,-1.775804,0.467573,0.384892,0.719799,0
-1.378443,3.958511,-1.408165,-1.138736,1.964133,-3.492135,2.286853,3.802571,-3.457708,4.219579,-0.671371,2.847840,0.635768,-1.293465,1.869271,-0.361343,5.087087,2.017447,0.091596,3.066072,1.058933,1.933317,-0.156770,1.196011,3.638353,0.715231,4.801762,-0.836284,3.351460,-2.638389,2.006098,1.249206,0
-2.637163,0.280562,3.559652,2.609119,0.306897,1.849453,-1.431485,3.805628,3.956697,1.194548,2.537664,3.041067,-0.301796,-0.288151,0.073592,3.193747,3.228752,-2.710110,-2.609044,0.460819,0.277829,4.329071,-0.810001,4.504560,-0.707977,3.043716,1.936915,-2.258906,0.411674,-2.967260,0.214173,3.930546,0
-0.465723,2.153397,3.019928,-1.466823,-1.164470,-0.997603,0.639867,-1.117303,-1.399228,-0.413049,-0.546545,0.582689,0.587766,1.065357,-0.874017,2.635054,0.960395,0.736493,0.826955,1.692159,2.325408,0.949916,0.829388,4.833202,0.021194,4.570606,0.820131,3.066379,-1.532251,1.687017,-0.510733,-1.888777,0
-3.118376,1.976711,-3.308734,-0.210183,2.939851,2.384154,0.394166,2.709069,3.045615,-0.429276,2.950641,1.385993,0.484128,0.000171,1.039948,1.763782,2.616282,1.937168,2.425421,2.795421,0.124677,-0.321959,3.185651,1.223136,4.388121,-1.013647,5.373554,2.512722,-0.083426,3.645155,-0.048433,6.493410,0
1.903584,2.672414,0.340456,1.052416,2.553570,-0.115198,2.813508,4.354352,-0.443361,-0.761585,1.365863,-2.000923,-0.950045,-0.758263,1.834135,3.336883,-0.702936,0.086706,-0.558217,0.043984,-1.531857,3.084332,-1.310517,-0.951619,0.307129,1.002921,-3.256172,3.167975,-4.107003,2.054778,4.223376,1.854232,0
-0.349433,5.088583,0.490791,0.874346,-0.217114,3.168180,2.170116,1.715446,-1.824020,-0.410822,0.331939,3.002223,-0.387385,-0.430928,0.740121,2.113753,2.024382,2.812093,2.290431,0.059589,-0.360584,2.920181,2.828226,4.868535,0.954642,-2.551192,-0.001264,6.468585,3.067319,1.684338,3.089957,0.588765,0
2.883820,1.457977,0.841673,-1.011976,-3.225896,1.783678,-0.404689,4.702295,-2.962759,-0.956389,5.606037,0.582642,2.675902,2.921144,0.493612,0.418361,-1.621591,0.354733,0.216980,-2.630257,-1.073571,0.026666,1.522134,-1.437862,3.290387,3.244229,2.280033,-0.218602,2.042943,-0.199502,-0.451094,4.402971,0
0.920375,1.227990,1.218739,-1.402747,2.209304,0.158580,2.809369,0.972204,2.906910,1.646531,3.695333,-2.217676,0.417882,4.527431,-1.663404,-1.963875,4.522067,-0.425252,2.802793,0.034616,1.636940,-1.648625,1.799680,2.343292,1.783421,-1.500405,3.064337,2.358343,2.622222,2.243213,-1.715297,1.085731,0
-0.128574,0.450387,5.633188,0.044373,0.511514,3.811976,0.485073,3.296473,-1.626310,0.942252,4.918678,2.637676,-0.344160,0.807721,-1.397778,1.512680,3.049651,-2.926775,2.330215,0.698730,0.631381,-1.838696,2.833212,1.937902,1.632722,3.699713,-1.132003,-0.507655,1.055141,1.871596,-0.648919,5.139453,0
1.127974,2.118910,2.414742,-0.656896,-3.092537,2.448233,3.011594,-3.414444,-1.938390,-4.745008,4.704362,0.405226,0.173443,-1.231956,2.852910,-1.752592,-0.946140,2.221230,0.588602,2.176281,1.309159,-0.629040,1.859485,1.114545,0.369000,-1.913753,-0.431288,3.408974,-1.363202,0.025983,0.365997,-0.614592,0
2.190763,3.706700,1.037271,-1.704371,0.020473,-1.160622,-0.553614,4.517843,-0.434063,-2.549737,2.656930,0.683492,-1.464105,2.267887,1.398118,2.372999,-1.214621,0.727129,3.406077,3.971068,3.614954,2.423468,2.091314,0.700671,-0.235068,0.768695,0.567365,1.980273,2.276258,0.356427,1.137186,2.446377,0
0.622169,0.714067,-0.042357,1.474021,-1.127405,3.847704,1.983415,7.087748,1.444057,1.189344,0.067204,0.684708,2.860970,0.188932,-0.223243,0.829053,0.677964,-0.131609,1.554965,1.162207,1.004455,1.056321,1.089618,2.288106,2.831037,1.554480,-1.118458,2.711347,2.200051,0.850729,1.650805,2.799696,0
2.374949,0.012932,1.148849,0.546441,2.405421,-0.570890,-1.367476,-0.782759,0.939140,-0.016665,-1.086103,2.426055,-1.928049,2.286029,-0.062618,-0.273874,-2.111812,4.622587,2.658203,5.086865,5.706336,0.410088,1.367001,-0.317452,0.263980,2.309419,2.326961,2.061484,2.127862,2.106593,1.048592,-0.580942,0
-6.106236,5.123268,2.450090,-0.638907,2.578193,2.958583,0.695035,0.950765,-0.088532,4.154618,2.444385,-2.817221,1.333941,2.318749,3.320294,-0.256482,1.153658,0.038345,3.325075,-1.546662,0.944940,-0.122310,-0.384197,-0.136403,3.238899,-1.001885,0.201756,1.797011,4.013000,2.178633,-1.237346,1.571397,0
1.417452,0.840652,-0.816854,-1.794163,-0.435905,-1.413195,-0.881492,-0.801233,0.633213,1.243559,2.414346,1.855917,1.315731,2.149059,0.624738,1.800329,0.669355,2.650653,-0.647802,3.146410,3.380809,1.365619,1.992267,-1.084077,-2.055820,1.058618,-0.614536,3.121795,-0.251799,3.706522,-0.558885,3.518165,0
0.449570,3.958038,4.056534,-1.277235,2.542187,-0.634311,3.545414,0.146319,4.166371,1.958034,1.620553,-3.901052,3.616378,-3.922060,2.853778,1.430887,-2.377442,1.112997,-2.734300,3.821510,-0.242438,-1.888076,0.182615,-0.123100,1.212655,0.996708,-0.490210,-2.674131,2.023055,-0.679393,2.281894,2.435263,0
-0.218162,0.243213,1.388537,3.311044,-0.587471,-1.755562,1.214818,4.177328,0.911669,-0.879358,-1.663234,4.102416,-2.034037,0.324781,0.807512,-0.333412,1.660918,0.518837,4.936385,2.371639,2.653093,3.416068,-0.658480,0.051178,2.770742,3.164632,2.423402,1.193659,1.063175,3.544860,-0.453998,-0.165290,0
-0.550533,-1.324674,-1.214521,-3.384960,-3.149969,0.608852,-3.306837,0.386412,0.894160,-3.651628,-0.582524,-0.000346,2.361952,1.968476,-2.148905,-1.803834,-6.529052,-2.486547,2.588412,1.731145,5.849829,-5.464912,-4.886813,0.180029,-1.964922,-3.166504,-1.414039,0.971119,-3.260180,-4.957401,-1.510835,-3.774822,1
3.428308,-1.494920,-3.836720,0.692223,0.100241,-2.638965,-3.006614,-0.910810,1.300049,-3.200583,-1.226502,0.577535,-1.519891,-0.013956,-1.349012,-4.291739,-3.053371,1.954412,-1.872456,3.901440,-5.433717,0.871592,-1.484236,-1.573647,-0.443145,2.862293,-1.783189,2.230914,2.008540,-2.854274,-0.940647,-5.931984,1
-0.529193,-1.600299,-2.316485,-0.063949,-0.176424,-3.924351,-2.115693,0.445860,-1.563018,0.251971,-3.279271,-2.022997,-2.771506,0.578475,2.414531,3.115578,-2.089422,-0.121295,0.602689,1.832763,-5.788578,2.207397,-2.139084,-2.843143,-2.910265,-1.268737,-1.934852,-4.926795,0.979883,-3.467185,1.506070,-2.160641,1
-1.493001,-3.734880,-1.382325,-1.831603,-3.415993,2.304410,2.694450,-4.425806,-2.438984,0.517501,0.017638,2.308086,-2.394596,-2.269548,-2.526186,-3.622283,0.226386,0.080816,-2.053876,-1.544747,-0.255564,-4.498302,-3.721839,-0.285209,-0.365514,-0.992895,-3.806561,1.467045,-3.789892,1.557534,-3.787313,-4.419096,1
-3.051336,-2.216512,-1.944304,-2.784492,0.208160,0.291118,-2.387478,-0.223730,-3.819544,2.403937,1.958711,-2.399170,-1.109877,1.352002,-0.483678,-2.167487,3.435706,-1.091053,-0.071084,-0.322069,-1.307961,-5.921955,1.023725,-2.582314,0.420580,-2.827109,0.027858,-2.656118,-2.306365,1.396971,3.323590,-3.434695,1
1.161807,-2.678812,0.685797,0.015517,0.484429,0.769637,-0.294971,-0.664054,-2.729689,1.729192,-0.044964,1.511345,-2.559768,-2.368993,0.760477,-3.060859,-1.754681,3.689387,-3.205816,3.117162,-0.535761,0.784986,-0.060972,-3.808027,-1.401574,-1.789423,0.132586,-5.660523,-1.142176,1.375760,-1.653489,-4.346288,1
-2.356780,-1.078461,-3.131525,-4.230008,3.385714,-5.237068,-1.964266,-2.572331,-1.021361,-0.150863,-2.138222,1.306046,1.629212,-2.111394,-2.070583,-0.933098,-3.662179,0.403023,-1.614020,1.694852,3.119451,-3.883921,0.016726,0.327141,-2.653699,-4.471421,0.922791,0.180277,-1.473218,-1.163548,-2.495895,1.291650,1
-1.209807,-3.424999,-1.149937,-1.355371,-0.315856,-1.178800,1.897574,-2.334831,-2.553380,-2.145756,-0.047368,-2.034242,0.317578,-2.903049,0.097085,-3.197885,-0.148047,3.349527,-2.446950,-2.616756,-3.873296,3.341623,-1.711672,1.333731,4.037208,-1.857843,-1.000217,-0.225028,-2.576043,-0.469367,1.000720,-2.878296,1
-3.180378,-1.715983,0.777032,-1.681489,1.770985,2.727207,-2.735534,-1.494592,0.909474,-1.177855,-1.478139,0.014865,-0.442780,-2.921068,1.451942,-3.302798,-2.135254,-3.052040,1.221548,-4.799082,-4.448675,-3.379096,1.470851,-0.336917,-0.821830,-2.215015,-1.694287,-0.635886,1.729415,-0.698314,-1.529230,0.741553,1
-2.969035,-4.173503,-0.722836,-0.373594,-1.275659,0.009034,-1.335805,-0.165048,0.548296,-2.244424,0.550845,0.011056,1.974342,4.191157,-2.741227,-4.336445,-1.163094,-0.733860,-0.201712,0.156717,-4.348437,-3.396927,-1.131756,1.188862,-3.856757,0.961035,2.110576,-6.407977,-2.135668,1.167831,-2.330215,-1.936391,1
-1.176902,-0.006336,-3.529470,-3.559562,0.322239,-4.932842,-5.334785,-2.713184,-1.281898,0.234961,-0.594431,-0.975447,-0.096686,0.807796,2.443981,2.016359,-1.146925,4.762783,0.925993,-0.571354,-2.082500,-3.204935,1.016614,-0.360253,-0.507319,0.123814,2.929944,-1.113678,0.680739,-0.714122,-1.121285,0.150067,1
-2.593364,-4.270857,-2.126798,2.239485,-6.976021,1.222583,-1.065349,-0.763761,1.301811,0.835314,-1.492664,1.377633,2.476346,-1.401295,1.765422,0.503317,0.077933,-6.152414,0.563073,-1.649282,-0.995603,-2.141405,-1.460569,1.239217,-0.263711,-2.514585,0.831042,1.125388,-3.335898,0.020320,0.921453,0.262728,1
-2.989250,0.958328,0.869147,-4.563429,2.898299,-0.138323,-4.656850,1.876592,-2.788092,-4.027188,1.309546,-1.640820,1.556147,1.730851,1.392811,-0.507070,-4.054420,-3.651819,0.809369,-2.438246,-4.713470,1.682429,-1.191456,1.790240,-1.189967,-4.565086,-1.008213,-3.303259,-5.833637,-2.378775,-2.689574,-0.369652,1
-1.521276,-4.791117,0.483772,-1.627517,-5.097328,-0.410007,-3.406629,-2.837778,-2.505378,1.945124,-3.561793,0.462142,1.191921,1.762474,1.168856,-0.678528,-0.136230,-1.902462,-2.521902,2.951667,-3.796729,-1.392207,0.711850,0.795509,-2.820498,0.231104,1.243338,-1.612184,-4.166241,-1.823811,-2.504431,-3.724246,1
-6.218939,0.233997,0.954355,1.327600,-0.949779,1.924499,-2.240808,-0.947030,0.572705,1.720887,-1.331376,0.121589,-0.635771,0.088686,0.064908,-3.565734,-1.854693,-5.027446,1.952816,0.319285,-4.513131,0.012578,-4.428384,1.649039,-1.465926,-1.311302,0.359983,0.693269,1.310800,-0.833779,-2.953838,0.959874,1
1.536149,-0.806643,-3.929829,-0.229319,-0.541102,-0.381768,-4.549191,-0.034646,1.255987,-1.744040,0.017370,-2.115078,-2.368665,-0.891858,-3.493780,0.617195,-0.622626,-0.681214,0.281513,-2.164090,-1.593221,-2.719619,-1.606012,-2.869473,1.473133,-2.709106,0.764043,-3.403535,-1.656873,-5.621932,-0.279998,-1.078701,1
0.534941,-2.862090,-1.010792,-0.189761,0.223853,-4.153623,0.275950,0.012366,-2.244837,0.103691,-2.567675,-0.530670,-0.464458,4.138860,0.387987,0.270562,-2.010915,-4.934641,0.519515,-2.242043,2.331511,2.206717,-0.848111,-6.432889,0.818478,-1.298422,-0.631521,-2.839582,-0.438670,-0.636941,-0.065204,-2.417422,1
3.389864,-0.867920,1.614141,-0.586155,-3.170286,1.555313,-1.731113,-1.227320,-1.439236,-5.028077,-3.000160,-1.582838,-3.582552,1.047648,-4.754513,0.144660,-1.955177,-5.385436,-0.525653,-0.388795,2.765068,-0.043067,-5.305175,-0.027957,1.085075,-1.446047,-1.388606,1.447115,0.311773,2.884597,-3.691979,4.367119,1
0.026572,-0.662113,1.711865,-1.946031,-1.201517,3.550877,-6.226971,1.018596,-4.019345,-3.401048,2.759448,-0.412643,0.179153,2.056900,-4.522877,-4.006077,-1.591187,1.092604,-2.940996,-0.374799,-0.085709,-0.105145,-2.493547,1.817283,-3.454748,-1.085587,-0.307001,1.617173,-1.832908,-8.905283,2.036386,-2.156288,1
-2.384484,0.840643,-1.410104,-1.125171,2.558587,0.249278,-2.947494,-2.683450,-1.406661,-4.420374,1.552862,0.718475,0.875402,-1.465071,2.144416,0.691420,1.231888,1.144132,-0.197113,2.030427,-0.628251,-0.485347,-3.241479,-3.419370,-0.569478,-4.805143,-1.081514,-0.262211,0.504315,-3.837467,-2.757661,-0.193719,1
0.187572,1.578927,-1.865001,-0.035012,-3.364032,-1.504770,-2.087984,0.897540,-1.778811,-1.301006,-0.756717,-2.034890,-1.898707,0.873970,1.921935,-2.352853,-0.138375,0.134807,-0.499094,1.149152,-0.566617,1.205798,-0.204862,-0.790447,-1.361417,2.719656,-2.875363,-2.440334,-2.561452,-0.987422,1.945388,1.124340,1
-0.798221,0.337557,0.731026,-0.013135,-1.676312,-0.355775,-4.771228,1.644096,-1.195870,-1.596899,-1.881020,-0.421888,-1.768466,2.354240,-2.789524,-5.735725,1.272182,-4.685821,-1.757568,-2.515751,0.402311,1.580519,0.346150,-4.108537,-0.960327,2.443962,-2.681299,0.138698,0.738317,1.707463,-1.929486,-2.792328,1
-5.995541,4.013844,0.295213,-3.892055,-2.315109,-3.426798,3.561908,-4.647856,-0.202693,1.778991,-1.719431,-1.866980,-2.590125,-0.685843,-2.385007,-2.681555,1.815574,0.789571,-3.735060,-3.131691,-1.624593,0.152463,-1.480453,-0.358700,-3.037735,-2.439263,-4.201889,-2.050996,-2.095837,-3.088461,-0.371573,-2.838847,1
-2.697975,-2.673213,-0.245387,0.618061,0.272120,-2.513527,-3.407330,2.267870,0.556741,-1.734872,-2.086177,-3.088583,-6.434170,-1.378672,-1.085917,3.542609,-2.175190,1.478770,-1.985780,-1.130278,0.376988,0.548373,-3.417343,-0.001366,-2.027044,-1.063283,-3.069802,-2.923504,-0.276925,0.666817,-1.099469,0.468812,1
-3.715265,-0.101042,1.798339,-1.171464,-1.996388,-0.915333,-2.884619,-1.042708,0.699730,-0.752790,0.118252,-7.973101,-0.557505,-0.740270,-1.028919,-1.267846,-1.423470,-2.616270,-0.816959,-3.057876,1.445428,-0.809942,-4.007252,-1.873574,-2.021111,0.569551,0.382161,-0.560576,-1.885258,-2.621719,-0.469484,-1.360603,1
1.353880,-0.057810,-2.740503,1.063942,0.894918,-1.432554,1.120781,-0.345798,0.492456,0.752229,-2.101817,-3.142058,-2.039850,-2.805875,-1.833863,-0.976736,-2.721627,-0.476674,1.451041,-2.051394,-3.778091,0.856976,-4.272211,-0.549643,0.634655,-0.409602,-3.822707,-2.692706,-5.174007,-0.866889,-0.065073,-1.596692,1
-3.632325,-1.595966,-2.346639,-1.298420,-0.649566,-2.659674,2.382871,2.450680,-5.739456,-1.958589,-1.007841,0.068152,-1.583006,-0.683904,-4.220193,1.453372,-1.246044,-0.128916,-3.630378,-3.697361,-2.284572,-0.151755,-2.675162,0.511854,-1.862526,0.159318,-0.748540,-0.722544,-4.616250,0.343807,-4.389056,-4.823512,1
0.433844,1.543509,-1.332351,-1.727806,-4.104225,2.337090,-1.762153,-5.394064,1.763076,-2.818966,-1.487326,-0.201596,0.012401,-0.492734,-1.005966,-2.872214,-0.634401,-0.650558,1.899124,-0.718607,-3.576665,-2.205554,-1.742579,1.339833,-2.778799,0.296900,-2.062095,-0.168712,-3.226699,-1.056031,0.741262,-0.621536,1
-4.316409,2.175830,-1.885050,3.134126,-1.853321,0.983768,-0.989245,-1.482526,-1.736564,-5.067075,-3.823301,-0.293387,-3.590153,-0.429360,1.890489,-2.630871,-0.530129,-3.077632,-4.456807,-1.163291,3.339433,1.942738,1.488531,2.543520,-2.102982,-1.263322,-2.502847,0.654977,-4.280630,-4.813903,-2.253727,-0.765510,1
-2.590178,-1.791228,0.989628,-3.007406,-0.851440,0.369762,2.196791,0.859818,0.910729,-1.431335,2.526387,-0.613591,-1.089086,-5.127329,-1.973825,-1.440613,0.604853,-6.078482,-1.048265,0.411822,-3.285296,0.694151,0.509212,-1.494816,-1.438331,3.884166,-1.986249,2.413974,1.921487,-4.143462,-0.270546,1.146434,1
-0.965107,-0.890520,-0.211809,-1.689959,-3.139843,-2.304166,-0.570426,-0.575974,1.479396,1.221316,-6.717562,-1.835414,-2.163572,0.834505,-6.500286,0.241942,0.191836,-0.000136,-1.684572,-2.272676,-1.263851,-2.008692,-2.094343,-2.861369,3.767703,-1.521279,1.308972,-1.430451,-0.333686,-4.908942,-3.321750,-0.496434,1
-1.411127,0.838251,-0.003957,-4.141222,0.729081,-2.588159,-1.635917,1.845381,-0.380433,-3.824861,2.572875,-1.277065,1.636323,-0.332251,-2.914745,-2.397181,0.583530,-2.388947,-3.248879,-0.478688,1.589091,4.067362,-0.278658,-4.038603,-1.269723,-0.782082,-2.643007,-2.097505,2.167414,0.353848,2.108780,-0.122389,1
0.012286,-0.447351,-2.955572,-1.667618,-0.504114,2.642316,1.608703,4.680515,0.857673,-4.083262,0.489526,-1.103547,-2.780662,0.003456,0.768941,-0.522522,-1.849732,-1.377773,1.791915,0.317716,2.291817,-1.639375,-1.084840,-0.046976,-4.066641,0.377963,-3.471609,-3.731171,-2.699519,0.933684,-2.862766,-0.368864,1
0.192409,0.354581,2.072721,0.629041,1.588786,-3.169231,2.300087,-0.289124,-2.919199,-0.459680,-0.027835,-2.628188,-1.859889,0.391630,-1.448214,-3.431148,1.006523,-1.860580,-1.129710,1.491626,-2.180643,-1.418277,0.951612,-0.826431,-3.594636,-0.780428,0.332040,-0.647132,-1.768172,1.258445,1.803279,1.589100,1
-1.824433,-2.402891,-4.621385,-2.958463,0.985674,-2.299971,3.127911,-2.669450,-0.860489,3.171212,-0.492384,-5.208782,0.137141,-1.008537,-0.691507,-0.176786,-1.480641,-0.744990,-0.213565,-1.696392,-3.528080,3.088548,-2.097919,-2.866832,3.194309,0.440747,0.760919,1.090335,-6.380023,-2.676671,-3.747540,-0.446689,1
-2.450240,0.447405,-0.296452,-1.386412,-0.438855,-1.610868,0.568251,0.198909,-0.023837,1.847331,1.670712,-1.604086,-3.297523,1.474253,0.557052,-1.219938,-2.830155,-0.439133,-2.608210,-2.423485,-1.087041,0.623668,1.185014,-3.338517,0.918303,-0.659047,2.808421,-1.385780,3.345589,-4.674586,-2.236936,2.564435,1
-3.165849,1.955322,-1.340959,1.740965,1.722790,-2.123540,-3.017067,-3.014194,-1.089040,-2.606807,-2.582187,-3.465088,-1.933395,-0.446437,2.605555,-4.397709,-1.159500,-1.123662,-0.239284,-1.408319,-2.154228,-3.586127,0.832872,-0.374156,0.863317,-0.733576,-2.607854,2.342926,-0.657558,1.072232,-1.131406,3.373815,1
0.500517,-1.211908,-3.217740,-1.808096,-0.320523,-2.054760,-3.935635,-1.494776,-0.781042,-2.772059,-7.546486,-1.690217,-1.156668,-1.083665,-1.299273,-1.155146,-2.410336,-3.149150,4.356969,-5.780080,-2.312042,0.010556,-5.353675,-2.062891,0.811625,-1.564873,1.409740,1.245073,-1.739565,0.522379,0.758430,0.511421,1
0.980386,-2.644975,-0.343483,-0.329673,3.372954,-3.180349,-3.079300,-1.949137,-1.725635,1.322397,-2.437490,-3.949390,-1.113740,-1.185675,-1.678812,-2.529217,1.125657,2.613928,1.136550,2.125275,0.503726,-0.361250,-2.750876,-4.423556,-0.269958,0.220619,-1.147647,-3.040637,-5.616472,-2.449506,3.623473,-0.565493,1
-1.572491,3.142122,4.827974,0.800096,-0.506429,1.646206,0.853510,0.256244,-0.481714,-3.155561,-1.794326,-1.728875,1.077456,-0.921403,-1.615468,0.708382,1.066476,-0.766797,-2.902199,-1.871357,-3.037580,-0.101045,1.025911,-1.849028,-3.098377,-0.388118,-1.925410,-1.892970,-4.681536,-4.689609,-2.636891,1.005555,1
-1.112346,-0.190257,0.726475,-2.950742,-3.311227,-2.060147,-2.377469,1.102407,0.171477,-2.383838,-1.066422,-0.223036,-1.705834,-2.637380,-0.773658,-3.692862,-2.749297,0.778100,0.169592,-3.468664,-2.773191,-0.160142,-1.202446,-1.111089,-0.096687,1.504135,-5.046896,-1.621604,-1.398729,-1.600409,-0.900558,-2.138281,1
0.623808,-3.530417,-1.233307,-1.705106,0.603702,1.035979,3.395267,-2.971492,-1.412650,0.275477,-0.729241,-2.507561,3.337797,-2.919185,-1.086323,1.488381,0.629105,-3.348148,-2.731228,-0.122864,0.825365,-0.818525,-3.093173,0.438255,2.764426,-2.814392,-0.777504,-1.723428,-0.919344,-0.600869,1.293164,-0.255081,1
1.946341,-2.956534,-0.090096,1.075495,-2.282782,-3.210154,0.037842,-2.513653,-0.475331,-0.352073,-1.097737,0.676538,-1.614899,-1.933327,-0.449718,-4.118609,-2.686951,2.091725,-1.242989,0.289546,-1.336187,-1.631454,-2.297876,0.719993,1.425766,-2.156639,-0.233770,-4.127422,-1.120816,-1.428734,-0.802127,-1.122776,1
-0.205221,-3.576287,-2.049575,1.820082,-2.314686,-0.556319,0.755941,-2.840580,1.477294,-1.438221,1.865328,-3.686333,-1.570980,1.065940,-3.523697,3.097089,-2.007435,-0.355989,0.895505,-0.741858,-2.839615,-1.713396,-1.383940,-1.705386,-0.756546,-2.618549,-0.417449,-1.568890,-1.993784,-1.029245,-2.392907,0.785336,1
-2.003103,-1.279982,1.484647,-4.205023,-0.384448,-1.742355,-1.479979,-0.851188,-0.502109,-2.221011,-4.394032,-5.845797,0.306901,-2.333793,-3.288509,-4.149288,1.757892,-0.251442,-4.761882,1.392652,0.456081,-0.792952,0.037520,-0.432405,-0.302972,-1.436509,-5.769642,-0.681654,-0.392892,1.442480,-3.157462,1.067404,1
5.416750,-1.530053,-1.544067,0.120727,0.904010,-2.733129,-3.169883,-0.954781,-3.206991,-1.177441,-2.794947,-3.356175,-1.722047,3.523710,-0.981446,-2.558995,-2.116576,1.897127,0.125282,-1.897174,-0.147739,-4.826310,-2.294831,-1.001683,2.943488,1.173862,-2.641587,0.905094,-0.415853,-1.921804,-0.618006,0.454645,1
-1.812961,-2.792222,-2.681235,2.458580,-3.092653,1.746534,-4.827363,0.073299,-5.778919,-3.142282,-1.419435,1.396130,-0.639549,-1.732779,-0.449006,2.065982,-2.646379,-5.057330,0.835509,-0.699887,0.867293,-2.258198,-2.416094,-2.536362,-5.037985,0.958028,-1.439411,2.691399,-1.412886,-2.316042,1.790264,2.765624,1
0.265612,0.279887,1.631088,-0.640060,0.968852,-0.120198,-1.321964,-2.709597,-0.485238,-0.454612,0.160059,-2.613325,1.245280,-1.546788,-0.706436,-0.413139,1.304152,-0.546740,-2.783202,-1.377092,2.755743,-2.027120,1.028603,-2.720871,1.067913,1.109619,-0.537113,-2.795832,0.035734,-1.836465,-2.459427,2.702058,1
-1.113037,-0.818752,-2.938529,-0.834452,-3.206959,-0.063766,-1.006925,-2.461211,-1.441586,-4.677302,-2.336866,0.249509,-3.594275,-0.536766,-0.615592,-0.639442,-1.250464,-2.853084,0.493764,-1.662628,-2.585182,-1.448532,-4.110431,-3.076470,-4.468174,-1.524344,-2.862394,0.060966,0.082993,1.147807,1.677793,-5.356538,1
1.439276,-2.058557,-2.488485,2.962792,1.004661,3.135750,-3.108173,-1.851089,-1.394831,-0.261775,-3.474596,1.568508,-2.415794,-2.420511,-0.357644,1.330728,-1.251181,3.157133,-2.425582,0.914205,-1.352267,-1.377911,-1.066647,-1.636605,-0.475311,-0.537146,-0.921465,-5.417670,-2.980603,-2.335629,-1.797909,-1.289643,1
-1.455992,-0.741014,-1.991714,-1.198790,2.385267,-0.839563,-0.604594,-2.951728,-0.364367,-2.550339,-1.819208,-4.621750,-1.785468,0.903873,2.375175,-0.790446,-5.086744,-3.015028,-3.701314,-1.644441,-1.609893,-2.065805,-0.840525,-1.738666,-2.926625,-2.517365,-5.609001,-3.791939,-1.296651,-0.124052,-0.686994,-3.065654,1
-4.031558,-3.240858,3.334733,0.141662,-3.274529,-3.921692,-2.943991,-0.007190,3.241814,0.231772,-2.895643,0.353152,2.221947,-0.765194,-1.802078,-1.717056,1.377316,-2.177361,2.132179,0.661201,1.162791,-0.842919,-2.238101,-1.532441,-4.193041,4.622105,-3.633315,-1.308833,-1.174247,-0.041105,-1.549270,-3.169474,1
-1.166435,0.021328,-0.677709,-4.508986,3.152689,0.586784,-0.447672,0.186321,-0.320996,1.029495,0.920458,-1.068372,2.443208,3.173678,1.906735,-0.757332,-3.824727,-2.400833,0.288712,-2.090999,0.225812,-2.889050,-5.418786,-2.556447,3.831179,-0.666012,-4.171051,-0.140464,-0.522543,-0.314285,-1.614019,-0.313069,1
-0.135302,1.195480,-1.627978,-2.034386,-0.343762,-1.363283,-0.868855,-0.858363,-4.503315,-6.279779,-0.327622,-2.370613,-0.515235,2.158651,-1.784488,0.640822,-1.093105,1.031160,-1.703879,1.101989,-1.452420,-1.568043,-1.084846,-0.452923,-3.504961,-3.990589,1.654171,-5.424658,-1.090554,1.524086,1.876364,-0.283396,1
-0.981612,-3.908299,4.370111,-3.111386,-2.691746,2.284616,-0.033327,-2.225880,0.189718,-3.185199,-0.363703,-1.174560,-7.673649,-3.248704,-4.670985,0.097581,0.720568,-1.890406,-2.642148,-0.281459,-3.518383,-0.429016,-0.717329,-0.977759,1.449349,-2.471181,2.191813,-3.445843,-1.488352,-1.083224,-3.496325,0.090852,1
0.853924,-0.733128,-0.201808,1.325963,-3.674348,-1.452106,0.926113,-3.662136,-0.624233,-0.778755,-3.216083,3.414465,-4.708796,-2.823785,0.615101,-2.269299,-2.958135,-4.721552,1.947997,-0.535489,3.521988,-4.066293,-0.183482,1.387609,-5.481390,-7.067963,-2.464446,-3.496165,1.204854,0.802449,-0.379846,-0.872874,1
0.514700,0.169977,0.295336,-0.788730,-1.284441,-3.329261,-2.447959,-0.841864,-1.219142,0.949379,-0.683495,1.834280,-0.337285,0.444183,-1.090093,-0.818337,0.853398,-3.997386,-1.306285,1.275468,-6.329887,0.746495,1.698220,-2.658575,0.048020,-1.199886,0.873200,2.595264,0.949310,1.655435,-2.007854,2.376011,1
1.126289,-1.445160,-0.977589,-2.961568,0.991985,1.011794,4.863924,0.434111,-1.791551,-2.654291,-0.059196,0.569900,-3.878670,-1.561713,3.181034,-0.921449,4.323477,-1.024323,2.870254,-1.959903,1.147443,-2.255149,0.635566,0.485036,1.089454,-1.200546,-0.170550,-1.887670,-1.558820,-2.247321,-1.048447,-2.348125,1
-2.158594,0.531559,2.334686,0.150742,3.932045,-3.423990,-0.447860,0.075850,-0.893070,-3.091569,1.369705,-1.169491,1.760166,2.286294,-2.182404,1.455717,-1.078978,-2.851816,-1.323022,-2.671576,-2.688139,0.335075,-4.066635,1.680121,-2.205757,3.452723,0.420736,1.424736,-0.236844,0.725494,0.209893,-4.075256,1
0.459571,-0.655728,0.583617,-2.176026,-0.674276,-3.204802,-1.377660,-0.833009,-1.219752,-0.713276,3.053501,-0.039254,-0.950767,-4.189382,-1.751987,-0.378178,-3.244204,-1.930342,1.414166,1.830958,-4.199083,-1.270215,-1.704025,1.952127,-2.478850,0.271008,-0.786695,2.295836,-0.903390,-1.107767,-4.117811,0.266150,1
-1.727193,2.873578,-0.753895,0.431276,-4.296504,-0.058883,-2.017272,-0.502245,0.603957,4.319888,0.004601,1.888096,1.536549,-0.054118,-0.621029,-2.668495,1.695581,-1.315216,-2.030039,-4.541012,2.355121,2.851323,0.112365,-2.390437,0.849932,-3.209538,-2.121259,-2.130093,-3.652497,1.782338,1.616625,-3.146351,1
-2.125998,-2.731760,-0.909709,-1.678344,2.674681,0.941944,-0.121306,-2.925429,-4.684017,-3.385264,0.116160,0.098982,0.249165,-2.609729,-1.297827,-4.570412,2.185144,-2.309372,-1.889979,0.875257,-1.003564,-1.426478,1.575281,-1.786951,-1.497585,-0.473133,-0.056815,-5.632209,-0.028790,0.625595,0.090054,-3.733002,1
-0.654629,0.704432,-3.137181,1.402900,-1.432694,-0.734013,-1.189713,-1.554387,-3.750237,-0.260172,-6.523873,-4.116002,-1.039545,0.496785,-0.844786,-1.075327,-2.906684,3.646534,0.669949,-2.804601,-0.940009,-4.227582,-1.462859,-1.984612,0.453656,0.860873,0.046407,-1.042497,-0.174035,-1.176885,-2.572429,-0.817768,1
-1.814489,-2.598425,1.863139,-2.607276,-1.548153,3.598298,-3.084380,-0.616657,1.576948,1.271075,-1.761415,0.146473,1.011294,0.389383,-1.204489,-4.001949,0.625585,-0.337290,-0.534440,-2.883099,1.321323,1.308932,-4.450544,-1.257249,1.690109,-3.440328,-0.379242,-2.544452,-0.788374,0.012526,0.422012,-2.314617,1
-0.065980,-5.047740,-2.932960,-0.438160,-0.920987,-0.899468,0.642063,-4.079400,0.419726,-0.634768,-2.456705,1.769027,1.624004,-0.502183,-1.094302,-1.065177,3.939930,-0.452979,2.495534,-1.033431,0.762716,-0.104892,-0.859912,0.383160,-2.412096,1.300476,1.263468,-2.622216,0.781054,0.323637,0.183365,-2.154956,1
-2.377329,1.684204,-2.220083,1.417536,1.272335,-0.463265,-0.918366,0.172042,-2.189803,1.329377,-3.151874,-2.503755,0.075667,0.480465,-1.770550,-5.552490,1.652104,-2.125642,2.097281,0.756726,-1.033287,-1.280260,0.129569,-4.983200,-2.724518,-0.289272,-2.893184,0.470857,-3.624497,-1.007829,-0.911078,-0.958672,1
-1.179381,-2.879354,4.062112,-3.525356,-2.430712,-2.543691,-1.482876,-2.786220,2.079136,-2.138378,-3.031440,-0.565768,-1.693936,0.469636,1.698950,-3.083106,-0.996870,-5.132283,-3.203523,-2.448913,-1.247934,0.045366,-0.754455,0.099708,0.982541,-2.769808,-0.682262,-2.392483,-1.653100,1.751905,-2.115503,-4.162344,1
-0.183288,-3.097105,5.175343,1.473482,1.472457,-0.644775,0.680449,-0.101637,-2.441610,0.134462,-1.135490,0.598807,0.211024,-0.465036,-6.093219,0.224555,-2.200586,-1.134677,-3.574122,-3.435010,-5.182393,-0.873567,-3.327754,0.163292,2.098875,-2.036095,-2.519976,-0.315775,-1.633604,-0.437126,0.788318,-1.593463,1
-4.082632,-0.527176,1.787092,0.390284,-1.702279,1.178274,0.878926,0.056604,0.456797,2.196188,-0.737916,0.833533,-5.654252,-3.991030,-1.263660,0.346495,-1.542085,-3.070819,-0.679025,1.134274,0.426725,0.911216,0.979310,-2.133549,-6.306101,-0.530947,1.062473,1.731606,0.049566,0.778821,-0.304811,-1.960376,1
-4.357519,-1.411550,-0.435731,0.851434,-0.470788,0.344248,0.943517,0.953787,-2.317366,1.332475,-1.360669,-0.084869,-1.576891,1.325722,-1.530622,0.047382,-1.996203,0.804725,-0.906223,-1.319070,-1.088740,-0.516467,-0.160034,2.471103,-0.553246,-2.584137,-6.761644,0.064620,-1.026422,0.810222,-0.731925,-1.144151,1
-0.814891,-0.592169,0.763183,1.563802,-1.512275,1.119795,-2.562822,-4.842129,-2.841122,-5.930110,-0.633798,-1.320970,-2.241220,-4.251098,2.663783,-3.652541,-0.108959,0.035904,-0.661730,-3.489178,-4.202051,-0.470481,-2.616938,-1.336536,-3.924877,-0.876785,-0.858477,-7.067903,-4.723482,-0.977276,-2.563514,-2.688684,1
-0.635291,-2.065609,0.080800,-1.926286,-2.839223,-3.087776,-2.278137,1.059793,1.248857,-2.472836,0.299795,1.712205,-2.814316,-4.691273,-0.514162,2.189636,-1.280503,0.039527,-3.110003,0.817315,2.218731,1.685048,-6.952161,-1.882454,-1.146512,-2.908418,-1.944322,3.385898,-2.146135,5.036911,-0.238921,0.441420,1
-2.956141,-3.202908,1.045087,-0.973266,-0.542768,-3.012024,0.594055,1.150166,0.204325,0.226209,-0.078173,-2.711585,0.064086,1.273705,-3.036699,2.597279,-0.223889,0.959592,1.035640,-1.162817,-1.060268,-4.246317,-0.305372,-5.718498,0.729440,0.467638,-0.736391,1.062548,-0.554569,-3.103516,-1.244103,-3.890019,1
1.974471,-3.222253,-2.726788,-2.360714,-1.368637,1.187231,3.135603,-2.677664,-3.341241,-1.241117,-2.477057,-3.633948,0.896744,-2.582803,-3.646878,-2.199765,2.134577,0.368625,-2.250545,1.775341,-2.047472,1.422407,-1.739337,-2.288243,1.373778,-2.218174,-0.740432,0.677659,-0.447792,-3.371132,-2.038127,-2.674281,1
-2.015468,-2.446143,-1.985827,-0.457301,-2.137008,-2.420917,-1.586908,-2.078795,-0.381907,-5.514795,0.851183,3.077504,-0.103790,-0.341926,-3.401168,-2.049876,-3.274722,2.473908,3.201237,-0.188397,0.915346,2.121254,2.137448,-1.669434,2.341764,-1.692918,0.430953,-1.085248,-1.402425,3.056571,-2.032794,4.152698,1
1.428126,-2.769378,-0.082067,1.069436,0.768000,3.209524,-1.754294,-2.017596,-1.284041,-1.020167,0.744945,-0.332705,0.013103,-2.933058,-3.637222,1.110734,1.998782,1.246119,-0.298041,-2.157035,0.377181,-1.248026,1.368927,-3.042066,-3.334255,-1.697165,-3.390789,2.961206,1.635022,-0.710349,1.129397,-1.443083,1
-3.022803,-1.658983,-1.052529,-2.229492,-2.088831,-0.595422,-0.087314,-0.428011,-2.005635,-2.948460,-3.215888,-1.699699,2.283296,-3.677075,-2.006153,-2.878918,0.241220,-2.649796,-1.592360,-3.918092,-3.550535,-2.039408,-0.457066,2.268320,-2.455236,-4.436838,-0.135297,-3.587275,-6.090683,-0.537301,-2.476865,-0.254839,1
-2.284051,-2.797865,-2.118665,-4.969735,-0.662362,-1.469589,-3.837801,-2.141171,-1.269984,-0.451370,0.395952,-1.551987,-2.541010,0.197948,3.595080,2.686088,-2.178926,-2.136776,-2.763113,-0.740176,-3.357331,-0.718451,-6.217976,-0.929184,2.702379,-0.477207,-5.659776,-5.053123,-2.073365,-1.546938,-4.512912,-0.210884,1
0.583575,-4.568986,-3.029345,-1.975311,2.593231,0.084351,-1.680008,-2.800711,-3.539578,0.782274,-2.164167,-0.726599,-1.184568,-3.472878,-1.217616,-3.295296,-0.305039,-3.334620,1.055806,-3.657854,-0.072702,-0.322884,-0.990494,-0.912034,-4.239442,-3.051996,-0.818027,-1.708256,-1.616163,-2.614506,0.827376,-5.661345,1
-3.685408,-8.544340,0.310773,-2.644170,1.251261,-0.602278,1.950830,-2.498588,-0.970905,0.144547,3.835869,-1.779562,-2.669477,-1.521938,1.748461,-4.255768,-3.680902,-0.831110,0.117170,-0.461004,-1.812617,-1.659878,-2.155533,3.319590,-1.411566,0.977727,0.671126,0.219628,-2.699207,-0.076221,-1.479274,-2.862432,1
0.567226,-4.829339,-3.786806,-4.515491,2.021392,1.086620,-4.339664,-2.794100,-5.290275,-0.185464,-2.831658,2.021122,2.386610,-3.119726,3.381342,0.273524,-0.996359,0.650749,-2.250306,-5.204500,4.363189,-1.101983,0.139802,-1.087677,1.858877,-2.863763,-3.868981,-1.220973,-0.326762,-2.462862,-1.860985,-2.884764,1
1.810991,2.466540,1.827240,-5.753262,0.315372,-1.696988,-1.265095,0.417789,-0.579536,1.109412,-2.426598,-3.618044,1.519023,-4.366421,-1.676724,0.856401,0.528165,-0.545479,-0.188261,-0.680645,-2.500303,-0.519108,-5.458599,1.396967,-0.455465,-3.729016,2.461660,-5.724195,-0.300634,-0.767434,-1.218740,2.236871,1
-3.180031,0.271338,3.213619,0.605253,-2.758344,-1.339807,4.061716,4.650385,-1.568824,-2.175153,2.123206,-0.161660,-2.102880,-3.507113,0.685198,-4.054966,0.030515,-3.624996,-5.760638,-1.396746,-0.992488,-0.752834,-1.707801,3.053792,-0.086426,-1.688056,-2.759599,1.093738,-5.695009,-1.456365,-1.859406,-1.477138,1
-3.093080,-1.930817,-2.365094,-2.222983,-4.345542,-0.442954,0.308460,-0.292086,0.048753,0.629561,0.890803,-2.626889,-1.326579,-0.383740,-2.741449,-0.568197,-0.778265,-3.537245,-0.364718,-3.753594,0.098763,2.345319,-2.813233,-0.461400,-1.420341,-1.645608,-0.793324,-1.251487,-1.608662,3.662540,1.335307,-0.102627,1
-0.863480,-5.105957,0.452637,-2.096172,-3.995634,-0.039731,1.642396,-0.780656,-0.690737,-2.451449,3.522043,2.534145,-1.004871,-1.053168,0.596880,-0.826243,-2.718882,-5.429738,4.913994,-0.445356,-4.986825,-1.114172,-1.222991,-3.025417,0.937421,-2.528657,-0.060491,-2.435728,0.982972,0.662357,-1.113497,0.122450,1
-2.094990,-0.616530,-5.340905,-1.587005,-4.579097,1.634071,-6.309136,-0.492498,-3.460431,-1.800117,-0.172081,1.975755,1.965678,-2.377028,-1.210383,-1.120795,-0.719713,-1.540038,0.146808,-1.874442,-0.947042,-2.149242,-1.625221,-5.184254,-4.370049,-4.012750,-0.920849,-2.195130,-4.979740,-1.012451,-1.263611,-3.349943,1
-3.125476,-1.721601,-4.310265,-1.413613,0.133513,-4.703622,0.126507,0.816044,-0.827981,-0.015452,1.159898,0.561535,-3.039733,-2.964823,-0.066054,-2.238337,-3.567102,0.650043,-2.933293,-1.360532,-4.107656,-1.374393,-1.331625,-4.694842,0.539075,-2.887877,1.857237,-1.720633,-0.413271,0.813828,-0.013658,-3.790642,1
2.003950,-1.611246,-4.883215,-5.579594,-3.146531,-1.377010,-2.223372,-0.028921,-2.275545,-2.585238,-0.776867,-0.882533,-2.985473,-2.028907,2.969971,-1.565647,-1.140578,-3.085135,2.241750,-2.854729,1.509506,-1.562232,0.407964,-3.285589,-0.195642,-0.861709,0.444124,-0.033540,0.024704,-0.720234,0.607975,-2.259670,1
-2.473130,1.354976,-1.561080,-4.489654,-0.734800,0.337378,2.325082,-4.195324,-3.739074,-3.550803,2.482756,0.625907,-2.618459,-2.179813,0.941168,-0.190586,3.762938,2.839252,-1.878542,0.523005,0.848027,-2.827678,-4.715438,-1.289454,-1.472530,-0.043711,0.364468,-0.846482,-0.580212,-1.297084,0.943960,0.274665,1
-2.223046,-0.691203,2.305358,-0.178052,-1.750669,-0.326316,0.752891,-3.144337,1.128854,-1.046179,-2.290668,-3.290757,0.801506,-4.363153,-0.394606,-2.012888,-2.834163,-4.232632,-1.587601,1.760413,-2.269572,0.297208,2.927498,-4.360380,-1.186192,-0.406931,0.403663,1.180371,-3.627458,-2.884319,-4.153935,-3.032217,1
-2.963525,0.871004,2.363597,-2.554353,2.136554,0.194245,3.041612,-2.648377,0.822723,-3.256629,-3.361332,-1.880183,-0.978876,-2.749437,2.009567,-5.005721,3.851818,0.113929,0.039211,0.282773,-3.361168,-3.193772,-1.560599,-0.416261,-1.682776,-2.565342,0.840405,-3.967323,-0.877418,-2.882736,-1.967974,-0.276045,1
-0.264055,2.870788,0.492715,-3.986158,0.446093,-1.474739,0.658892,-2.886951,1.109063,2.419765,-1.143075,-1.539418,-2.273158,0.228077,-2.709043,-0.632671,-0.085934,0.593468,-0.134227,-3.045295,-4.072848,-5.364224,-2.246677,1.210532,-4.558529,-2.134029,-0.140924,-1.994709,-4.673183,-1.149184,0.602685,-0.344560,1
-1.900678,-2.808208,1.533912,0.356663,2.470670,-5.477492,-3.228459,-2.748975,0.175848,0.263320,0.193089,2.727763,-3.709313,-1.108266,-0.361948,1.556554,0.233008,1.926591,1.585335,-3.395627,-1.630619,-1.610370,-1.290738,1.919614,2.689318,-2.044689,1.866965,0.428863,1.346011,-4.041229,-0.396606,-1.053130,1
-0.681780,0.357179,1.857468,2.363007,-1.435349,-0.664857,-0.042336,-2.484182,-2.625018,-3.559090,-2.289852,0.544745,-1.569391,-0.010056,-0.922741,1.571312,-0.515042,1.626082,-0.658326,-4.628644,-1.081811,-0.184087,2.097278,-4.374203,0.846060,-2.902740,1.433380,-3.760070,-1.716200,2.318248,1.857024,-5.056688,1
-2.192555,0.113792,-1.385368,0.872396,-3.181013,-1.974168,-0.875560,-0.253470,-1.953448,1.690034,-3.696175,-5.057038,-2.918547,0.179080,1.855129,0.696226,1.154054,-0.025733,-3.223653,-1.460164,-2.111902,-4.151863,0.734329,0.539092,-1.267303,-0.978910,4.486627,-0.851281,-3.365700,-4.938390,0.952514,-1.717909,1
-4.527547,-2.286719,-0.786567,-0.462172,-1.923975,-4.473439,0.196238,2.388389,-1.285395,-1.863726,0.698105,-3.139087,-4.494147,-0.494421,0.328197,-3.545582,-0.669266,-4.727715,-2.060438,-1.773672,-0.125552,2.179549,-2.931523,4.295549,0.622149,0.172845,-2.074926,0.910803,-4.564240,-2.013708,-0.954497,3.344865,1
-0.727371,1.407482,-2.295639,-4.203510,-5.752773,-0.683455,-1.992990,-1.762349,-0.290020,-1.108104,1.358432,-0.138629,3.985946,-2.990033,-1.847833,1.601029,2.529376,-1.313803,-0.938116,-2.877650,-4.213332,-4.146750,-1.748576,0.146613,-1.809188,-1.296486,0.715597,-1.321954,-0.980721,-2.484082,-1.281515,0.064807,1
-0.813331,0.766536,-3.458709,-0.978901,0.303764,-3.441854,-4.880682,-0.785546,-0.847063,2.162038,-1.413506,1.297105,-1.955036,-1.022541,-0.823154,-2.372470,-0.455521,0.349619,0.485561,0.514070,-1.371349,-2.367897,-2.456077,0.570287,-1.087893,-0.860020,-1.330134,-1.207929,-1.334095,-3.173951,-1.391487,-2.004820,1
0.727160,-0.497434,0.211010,-0.063611,-1.596955,-1.528363,-0.198439,0.846299,-1.405730,1.276594,-0.464623,-0.045056,-0.048001,-3.629802,-2.478007,-3.784438,-1.771954,-6.593451,-0.205618,-0.625818,0.396323,1.724653,-0.250517,-0.623044,-1.426320,0.655017,-1.139630,-0.679739,2.020314,0.772586,-2.139804,1.916898,1
-0.627468,-3.402717,-2.678991,-0.818249,-0.419386,-0.010152,4.991238,0.921504,-0.601926,-1.151936,0.701390,-1.966064,0.303430,0.497923,-3.842334,0.300798,0.467444,-2.192603,2.111429,-2.895328,-2.514077,1.222786,2.002304,-1.627938,-1.285543,-3.300873,-2.092944,1.002994,-0.878025,0.365531,-0.315719,-3.966281,1
-4.784891,0.187829,1.947605,-1.880340,-4.102297,1.895096,-0.642312,-1.447576,-5.493222,0.465035,-2.688056,-1.167527,-1.978931,-1.901359,-3.372989,-0.456140,0.046609,2.806515,0.904840,1.073157,1.551953,-0.801224,2.003135,-4.976318,0.898931,1.784546,-1.481184,1.315574,-1.773779,3.233021,-1.621502,-0.332965,1
-1.328670,-1.681510,-0.141453,-0.990256,-1.972746,-3.132479,-4.724474,-1.056332,-0.563118,1.099927,2.202215,-0.611366,-1.265934,0.704168,2.154995,-6.271113,2.529337,-0.731604,-2.249318,-0.820688,-2.785151,-3.570808,-3.137590,-0.919679,-1.092622,-1.009822,1.086772,0.210198,-3.951106,-5.801138,-2.700829,1.300684,1
-2.856171,-4.100903,-0.060329,0.095756,-0.216938,-2.958779,-2.171270,-5.647358,-0.458124,1.353868,-0.701316,0.837966,-1.103405,-0.661794,0.694989,2.150056,-2.006736,-3.510036,-0.561603,0.140839,-3.641614,-0.380451,-0.304897,-0.689480,0.181714,-0.156857,-1.505457,-4.251303,-3.336450,1.732805,0.392942,-3.428327,1
-3.709008,-2.688481,0.269398,1.054890,-1.918567,2.030174,-4.787101,-2.231110,-2.969218,-2.663230,0.679027,3.194778,-4.515581,0.030379,-0.474977,-2.773747,1.461234,-1.471946,0.066859,-0.891336,1.449164,0.006821,-5.983768,-1.232987,0.917074,-3.774728,-1.851320,0.534294,1.222194,2.047543,1.537681,1.731220,1
2.441198,-0.157557,0.419202,1.561866,-3.053740,-0.033419,-1.319798,1.604050,-0.108792,0.980319,-1.528394,-1.270530,-3.632574,-2.218150,1.223333,0.285495,-0.316177,-0.961419,-1.803267,-4.508291,-1.593138,-2.907911,0.655527,-4.093394,-2.380982,-0.831271,1.329680,2.384328,0.251826,-0.292990,-2.708219,-0.482683,1
-1.114075,0.664074,-0.463329,-2.796455,2.220395,1.476395,-3.994341,0.071151,-0.545230,-2.387003,-5.545475,2.013034,-4.129373,-2.571433,2.404337,-1.237865,-3.432834,-0.057622,0.518933,-3.663797,-1.373918,3.954026,0.729321,-0.547070,0.544580,2.037546,-1.730719,0.854420,-1.174562,-1.493669,-0.380019,4.471495,1
3.832343,-3.462169,-0.823258,-3.294301,-1.235099,-3.139740,-2.337111,-3.138031,-2.051906,-1.017509,0.199961,-3.163046,0.241500,-3.774129,-0.926434,-1.989237,-1.839914,-5.838318,-2.367020,-1.148870,1.285137,-3.863637,2.604595,-0.098079,-3.489710,2.069102,-2.332782,0.173055,-0.278395,0.872618,-1.193754,1.726316,1
-4.178001,-1.051658,-3.463893,1.718974,0.983091,-3.076912,-3.867929,-1.895872,-0.233935,-1.266559,-1.639625,3.275971,-2.251865,-3.217479,0.495878,0.967128,-1.044697,0.302225,4.232457,-0.365680,-0.349939,0.731260,-0.425612,-5.375768,-1.140480,-0.267054,-2.821296,-3.181705,-1.662001,-0.183716,0.626525,-3.266292,1
2.505363,-3.170922,-1.257877,-0.609946,-1.225834,-4.182070,-3.091376,-0.287412,0.756833,4.238812,-0.505986,-2.252033,-0.234997,-4.343966,-2.333235,-0.705680,0.702405,-3.177444,0.822433,-2.667370,2.279860,-1.954448,4.282687,-2.873463,0.381558,-1.244919,-0.829009,-1.398441,-0.598280,0.120147,1.533419,-1.991651,1
-0.414536,1.392078,-5.869063,-0.822309,1.408776,-1.998439,1.445668,0.545752,-5.103631,-1.470233,1.896931,-0.759007,-3.178497,-3.529774,-0.362086,0.131153,3.536169,-0.201465,-3.881858,-2.170418,-1.012708,1.889745,-2.387423,-3.891976,-3.067704,2.993763,-1.795896,-3.187385,-3.631924,-2.306412,-0.367376,-1.585502,1
1.505006,0.369527,-0.366182,-4.061752,-1.921396,-0.273461,-0.115920,-3.181236,-1.275539,-1.354900,-2.415071,-3.266518,-1.961740,-3.321799,-1.319184,1.016498,-1.639351,-1.711745,0.449925,-3.936998,0.075605,-1.207627,-0.734871,1.398299,-1.662484,-4.947206,-0.365060,-0.027796,1.121577,-2.838178,0.274241,-2.910279,1
-3.763906,-0.493299,1.915861,-1.400990,0.358799,-1.636752,-0.295320,0.599457,-3.796696,-2.021019,-0.013381,-1.682361,2.162334,-3.329120,-3.316324,-2.527164,6.428518,-3.676020,-0.058824,1.125205,0.761952,0.744474,-3.968645,-1.869189,0.251288,2.905891,-3.395595,0.827681,-2.974347,-6.465729,-0.933323,-4.314739,1
-2.225612,-2.382185,-0.158229,-2.786974,-2.029352,2.048961,-0.130384,-3.000624,-2.447110,-2.581928,-3.242926,0.268324,-1.400302,-2.614474,-3.668998,-1.110821,0.435034,0.888330,1.606482,-2.633183,-3.147795,0.634399,-1.133611,-4.084923,1.725777,-2.515847,-4.022581,-3.044203,-1.782147,-2.481563,-2.002573,-4.965988,1
-0.483327,0.948546,-1.797188,-2.121616,2.485811,2.021753,-1.347289,-0.897000,-1.237213,0.969012,1.425099,-0.023774,-4.917108,-0.705586,-0.854714,-2.640468,-1.405190,-2.562583,-1.584012,-1.403344,-2.186692,0.297559,-4.874407,0.835986,-0.934410,-0.940729,0.347535,3.791202,-2.116729,-0.989770,-0.149494,-2.829596,1
-3.735042,-2.392633,-0.085166,-2.099253,-1.572174,-2.852337,2.520522,0.940800,-1.436071,0.766073,-1.514206,2.240728,2.467174,1.555737,-0.298640,-0.378258,0.259549,-2.722910,1.191425,-1.757743,-3.307760,-1.445712,-2.000616,-0.713479,-1.976751,-1.203567,0.651349,0.310895,-0.440276,-1.668764,1.961077,0.287257,1
-1.486896,0.583021,-3.062284,-2.787700,-1.939155,0.355768,2.108541,0.929278,-0.833063,-0.252034,-1.157052,-2.050230,-0.147857,-2.233068,0.403255,2.582278,1.237010,-0.137926,-0.861174,-0.403891,-4.548857,0.992595,-0.612773,4.290299,-4.343626,0.388523,-3.534296,-2.322175,2.169910,-4.651214,-1.304564,-2.072024,1
-0.888359,0.232604,-0.235724,0.229177,-1.024433,1.589070,2.166224,-2.487560,1.130294,-3.698594,-3.522724,1.406188,-0.295402,1.478168,0.854836,0.190050,-2.591171,1.149374,-2.326145,0.523303,0.525781,1.559812,-3.911211,0.155141,-1.066963,-0.743605,-4.075292,2.070739,1.188012,0.911501,-4.744863,-0.014245,1
-3.028899,2.165644,-2.222204,-1.215370,-0.158562,-4.203563,0.647507,1.302942,0.145978,0.301707,-1.151042,-3.099747,4.943029,-2.608156,-2.964916,-0.544585,0.614617,-4.842093,0.387610,-1.529668,-0.428018,-1.836255,-2.239467,-1.653707,-1.921874,-2.593590,-3.575402,-0.453852,-0.912786,0.621839,-4.478032,-3.156169,1
-1.523681,0.568108,-1.216249,-1.979549,-1.726295,1.452735,-0.175584,-2.689167,1.387810,-4.311675,-1.289905,-2.690916,0.647202,-3.630205,0.881953,1.335118,-1.360847,1.074862,1.735203,-0.182742,-0.972133,3.039289,-2.396801,-5.697900,-2.067801,0.314859,0.946628,-1.643268,-5.541605,-0.662458,-1.624764,-0.054717,1
-1.474237,-2.686111,1.311419,2.658369,0.836022,-2.399274,-0.346754,-0.817702,-4.468535,-1.643064,-1.452493,-2.548939,-1.583441,-0.167235,-3.253902,-2.839361,3.762495,0.692152,-3.744605,1.812938,-1.045144,-2.020126,-1.259329,1.021211,-5.364725,-0.364521,0.601183,0.597610,-0.164169,-0.301995,-0.228092,-0.323686,1
0.991313,-0.587786,-1.428370,0.046137,-2.073839,-0.811996,0.459652,-6.147481,-1.431410,-3.552563,-1.457497,-2.452496,-3.651028,0.672799,-1.000965,-0.409664,-1.155538,-0.713503,-1.125841,0.887508,0.171961,-2.243605,-0.388385,-2.609134,1.501907,-0.653188,-0.452714,-1.565608,-0.848945,-2.384350,-1.501159,-1.140094,1
-2.253460,-2.341395,-2.411608,-1.244111,-1.192955,-3.487251,-2.256696,-0.757461,-2.447838,-3.091760,-1.976292,-1.132351,-1.842270,-2.857048,-2.967674,-2.713705,-1.849336,2.303242,2.545092,-1.706691,3.432304,-2.622763,-2.376421,1.154642,-3.068709,1.890736,-3.672290,-4.637295,-0.467005,-3.279821,-4.680341,-2.336595,1
-2.196550,-3.564389,2.919307,4.463500,1.707152,0.324322,1.215298,1.494220,-4.658600,-2.566605,-0.736582,2.652615,-1.471389,1.829326,-0.426842,2.430814,-0.532068,-1.818366,-1.328377,-2.331406,2.293982,-0.077686,-0.400273,-4.063901,-0.966839,-0.584678,0.455734,-2.172715,-1.344596,-0.998804,-1.398346,-5.945552,1
3.187161,-4.978590,0.211337,0.605555,0.747714,-3.874985,0.066636,-2.188265,0.974985,-4.788308,-1.577398,3.316007,2.040945,2.250406,-0.310131,-4.110417,-4.808899,-3.383749,0.327579,0.200950,-2.136078,1.013051,-4.329863,4.061293,-0.709477,0.009835,-3.195104,2.609900,-0.754659,-2.830667,-1.594964,-1.350643,1
-2.101711,2.922462,0.519277,-3.170004,2.345798,-2.012758,0.128704,0.496552,-2.794536,-0.873251,0.372091,-1.238516,-2.018229,-4.902199,-4.042976,-5.534107,0.364342,0.842980,-0.093232,-0.399277,-2.154624,-1.476802,-1.741508,-4.102212,-2.542858,-4.759833,-0.937269,1.310925,-2.780431,-1.120031,-2.746461,-0.596148,1
