2.269397,-0.574362,0.243612,0.444495,0.779116,-0.482240,1.815751,-0.488201,-0.184362,0.546973,-0.040381,-0.614260,0.437888,-1.596657,0.303385,0.546145,-0.330397,-0.747415,0.891092,-0.207432,0.115745,0.243620,0.433080,1.042012,-0.107744,0.077811,-1.416265,-0.202268,-0.135555,0.062486,-0.459516,0.258049,0
-0.238927,-0.007421,0.485694,0.416834,-0.386655,-0.576857,0.069602,-1.280262,-0.943719,-0.262416,0.115236,-0.137028,0.074872,-0.274661,0.658389,-0.690696,-0.266658,0.430263,1.423290,-0.198424,-0.437609,-0.554245,-0.358969,-1.442642,-1.463121,-0.077666,0.718740,0.620173,0.151954,-0.205024,-0.787453,0.050948,0
0.449785,-0.583330,-0.301024,-1.076777,1.605563,0.416356,0.560940,-0.996294,0.380052,-0.104911,0.461555,-0.042594,-0.458964,0.351082,1.178198,-0.530127,-1.182588,0.103605,-0.357977,0.970340,0.640276,-1.146674,-0.777154,1.178884,0.110879,0.635803,1.563560,-0.520620,0.091101,0.939337,0.937124,0.381126,0
1.763711,-0.555008,0.177418,-0.812073,-0.098557,0.910490,-0.517757,-0.350631,-0.886686,-1.025930,0.668928,1.295118,0.304035,-0.382434,-0.343568,-0.566105,-0.454660,-1.100714,0.810825,1.708847,-0.600674,-0.114740,0.523181,-0.777372,-0.289889,-1.184714,-0.573839,0.155300,-0.290336,-1.283180,-0.818197,-0.513716,0
2.102354,-1.133337,-0.176187,2.131471,-0.003899,0.382110,-0.342185,0.321729,-0.551700,0.711035,-0.484190,-0.124891,-0.615191,0.922726,-0.066362,-0.620086,0.496442,-0.124163,-0.701470,-0.100088,1.772877,-0.632111,-0.894424,0.939587,0.504125,0.868358,0.094732,0.167318,-0.117283,0.445563,-0.341376,-0.573585,0
1.250375,-0.128257,0.080281,-0.980764,1.023791,-2.359476,0.225549,0.648797,0.027284,-1.520705,-1.815552,-0.371339,-0.040290,0.418072,-1.855526,-0.348140,0.625921,0.672982,1.207929,-0.227332,0.532552,0.333557,0.934346,-0.628492,-1.702697,-1.330457,0.081996,-0.812637,0.090716,0.387870,0.480700,-0.540646,0
0.110413,-0.283109,0.025727,-0.387858,-0.147526,0.581599,-1.597381,-1.095337,0.271678,-0.508394,-0.159212,-0.744629,1.589881,1.425613,0.773785,-0.411807,-0.676935,-0.433602,-1.620541,0.475162,-0.258783,0.501567,1.267917,0.183161,-1.545114,-0.107021,-0.330931,-1.690304,-0.795350,0.450660,0.396311,0.449493,0
1.143539,0.302143,-1.013238,-0.811601,-1.074775,-0.712159,0.586220,-0.607511,-0.081267,-0.624620,1.002342,-0.742850,-0.620571,0.397768,-0.291031,0.478883,0.121833,1.617792,-1.316609,0.252622,-0.097431,-1.683866,-1.076299,0.477996,2.223660,0.362479,-0.072766,0.106236,-0.666744,-0.765296,-2.114071,-0.435471,0
0.653860,0.131126,-0.930510,1.656926,-0.075232,0.330617,-0.258697,0.400539,-0.184852,0.155800,-0.527798,0.507445,0.529458,-0.439420,0.357567,0.361331,-0.976576,1.539235,-0.178032,0.047460,-0.384235,0.673787,-0.212674,-1.083605,-1.053483,1.342575,-0.980771,0.810405,-0.871825,-0.832486,0.238821,0.393132,0
1.124550,-1.375319,-0.279874,-0.841464,-0.028550,1.085812,0.767148,0.639160,0.155789,0.485729,-1.060892,-0.090320,-0.866712,-0.240920,-0.640228,0.461091,1.218776,-0.503192,0.041335,-0.619155,-0.415434,0.625734,0.356903,-0.172223,1.352475,0.741651,-0.092113,0.116708,-0.385937,-0.592802,-0.736466,-1.541065,0
-0.060954,0.758733,0.835817,-0.669319,0.065757,-1.431402,1.584601,0.177684,0.663132,-0.089763,0.208993,-0.040079,1.239391,-0.568845,-0.487114,-1.594385,0.144408,0.080424,0.963936,0.286206,-0.871258,0.054283,0.872517,0.763806,0.387646,0.146432,0.192793,0.503867,-0.018890,-0.397272,0.076762,-1.015462,0
1.541710,1.556025,0.895675,0.367263,-0.284821,-0.441985,0.273097,0.290372,-0.459767,0.802247,0.116075,0.350217,-1.122257,-0.625494,-1.416262,-0.172858,-0.323846,-1.153849,-1.167251,1.708836,0.070793,0.060614,0.612475,-0.173956,0.208503,-0.636641,0.010766,0.395654,-0.114944,0.395431,-1.031155,0.076061,0
1.763745,-0.670882,-0.583606,0.189864,1.022052,0.980632,-0.092886,-1.048773,-0.941539,0.201157,-0.486881,1.182240,0.004796,0.609624,-0.145392,-0.158264,-0.927641,0.415795,1.348466,0.630351,2.076580,0.425028,0.048693,-0.438930,0.547892,0.632112,1.095193,-0.119183,-0.136822,0.470750,-0.318625,0.687588,0
1.743514,0.234236,-1.057648,0.744144,-0.297442,1.439209,0.072526,0.174002,0.113351,0.114147,1.035347,-0.891494,-0.516222,0.123376,0.553150,-0.970754,0.069665,0.666106,-0.558796,0.284301,0.780288,-0.413220,-0.894190,-0.142226,0.020453,-0.374148,-0.744269,-0.373785,-1.322186,0.933518,-0.392360,-0.420754,0
1.576947,-0.225548,-0.866065,1.005841,1.146328,-0.666259,-0.759161,0.141663,0.412380,-0.820320,-0.315265,-0.031556,-0.543158,1.286215,0.381226,-0.021842,-0.020921,0.970094,-1.457788,-1.928083,-0.738194,0.214869,0.548153,-0.684146,0.672884,-1.302155,0.558313,1.135104,-0.061544,-0.469297,-0.553857,0.875516,0
2.026358,-0.453575,-0.602655,0.988556,0.242008,-0.080056,-0.107530,-1.440528,-1.113720,-1.085908,0.283829,0.507779,-0.609276,0.312282,-0.491518,0.599922,0.757074,0.348447,-0.249408,-0.571494,0.447488,-0.026378,1.085711,0.028934,-1.162241,-1.849519,-0.905586,-0.596431,0.479781,0.229394,0.255395,-0.960574,0
1.344589,-1.058863,0.551269,0.137377,-1.342136,-1.835858,0.107451,0.996436,0.391315,-0.554400,-1.187573,-0.972468,0.199520,0.501524,0.122223,-0.723012,0.005198,-2.102535,0.807747,0.686853,-0.384769,0.393531,-0.413643,-0.285347,-0.531366,0.253027,-0.016319,0.067441,-0.567447,-1.628536,0.444324,-0.152073,0
0.448369,0.924398,-0.124897,0.710787,0.923881,1.342796,-0.207520,-1.776685,0.001676,-0.153781,0.771157,-0.211848,1.766850,0.796545,0.495752,-0.602510,0.558922,0.296448,0.547436,-0.687633,-0.180830,0.146086,0.124701,0.976858,0.576464,-0.921030,-0.110045,-0.786660,0.993197,0.951007,-0.220895,1.134126,0
2.218323,-1.375371,-1.138490,0.228843,0.352169,0.345713,-0.429977,-1.769321,-0.517138,0.044600,-0.623421,-0.279877,-0.334426,-0.310647,0.641972,-0.072064,-0.237825,-1.594118,-0.222929,1.510011,0.850908,0.729717,-1.321923,-0.046685,-0.819117,0.916310,-0.715842,0.656135,-0.867473,-0.086567,-0.228275,0.088770,0
1.756556,-0.092604,-0.353730,-0.992230,1.439493,-0.985953,0.480777,-0.228225,-0.569501,-0.250959,0.484648,1.725490,0.859375,-0.984678,-0.466980,-0.840222,0.366280,0.274343,-0.967697,-1.167150,-1.168098,0.226485,0.673275,0.991620,-0.319406,-0.139476,-0.998440,-0.285506,1.387563,-0.070024,0.263757,1.224679,0
-0.111568,-0.691280,0.462960,1.459028,0.085862,1.597519,-0.535755,0.226926,-0.583666,0.527364,-0.182669,0.502514,1.006824,-0.224147,0.452073,1.318996,-1.379767,0.259506,0.047213,-0.336167,0.752548,-0.845280,0.372622,-2.222157,0.376864,-0.834397,-1.961719,0.677368,-0.198478,-0.152942,0.173190,-0.110398,0
1.734195,0.570472,1.041861,-0.412985,-0.022272,0.378127,0.858716,0.061004,0.214237,0.085259,-0.793396,0.113618,1.910197,-0.000466,0.186804,1.454967,0.370337,-1.061965,-1.095074,-0.886818,-0.298018,-0.021841,-0.981302,-0.168427,-0.700922,-0.252773,0.383279,1.884715,-0.584282,1.370529,0.098750,-0.209457,0
1.929409,-0.629455,-0.448618,0.631069,1.629369,-0.539407,0.343153,-0.620387,-0.056827,1.279026,0.830928,-0.051186,-0.148479,0.991760,-1.523680,-1.060210,-0.415724,-0.431660,0.334609,-0.501982,0.357312,1.235862,0.762652,-0.464562,-0.973248,0.819506,0.213776,0.736275,-0.919647,0.178910,0.217334,-1.398099,0
-0.303904,0.517833,-0.192597,-0.101895,-0.263648,0.127761,1.119071,1.354213,-2.172029,0.761723,0.232460,0.402272,-0.485400,-0.174904,1.500209,0.086099,0.177212,0.179953,1.199232,1.149119,0.426750,-0.620328,-0.881253,-1.053830,-0.455453,-0.086214,0.244996,0.585676,1.384527,0.222327,0.811277,0.552861,0
-1.299209,-0.484215,-0.638942,-0.986185,-0.870832,-0.149290,1.337066,0.965487,0.697815,-0.316268,0.072077,-0.119032,-0.145195,-0.176439,0.346724,0.774362,0.152384,0.299013,1.609049,0.265559,-0.397158,0.404260,1.427040,-0.920528,0.182989,-0.217547,-1.327346,-1.196339,-0.511990,-0.182468,0.779340,0.508773,0
1.494941,-0.727580,-0.459474,-0.680800,1.204757,1.803824,1.348111,-0.301101,1.361641,-0.498486,-0.329020,0.064812,0.597906,0.206315,-0.721248,0.345879,0.854456,0.040446,-0.501039,0.196133,-0.830618,-0.257977,-0.680956,-0.277916,0.952928,0.728517,-0.380282,-0.762640,0.326253,0.104779,-1.000555,0.328228,0
1.574312,0.799794,0.130101,0.980032,-1.570295,-0.578326,0.883989,-0.364613,1.118029,0.359417,-0.990863,-0.415528,-0.890530,-1.039175,0.322685,-1.599147,-0.119126,0.919498,-0.715351,0.268536,0.294182,0.026684,0.516979,0.362312,0.514139,-0.500026,0.651992,-0.522338,-0.932741,0.066717,-0.886626,-0.317626,0
0.850363,-0.601481,-1.552173,-0.225956,-0.149004,-1.449431,0.021215,-0.233443,-1.175283,-1.626452,0.105825,0.162023,-0.464272,1.367471,0.853101,0.992244,-0.973969,-1.708030,-0.865133,-0.658976,-0.008456,0.481769,-0.989302,-0.297339,0.888154,-0.766939,-0.636108,-0.134101,1.256164,-0.501016,0.887535,0.401133,0
1.413998,-0.417594,-1.922305,-0.548909,-0.298026,0.425267,-0.332094,2.621732,0.566994,0.436487,-1.228100,-1.868058,0.818844,-0.681440,-0.849650,0.007698,1.095773,0.643089,-0.685687,-0.405804,0.602163,1.417578,0.847203,-0.047997,1.180339,0.202620,1.019727,1.118829,-1.285257,-0.986314,-0.543667,-0.724719,0
1.167836,0.184447,-0.272125,0.198764,-0.382573,0.356086,0.815966,-0.127369,-0.200966,0.467627,-0.546133,0.170351,0.579882,-0.226140,-0.195904,1.784529,-0.389702,0.722430,0.043724,-1.367748,0.697597,-0.927052,0.319189,0.103956,1.110660,0.784696,0.087924,0.060620,-0.529485,-0.481846,-0.019017,-1.378872,0
1.805755,0.668304,0.802684,0.796150,-0.290893,-0.150098,0.866820,0.195734,0.208638,0.538282,0.414883,-0.173590,-0.912587,0.668720,-1.371505,1.171711,-0.254975,-0.487425,1.499739,1.353510,-0.524538,0.589479,0.687963,1.057396,-0.583270,0.584619,0.704843,0.310860,0.785473,-1.652607,0.496141,-0.129111,0
0.499054,-1.110956,-0.078889,-0.402143,0.567265,1.206152,0.938971,-0.401155,1.199039,-0.794736,-2.577834,-0.477940,0.907960,0.219557,0.415715,0.167550,0.263346,0.133284,0.535051,0.278420,-0.154047,0.134941,0.181237,1.243536,1.180825,1.710034,0.186176,0.135358,1.464257,-0.551960,-0.103720,0.482128,0
1.830001,1.939935,0.620644,1.324348,0.120798,0.339086,-0.941860,0.125133,0.252062,0.143852,0.618983,1.953305,0.081848,0.130781,0.740633,-0.752687,0.442284,-0.116767,-0.297930,0.066452,-0.736379,0.691511,-0.870945,0.685575,-0.416104,-0.842788,-0.850352,1.170342,0.024340,0.073268,-0.311372,0.100633,0
-0.616395,0.106040,0.657111,2.360824,-0.270589,-0.199034,-0.675070,0.654600,-1.453290,0.781713,-1.026810,1.222397,0.131653,-0.053516,0.302124,0.301971,-0.152560,0.768627,1.262309,0.890900,-0.971733,0.799974,1.047602,1.039705,-0.348178,0.200919,-0.787616,0.356699,0.014058,-0.314626,0.372200,0.213856,0
0.583743,1.104419,0.642238,1.382728,-0.220881,-0.551488,2.120754,0.410670,-0.892595,0.104926,0.327159,-0.872192,-0.093868,0.803402,-0.412129,0.911164,-0.492426,-0.604816,-0.316886,0.791071,-0.638356,-0.580889,-1.122778,0.511959,-1.057112,-1.411151,-0.704435,-0.418080,0.059932,0.750456,-0.389554,-1.216903,0
0.603250,-0.360464,0.517030,0.401295,-0.636503,0.858396,0.164323,-0.299395,-0.676138,0.275843,0.162904,-0.324432,0.053779,-0.667506,-0.187496,1.094367,-0.818219,-0.408344,0.666929,0.072673,-0.540021,0.250626,-0.285703,0.877279,-0.172165,0.795364,-0.368279,0.207033,-0.370250,-1.382599,0.048839,0.107126,0
0.727881,-0.330281,0.641687,-0.960404,-0.816970,-0.367673,0.832075,0.353739,0.589110,0.079676,-0.004912,0.767501,0.175215,0.084470,-0.213882,-0.595415,0.593757,0.439448,0.063813,1.610937,-0.234493,0.655392,0.322942,0.750183,2.141040,0.412651,-1.274512,-0.666881,1.802300,1.582861,0.140559,-2.217735,0
0.505437,-0.321545,0.685498,0.861384,0.977026,0.642973,0.288269,0.813895,-0.446556,1.065252,-0.334111,-0.712220,1.135753,0.456997,0.978973,-0.888575,-0.130201,-0.068823,0.231289,-0.542310,-0.178975,0.547051,0.307530,0.778636,1.039562,0.257084,-0.061552,0.226177,0.769845,-0.274589,0.176308,0.657510,0
0.811593,-0.589432,-0.484121,1.048234,0.823926,-0.881925,-0.367304,-0.428415,-0.105145,0.306190,-0.428031,0.810327,0.033645,0.026398,-0.411992,-0.176817,0.632284,-0.587560,1.141400,0.634474,-0.509910,-2.063529,0.371868,-0.281677,0.005012,1.530527,0.716808,-0.406119,0.992589,0.446931,-0.244887,0.403368,0
1.819865,-0.435349,-0.862292,1.323491,0.850469,-0.282822,-0.108826,-0.168821,0.384173,-0.999976,-0.598490,-0.117956,0.075486,-0.248195,1.155625,0.354148,-0.873407,-1.488431,-1.274467,-0.338594,-0.180373,-0.494871,0.047128,-0.616009,1.149281,0.096888,0.679455,0.425037,-0.450068,-0.686275,0.525819,-0.397433,0
1.482136,-0.921237,1.942771,-1.183140,-0.420476,-1.685319,0.338795,0.799707,0.163306,-1.609664,-0.062676,0.999623,0.348218,-0.921215,-0.534307,2.129336,0.182474,0.119657,-0.425838,-0.019076,1.012780,1.016647,0.071868,1.150041,-0.508241,-0.604740,0.269994,0.129848,-0.947382,-0.394091,-0.161398,0.262363,0
0.874405,-0.003865,0.167411,0.452185,-0.465865,-0.387860,0.228324,0.681550,-0.773307,-0.251941,0.789783,-0.566527,-2.267287,0.653082,-0.541674,1.461597,1.039659,0.645901,0.130453,-0.317721,-0.216702,0.228177,1.365224,1.239851,1.213165,-0.419139,0.527694,0.325252,-0.448451,-0.682650,-0.353350,-1.377398,0
-0.648013,-0.200170,-1.617367,-0.871349,0.057118,-1.578922,-0.170712,-1.395832,-0.012776,-0.447154,-0.563003,0.412289,0.282661,0.293987,0.185575,-1.280658,0.678399,1.141425,0.324853,-0.403816,0.208917,-1.365445,-0.053977,-0.017282,0.316008,-0.634709,0.859414,0.162999,-0.187902,-1.018521,-1.103101,-0.966428,0
-0.036642,-0.126678,0.641083,-0.612703,0.023119,-1.446406,0.584802,0.391563,0.529022,0.513982,1.825027,-0.476314,-0.800380,0.365759,-0.807598,-0.025506,0.230278,-0.178715,-1.067674,0.060672,-0.913195,-0.433884,0.850020,-0.710228,-0.443426,-0.203401,0.200188,-0.390200,0.006121,0.388417,-0.256618,0.788089,0
0.823396,0.830945,-0.078166,-0.239921,0.486067,0.552249,0.813370,-0.362734,-1.152493,0.573080,-1.032201,-0.969416,-0.386231,-0.741884,0.063489,-0.730789,-0.427697,0.689505,0.865598,0.060652,-1.459322,-0.457120,0.825356,0.275389,-0.624218,0.070783,0.428137,0.657735,-0.444116,-0.073505,0.373322,1.655807,0
1.667802,-0.242270,-0.410894,-1.774440,0.967821,0.083952,1.347566,-1.342989,0.004468,-0.324067,0.498575,-0.282695,0.172768,-0.799477,-0.279688,-0.966122,1.074829,-0.170690,0.227150,-0.351982,0.303348,0.302186,0.163481,1.196881,0.767826,-0.714325,0.134721,-1.457430,-0.463167,1.566296,-0.034734,-0.891042,0
1.095995,-0.522605,-0.536693,0.506234,-0.207036,2.194804,-0.536155,0.790773,1.100356,-0.911167,-1.391569,-0.422806,0.211822,0.707339,0.180019,-0.935570,0.060689,-0.407561,-1.088176,-0.251200,0.221166,0.897849,0.169126,0.199075,0.293504,0.784214,0.926402,-0.248157,0.743638,0.583658,0.511525,0.626477,0
0.772138,-0.305732,0.450163,-0.757467,0.771000,1.023045,-0.581391,-0.945106,0.242023,-0.254206,-1.027439,-0.543625,-0.644053,0.367555,0.506167,-0.969002,-1.095469,0.792587,-1.151125,-0.915694,0.598362,0.742052,0.002791,-1.337187,0.276326,-0.091280,1.175934,1.397675,0.725180,-0.423772,-0.499722,-0.702122,0
0.810210,-1.170422,0.473266,-0.445190,-0.222423,-1.341573,0.546278,-0.102591,-0.734375,0.267741,0.687629,-0.507757,-0.488982,-0.493288,-0.690068,-0.284237,-0.675870,0.039162,0.643167,-0.674364,0.073732,-0.381805,-0.719598,0.668997,1.645864,0.257027,1.243816,-0.489416,1.281992,-0.411351,-0.865555,0.052760,0
1.139367,0.828785,0.665577,0.097331,0.166537,0.383586,0.722968,-0.096106,0.545241,-1.104250,0.579593,0.618422,1.028288,-0.054868,1.299721,0.683965,-0.022809,-0.420147,-0.213047,0.577803,-0.353193,-1.100866,1.263085,-0.674141,-0.552359,0.203559,1.075487,-0.025765,0.128647,-0.141035,0.158047,1.370926,0
-0.419787,-0.015465,-0.708430,-0.886993,0.337590,0.147668,-0.342465,0.383013,1.439317,0.287580,1.765482,0.704048,0.589463,1.394776,0.683275,-0.086488,0.757756,-0.260856,0.931428,-0.285967,0.653670,-0.693725,-0.633782,0.702128,0.570429,-0.137488,0.872732,0.743401,-0.092958,-0.118358,-1.086441,-0.872804,0
0.083200,0.026634,-1.090228,-0.521388,0.724693,0.507837,0.059392,-1.947832,-0.428150,0.799047,-0.628546,0.012262,-0.691761,0.385940,0.118297,-0.537853,0.299380,0.003348,-1.488446,0.029883,-0.077779,0.402385,1.318946,0.023543,0.112206,0.001535,0.952826,-0.551246,0.440666,0.046540,0.342170,1.187495,0
1.973041,1.661082,0.243227,1.526261,0.667455,-0.153448,1.082613,-1.666699,0.377451,0.393313,-0.165135,0.695948,0.659927,-0.598270,0.189787,0.886335,0.074412,-1.196193,-1.305387,0.412154,0.023922,0.309071,-0.390037,0.099676,-2.051549,0.547093,-0.439830,0.777236,-0.636279,-0.365057,0.203054,1.341644,0
-0.058750,-1.349359,-0.550531,0.476435,0.124961,-0.077361,0.280234,-0.184585,0.566394,0.572633,0.707043,-0.774467,1.499649,-1.281276,0.689523,-0.814758,-0.495215,1.092428,-0.164036,1.234003,1.113782,-1.465886,-0.881610,-1.435109,-1.118756,-0.345888,0.237635,0.617111,-0.460646,0.484883,0.513230,-0.541677,0
2.109817,0.616222,-0.599192,1.496207,0.157790,-0.627678,-0.049071,-0.912970,1.333892,-1.432189,0.828499,0.087941,-0.856641,0.355383,0.865686,0.172469,-1.471740,-1.107366,0.910467,-1.145251,-0.300624,0.604406,0.116856,-1.487271,0.121208,-0.370426,-0.279110,0.192616,0.466917,-0.164984,0.582233,0.162202,0
0.080923,0.425748,-0.760594,0.198159,0.741215,-0.301840,-0.616758,-0.478571,-0.523350,-0.025537,-1.796908,0.754553,-0.449702,-0.772321,0.770855,0.437162,0.550834,0.792748,0.105966,-0.176190,-1.392210,0.245085,-0.506712,-1.594269,-0.024044,-0.420093,-0.600434,1.372999,0.666494,-0.902688,0.187779,-0.070632,0
1.932572,-0.647469,-0.033316,-0.622588,-0.840976,-0.370560,-0.355888,1.769273,0.883266,-0.297357,0.702841,-1.170089,0.146727,0.717028,1.534106,0.623917,0.599127,-0.468841,-0.997780,-0.145550,0.629206,-0.807788,1.486199,1.708328,-0.447974,-0.107996,-0.048427,0.871997,-0.371742,0.278722,-0.256393,-0.607749,0
-0.309546,0.147854,0.486905,-0.418689,0.690697,-0.116414,0.450534,1.048455,1.135863,-0.488650,-0.284972,0.935380,-0.808024,-0.691337,1.791918,0.507327,0.111385,-1.284935,0.508546,0.472274,-0.623472,-1.721635,0.484576,0.513680,0.847559,-0.552384,-0.638953,1.360429,0.491520,-0.656053,-0.947329,-0.378264,0
-0.787487,-0.900321,-0.832678,-0.288025,-0.766209,0.394570,1.445301,-0.143694,-0.755424,0.419406,-0.101180,0.360118,0.205349,0.152921,1.713044,-0.078808,-0.072441,-0.901939,0.064105,0.352516,0.350729,0.489646,0.262258,-0.022497,0.940650,1.368082,0.548111,-0.132591,0.770583,-0.106121,0.401315,0.906116,0
1.712395,0.169314,0.673982,0.500504,-1.108052,-0.753574,-0.433455,0.287644,-0.427465,0.489053,0.886283,0.490317,0.704571,-0.134255,1.891051,-0.544039,-0.155429,0.230984,-1.208265,1.121897,-0.444144,-0.686637,-0.125986,1.143235,0.728606,-0.426553,-2.340306,-1.462815,0.432271,-0.758210,0.033173,1.534131,0
1.860998,-0.850868,-0.856848,-0.599641,0.085167,0.525308,-0.797706,2.163710,1.285829,0.296431,0.424968,-0.343076,0.358176,0.301253,-0.237183,2.107003,-1.257122,0.946568,-0.269622,-0.304188,-0.241331,0.230191,0.349557,-0.311875,-0.941203,1.373933,0.478272,0.685615,-0.075436,-0.201499,-0.599996,0.121658,0
1.670341,-0.071829,-0.219299,0.149238,-0.878656,-0.465849,-0.700982,0.984310,-0.497302,-0.379914,0.174554,0.562920,0.632275,-0.678573,0.377930,0.110529,-0.269107,0.392339,-0.374144,-1.258801,-0.038450,0.776623,-0.606830,-0.437409,-0.090477,0.759275,1.427162,0.933572,-0.494525,-0.545127,0.239031,0.203478,0
1.550204,-1.130088,0.447219,-0.323009,1.137690,-0.823421,-0.340898,-1.726487,-1.284136,0.757651,0.115443,0.758140,-0.258117,0.291294,-0.953286,0.765997,-0.045079,-0.532040,-0.844512,-0.257470,0.196845,0.930081,0.224435,-0.605341,0.346547,0.145778,0.428025,0.041110,-0.276710,-0.138601,0.516160,-0.041622,0
1.861703,0.405753,0.380721,0.809086,0.527215,1.707052,2.075762,0.602881,-0.620266,1.440725,1.231716,-1.102438,0.151301,-0.200747,-0.986633,-1.250683,-0.158364,0.253508,0.549704,0.652969,-0.536869,0.388664,-0.036400,-1.327467,-0.492291,0.855340,-0.497493,1.191978,1.429360,-0.677733,0.691869,0.058958,0
0.040488,1.092328,-0.476250,-0.267045,-0.004663,-0.002698,0.120317,-0.484456,-0.242312,-0.140717,-1.004910,0.039119,-0.329542,-0.212133,-0.525099,0.964124,-1.262476,-0.726876,0.703495,-0.904329,-0.191130,-1.089924,0.831225,-0.225806,-0.581996,-1.343830,1.072690,-0.600869,-0.203683,-0.061110,-0.826260,1.449272,0
1.139170,0.339204,-0.537525,0.000984,0.127791,0.505781,-0.959159,-0.640981,0.561620,-0.046733,0.402182,1.095754,0.345948,-0.387571,-0.723842,0.601070,0.768180,-0.251008,0.478707,-0.450021,-1.443505,1.305347,0.158356,0.216958,0.520203,-0.998533,0.450866,0.163366,0.451096,-0.781790,-1.258881,-1.177407,0
0.588340,-0.461393,0.577361,-0.462513,0.484414,-0.083093,0.131199,-1.005838,-0.025708,1.909447,-0.734132,-0.856027,-0.383763,0.546505,0.143789,-0.789900,-0.966640,1.739645,-0.305551,-0.265727,-0.284184,-0.518529,-0.211716,-0.398290,-1.429699,-0.043730,0.816603,-1.120352,0.041735,-0.229228,-0.437826,2.298635,0
0.928804,-0.542004,1.308546,-0.478513,0.908960,-0.058809,1.277067,0.274624,0.360498,-0.549113,-0.076383,0.179190,1.233998,0.139010,-0.011304,-0.216425,0.211846,0.857270,0.082478,-0.603203,-0.394032,0.910583,0.168548,-0.934885,1.090678,-1.527015,-0.178670,0.022136,-0.880514,1.572324,0.447750,-0.397768,0
1.028961,-0.087666,1.031689,-0.292430,0.362196,0.611001,0.449183,0.000914,-0.040213,-0.843971,0.343385,0.723700,-0.804184,0.316444,1.652335,-0.578461,-2.132372,0.185941,-0.023815,-1.072398,0.051418,-0.034235,-0.376274,0.800427,-0.257390,1.149752,0.914046,-0.261031,-0.819374,-0.938289,0.769905,0.503261,0
2.436633,-0.281260,-0.871521,-0.057713,0.280656,-0.120924,0.079402,-0.175659,-0.335381,-1.301433,0.516185,0.414215,0.052727,-0.083578,0.821872,-1.476850,-0.652443,0.570799,1.356341,0.216769,0.213139,-0.312973,1.205436,0.332227,1.203788,0.116877,0.956704,1.046891,-0.019343,-0.572368,0.315608,1.040070,0
1.653674,0.435022,-0.389994,0.672879,-1.017504,-0.035936,-0.348673,0.040523,0.832672,0.074738,1.037166,0.754224,0.165869,0.790809,-0.471713,-0.599241,-0.160029,0.178684,1.059906,0.563617,0.653755,-0.252204,0.709264,-0.147733,0.418012,-1.470438,0.049407,-0.044878,-0.301252,-1.385943,-0.617048,-0.526400,0
1.325119,1.203111,1.062091,-0.255384,0.123477,0.075934,0.414390,-0.464635,-1.720150,-1.322999,-1.741368,-0.016744,-1.676542,-0.733317,-0.427493,0.574818,-0.787749,-0.566442,-0.236253,-0.730468,0.919080,-0.533112,0.760417,-1.310188,0.084807,0.833847,0.836755,0.486614,-0.840392,0.807537,-1.243975,-0.299741,0
0.347551,-0.254108,-0.407255,-0.031047,-0.282845,1.385105,0.391414,-0.369797,0.724349,-1.420153,-0.054301,-0.305005,-0.689485,-0.089062,0.032313,1.097767,-0.388850,-0.090210,0.040285,-1.195433,-1.384792,-0.091541,0.243659,0.023339,1.059084,-0.593975,0.913275,0.418349,0.812121,-0.205763,0.741261,0.196659,0
-0.108352,-0.431906,0.013763,0.663237,-0.734246,1.263604,0.136188,0.089284,0.556934,-0.229059,-0.036774,0.565627,-0.289562,-0.954081,0.765710,0.875926,0.134516,-0.386200,0.255686,-1.022108,-0.438417,-0.817589,1.052273,0.652794,-1.013681,-2.319874,-0.271053,0.691734,-0.769764,0.679065,-0.217864,0.068675,0
0.244854,1.138783,-1.538105,0.149539,1.656754,-0.435240,0.666582,0.115804,-0.607834,-0.324648,0.228126,1.348020,0.587384,1.190464,0.656064,0.843928,-1.865287,-0.949462,-0.540878,0.076171,0.241761,-0.265515,-0.976181,0.025683,1.306078,-0.482668,0.436302,0.682120,0.601977,0.280152,1.194964,1.596315,0
0.828864,1.164045,0.782323,-1.525026,-0.968652,0.931108,-0.406025,-0.390996,0.027533,-0.553492,-0.619242,-1.927856,-0.741647,-0.726130,-0.024560,0.162258,0.110683,-0.454995,0.379710,-0.770394,1.421651,1.257548,0.463829,0.312325,0.732261,0.895623,0.271866,0.055773,0.133859,-0.185288,0.241190,-0.212066,0
1.135579,0.272660,-0.017401,-0.114758,0.040625,0.973982,-0.587072,2.040485,0.401523,0.123165,-0.392569,-0.811041,-0.723830,-0.830449,1.037639,0.366067,-1.314868,0.439369,0.560180,-0.413553,-0.805156,0.079885,-0.004989,-0.738025,0.954244,0.803261,1.620628,-0.233247,0.014850,0.374728,0.874251,-0.053008,0
0.769843,-0.253881,-0.196686,-1.610388,0.147517,-0.670698,0.358588,0.313759,1.420434,0.808671,0.556099,0.344496,2.377902,-0.700950,-0.769464,-1.442873,-0.531236,2.071534,-1.036119,0.368306,0.094702,1.381607,0.081382,-0.221176,-1.829038,0.508537,-0.110175,0.198553,0.881976,0.157786,-1.548987,0.062291,0
0.754334,-1.154903,-0.418744,-0.237915,0.449194,0.125834,-0.731337,1.366450,-0.342670,0.724427,0.452592,0.851279,-0.283770,-1.354207,0.255578,-0.654562,1.250433,0.937034,0.854999,-0.161414,-0.173158,1.094826,-0.616401,-0.837379,-1.483269,-0.153998,0.328566,1.354977,-0.728684,0.256687,0.619780,-0.598591,0
0.555871,-0.965933,-1.375181,-0.180765,0.439074,-0.322496,-1.409331,-0.406161,-2.208375,-0.645635,1.202496,-0.194958,-0.117929,-1.666219,0.208679,-0.887498,-1.006151,1.531781,0.080179,-0.567241,0.423352,1.024597,0.577312,1.414363,-0.341990,-0.059665,-0.016840,-0.530252,-0.679263,0.001399,-1.157992,-0.012476,0
0.147068,0.522438,0.123206,0.220042,-1.091540,0.063071,0.544307,0.673982,-0.925761,-1.198591,-0.360924,-1.969534,-1.123428,-1.795034,-0.630346,0.495313,0.303179,1.837775,-0.184826,-0.767872,1.347556,-0.002769,-0.216559,-0.209848,-0.090158,1.218195,0.584278,-0.023690,-1.545085,-0.520382,0.880403,-0.383114,0
2.082729,-0.041765,-0.503495,0.157512,0.654683,-0.664001,0.059822,0.394141,-1.237124,0.239948,0.144638,1.025436,0.506463,0.657149,0.859371,-0.132178,0.090442,0.561309,-0.497880,0.742395,-0.062876,-1.266205,-1.119536,1.334500,0.124918,0.207910,0.326222,0.640104,-0.211033,-0.306466,0.017148,0.281460,0
0.681346,-0.115446,-0.416101,0.602128,-0.294231,1.248708,0.286977,2.219722,0.113545,-1.378942,-0.415732,-0.955891,-0.664106,-0.772329,0.641643,-0.720388,0.693504,0.530683,-1.268478,-0.857539,0.070733,0.065207,0.181562,-0.501775,-0.684881,-1.950042,-0.308665,0.349676,-0.424936,-0.624276,-0.055267,-0.482773,0
0.793101,0.634197,0.461957,0.744939,-0.904724,-0.175373,0.105175,-0.071766,0.505571,0.710455,1.036139,-0.000103,0.362094,0.514012,0.423772,0.169995,-0.023283,-1.360320,-0.242480,1.120845,-0.381111,-0.136685,0.087240,0.581095,0.476530,0.604711,-0.128524,-0.372796,-1.186431,-0.067391,-2.210987,-0.798048,0
1.057920,-0.719384,0.214591,0.169146,1.113234,-0.540396,-0.035311,-0.738538,1.394525,0.726193,-0.330127,0.756571,-0.806922,-0.291987,-0.153086,-0.501212,0.469569,-0.440324,-0.689750,-0.102257,0.432482,1.217805,-0.214706,0.329151,0.295746,0.285774,0.399534,-1.454516,0.304835,-0.916267,0.655539,1.087256,0
2.086715,-0.714710,0.938058,0.544541,0.260042,0.297626,1.441321,-0.653571,1.250778,-0.083664,-0.601736,0.202889,-0.175620,-0.106262,1.079292,-0.960164,1.493444,-0.754901,-0.808377,-0.392595,-0.263591,-0.179005,0.548999,-1.920071,2.046342,-0.412247,1.296460,-0.055490,1.017086,-1.342638,0.873088,0.965536,0
0.810049,0.547799,0.799922,1.064170,0.172216,-0.694169,-0.432144,1.056262,-1.510336,1.570934,-0.835385,0.524130,0.225955,0.598489,-0.108304,-1.853341,-0.259065,0.072563,-0.767301,-1.330847,-0.022871,0.215426,-0.801561,0.514443,0.207924,1.210215,-0.231620,-0.620953,0.357365,-0.447359,-1.093556,-0.292540,0
1.241407,1.055076,0.051044,-1.054513,0.975541,0.994433,0.427567,-0.386603,-0.496277,-0.166171,0.624141,-0.890155,-0.727844,0.521833,0.430404,0.512699,0.114477,-1.205894,-0.058510,-0.010792,0.153775,0.806861,0.197634,0.453832,-0.399946,0.552366,0.202451,-1.478066,-1.370665,-1.199795,0.862869,-0.483644,0
1.272839,-0.444324,-0.157535,-0.115959,-0.449174,-0.596637,2.652112,-0.665520,-0.086733,0.797514,-0.393094,-1.403553,0.286108,-0.032887,0.709373,0.543951,0.247721,0.916333,1.718359,0.247587,-0.150118,0.108543,-0.445774,0.830673,0.120785,0.451451,1.663841,0.444623,-1.090868,-0.283630,0.520496,2.297942,0
0.351593,0.117860,0.446837,0.789101,-1.077804,-0.329876,0.883045,-1.194258,0.293661,-0.189924,0.327700,-0.041326,-0.797178,-0.988029,0.220145,-0.092211,-0.784088,-0.070469,0.503228,1.227951,-0.029106,-0.277654,0.126053,0.620970,0.839110,-0.361740,0.269550,0.904755,0.440236,0.351115,0.457105,-0.526658,0
0.805998,-0.148692,0.656222,-0.550640,-0.942857,-0.141607,-1.387819,0.096119,0.499233,-0.285359,-0.208990,-1.485090,-1.266046,0.014409,0.703167,-0.039862,-0.290934,0.749571,-0.460863,-1.097598,-0.864627,-0.945892,-0.742792,-0.569059,0.194596,1.568443,0.196073,-0.859472,-0.471993,0.316565,0.902903,0.759067,0
0.982632,-1.229724,-0.395252,0.880612,-1.750559,-0.220089,0.609611,0.563388,-0.422707,0.799092,1.233127,0.748256,-1.346284,-0.654899,-0.558396,0.010629,-0.578695,-0.836018,0.162384,-1.361892,0.682865,1.179279,-0.441763,0.467159,-0.548099,-0.463358,-0.860729,1.608454,-1.042964,-1.072473,-1.415871,-0.821499,0
1.982919,0.911129,-0.560642,-1.179665,-0.429886,0.112031,0.358928,-1.084211,0.855990,-0.791828,0.482694,1.014020,0.640547,-0.568372,-0.593052,-1.436006,0.369708,-0.159119,1.042197,1.042866,0.568592,-0.231327,0.333028,0.659751,0.235350,-2.138043,-0.931669,-0.260638,-0.762215,-0.463130,0.253074,1.007671,0
2.177431,-0.049540,0.329653,-0.724951,0.124078,1.428178,-0.919123,0.105001,0.281582,0.812544,1.084580,0.940916,0.717606,-0.601199,0.635288,-0.014086,0.121467,-0.078804,0.804640,-1.839360,-0.974294,0.166604,0.811386,1.887861,0.143001,-0.530549,-0.080133,-1.180710,0.283439,0.019397,1.668606,0.824569,0
1.491781,-0.151140,0.019808,-0.846773,-1.115607,0.290422,-1.170594,0.072366,-0.286283,-0.195521,-1.172150,0.705498,-0.774018,0.074310,0.041413,-0.027956,1.401932,1.844271,-2.008514,-0.329692,0.231614,-0.722076,0.669791,-0.525376,0.025400,0.081380,0.002115,0.848068,0.446970,-0.127291,-0.135595,-0.422120,0
0.855086,-0.395353,-0.314298,-0.358487,1.387564,-1.334306,-0.098339,0.202292,-0.737220,1.126889,-0.295537,-0.593999,-0.020803,-0.523501,-0.689048,-0.300294,-0.396966,0.808601,-0.526600,-0.501895,1.073591,-0.041541,-0.134788,0.590220,0.075534,2.307525,-0.004865,-0.415380,0.950524,0.648272,0.239626,0.732484,0
-1.262720,-0.335172,0.114891,0.215250,0.330106,1.262334,0.492502,0.184450,0.762285,-0.623525,-1.397959,-1.467240,-0.224787,0.158555,-0.590863,-0.117269,-0.053422,-0.812373,-0.175127,-0.050617,1.059443,-0.593772,-0.815135,-0.098884,-0.151359,-1.021522,1.027402,0.391940,0.365970,0.015751,0.644758,0.000979,0
1.807668,1.042801,-0.272312,0.539078,0.344630,0.278170,0.410055,0.108062,-0.021741,-0.231449,-0.107020,0.197945,1.127792,-1.669972,-0.921804,-0.106288,0.816077,-0.506119,-1.197506,0.346397,-1.664176,-0.791258,0.675501,-0.793283,-1.155805,0.285062,0.402022,0.125674,2.504308,1.720661,0.645766,0.630883,0
0.456150,-0.221097,-0.970088,0.984687,-0.221934,-0.964119,0.590343,0.132899,-0.497536,-0.987155,-0.054777,0.835468,-0.142660,-0.411467,-0.038601,0.774343,0.414790,1.073807,0.100262,-0.596822,-0.812905,1.646659,-0.690237,-0.619578,0.097219,0.659308,0.316988,0.365776,-0.089926,-0.645207,-0.540210,-0.944305,0
2.250520,0.139323,-1.812936,-0.100406,0.241698,0.054675,-0.518769,0.632006,0.467376,-0.125626,0.212128,-0.009711,0.151271,-0.885570,-1.117445,-0.256104,-0.139737,-0.677017,-0.455167,-0.448207,0.669235,0.102717,0.140840,0.119466,0.479067,0.179177,0.374182,-0.853675,-0.063291,-0.042193,-1.588613,-1.177609,0
1.840817,1.285882,-1.093365,-1.130920,0.892927,0.780884,-0.241940,-0.018341,-0.549468,0.810716,-0.105175,0.137368,-0.093539,-0.137128,0.738036,1.578410,-0.377015,-0.251784,0.616167,0.307393,-0.220551,-1.371629,1.314190,0.825145,0.035033,0.575322,0.047663,0.753774,-0.801994,0.799614,1.633021,-1.125333,0
0.979339,-0.680939,-0.343809,-1.046085,0.855507,0.952979,-0.579541,0.632070,0.088994,0.075860,-0.419566,-0.048925,0.688530,-0.042782,-1.916991,0.277485,-0.519129,-0.656645,0.618957,0.119406,0.261282,1.554023,0.471151,1.834784,0.539724,-0.389695,1.054061,-0.817706,0.557413,-1.829949,0.599223,-0.014730,0
1.123605,0.574131,0.767914,-0.220170,-0.210814,0.081593,0.561637,-0.847040,-0.100954,-0.614498,-1.568664,0.566097,-1.291250,-0.642586,-0.587517,-1.389938,-0.069827,-1.353454,0.503194,0.009359,-0.419085,1.081033,0.925773,0.191099,1.584497,0.952432,-0.549680,0.133445,-0.241399,0.677727,0.177170,-0.055316,0
-0.370039,-0.286424,0.477683,0.711259,0.285748,0.371871,-0.027206,0.291415,1.102207,0.311296,-1.293549,0.266081,0.403461,0.942259,0.112333,0.555743,-1.236290,-0.867379,-0.204716,0.553375,0.275670,-0.545188,1.669132,0.282980,0.684014,-0.243798,1.063742,0.429651,-0.040206,0.638365,-0.897404,0.266104,0
1.014637,0.091328,-0.411833,2.718158,-0.142565,-0.836040,-1.313772,0.200677,1.520368,-1.167737,-0.371434,-0.307114,0.340414,1.539593,0.060594,0.452988,0.631285,0.017654,0.002028,-0.184662,-0.591877,0.615549,1.171803,0.652670,0.038114,-0.176806,-0.204986,-0.214231,1.003755,0.223707,-0.434537,1.057335,0
1.433875,0.291289,-0.106937,0.450528,-0.093352,1.479857,-0.065523,-0.707215,-0.042528,-0.080719,0.142788,-0.410371,0.520143,0.909785,0.548447,0.537375,-0.241801,1.270397,-0.078287,-0.606650,0.229380,1.133079,0.008133,-0.936048,0.960075,-1.039376,0.537985,-0.100404,-0.349545,-0.402482,0.037540,-0.370617,0
-0.345932,-0.832762,0.276559,-0.642962,-0.588106,0.961021,-1.162303,-0.002788,0.021353,-0.714225,0.508042,0.293410,-1.234444,-0.384763,-1.613470,0.999710,0.102775,0.664659,0.475614,-1.769418,0.208256,1.231255,0.050174,0.604764,-0.238022,-0.756064,0.426056,-0.146212,-0.010569,1.749362,-1.133073,-0.037320,0
0.760678,-1.027123,0.066319,1.699592,-0.288222,0.685996,0.087331,1.203396,0.271523,0.474568,-1.172693,0.504136,0.890472,-0.067682,-0.501840,0.529395,0.328568,-0.265012,0.374171,0.037947,0.240403,0.094300,0.752852,-2.501812,0.948049,-1.368903,0.367228,0.384135,0.178416,0.126280,-0.421816,0.484308,0
-0.864494,-1.265413,0.781419,-0.666229,1.201117,-0.161812,-0.544600,0.653607,-0.829448,0.488698,-0.503285,0.287847,-0.849066,-0.242321,0.860919,-1.724397,0.356216,1.012954,0.853021,-1.385260,-0.150208,0.406210,0.721282,-0.359070,-0.910862,-1.550377,0.663271,0.548496,1.987694,1.130933,0.265487,-1.236877,0
1.175589,-0.235317,0.934373,-0.188105,0.904410,-0.851411,-0.727155,-0.327140,-0.565188,0.685316,0.697539,-1.225493,-0.893934,0.041141,-1.609923,-0.859426,0.204081,0.545749,-0.195616,-0.189067,0.231267,0.463370,-0.792086,-0.035962,-0.529566,-0.397806,-0.681743,0.067014,0.310497,-0.829099,-0.688290,0.137092,0
2.188745,0.593974,-0.333763,0.692490,0.320659,0.010166,-0.579672,-1.810480,-0.261098,-0.243709,0.377020,0.369387,-0.797672,-0.622099,-0.166342,0.151482,0.288348,0.086899,-1.014908,-0.996396,1.192788,-2.187872,1.853963,-0.267683,-0.350334,-0.329816,0.185964,-0.345851,0.608681,-0.701456,0.683031,1.629553,0
0.350500,-0.261611,-0.985955,1.556367,-0.774350,0.105808,-0.642615,-0.540340,0.433169,0.143536,-0.170649,-0.601436,-0.260733,-0.579678,-0.041479,0.404177,-1.014635,-1.278904,-0.820853,0.248208,-0.377410,-0.621516,1.136744,1.160261,0.553045,0.049119,1.971263,0.515650,0.188612,0.271710,-0.869844,-0.216832,0
2.059310,-1.218540,-0.192980,-0.468688,0.032335,-0.149371,0.772567,-0.221385,0.946676,0.738938,-0.624466,0.135786,-1.218098,0.753091,0.476492,0.458320,-1.483821,-0.510199,1.305701,0.922605,0.465951,-0.444109,-0.144833,0.154281,-1.136220,-1.017583,-0.527364,0.343006,0.127563,-0.376848,0.888450,-0.755312,0
1.172415,-0.211118,1.522368,0.011255,-1.213971,-0.755118,-1.741244,0.618772,0.398620,-0.009609,0.572261,0.055218,-0.602730,-0.865446,0.804133,-1.882774,1.647730,-0.311576,-0.354799,-0.125527,-1.373782,0.425112,0.828810,-0.999783,-0.011769,-0.056272,0.842401,-1.416803,-0.884468,-0.846595,-0.088109,-0.279986,0
1.393450,-0.917970,0.602516,-0.057863,-1.960656,0.471627,0.733398,0.980436,-1.052330,-0.872438,0.790289,-1.040398,-0.113724,0.135727,0.709732,0.503203,-0.464277,0.281671,0.572344,-0.006903,-0.969729,-1.033228,0.126466,-1.094909,1.779579,-0.095496,-0.880066,-0.711227,1.354692,-1.237375,-0.667282,-0.303705,0
1.989925,0.814105,-0.714308,1.013485,-0.886445,-1.059144,-0.015830,0.612601,-0.710634,-0.029538,0.146986,-0.734539,0.509948,0.722075,-0.158645,-0.117809,-0.695858,1.465775,-0.767788,1.857666,-1.172746,1.996847,0.365558,0.656433,0.739046,0.262208,-0.216298,0.618561,1.167477,-0.581415,0.071906,0.447507,0
1.523028,-1.416692,-0.258824,-0.152231,-0.016671,-0.174696,0.350543,-0.762338,0.917767,0.000153,-1.708319,-0.794767,-1.840614,0.388534,0.257350,-0.298008,0.468331,-1.053333,0.332850,-0.447505,-1.631792,0.238083,0.063840,-0.576303,-0.597699,0.386823,0.142726,-0.397651,0.077466,1.214889,-0.426688,0.010896,0
0.020254,-0.493353,-1.297534,0.877117,1.422425,-1.087910,0.444217,-1.327804,-0.448816,-0.022171,1.059613,0.502231,1.333248,1.077007,-1.893158,0.759453,0.569420,-0.308431,0.262333,-1.223049,1.747046,-0.583504,-0.209213,0.416413,0.767772,0.045460,-0.343490,-0.938145,0.732219,0.494821,-0.294158,0.076344,0
1.298982,0.885152,0.618698,0.475406,1.559907,0.366159,-2.430641,-0.970718,-2.010089,-0.006683,0.034904,-0.041227,-0.320236,-1.681583,-1.282301,0.344234,-1.120068,0.887750,-0.223785,0.430233,0.222025,0.336124,0.258535,-0.652644,0.831325,-0.452794,0.499804,-0.745619,1.604641,0.432799,0.072766,0.072162,0
1.704023,1.132825,-0.270150,-0.915507,-0.892464,1.535360,0.360523,0.262357,-0.197196,1.062478,-0.367406,-1.135119,-0.155974,0.516525,-0.713803,-0.778167,1.316509,0.505064,0.972434,0.668493,1.082115,0.866065,0.312987,0.245703,0.063789,-0.143291,0.838674,0.921498,-0.309709,1.000349,-0.612059,0.015497,0
-0.513318,0.852855,0.656103,-0.665865,0.588806,0.556679,-0.326150,-0.064845,0.791529,-1.194411,0.726009,0.612121,0.036451,-0.124413,0.341378,-0.460297,0.460411,-0.937463,-0.534522,-1.649831,0.356757,0.576007,-0.366234,1.205805,-0.424678,-0.057372,0.203354,0.160196,-0.413059,-0.027391,-1.027870,-0.848179,0
1.135561,-1.540538,0.715164,0.358568,-0.817955,1.606719,-1.762209,0.493400,0.678204,0.122746,-0.266165,0.313668,-0.235341,0.549477,-0.946344,0.619204,-0.608818,1.469072,1.917452,0.512980,-0.607143,0.595408,0.660080,-0.170701,-0.303300,-0.496096,-0.512357,0.520739,0.436050,0.040921,-0.116735,-0.091069,0
0.282045,0.316283,-0.146045,0.014013,-0.562802,0.549743,-0.433105,-0.715671,0.228917,-1.093725,-0.312788,0.034866,0.101887,0.892718,-1.326686,-0.183973,0.124387,0.410541,1.006123,0.292973,-0.095441,-1.027192,0.902104,-0.755735,1.043024,0.168839,0.730520,0.272561,-0.653172,-0.176662,0.143146,0.733719,0
1.057073,-0.089640,0.929581,-0.735991,0.083411,-1.155442,0.699821,-0.205991,-0.037033,-0.940707,0.647886,-0.833795,0.739096,1.602042,-0.259467,0.540909,-1.107883,-0.869577,0.828761,-1.293985,-0.240232,0.853297,-0.591944,0.141466,0.314766,0.616327,0.302107,-0.325655,0.384987,0.143567,-1.651700,-1.100778,0
0.656878,2.100799,-0.479662,0.197566,0.001629,-0.531299,0.756024,-0.659023,-0.527713,-0.440465,-0.009036,-0.419637,0.443334,-0.706791,0.653456,0.522936,-0.434082,-0.162049,0.512146,0.766190,-0.403539,0.668234,-1.048047,1.341229,0.226680,1.324967,0.644378,0.396674,0.118277,0.691389,0.074070,0.562155,0
0.266110,0.363423,0.410146,0.064172,0.850897,-0.239778,-0.679617,-0.177711,0.025923,0.831983,0.543557,0.032623,-0.382454,0.890750,-0.408369,-1.083687,0.138509,-0.069839,-1.043890,-0.128832,1.192730,-2.215556,-0.592472,0.379415,1.308022,1.178645,0.231651,-0.112350,0.407319,0.893665,-0.628231,-1.188458,1
-3.063276,-0.922641,1.137963,-0.450017,-0.595293,-0.467220,-0.080029,0.769924,-0.422876,0.369949,-1.187751,-0.178266,1.265372,-0.052720,-0.938172,0.349174,-0.517810,-1.408401,0.746708,-0.339872,0.565787,-0.123910,0.810953,0.382963,1.299217,-0.473423,0.163574,0.444341,-0.127865,1.385310,0.874236,-0.425841,1
-1.460497,-1.033645,0.244678,-0.576708,-0.561743,-0.135691,-0.366652,-0.684098,-0.671079,0.114144,1.210643,-0.851578,-0.004802,0.701822,0.618575,0.471972,-0.467358,-0.551866,0.980756,-0.283487,-1.856133,0.541618,1.363350,0.299683,0.200059,-1.019356,0.589510,0.491098,1.311359,0.049966,-0.382046,-0.089643,1
-1.329992,0.961988,-0.382545,0.046800,-1.339879,0.374422,-0.298620,-0.051995,-0.100815,0.587076,-0.244437,-0.439558,-0.210237,-1.828318,-0.887964,0.773603,-0.062704,-1.911537,0.915010,0.766814,-1.986526,0.950276,0.425780,-0.604539,-0.198589,0.482064,-1.585468,-0.005686,-0.744093,0.620863,-0.740769,1.161049,1
-1.056207,-0.945884,-0.308763,-0.493618,0.032525,-0.452376,-0.226933,0.895680,-0.839359,-0.195043,1.078605,-0.560655,-0.842637,0.097092,0.394367,0.839596,-0.703077,1.020168,-0.464874,0.735019,-1.234497,-0.106056,0.163665,-0.646440,-1.576442,1.480429,-1.130665,1.107033,-1.009701,-0.350154,0.633125,0.725380,1
-2.653639,-1.184170,0.110254,-0.304210,-0.849558,1.250652,0.685785,0.468318,-0.822890,-0.981021,1.017064,1.270889,-1.022510,1.002030,-0.525799,0.387338,-0.450163,0.459104,2.063590,0.916618,-1.919118,0.789947,-0.820218,0.771772,0.677771,-1.390682,-0.507472,-0.437081,-0.480853,0.614518,0.175864,0.794636,1
0.131010,0.331493,-0.284070,-0.772058,1.208619,0.442480,0.349317,0.193366,1.207899,-0.125026,-0.909316,-1.856437,-0.189147,0.521260,0.312696,-0.001300,-0.408521,-0.640708,0.772406,-1.518874,0.284967,-0.590033,-0.056950,-0.962963,-0.109287,-0.098771,-1.497294,-0.769386,-0.087735,-1.072425,1.406682,0.267929,1
-0.655230,1.320703,-0.092929,-0.344647,0.219288,-0.158407,-0.439699,-0.810271,0.705422,1.119904,-1.236854,0.141728,0.852861,-0.183035,-0.489856,-0.047923,-0.989315,0.042053,1.843117,0.120552,0.473038,-0.644530,-0.616761,-0.425912,-0.765809,-0.918046,-0.685425,-1.191636,-0.233969,-0.504723,0.249623,-1.141330,1
-0.711952,0.676731,1.160014,0.448761,0.637834,-0.719021,-1.197937,-0.014193,-0.730728,0.865223,-0.227961,-0.315587,-0.114719,0.490378,-0.465826,-0.387384,0.999845,0.890219,-0.372162,0.149855,-0.854529,1.281922,0.358431,-1.043447,-0.323521,1.540222,0.069422,-0.524325,0.140015,0.329605,1.288182,0.710828,1
-0.941837,0.798797,0.290733,1.364326,-0.647389,-0.190901,0.601094,0.044777,0.231292,-0.233825,1.166009,-1.253228,-0.119200,-0.435789,-0.662431,0.865396,0.989538,-0.846287,0.078196,0.747196,0.443555,0.262894,0.838852,0.479172,0.038353,-1.220227,0.174150,-1.629733,0.025788,-0.050154,1.580667,0.386145,1
-0.355233,0.048912,-0.414102,-0.987369,-0.261204,-0.126148,-0.462880,0.852594,-0.994709,-0.188259,0.483810,0.231014,0.764174,-0.281392,1.478492,-0.959394,0.922178,-0.113305,0.694259,0.049359,1.567256,-0.543442,0.482857,0.091021,0.175177,-0.160320,0.528547,-0.091762,0.944805,-0.069091,-0.612806,0.463255,1
-2.211542,0.796075,-0.586302,0.338278,0.048116,-0.764482,-0.766165,-0.433356,0.862384,-0.100774,-0.229137,-0.349871,0.811408,0.419629,-1.011404,-1.414404,-0.817470,-1.054946,0.509582,-0.319752,-1.044903,-0.061847,0.746567,-0.428109,-0.489854,0.360356,0.802532,-0.655840,-0.271656,-0.296424,0.061048,-0.538738,1
0.200063,0.709732,-0.898046,0.061292,-0.182806,0.473289,-1.058679,0.655316,-0.106931,0.280705,1.849826,0.540632,-0.813122,-1.029468,-0.044076,-0.816286,0.423389,-0.300721,0.075200,-0.060186,-0.865803,1.482112,-0.409024,-0.750652,-0.373208,-0.492545,0.953366,2.003412,1.213362,-0.161253,1.025179,0.272577,1
-2.329830,0.175545,-0.192037,-1.143605,0.534411,0.755860,0.794640,0.300437,-0.766016,0.131850,-0.315617,0.191123,-0.606294,-0.232114,-0.469862,-0.691267,-0.336901,-1.081161,0.735660,-0.374086,0.530354,0.190872,1.519475,1.205344,-0.166634,-0.271324,0.150966,-0.542046,-1.272725,-0.014381,-1.298750,-0.369215,1
-0.283157,-2.076458,0.383579,1.465252,0.934709,-0.309968,-0.425295,-1.048514,0.427524,-1.300595,-0.599532,0.843128,1.667279,1.619639,-0.078949,-0.312410,-0.740808,0.001842,-1.326879,-0.053479,0.796712,-0.435833,0.222501,-0.078100,-0.764026,1.141434,0.737193,-0.701874,0.197271,0.167467,1.209289,-0.502550,1
-0.123008,0.008491,0.224183,0.199414,-0.550318,0.152585,0.106603,0.982172,-0.577763,0.744733,-0.330977,0.476335,-0.113592,0.340993,0.615538,-0.059960,-0.441633,-0.280696,0.865739,-0.723755,1.223197,0.028020,-0.399379,-1.085922,-0.081382,-0.472174,-0.390260,0.409737,0.798146,0.362197,1.472902,0.089664,1
-0.079585,1.069084,0.562676,-0.971969,-1.411980,0.514232,0.572488,0.986512,-0.699416,0.403397,0.592512,-0.715688,0.156925,-0.108131,-0.728406,0.157989,0.758340,-0.987138,0.393805,0.008436,-1.047710,-0.203068,0.962028,0.441584,1.474489,0.383913,0.322202,0.109251,-0.610530,-0.561345,-1.161347,0.209551,1
-0.224187,1.135875,-1.101773,0.378188,-0.834184,0.544453,-0.217939,-1.694324,-0.336856,1.165677,0.378448,-0.587114,1.775235,-0.811439,0.660525,-0.016057,0.265033,-1.201066,0.471802,-0.865135,0.412774,1.362598,-0.349559,0.810842,-0.205793,0.683461,1.740943,0.758893,0.191838,0.332267,-0.530869,0.690306,1
-0.739132,0.423062,-0.641253,-0.141721,-0.037852,-0.533156,0.617646,0.541417,-0.613508,-0.131212,0.249432,0.434263,0.462998,-0.606334,0.071737,-0.279400,0.781091,-0.428258,-1.253778,0.772622,-0.576303,-0.479134,0.437677,0.566928,0.923435,0.125290,0.481009,0.075631,0.385874,0.926454,0.014571,1.373173,1
-0.223172,-1.364156,-0.267966,0.559457,0.695543,-0.161961,0.162298,-0.948585,0.514741,-0.021478,-0.742302,0.037541,1.362419,0.179158,0.357703,-1.325308,0.820037,1.736420,1.743598,0.211144,-0.186458,-0.296376,-1.466979,-1.147327,0.633847,0.398955,-0.971485,0.170041,-0.557601,0.274489,-0.970829,0.850748,1
-0.432690,-0.432644,0.043124,0.442288,0.204433,1.606411,0.332030,-0.539906,0.415189,-0.494168,-0.516340,0.147385,-0.365290,0.877939,-0.298899,0.998096,1.609465,0.403493,-0.118383,-0.387726,-0.990639,0.039813,-0.242727,0.309221,0.248788,-0.214287,-0.092907,1.777961,-1.214154,-0.356387,-0.480720,0.784365,1
-1.622403,-1.154893,0.780038,0.198056,-0.021061,1.487073,1.908625,0.989804,-0.293129,0.452951,-0.075073,-0.730308,0.086044,0.192722,-1.537466,0.201116,-0.049347,-0.050148,0.812205,0.638921,-0.733167,-0.162675,-0.332081,-1.343509,-0.968895,-0.076737,-0.048470,-0.987724,-0.438405,-0.641109,1.196585,-0.176439,1
-2.232076,0.448805,-1.474122,-1.238761,0.500133,-0.106678,0.200574,1.873740,0.945064,0.826791,0.404623,0.074664,0.290337,-0.112884,-1.557725,-0.542125,-0.157538,-0.392874,-0.576788,0.271936,0.423728,0.617540,1.014095,0.713982,-1.421748,0.316592,-1.305809,-0.561822,-0.097697,0.376243,0.346200,-1.262666,1
-0.499351,0.078032,0.442579,0.069244,-0.457149,-1.246301,0.746375,0.832727,0.657472,1.160813,1.039109,-0.562234,-0.175577,1.183856,1.245322,1.058847,0.966976,-0.085342,-0.171593,0.159436,-1.319388,1.319094,-0.156866,-0.507512,-0.273902,0.869135,0.996788,0.630658,0.568013,0.643684,1.057271,1.005560,1
-0.161724,0.457345,-0.221404,-0.358226,0.619540,0.446357,-0.429708,-0.550436,-0.884122,0.551767,-0.078005,0.711737,-0.948750,0.792166,0.351442,0.016717,-0.104231,0.415128,-1.280793,-0.441097,0.383995,0.097996,0.067226,0.203630,-0.165725,-0.738492,-0.560152,1.371366,1.289635,-1.046747,-0.935203,-0.099122,1
-0.305359,1.274613,-0.535074,0.482675,0.305759,0.433822,0.078241,0.501185,0.587821,0.963430,-0.049614,1.418734,-0.676415,0.375300,0.887969,-1.037591,-3.388800,1.361645,-1.130416,-0.889093,-0.210944,-0.315957,1.119120,0.484584,0.009151,0.244144,-1.976492,0.789917,1.385946,-0.012182,-0.028153,0.623618,1
-0.619640,0.426325,1.374085,-1.053274,-0.558036,0.417695,0.507553,-0.752903,0.234264,0.162003,0.538584,-0.595679,0.469185,1.036725,0.857561,-1.047646,0.791750,-1.410856,-1.062085,-0.811259,0.739066,0.783295,-2.010749,0.801806,0.450837,0.715717,-0.801327,-1.249718,-0.129576,-0.657455,-1.063817,0.040199,1
-0.485367,0.802644,1.033255,-0.622285,-0.127552,-0.755026,0.449832,0.575397,0.256891,1.936886,-0.598405,0.028441,-1.604364,-0.174469,0.991902,-0.001583,-0.476316,-0.326847,0.621579,-0.323709,-0.248867,0.723671,-0.283079,-0.724768,-0.095747,-0.276746,0.946380,0.561031,0.125440,0.161927,-0.030806,-0.070396,1
0.254268,0.165119,-1.034086,-0.542645,-0.276213,1.328342,-0.427994,-1.098493,0.329419,0.117549,0.782746,0.360644,0.149072,0.173502,0.054461,0.263490,0.730378,0.264581,-0.235820,-0.590614,0.660269,1.160667,0.149452,-0.441448,-1.668613,0.493422,-0.773160,-0.492397,-1.114271,0.447935,-0.325373,-0.946432,1
-0.107307,0.905515,-0.168471,0.788591,-0.788058,-1.409662,0.727506,-0.168720,-1.567246,0.358320,-0.473174,0.898005,0.650443,-0.325046,-0.712409,-0.226346,0.595386,-0.324115,1.867093,-0.254424,-0.029419,0.671652,0.424492,-0.018229,0.161056,0.250816,1.972903,-0.823741,0.815089,0.492950,0.952536,0.389690,1
-0.272646,-0.404645,0.325171,0.643197,0.386512,0.849382,0.516629,-0.356150,0.135947,0.170047,0.427136,-0.646359,0.567780,0.416416,-0.452743,0.202518,-0.996114,-0.071398,0.569502,0.425829,-0.744457,1.032752,0.122520,1.361960,-0.640223,0.106657,0.140051,-0.239013,0.390193,0.217810,-2.133307,-1.449084,1
-0.765837,0.597849,2.171511,0.052444,0.212506,1.279814,0.907058,-0.886328,-0.739008,-0.321866,0.631861,-0.977720,-0.720490,-1.334282,0.000382,1.252257,1.262025,0.134499,-0.638899,-0.692799,-0.420639,-0.414377,0.280479,1.352808,1.189323,-0.410789,-1.569928,0.062436,-0.199876,-0.147040,0.428499,-0.099469,1
-1.156938,-0.119567,0.111901,1.100822,-0.253860,0.067443,-0.927714,0.260430,-0.542965,-0.340563,1.408434,-0.345688,0.632900,-0.638575,0.174156,-1.161977,-0.195216,1.629823,-0.015449,0.133412,0.472720,-0.845438,-0.686359,0.471028,-1.136856,-0.126426,1.237954,-0.495233,0.717323,0.612714,0.266123,0.007784,1
-0.692795,0.605602,-0.709417,0.131884,-0.067461,0.289103,-0.039883,0.909302,1.377071,0.734622,-0.378857,-1.406654,-0.581013,-0.188095,0.887768,1.298712,-1.436705,0.314436,0.194472,-0.739174,0.027834,0.079695,0.008668,-0.480619,0.938303,-1.420987,0.482997,-0.508035,-0.027210,0.643608,0.066157,1.194473,1
-2.161880,-0.468881,1.131293,-0.065462,1.096187,-1.393445,0.094948,-0.394192,1.189749,-0.547515,-0.322534,-0.636799,0.531366,-0.141667,-0.682761,0.678448,0.583605,0.537054,-1.476069,0.527063,0.264653,-1.483121,0.597976,-0.184056,0.470338,-0.418253,0.533817,1.047220,1.204866,0.095508,0.353421,-0.636676,1
-1.388769,1.307206,-0.249024,-0.355066,-0.598267,0.132584,0.175712,0.336105,0.563932,-1.190923,-0.115618,0.795709,-0.267313,-0.802988,0.520073,0.399950,0.057797,-0.009126,0.494412,0.161470,-1.090984,-0.489155,0.226284,0.505711,1.033865,-0.477462,0.430738,-0.427900,-0.480641,0.543788,-0.261229,0.555506,1
-1.031359,-0.452518,0.806448,0.670758,-0.141402,-0.480936,1.324226,0.785915,1.412370,0.149721,-0.464795,0.183828,-0.909894,-0.409061,-1.213056,1.231943,0.412726,0.665086,1.423367,0.184461,1.069065,-0.836402,-0.944131,-0.546850,1.371969,-1.365032,1.933011,0.507451,-0.328773,0.146750,-0.381890,-0.804686,1
-2.703260,0.356293,-1.006983,-0.281608,0.021212,0.044467,1.305836,0.456159,0.378538,0.875520,0.127885,0.363472,-1.076860,0.634169,-1.399594,0.870434,1.947355,0.602463,-0.088273,-2.024754,0.665470,-2.144158,1.848930,-0.427847,0.065790,0.591192,1.014390,-0.525559,-0.193941,-0.100853,0.383603,0.037008,1
0.155462,-0.332901,-0.647176,0.177648,0.233667,0.670845,1.103297,-0.851288,-0.981218,1.069225,0.150388,0.841396,0.084002,-0.172867,1.724371,0.259989,0.489999,-0.076751,0.079276,0.935429,0.640770,-0.310701,-1.026838,0.699994,-0.175884,0.962034,0.584628,-0.104772,-0.220985,0.443847,-0.107847,0.158313,1
0.020943,-0.027841,-0.933191,0.282968,1.868399,-0.911083,0.553451,1.097520,-0.135566,0.977817,1.320767,1.153431,-1.151923,-0.257946,-0.342648,0.220929,-1.047564,-0.232809,-0.858470,-0.889055,0.508682,0.520766,-0.167182,0.751670,1.065385,0.638238,-0.167420,0.353639,-2.342113,0.494824,-0.110311,0.329069,1
-0.666538,0.235505,0.107435,1.346458,-1.145573,0.923897,-0.342308,0.840691,0.939523,0.351966,-0.425672,0.497820,0.509051,-0.862659,0.063188,0.381377,-0.351194,2.090359,0.655384,-0.976128,-0.350836,0.267121,0.122313,0.068824,-0.116533,-0.142545,0.010630,-1.348457,0.462958,0.923650,0.052179,-0.224740,1
-1.733633,0.837071,0.064199,-0.947790,-0.153225,2.370164,-0.019873,0.739170,-0.638011,0.510536,1.088537,0.710815,-0.352128,1.653058,0.053802,-0.191726,-0.730700,-0.402024,0.014821,-0.868607,0.018042,-0.764976,-0.559630,1.023110,-0.061007,-0.054265,-0.425331,-0.648802,0.924627,1.046991,0.588804,-1.029237,1
-1.208781,0.049910,-0.576531,-0.440852,0.196120,-0.267900,-0.863042,-1.057727,0.302135,-0.348223,0.783054,-1.735946,-0.754015,-1.566257,-0.121594,1.097420,0.285414,-2.043530,-0.865053,0.269678,0.634898,-0.278790,-0.402111,-0.948853,1.183228,-0.309167,-0.267334,0.062972,-0.083487,-0.132054,0.781162,0.065949,1
-1.453117,0.647739,-0.721789,-1.321843,0.086705,0.410848,0.088106,0.519560,-0.594312,-0.717800,-0.350650,0.924237,0.823135,0.356894,0.695890,-1.543560,-0.937209,0.328285,0.293650,-0.280331,-0.143484,0.062943,0.333924,-0.275881,0.925652,-0.352488,-0.375995,-0.089319,-1.048684,-0.038046,0.674816,0.721049,1
-0.953819,0.141287,-0.489349,-1.418942,0.544905,-1.134130,-0.136120,-0.179978,-1.419698,0.015822,-0.758738,0.942833,0.087117,-0.489934,-1.032312,1.457901,0.925614,0.117527,0.521820,-0.717663,-0.350519,1.129979,-0.691388,0.124622,-0.638817,-0.594702,-0.389542,1.292737,-0.523658,-0.833727,0.052972,0.439212,1
-2.207219,-0.079094,-0.522012,0.275024,0.337556,1.371409,0.256908,-0.260244,0.769593,-0.294004,-0.055429,-0.785656,0.063241,0.491835,-0.161104,0.443802,-0.532814,0.031353,0.578274,0.408220,1.235295,0.188800,-0.435067,1.219460,-0.137991,0.180013,0.090646,-1.128820,-1.605826,1.388497,-1.478922,0.761661,1
1.011837,0.289866,0.428987,-0.551889,0.441649,-0.219909,0.092378,1.567400,-1.634737,-0.940983,0.376317,-0.646012,-1.069680,-1.131981,-0.677010,0.074186,-0.004493,-0.227762,-0.323826,-1.014170,-0.701457,-1.005066,1.402691,0.085357,-0.812273,-0.120677,-1.147146,-0.834690,1.140612,-1.945307,0.989877,0.705457,1
-0.826667,-0.260779,-1.127998,-0.041540,-0.351952,0.683356,-0.450353,1.013512,0.178283,0.683071,0.129853,0.569785,0.548724,0.667284,-0.220966,0.524771,-0.873981,0.182717,0.395276,-1.301956,0.349996,0.792131,0.740991,0.639873,0.314461,0.161237,1.080164,-0.641723,1.055669,0.561245,0.146451,-0.121418,1
-0.216333,0.076359,-1.722533,-1.444287,-0.940237,-0.250789,-0.331362,-0.939406,1.164287,-0.117110,-2.340267,1.103311,-0.608054,0.300572,0.558347,0.741896,-0.319216,0.079240,-0.635495,0.761570,-0.636311,1.766544,-0.475346,0.126361,-0.188726,-0.442204,0.026277,1.499526,-1.228360,0.732392,-1.127789,0.747931,1
-1.360865,-0.324143,-0.100461,0.031695,-0.443272,0.674796,0.253282,-0.592928,0.642675,-0.425565,-0.013014,-0.500988,-0.340190,-1.375138,-0.113443,-0.303312,0.964276,1.193335,1.307021,1.096284,0.607029,-1.625081,0.554167,0.933125,-0.764154,-0.082997,-0.305385,1.709555,0.749014,-0.033888,-0.928332,0.843393,1
-2.475147,-1.500878,0.197234,0.397935,0.068098,0.221591,-0.306644,1.581778,-0.959554,-0.891664,-0.432943,0.387277,0.473098,-0.671915,-0.419332,-0.784553,-1.285696,-0.637111,-0.376857,0.586271,-0.009729,-0.769583,1.205544,0.667619,0.291085,1.514323,-1.030922,1.428316,-0.389162,0.059576,-0.523627,-0.272541,1
-1.930961,-0.099715,-1.285813,0.118708,-0.389984,0.684224,-0.235651,-0.259178,0.429671,-0.724575,0.098202,1.184360,-0.144540,0.519503,-1.594254,-0.402461,1.981110,-0.450212,-0.253870,0.309948,-0.787954,-0.653130,0.692429,0.902978,-0.615419,-1.349138,0.962946,0.336356,-1.091897,1.486246,0.133797,0.965292,1
-0.898420,0.488514,-0.958346,-0.122303,-0.569179,0.852984,0.219480,-0.672943,-0.803676,-0.630082,-0.635227,0.796828,0.818085,0.613193,0.278801,-0.251649,0.080900,-0.526025,-0.940902,0.804610,1.558129,-0.632164,1.011734,-1.106613,-1.828015,-0.120855,0.595528,1.798533,1.670894,-0.540488,1.289952,0.899152,1
0.141076,-0.744197,1.433932,0.106163,0.600579,-0.409699,-0.580929,0.275424,-1.823963,-0.458894,0.981508,-0.052586,1.107206,-0.777924,-0.639837,0.401914,0.846118,0.502604,-1.275144,-0.472112,0.449924,0.442373,-0.406323,-0.842540,-0.818022,-0.384578,1.133714,-0.503723,1.649696,1.124364,0.082104,0.125639,1
-1.368536,0.505601,0.586823,0.757234,-0.137041,-0.654969,-0.114529,0.717112,1.057672,0.249599,-0.622926,-0.231179,-0.168933,-1.417279,-0.269616,0.110073,-1.361105,0.183168,-0.577232,-1.462816,-0.803523,1.093302,1.218670,-0.790776,-0.086025,0.683964,0.790166,0.534193,-0.904576,0.354143,-0.494640,0.041181,1
-0.805050,-0.262575,-0.003681,-1.632708,0.791530,0.206494,-0.406019,-0.976422,0.114211,0.553007,-0.221255,-0.211472,1.135743,-0.932778,-0.437079,-0.048988,0.116560,0.906398,0.062004,-0.563089,-0.439232,-0.553101,-0.149964,0.613595,-0.332367,0.364924,-0.121681,-0.377288,0.199497,0.866259,0.983897,-0.650178,1
-0.730948,-0.129747,-0.910089,0.448329,0.872743,0.040836,-0.666672,-1.655769,2.166426,-0.585985,0.470227,0.508651,1.077209,0.586673,-1.267515,0.116551,-0.260722,-1.535605,1.174383,-1.212439,0.734709,0.258563,0.330622,0.221087,-0.447272,1.004004,-0.630113,-1.040600,-0.057988,0.738384,0.781901,0.709521,1
-2.509443,-1.454959,0.201170,0.776720,-0.114180,1.505317,-1.191634,-0.683562,0.468071,-0.391475,0.034235,-0.525276,-0.207228,-0.340077,-0.455142,-0.082651,2.613358,0.723598,0.006253,0.413658,0.028508,0.084862,-0.038635,0.828438,0.553899,-1.204366,-1.178843,-0.834133,0.065559,-0.330158,-0.910904,-0.488909,1
-0.098133,-0.755169,-0.625031,-0.026014,0.414743,-0.084987,-0.645116,1.123401,-0.513478,0.363872,-1.685782,0.237722,-0.009687,-0.051670,-0.494559,1.246402,0.007065,-0.490632,0.294307,0.574406,-0.259316,1.684113,-0.385776,0.040716,0.094717,0.508493,-0.142057,1.560558,0.493394,1.284154,0.085252,-0.059987,1
-1.883186,-0.614431,-0.654720,0.983629,-0.069346,1.178243,0.809927,-0.852704,1.104189,-1.444422,1.494375,0.054598,-0.850447,0.240656,-0.252261,1.099900,0.426470,-0.452875,-0.679575,-0.665606,-0.502240,-1.105772,-0.337479,0.593897,-1.356591,1.021152,0.162465,-0.996235,0.510124,-0.161991,0.160290,0.225177,1
-1.091364,-0.228432,0.847315,0.590799,-0.872978,-0.230731,0.285607,-0.647630,-0.082510,-2.125472,0.233886,-0.104532,-0.566905,0.770218,-0.057213,-0.152031,1.353156,0.211210,-1.090485,0.967184,-0.897402,0.417573,1.444194,0.693512,0.080908,0.225205,0.708897,-0.251034,0.860881,-0.239827,-1.215429,-0.588138,1
-0.930525,0.822324,-1.193241,-0.134093,-0.965381,-0.109389,-0.938704,-0.119010,0.966097,-0.618505,-1.111988,0.112104,0.889963,0.420032,1.094779,-0.866209,0.142532,0.532585,-1.101778,0.067483,-0.882983,0.561945,-1.669760,-0.733858,-0.065524,0.054230,-0.090827,0.068413,0.435339,0.196670,-0.221468,0.739202,1
-0.389476,-0.057028,-0.568005,-0.684386,0.616309,-0.931372,0.521107,-0.347137,-1.466679,-1.215074,-0.817052,-1.245373,-0.269356,-0.255287,-0.171870,-0.827783,-0.291150,1.631253,-0.115792,0.432214,0.148414,0.516075,0.924481,-0.603528,-0.166882,-1.094863,0.693481,-1.643827,1.610585,-0.847173,-0.198822,-0.388909,1
-0.152287,1.317216,-0.439753,-0.216186,0.021759,0.519206,0.991016,-0.842004,0.262211,-0.238106,0.294064,-0.871727,0.555228,-1.073479,0.071782,1.555195,0.161926,0.233935,-0.930843,0.260042,0.074354,-0.889604,-0.200131,1.242236,-0.890241,-0.671204,-0.467978,-0.707985,0.010780,-0.963779,-0.788574,-0.425304,1
-0.879812,-0.775774,1.677863,0.509026,0.517142,-0.671333,0.794674,0.184961,0.076733,-0.078066,0.275496,0.744064,1.303738,-0.421153,-0.126105,-0.255865,-0.919756,-0.681603,-0.393335,-0.991563,1.114022,0.035524,-0.144347,0.948155,-0.481060,0.483921,-0.539460,-0.259771,-0.512502,0.819422,-0.386923,0.051102,1
-2.787559,1.106255,1.312897,0.213083,-1.258258,-1.630930,-0.938338,-0.386403,-1.211653,-0.197416,0.461685,-2.334036,-0.104374,1.981433,-0.121040,0.421473,0.772857,-0.743239,-0.189001,1.048200,-0.661450,0.507229,0.219771,-0.354378,-0.928326,-0.245244,1.245015,-0.972666,0.664856,0.814282,-0.545346,0.377962,1
-1.948914,-0.459047,0.713629,-0.100022,-0.121132,1.075626,-0.582835,-0.134564,-0.685376,-0.170234,0.826649,1.014419,-0.063985,0.549191,-0.407773,0.112031,-1.367933,-1.199399,-1.278862,1.181440,0.589230,-0.901858,-0.113161,0.866442,1.762497,-1.103448,0.032473,-1.271851,-0.620742,-1.100863,-0.001944,0.185214,1
-0.796499,-1.112457,0.477049,0.199418,1.400259,0.816392,0.350989,-0.958395,-0.358091,-0.122065,-0.469896,0.954516,0.832560,0.517421,-1.080770,-0.231542,0.357928,-0.459901,0.985067,-1.274669,-1.495479,-1.297185,0.586972,0.216826,0.226178,0.528518,-0.609831,-1.731195,-0.642278,-0.803737,0.120328,-0.526913,1
-1.360913,-0.864995,0.091680,0.772905,0.069516,-0.484888,-0.155702,-0.236682,0.077554,0.956560,-0.368902,-0.863118,-1.086452,0.543670,0.043761,0.576980,1.118395,-0.507193,0.041584,-1.322075,0.342638,-0.586075,1.159623,0.644128,-0.327634,-0.986961,-0.353311,0.268198,0.331573,-0.334305,-0.958772,1.256811,1
-1.039276,0.767971,0.175772,-0.398713,-0.540463,1.364770,-0.951232,1.208671,0.358338,0.382595,-0.125197,0.308387,-1.107664,-0.270773,0.518407,1.665110,-1.143496,0.832701,-0.086512,-0.266282,-0.351194,1.951872,-0.250395,-0.012397,-0.578848,-0.572768,0.540828,0.139105,0.966366,-0.588473,-0.748642,-1.353123,1
-1.136657,-0.296070,-1.495215,-1.799396,-0.244809,-0.587582,-1.167483,-0.023815,-0.752182,0.214102,-0.731236,0.351543,-0.215310,-0.703907,-1.307906,0.877186,-1.613810,0.829176,0.653395,0.288503,1.084751,0.159087,0.255799,-0.189055,0.392335,0.410993,-1.615343,1.015471,0.673018,-1.716103,-0.317420,0.200366,1
-0.574472,-0.233345,1.732645,0.276472,0.044279,-0.183486,-0.049845,-1.391824,0.014493,0.246794,-0.294215,0.343715,0.289395,-0.936821,0.100908,-0.042179,-0.022316,2.348901,-0.372087,-0.552575,-0.016947,-0.201483,-1.447954,-1.297249,0.611589,0.379709,-0.828341,0.957031,-1.146877,1.230544,0.074666,0.071021,1
-0.852882,-0.148306,-0.100178,0.854756,0.863604,-0.586656,0.726942,0.032961,-0.903857,-0.287955,0.420858,-0.103058,0.385588,0.527406,-0.304023,-0.097340,-0.710167,-0.536548,-1.135512,-0.157510,-0.220503,-0.324324,-0.524891,-2.028254,0.268774,0.516641,1.020023,-0.427240,-0.304068,-1.035684,0.780035,-0.718200,1
-0.670454,0.632318,0.747295,-0.645570,0.656650,0.472658,-1.154213,-0.724509,0.619570,-1.153522,-0.704333,1.507110,0.549581,-0.394537,0.493550,-0.667059,0.293859,-0.058495,-0.692859,-0.017061,0.164521,0.107756,-0.459382,-0.910605,-0.656348,0.934126,0.476782,-2.037527,-0.254503,-0.061393,-0.985552,-0.366287,1
-0.418137,0.080050,0.819715,0.325976,-0.301491,-0.709050,-0.517190,0.612709,-0.120707,0.711372,-0.251468,-0.052322,0.412532,0.245489,-1.105526,-0.488664,0.162875,1.264345,-0.848908,1.600477,-1.536621,-1.689300,0.106704,-0.923182,-0.719057,0.590456,-0.638012,0.299943,1.309734,-0.455844,0.320276,0.331814,1
0.092862,0.672614,0.749405,-0.137568,-0.660479,1.456540,-0.684906,-1.535574,0.673796,-0.939845,-2.041430,0.200063,-0.052279,-0.780457,1.106678,-0.325322,2.365897,0.076863,-0.906007,0.755559,0.137956,-1.743317,-0.152010,0.247770,0.862963,-0.856335,-0.453685,-0.713981,-0.369708,0.651350,0.672302,-0.966696,1
-2.070001,0.616956,-0.626021,0.586257,1.855122,-1.180675,-0.602768,0.906822,-1.287041,0.505776,0.722972,-0.035430,0.618125,-0.343676,1.176211,0.833240,0.295779,0.329138,1.322873,0.351949,-0.437404,0.606880,-0.262176,-0.992246,-1.473774,0.290877,-0.003236,-0.431830,0.273063,-0.954942,1.148793,-0.042487,1
-0.941024,-0.498343,0.736169,0.236987,-0.384657,0.802108,0.059541,0.546039,-0.264162,-0.579879,0.713550,-1.280585,0.420425,0.849881,-0.685689,-0.466105,-0.117558,-0.596205,-0.438854,-0.147391,-0.243314,0.145281,-0.892523,-0.509975,-1.449442,0.305263,-0.946349,-0.494920,-0.950181,0.492523,0.519277,-1.007199,1
0.107493,0.328816,0.816678,0.169769,0.512744,0.213763,0.038331,0.895823,0.604091,-0.615506,-1.205715,0.726679,-1.125685,2.007363,0.807906,0.634879,0.876284,-0.714706,-1.296173,0.048730,0.274430,-0.358454,0.459807,-0.370887,-1.172019,0.438993,0.131049,0.196997,0.273931,0.736670,-1.071305,-0.286198,1
-0.331261,-0.528004,-0.614134,0.304538,1.389486,-0.249824,0.417847,1.386547,0.547539,-0.470818,0.629140,0.194391,0.919156,0.974558,0.261709,0.301006,1.171947,-0.421976,0.143728,-0.476632,0.152241,-0.132483,0.306397,0.986390,-0.733495,-0.715852,0.868500,-0.170531,-1.330463,1.961255,-0.624095,0.457710,1
0.274583,-0.071529,-0.637882,-0.019203,0.780992,1.707534,-0.408546,-0.273472,1.002388,-0.383425,0.014551,0.011169,0.584641,-1.092473,-1.532305,0.850674,0.042027,0.102386,0.540565,-1.743705,-0.534587,-1.503177,-0.809383,0.248894,1.001158,-1.158267,-0.001547,-1.046769,-0.452615,0.262832,0.459560,-0.103875,1
-1.397281,-0.302885,-0.780872,-0.664106,-0.895872,-0.117170,1.494007,-0.741759,0.695031,-0.813562,0.717563,-1.350791,-0.846219,0.298462,0.913202,-0.176526,0.607867,-0.216143,-0.303481,-1.523554,-0.840639,1.326120,-1.040145,0.434738,1.242026,-0.096503,-0.593456,-0.088741,-0.244605,0.000576,0.185673,-0.040717,1
0.658082,-0.423967,0.584151,0.521839,0.093358,0.881042,-1.280633,-0.183897,0.101288,-1.933470,0.753758,-0.493815,0.455448,-0.434454,1.040742,0.259655,-0.351326,-0.380374,-0.086698,0.275196,-0.307329,-0.630333,0.297709,0.593425,0.136378,0.384424,0.622816,-1.090805,0.022045,-0.224649,0.902571,0.962830,1
-0.755493,0.249723,0.165957,-0.273084,-1.283879,1.272535,-0.672655,1.732106,-0.014060,0.302321,0.936399,0.962737,0.062283,1.238678,-1.170964,1.352160,-0.239376,-0.657334,-0.144078,-0.115397,1.664613,0.126294,0.065123,0.978147,0.295227,0.480273,0.471722,0.616030,1.611550,-0.267318,-0.614396,-0.017368,1
-2.305130,-0.101555,0.433918,1.865873,0.743040,-1.000801,-0.040800,-0.696423,0.075463,0.226171,-1.525146,0.216089,-0.410291,-0.476882,-0.040547,-0.661092,0.674156,-1.251618,-0.218122,0.486971,-1.143948,0.069363,-0.958436,-0.712525,0.483436,0.409929,-1.406270,0.882062,-0.855707,0.381858,-0.566844,0.549428,1
-0.330757,-1.446250,0.373952,0.064197,-0.548558,1.466861,-0.081942,-0.437413,0.110332,-0.007713,-0.689018,-0.826154,-0.637612,-0.961208,1.413481,0.501122,0.614755,0.417669,-0.443727,-0.551515,-0.173897,0.724666,-0.764183,-1.125806,-0.600763,1.192304,0.449459,-0.952269,1.499740,0.495061,0.788929,0.777768,1
-2.068997,-1.261269,0.320621,-1.767134,0.132810,-0.020565,-0.072240,-0.775505,0.367945,-0.596977,-1.491991,0.632753,0.576097,-0.527596,2.434355,1.209276,0.914198,0.416235,-0.130268,0.037965,-0.824825,-1.175777,-0.928290,0.951641,0.098132,-0.160883,0.202842,1.161722,-0.651909,0.652975,0.262073,1.045851,1
-1.901232,0.707552,0.870100,0.318128,0.421959,-0.575646,0.131454,-0.113196,-0.333097,1.974596,-1.007746,-0.590856,-0.322733,-0.622618,-0.202240,-0.606131,-0.309598,-0.493916,-0.216184,-1.045854,-1.131072,-1.127618,0.384151,-0.578521,-1.637781,0.651768,0.273060,0.110582,-0.381224,1.405341,0.678247,-0.060194,1
0.700847,-0.558233,-0.035133,-0.062319,-0.959445,1.469035,0.120567,-1.429423,0.083538,1.022674,0.383423,-0.281696,-0.436300,0.212316,0.025941,-1.476272,-0.396331,0.772217,0.305105,1.058513,1.062487,1.030721,0.739524,-0.423223,1.025607,-1.294587,-0.775723,-0.151696,-0.698404,1.045857,-0.740852,0.265108,1
-1.045898,0.362386,-0.476385,0.782177,-0.024137,0.737551,0.147993,0.529475,-0.677198,0.000781,0.102573,0.641191,0.700384,-1.534523,-0.263140,-0.069125,0.412367,0.813006,-0.322604,0.372042,-1.020881,-0.108971,0.266676,-0.626063,-0.677477,-0.033952,0.535710,-0.186851,-0.193737,0.774007,1.717153,2.180020,1
-0.664811,-0.483566,-1.615703,-1.039096,-0.866488,0.726786,-1.587126,-0.989507,-1.713636,0.630469,0.183582,-0.661351,-0.074483,-0.648015,-0.617457,2.299361,-0.067010,-0.480339,0.534743,-1.827724,-1.862576,-0.254342,0.533891,-2.813742,-0.150278,0.664461,0.141416,0.664042,1.422697,-0.493273,-1.054029,0.654088,1
-1.725287,-1.832547,-0.299179,-1.408025,0.907197,-1.884855,-1.853038,0.676053,-0.280887,0.604060,0.443207,0.928715,0.961629,1.448580,0.662904,-0.821242,-0.192613,-0.433184,-0.107290,0.432832,-0.041404,-0.730494,1.534543,1.539705,0.548810,0.318029,-1.547803,0.518841,0.568446,-0.455724,-0.963137,-0.253883,1
-1.429989,-0.905477,-0.810144,-0.999633,-1.007813,0.065476,-0.199709,-0.755213,0.036836,-1.439942,0.925226,-0.335828,-1.162140,0.815234,0.489705,-0.902866,1.336283,0.577570,-0.508910,0.423068,0.672434,0.948054,-1.459375,0.626518,0.054719,-0.308007,-1.262343,0.035007,1.436155,0.452131,-0.657747,-0.388327,1
0.041706,0.148884,0.483395,0.168528,2.120423,-0.558751,-0.913825,0.929870,-0.846268,-0.623662,-1.302559,-0.106110,-0.636460,-0.404136,-0.627171,0.320698,-0.147377,0.754225,-0.341890,0.312043,-0.544132,1.822695,-1.299092,-0.115308,-0.535118,0.565892,-0.249217,-0.041730,0.738692,-0.064250,-0.046717,0.992095,1
-1.709627,-0.973812,-0.457430,-0.097149,-1.070576,-1.465866,-0.146658,-0.513197,-1.368396,0.682373,-1.085752,-1.239085,-0.069282,-1.147782,0.427132,1.331959,-0.457933,-0.268661,-1.291893,-0.620474,0.365876,-0.588403,0.045163,1.620085,0.209969,-1.615936,-1.432045,0.034138,0.919400,0.554187,0.966632,0.210605,1
-0.980998,0.033689,0.183678,-0.522521,-0.250386,-0.359510,-0.028521,-1.056050,-1.234393,-0.581354,0.637159,0.000373,-0.820889,-0.613688,-0.175015,-0.448806,-0.048094,-0.229450,1.606485,0.951172,-0.703350,0.382540,-0.958507,-0.016789,0.456191,-0.008282,0.109418,-1.171650,0.439374,-0.277235,0.763241,-0.543624,1
-0.300157,1.598602,0.084792,-0.218578,-0.014163,-0.353581,-0.020980,-0.017123,0.269187,-0.817847,-0.096506,-0.685875,0.115086,-0.198559,-0.857781,0.632242,-0.296654,-0.755119,0.896456,0.545142,-0.557629,0.104634,0.029748,-0.154074,-0.365810,1.142152,-0.089322,-0.797040,-0.260076,-0.279439,-0.491501,1.041612,1
-1.065894,0.700559,-0.195565,-1.306186,-0.595514,-0.997428,0.017770,-0.467835,-0.310364,-0.680882,-0.135065,-0.056175,-0.146811,0.042549,0.856807,0.386686,-0.191085,-0.006072,-0.819468,1.499278,0.263911,-0.369972,-0.871333,0.372340,0.675508,-0.722259,-0.280400,1.857276,0.103257,-0.079964,-0.649393,-1.842516,1
-1.682940,-0.496016,1.637964,0.100834,0.250238,-1.257921,-0.969841,0.691748,0.553932,1.180545,-0.312834,-0.182572,-0.527962,-0.986706,-0.871709,0.968114,0.954416,-0.170824,1.100737,0.220548,-1.085087,-0.274140,0.838368,0.341995,-0.399715,0.182833,-0.776946,0.918819,-0.547390,0.349532,-0.710076,0.263019,1
-1.051009,-0.193141,-1.460267,-1.112697,1.193727,0.163968,-0.134789,-0.981516,-0.508157,0.176430,0.973306,0.548774,-0.127233,0.156631,0.732774,-0.372504,-0.215435,1.232915,-0.601924,-0.565843,0.956747,0.468141,0.006746,0.754452,0.166517,0.600922,-1.129880,-0.409153,1.704242,-0.094128,-0.261947,1.066999,1
-0.312776,-0.995739,-0.438546,0.707722,1.775180,-0.932102,-0.819840,-1.928499,-1.415529,-0.589101,1.988796,0.381919,-0.609830,-0.043243,-0.968842,0.251448,-0.056453,-1.509252,-0.611013,1.301794,1.381479,1.239236,0.454168,0.663840,0.589916,-0.269083,0.156439,-0.168658,0.384094,-0.218229,0.007887,-0.639514,1
-1.230897,-0.584515,-0.141284,-0.196422,-0.255432,0.063313,-0.143673,-0.362109,0.000584,-0.731005,-1.349146,0.180965,-1.547634,-0.491999,-0.745612,-0.078460,-0.247485,-1.581315,-0.253740,-0.225864,-0.180644,0.377593,-0.282904,0.764799,-1.457902,0.549027,-1.685312,1.366848,0.961859,-0.861654,-0.522140,0.193193,1
0.306935,0.519296,-0.268764,0.326544,-0.207718,1.029221,-0.146841,0.076431,0.794235,1.792495,-0.585056,-0.212550,1.441121,0.748253,1.319795,0.397328,0.267200,1.140790,-1.360011,-1.541412,-1.227380,-0.243782,0.751459,0.216080,-0.096896,0.628914,-0.996358,-0.323243,0.229189,0.403790,0.008466,-0.169512,1
-0.387229,0.348661,-1.234848,-0.090089,0.756548,1.026000,-0.797289,0.571301,-0.168807,-1.778935,0.916964,0.144524,1.380562,-1.063808,0.214321,0.393541,-0.329379,0.396617,0.617547,-0.488872,0.395636,0.489608,0.767891,-0.737274,1.111835,0.266187,0.225879,-0.172508,-0.663680,-0.732656,0.604723,0.809611,1
0.081756,0.313998,0.374048,-0.485559,-1.359727,0.909679,-1.203135,-0.142940,0.606407,-0.899060,0.972220,1.472991,-0.535523,0.048881,0.437280,-0.546317,-0.708484,-0.523870,-0.070112,0.073126,-0.605440,0.022882,-1.068141,-0.385660,-1.434525,0.351304,-1.192002,0.296966,1.863879,0.547919,-0.503813,-0.631955,1
-1.142206,-1.377697,1.627257,0.696316,1.029871,0.019739,-0.850565,0.442312,-1.230874,1.002350,-1.125352,-0.512456,0.071862,0.652555,-0.350076,-0.366669,-1.184525,1.455549,0.984457,-1.291575,0.135241,-0.226838,1.993644,-0.179303,1.718713,-0.380045,0.859679,1.314257,1.275451,0.305571,0.214945,0.592011,1
0.009661,-0.735292,-1.682317,-0.948170,-0.644628,-1.622267,0.233787,-0.855825,-0.290466,1.088139,-0.915176,-0.572641,-0.638880,-0.185528,-0.669792,-0.811954,0.800724,-0.161333,0.878254,-0.923666,0.806517,0.395380,0.207019,-0.383174,1.179191,0.325342,0.779609,0.709575,0.044077,-0.997416,-0.321123,-1.091975,1
-2.559189,0.758604,-0.277249,0.010685,0.452307,-0.103060,-1.030028,0.108753,-1.339809,0.169793,1.536350,0.761943,0.127707,0.156809,0.332123,1.128716,-0.722616,-1.479040,-0.179620,0.521597,-0.893561,-1.357650,0.159787,-1.413029,0.127591,-0.048869,0.212242,-0.742741,-0.790703,-0.594080,0.697073,-0.573519,1
0.043344,-1.245157,-1.218883,-0.295544,-0.534391,0.291037,0.130782,-1.600755,-0.278301,-0.313224,0.492363,-0.498457,0.138253,-0.642047,-0.055288,0.268606,0.308402,0.666870,-0.489454,0.625772,0.237801,1.587677,0.630785,0.925030,-0.240731,1.573913,0.481231,1.313679,0.881747,-0.700113,-0.836681,0.091229,1
-1.155732,0.306055,0.006536,0.910982,-0.152082,0.681998,-0.121090,-0.023865,-0.491569,-0.516646,0.150602,-0.406916,-0.749051,0.154596,0.417446,1.730616,-0.432066,0.077549,-1.058227,1.491084,-1.903911,-0.932534,-1.546389,0.441196,-0.777431,0.516895,-0.264899,0.199712,0.563041,0.271329,0.697465,0.622001,1
-1.710581,1.296452,-0.552805,0.043412,-0.065228,0.517085,0.147213,0.413076,-0.423521,-1.549796,-0.168206,0.125324,0.439544,-0.334097,1.617833,-0.656100,0.617155,0.391729,1.375631,0.291120,0.493419,-0.084252,-0.610712,-0.575479,-0.221509,0.791635,1.304789,-0.776927,-0.194702,0.684211,-0.628539,0.074866,1
-1.138367,-0.616466,0.424941,0.584661,0.469521,-0.263979,0.896999,-0.796338,-0.418187,0.033927,0.589256,-1.173241,0.611506,-0.368118,-0.044159,0.407754,-0.062299,0.069562,-0.172998,0.495778,0.212187,0.255310,-0.171488,-0.507240,0.492854,-0.203285,1.869445,-1.429894,1.782861,0.566709,-0.543584,-0.063019,1
0.176476,-0.056833,-0.517962,-1.980726,1.173310,0.443439,0.567558,0.523467,-0.188444,0.295460,-0.039827,-0.889745,0.704031,-0.442193,-0.524920,-0.209175,0.565818,1.250912,-0.164998,-0.578183,-0.448568,0.397353,-0.613559,-1.139584,-0.938204,0.077509,-2.345007,-0.318864,-0.183332,-1.021793,-0.411151,-0.500729,1
-0.124882,0.584076,1.150985,-1.589372,-0.110420,-0.741076,0.756008,-0.125670,-1.435655,0.489074,-0.808276,-0.512703,0.062821,-0.614828,-0.887948,0.791761,1.677139,0.906934,1.026402,-0.206655,-1.445558,-0.970870,0.075223,0.653872,0.459421,-0.287170,0.326033,0.994507,0.156677,0.751682,1.250322,-0.291444,1
-2.248995,0.325112,0.865118,-0.371125,-0.052911,0.124166,-0.217381,0.568067,-0.153766,0.876816,0.477988,0.352935,0.979865,0.437425,-0.113738,-0.947298,0.074524,-0.075453,0.217481,-0.304521,-0.191341,-0.307293,-0.268973,-0.477755,0.353951,0.041519,0.666483,-0.925115,-1.207111,-0.116977,1.850883,-0.807078,1
-1.269700,-0.187348,0.398413,-0.823167,-1.308581,-0.510385,-0.700426,-0.122910,-0.784388,-0.705300,-0.666758,0.530463,-0.051389,-0.039866,-0.075857,0.386157,1.769469,0.060255,0.420349,0.421148,-0.230238,-0.036517,-0.603354,0.344751,-0.807616,0.070329,-0.641691,-2.546158,-1.132538,0.951366,0.118582,-1.201882,1
-0.871696,-0.576259,0.291911,0.038480,0.245924,0.427296,0.210582,0.536781,1.148567,-1.075059,0.489145,-0.294667,0.449106,0.931948,0.317672,0.534282,-0.030261,-0.791421,1.111342,0.617166,-0.188411,-1.448579,0.225236,1.291476,0.973904,-0.126511,0.197209,-1.310541,-0.492484,-0.044176,-1.144920,0.578846,1
-0.215553,1.343642,0.664024,1.343298,0.448431,2.650419,0.746835,0.462790,-0.262656,1.385867,-0.248052,-0.168422,-0.195959,0.726375,-1.158285,-0.595932,-1.435847,-1.060329,-1.115981,0.401212,-0.451271,0.754626,0.471874,0.686254,0.619055,0.149831,1.328029,1.221763,0.135183,-0.449096,-0.366203,0.256584,1
0.319764,0.043083,-1.290862,-0.082252,0.586663,-0.556995,-1.199573,0.056334,-1.286528,-0.709964,0.005785,-1.085580,-0.825529,0.192609,-0.008126,-1.107463,0.778323,-0.549765,0.142353,1.054148,-0.646703,0.460176,0.732347,0.232062,0.847983,-0.362779,-0.416908,0.050749,-0.132996,-0.403469,1.889992,0.713133,1
0.602383,-0.136764,0.527615,0.214130,0.193630,-0.264969,0.143506,-0.393972,-2.016719,0.100507,-0.646598,0.325863,-1.160363,-0.000619,0.334957,-0.811359,0.202852,-1.027466,-0.811938,-1.137737,-0.212638,0.916698,-0.954062,-0.491220,0.044136,0.344079,-0.525650,0.043943,-0.690136,-0.454979,-1.878934,0.239669,1
-1.539630,-0.018614,-0.052204,0.595854,-0.850900,0.394028,-0.821810,0.034256,-0.677740,-0.621519,-0.999396,-0.942296,-0.241240,-0.033660,0.945848,-0.394495,0.642406,-1.100224,-0.619399,-1.243353,0.578404,0.028491,1.913542,-0.439598,0.224382,1.706556,1.078910,-0.024124,0.427263,-0.052166,-0.668637,0.403173,1
-1.045066,-0.662562,1.467256,-0.513719,-0.315993,-0.020401,-0.693784,1.161581,1.365603,-0.284902,0.239478,-0.203452,-0.065076,0.935729,-0.086423,0.628359,-1.427834,-0.202993,-1.848054,-0.054092,-0.041190,1.510779,1.006371,0.164686,-0.532809,0.188147,0.540178,0.577716,-0.171147,-0.196628,0.416683,-0.839529,1
-0.264022,-0.163894,1.371065,0.171711,1.482348,-0.608088,0.850758,-0.266907,-1.560613,-0.270171,-0.483546,-0.225576,-0.294383,-0.236200,-0.801619,0.951665,-0.114217,1.518053,0.793345,-0.382565,1.148666,-0.666654,0.216086,0.357334,-0.110042,1.896430,-0.211642,1.199649,0.053545,0.204242,0.175051,-1.057987,1
-1.452572,-1.003402,-1.352634,1.853941,-0.821914,0.223024,-0.782493,-0.145071,-0.263873,0.988897,-0.396024,-0.392849,0.951278,-0.464015,-0.245027,-0.143505,0.973498,0.761190,-1.451452,0.161352,-1.258490,0.501868,0.628614,1.975368,0.702204,-0.772614,0.414100,-0.848539,-0.396392,-0.199671,0.012418,0.063784,1
-0.973965,-1.139220,0.053644,-1.702326,1.230940,0.097751,-0.981061,-0.763763,-0.336881,0.646671,2.620803,-0.104267,-0.565780,0.719747,-0.275761,0.104135,-0.734989,-0.431824,-0.168660,-0.524874,-0.654140,0.362685,0.147862,-0.486094,-0.671395,0.734846,-0.583501,1.059953,0.781985,0.380183,0.573812,0.437238,1
