-0.479952,0.810873,-0.014727,-1.548807,4.260363,-1.284863,-0.070650,0.671966,1.979469,1.778111,-0.136272,-0.169550,-0.419208,2.389880,4.284580,0.945914,1.062127,0.472873,0.103813,3.094708,0.022380,-1.372697,-2.532574,-0.967297,0.034636,1.463874,-1.575329,2.843073,-0.070070,0.915474,0.668811,-0.047722,0
-0.233582,-0.749722,1.973685,0.260921,3.916851,3.863246,1.516082,0.019534,1.392584,-0.449162,0.578076,-1.919042,-0.223708,4.855948,-1.531732,2.144727,1.961895,2.703270,0.767617,3.047218,3.827603,3.116580,2.920754,2.793315,-2.333129,2.647564,1.491706,1.658442,0.487874,0.984644,-0.192127,0.321672,0
3.553136,5.331866,0.147109,1.342286,3.570569,4.777252,-1.394977,-1.091323,1.947297,2.184896,-1.979688,-0.225907,1.753281,-1.168411,1.522794,1.234994,1.672733,-0.403358,1.072542,-2.085985,2.090912,0.721754,1.086281,-4.670453,-0.284964,1.401218,1.593554,0.258254,0.269614,0.912729,2.824944,-2.689781,0
2.937670,2.369378,-0.273458,0.750516,0.967902,0.367699,0.217790,-0.495413,2.398252,-0.058583,-0.888076,2.254463,6.977861,1.463818,2.210644,-1.672317,3.167835,0.943355,-0.602927,0.584262,-0.299896,3.662718,-0.051987,2.011788,2.983953,1.754473,4.011490,0.310410,3.568074,0.947015,-0.446168,3.875968,0
0.639288,0.841264,0.768360,0.597672,5.291446,-0.569278,2.207004,-2.395348,1.481967,-0.888242,-2.033120,1.421077,1.177754,1.343134,4.055509,0.981441,3.713826,2.415702,-2.140249,0.488212,1.846746,-3.834487,-2.236247,3.559179,0.083106,0.852864,-1.595867,1.137273,5.723784,2.269500,3.011131,1.806966,0
2.683472,1.870091,2.087783,4.489163,1.526251,-1.490948,-3.343975,-0.250390,-0.594420,0.923244,0.564143,1.291432,0.804019,4.644294,4.553108,2.009071,-1.639441,-0.638776,1.980640,2.195143,0.763989,-1.825697,5.913070,-0.807904,1.375065,0.691245,-1.496116,5.072023,-2.380490,-1.163697,1.835432,-0.321955,0
1.338908,2.145389,0.984049,3.323366,2.125644,-0.576568,-0.774549,1.700000,1.318629,4.656744,3.975552,-1.198849,-1.698697,0.070252,0.344106,-1.220576,-0.644742,2.543909,1.726749,1.611958,-0.475482,4.007310,0.096620,1.483037,2.667444,1.258702,3.014268,5.508183,-1.128798,0.740972,2.799683,-0.971643,0
1.300839,-0.435634,5.925660,-0.150149,0.718661,0.426263,2.116001,2.777911,2.928514,4.592916,1.442196,2.456159,-1.225948,0.156423,2.494894,-1.088062,0.031423,-0.577114,0.810016,-1.322370,2.254207,-0.509825,2.004301,0.764243,-0.678325,2.091670,-0.119381,0.052749,4.121052,1.562352,2.710269,2.027680,0
4.611134,3.649710,-3.466090,1.996386,4.669562,2.103332,1.868311,6.489918,2.966513,3.939184,4.617229,0.844280,3.133389,2.343332,-0.186606,1.670093,5.388554,2.892628,1.464416,-2.833068,1.686988,1.191018,-3.295617,4.663564,-2.026534,2.917189,0.453515,1.088152,0.305769,4.279693,2.645412,8.428608,0
1.320778,4.844206,0.474464,3.716529,3.086880,3.172110,2.003140,2.675620,2.162902,2.092333,0.987326,1.798949,-2.920011,-1.269144,3.209019,1.241966,2.850933,2.358891,0.332318,0.424316,2.421495,2.244628,3.311714,2.941984,0.862612,0.430681,0.412099,-3.584121,2.027557,-1.640453,0.085507,1.655607,0
1.505499,1.550863,-0.549166,-0.031542,4.932451,1.742251,-0.760424,4.748804,1.162773,0.155211,1.629860,1.045731,2.891762,1.236080,-1.234411,4.536582,-0.813514,7.894190,1.960988,2.948911,0.244423,0.416526,3.159166,1.826491,2.815163,3.568074,-0.298663,1.633090,1.269134,1.128065,4.553288,-0.735327,0
-1.092153,0.762809,-1.675614,1.788434,0.458553,-1.266458,-2.221975,0.050961,2.297629,1.144072,1.155324,3.373375,-1.276904,2.693198,-0.422722,-0.430462,-4.984676,1.795663,3.220948,1.433128,0.769044,-0.981243,3.540814,4.094765,1.542171,0.413159,2.247959,1.067667,1.433512,4.375934,2.968526,1.345896,0
-0.468905,2.670831,1.919149,-0.183026,0.264830,1.398921,0.657640,-1.893860,3.640978,2.496433,-0.388402,0.167244,4.269970,1.774004,-1.034760,2.585116,1.580491,0.313373,3.133432,1.836847,4.053920,-0.883487,3.397437,-2.388921,2.810073,2.149803,3.865527,0.493359,2.416498,-2.415910,3.033380,2.762644,0
1.502472,2.272282,-0.969239,0.835498,4.122433,0.174105,2.075397,-1.941813,2.967200,2.295377,-2.901544,-5.209406,3.419773,2.975778,2.084778,2.343309,0.803514,-2.241370,2.506166,-1.130100,1.650575,0.576465,1.436866,4.173192,-0.500963,-0.377913,1.240599,1.255804,1.192561,4.121298,-3.249047,1.033206,0
-0.510036,1.180623,0.280500,-0.604497,1.554379,-2.853354,-2.411497,-0.166091,0.687060,0.238167,-0.359910,0.757618,-0.031285,0.875942,0.956643,3.182613,1.593730,1.384882,1.308299,1.359762,0.445707,-0.656099,1.172069,5.004707,2.231462,1.323934,1.050208,0.650142,-1.432183,0.478992,2.299157,2.570145,0
-0.265306,1.542872,1.575895,2.111996,3.232359,-0.742928,-2.189351,0.185977,2.571267,-0.036908,2.149083,0.695755,2.844718,-2.150559,-1.732482,4.822433,-1.856865,-0.136111,2.637514,1.942361,1.844849,2.223335,-0.090163,0.273020,1.500817,-0.779563,0.153248,0.021141,4.206589,-0.425940,0.177151,0.929015,0
2.758907,2.429648,1.134706,1.357694,3.059703,-0.004880,2.823160,1.449815,-1.191551,2.010654,2.624808,0.072689,-1.622791,-1.185903,2.944733,0.384111,-0.116560,-2.832695,4.469697,0.467273,-0.497518,1.187128,1.810105,2.655862,2.415922,1.669140,-4.230152,-0.525972,-2.558622,1.350366,3.914316,2.868498,0
2.504011,0.106800,2.858314,-2.611990,1.440764,1.894582,0.804294,-1.156231,0.975830,1.484261,1.087201,1.786478,2.447444,1.638639,-0.088737,0.344251,1.441537,4.454829,0.488770,1.862661,0.152438,0.750113,1.120914,1.610382,0.904836,0.806519,2.699092,3.653751,-1.646306,3.377464,-2.910255,3.844574,0
0.667800,-0.508357,-4.778971,-1.710501,3.502088,-1.248576,3.688422,1.729743,4.366756,1.669510,3.552952,1.753457,0.735868,4.165158,-1.104082,0.818545,1.060650,1.138337,3.188068,-0.470541,3.784393,1.326580,1.820323,-3.404037,-0.526856,-1.875242,0.805223,2.306236,1.482850,2.277958,-2.148931,2.149106,0
2.978995,0.902291,-0.641817,0.286606,1.311642,0.974467,1.162283,1.821611,-2.126628,3.200508,0.822097,-0.937523,3.171071,-1.688730,1.776809,4.403679,-1.252502,3.637809,-0.895255,3.270798,1.954072,-1.455866,-4.981125,1.246388,-0.814527,-0.312419,0.951469,3.691931,-0.247367,-0.560475,-0.689052,4.445491,0
1.664340,0.480462,-2.227355,-0.135427,0.919152,2.236878,-3.200264,1.802249,2.177097,2.829315,4.225643,0.813092,-0.210568,-0.763314,-3.408731,4.961049,1.644479,4.759686,-1.616838,-1.123443,1.891617,1.098441,3.500115,0.244860,3.401910,3.371068,0.994493,-2.216237,1.782589,0.757712,0.396653,1.043672,0
-0.501723,2.208741,0.402484,1.538654,2.159910,1.156288,0.387819,2.331987,-2.620531,-3.534213,-1.627573,0.323321,1.264894,-1.903963,1.769811,3.669973,-2.574625,-1.250424,1.306459,1.361331,4.541950,1.053872,4.262239,2.123193,0.886180,2.752227,3.751318,4.745742,2.425894,2.446928,1.809425,2.613017,0
-2.893382,2.384284,-2.372401,0.774148,1.408682,-2.184629,-1.225571,4.595576,-3.003941,2.466010,2.002116,-0.802960,-0.986033,1.264715,1.752509,-0.854051,1.878531,-4.516685,2.649428,-1.109482,2.410398,-1.931970,-3.363026,1.153355,2.193075,-1.085716,5.781041,2.001216,-0.350034,0.535924,1.748875,0.751856,0
2.518987,1.046295,0.736983,3.753815,7.510435,-0.130392,-1.626706,-1.268803,1.282423,-1.532295,-0.770143,2.133038,-0.718899,1.114535,1.168356,-1.956878,4.497644,3.517890,0.902914,0.492748,4.485176,2.699210,-0.336637,1.000443,-0.617098,2.769977,0.572921,2.131926,1.173964,4.803614,1.415194,0.777590,0
2.788567,3.849089,4.185547,4.046439,1.425328,0.411078,-1.270896,4.646618,3.232236,3.258332,-1.133285,3.467056,4.375719,-0.634833,0.336869,2.894711,1.285862,-3.437482,1.147758,0.638557,3.415276,-1.292459,3.584644,2.710748,-0.008995,0.689043,3.612787,0.414786,1.842760,5.493448,2.490172,1.682579,0
1.663920,4.062708,-0.752676,2.965755,0.166709,0.744945,2.667846,0.340210,2.484803,1.188812,0.029633,5.651485,2.962158,2.195573,1.061636,-0.669907,-1.087173,-2.705956,1.588850,2.629493,-0.805213,1.414510,-0.785154,-0.582623,1.668059,3.291297,-1.938271,2.726247,-0.189904,2.879143,-0.332673,-1.716152,0
1.725886,5.667400,2.129475,0.627506,3.379008,1.577229,1.779984,2.678856,4.149219,1.653290,-1.728384,2.178477,1.954472,-1.649972,0.659832,-3.997730,-0.114896,0.240355,-1.644191,-2.397483,0.253668,1.340721,1.721869,1.009394,-0.502536,-2.073486,-0.613978,-0.701931,2.720111,3.273805,1.438447,-0.838274,0
-0.242774,-2.247384,-0.834812,4.331077,-0.947429,-0.280806,0.930655,3.225031,0.639128,-0.355042,1.509059,-1.062245,0.770025,3.143138,6.094165,-0.710774,-1.751465,3.106762,-1.909512,3.421294,2.551074,3.469782,0.650711,0.258348,-3.483236,1.894917,-0.871585,0.539282,3.101360,3.010887,-1.034557,2.460563,0
2.916792,1.401539,1.576405,-0.222282,-0.112205,0.444119,0.368650,5.099745,0.158426,-1.374823,-1.353123,3.032970,1.094160,2.411027,-0.287575,0.163610,4.243454,2.058812,-0.613316,-2.884450,0.929966,-2.240376,0.967134,-0.915812,5.639278,2.274467,-0.656083,1.363317,-0.431040,1.899487,0.007132,-1.565878,0
2.440055,0.468189,-0.779926,1.103976,1.094399,1.492983,4.825052,0.798373,3.321984,1.219688,3.509736,2.880918,1.405182,0.860160,-1.262401,8.631950,5.412016,0.228618,-1.807217,-0.245628,-0.043471,1.802666,0.334194,3.232264,-2.468935,4.012914,2.176408,3.657126,-1.222239,2.692901,1.049208,1.649298,0
3.300236,3.730332,1.960720,2.731638,1.337744,-1.136136,0.119028,2.573361,-1.877427,3.055828,1.386409,5.894501,2.583963,0.625311,3.837027,1.119257,2.638987,0.062789,-0.866328,3.675515,0.093338,2.926957,2.557039,3.607728,-3.141943,0.851846,1.301520,-1.852820,-2.731787,-0.075747,-0.334533,0.994823,0
-0.397464,2.691084,-0.269870,3.948274,-0.855592,2.840541,-3.576982,0.657544,-0.083620,2.918991,0.104089,1.938132,0.982943,5.139168,3.818148,-0.750896,0.308836,0.711129,2.275190,4.837956,3.285286,-0.029299,0.294622,5.512723,0.941175,1.858988,2.508953,1.013273,-2.435658,0.714375,-2.198736,-0.686175,0
0.440798,0.840173,2.494425,-0.548180,3.847330,2.752501,2.500001,2.642124,3.563222,-1.724634,0.448800,1.067345,1.176923,-1.163107,2.485780,-0.471870,0.544331,-1.708612,1.743332,1.806180,0.165499,2.800756,2.405056,-1.457398,-2.315899,-1.023909,-2.560043,5.824133,4.303454,1.320749,3.119453,0.530412,0
1.952766,1.156579,-1.066776,1.874934,-3.484889,0.982041,-1.898847,-0.621380,-1.659687,0.811590,2.929249,3.176250,2.727772,-0.370627,2.285012,3.350014,-0.230944,0.839321,0.197806,1.334566,-1.380215,-3.044313,-1.393044,2.626565,-0.763923,-1.143188,-0.108194,0.446029,0.011671,1.848125,0.678843,-0.118341,0
5.232195,-2.348919,-0.202776,4.353960,0.025223,-0.441049,2.033919,3.122439,2.543902,-1.013821,0.071015,-2.080961,-0.590617,2.069346,4.805977,1.706268,3.913160,0.357101,0.827312,1.403173,4.065261,1.497320,2.806547,3.471935,-2.600500,1.059229,0.576508,4.379985,-1.113423,1.389994,-0.546281,1.917046,0
5.799140,-0.697944,3.979623,3.830437,2.994143,3.342773,0.499755,-0.944622,-2.214217,2.397018,-3.026480,2.228382,3.719205,0.571253,-1.198761,4.467132,2.275631,3.556050,2.177804,1.516907,1.927076,-0.824987,0.278142,-0.628363,2.552163,0.895248,-2.138420,3.786371,-0.172057,5.687675,1.125623,-0.631827,0
1.265866,3.061420,-0.105536,-1.123716,0.361751,-0.496985,-0.092648,0.124363,0.670512,0.557167,-1.480721,2.364676,0.597387,-2.723502,0.540240,0.280825,2.980091,2.910098,-2.214462,-0.068397,-0.352201,-3.848754,-0.515054,-2.902041,2.422782,-3.342914,2.461040,1.144794,-0.550616,0.672420,2.636300,0.937119,0
0.709047,1.248259,0.784344,3.295179,3.509915,-1.574572,-1.477239,-1.168023,4.407962,2.742804,2.284975,0.431279,4.593887,5.373634,3.819511,2.820904,1.080176,2.684621,0.805789,1.153583,3.206073,3.948847,0.206320,-1.111095,1.175337,2.074470,3.564452,0.008014,-2.658629,1.338124,2.297282,2.171104,0
2.332388,-0.596826,2.152099,2.759756,3.222521,2.667486,2.883623,2.657976,1.243779,-1.840657,1.536286,0.989534,2.447797,-1.093908,2.430978,-1.308905,4.129514,1.740182,2.145141,0.078286,0.613716,-0.642586,4.974385,-1.648028,0.753730,2.472627,1.718493,-0.317503,4.526063,0.705348,0.021742,0.534570,0
-2.563399,2.373341,2.444095,0.029129,2.033122,1.637730,-1.479445,0.394128,1.880137,-1.584804,0.585423,-0.748763,-3.098073,2.490170,0.687272,4.895028,-3.011939,2.421481,1.729870,-1.287065,2.822274,2.425478,-1.423523,2.550214,-1.024789,-1.356790,2.087574,-0.741889,0.593226,1.736432,2.847269,-1.723288,0
3.411493,0.237573,-3.301628,1.685872,3.851796,-0.095852,0.494231,-0.186864,2.079692,2.008232,0.306406,-2.229002,1.955807,0.484158,0.599176,-0.874975,-3.910291,-2.219993,2.814448,1.195139,-4.067029,0.753462,0.314892,3.065962,0.704035,0.279278,-3.332013,0.084260,0.425740,0.978333,2.997909,2.938754,0
4.258195,1.188363,2.881252,3.720793,-0.385785,2.920488,3.380731,0.117929,-1.812741,1.271666,0.553377,3.947090,-0.289804,-0.835839,-0.297594,1.246482,1.011272,2.254292,1.828691,2.270363,5.351463,1.391105,3.537812,0.417544,2.247084,-0.429644,0.903059,1.108869,2.395310,2.437565,2.107734,0.425530,0
1.591583,2.357059,-3.726800,-0.710591,2.810804,-0.022408,0.821987,3.312217,0.496537,-0.760595,1.387237,-0.527939,-1.252929,2.305638,-0.349258,3.250464,-1.526119,3.693588,1.397154,3.194712,2.223891,3.569573,-0.817546,0.127953,3.987597,5.002098,1.474533,1.843004,0.125075,-1.044114,-1.242955,-2.481891,0
2.671959,-0.554187,-1.779219,-2.524419,2.409462,4.252320,-1.524508,0.513906,2.294549,4.998290,1.830741,2.049376,-1.390571,0.803885,0.215591,-5.524537,1.468635,-0.273815,-0.685206,2.324403,1.342906,1.360498,4.887905,-0.913280,-1.049628,-0.065022,0.124337,0.233776,-4.028845,0.317861,-0.008385,4.173161,0
1.292287,1.175076,2.162991,2.455010,-0.335488,0.139527,-2.634295,0.250598,-0.015929,0.036389,1.399380,-2.279305,1.367831,0.745898,-1.470145,1.682915,1.494362,2.260555,2.404003,0.326054,-0.465847,4.148924,2.299157,-2.509042,1.166921,5.031981,1.056380,-1.716522,-2.684488,2.193523,4.561584,3.207347,0
0.918929,-0.963513,2.402397,-0.289238,0.505742,0.611712,-3.695272,2.279555,2.376930,-0.278014,0.804568,1.372754,-0.345769,-2.841860,-3.193168,-0.294141,0.181781,-0.549390,0.998653,1.757795,-0.038762,1.104222,2.450451,-0.332049,1.927738,1.956227,-0.472972,0.132976,0.477077,1.287041,3.457128,-2.169623,0
0.366044,4.143421,-1.129550,1.522227,1.402434,-2.659307,1.671423,-0.958838,0.367542,1.079101,-0.037873,-1.036625,0.548244,0.542255,-1.100624,-1.125070,3.665959,1.041789,0.974219,1.714701,2.647801,-0.477757,-5.449849,0.279035,1.642004,-1.739011,-0.355184,-0.521860,1.332156,8.537344,0.455809,0.860759,0
3.502876,-0.535519,-0.379624,-0.217128,1.349185,3.869185,3.462359,-0.675906,1.407445,3.181296,2.422190,-3.288080,-1.934732,-0.115777,-2.076474,6.117832,0.762870,3.540120,0.443409,0.929912,2.397183,-0.610498,-0.141418,1.122994,1.038952,0.756788,1.685746,-3.579280,-0.349654,2.500633,1.127084,1.696528,0
1.267535,0.000359,1.974721,0.168307,3.187069,4.962708,2.968825,1.156411,3.977231,0.370885,1.873862,-0.165589,-2.349976,0.595322,-2.733409,1.348945,-0.384578,1.248120,0.003567,2.210586,2.945972,-1.056509,-2.126935,0.881376,-0.435225,2.956599,2.121667,-1.032414,3.166891,-0.016850,1.591868,0.624174,0
-0.388563,-0.955215,-0.440849,1.354172,-0.646833,0.056655,0.548380,0.709752,2.408842,1.135549,5.135003,3.716436,-1.545487,3.004613,2.000787,2.822596,1.451488,2.331747,1.528672,3.631785,1.858730,0.274230,2.043737,0.020749,0.166412,0.343995,5.909639,0.598889,2.089647,1.059951,-0.770786,2.325934,0
-0.142980,-0.135809,1.311417,-0.298025,1.970891,0.652084,-0.914134,0.396767,1.758120,2.110347,2.404582,1.490813,2.268863,4.243915,2.129181,0.330580,0.440764,-0.373303,-0.638558,-0.527927,1.249968,3.632211,2.190394,-0.518326,0.166929,3.672913,1.946262,-1.371895,1.033486,1.697705,0.783040,-1.922528,0
1.652204,3.457704,2.805367,3.191613,-1.531217,-0.540217,0.989100,2.553942,3.461071,1.281103,-3.347252,1.159284,1.166295,-2.622413,-1.695794,1.096701,2.395855,2.705144,1.241846,0.584226,2.290733,-0.186044,1.195430,-1.662919,1.416515,0.366485,-2.403461,2.044229,1.527899,4.176460,0.454732,2.513215,0
5.419766,-3.781240,1.532318,-0.941788,-0.616129,3.741057,2.391100,-0.059301,0.908034,2.673921,1.379065,-1.281278,4.348251,0.157032,0.383116,1.485322,-0.892718,1.295305,-2.110521,-1.207481,0.100536,0.547814,3.232018,2.596777,-1.649518,1.836875,-0.950871,2.248141,1.323920,1.523240,-0.753840,0.852921,0
5.492832,2.018989,0.956749,-0.328864,0.339355,4.109299,-2.598861,3.561999,4.453124,1.588527,1.787856,0.307833,0.520029,5.846075,3.279746,2.262676,1.938952,0.392743,1.577933,-2.252742,1.294158,3.653083,2.985687,6.129328,1.445455,1.573636,1.829907,1.795906,-1.564378,2.804149,0.557812,0.435266,0
1.941708,-2.348660,-1.542514,4.411739,2.045960,1.033188,3.659082,1.073934,2.558025,0.287309,0.879954,2.768503,-2.694002,0.067225,0.696754,1.251121,1.294985,-3.301651,-1.677254,4.121482,0.204651,0.581825,1.232006,3.552068,-0.409292,1.298406,2.712861,1.206373,4.242734,3.382460,0.455544,-1.140836,0
1.529818,-1.663101,-1.744125,1.238000,4.833574,1.864759,2.463730,2.470525,1.315839,1.129350,-0.745251,3.220176,-0.612752,-0.675342,3.088733,0.806225,1.143341,1.839632,-0.919771,4.665264,2.467849,4.340489,0.750780,1.080155,2.546374,2.157467,3.802524,1.938170,2.931337,-2.724892,1.184860,0.157414,0
6.008814,-0.472685,0.203243,5.535979,3.342779,7.164522,0.377658,-2.120862,-0.056591,-1.165645,2.011216,2.077307,2.134017,0.186718,0.225968,2.339960,1.985754,3.208420,1.802283,0.378532,2.630286,0.820807,6.330511,1.691959,-2.917629,-0.197592,-0.213534,1.301988,4.143439,1.079165,1.045742,1.038383,0
3.955846,1.780412,2.848891,3.183043,1.000076,0.029382,0.373685,2.142728,3.221813,4.286774,0.354674,1.909866,-2.127491,1.959727,-0.333552,1.540458,-2.407248,-0.457799,-2.675659,2.877843,-2.894827,-0.329522,1.076343,-0.167146,-0.422918,2.353728,1.367039,-0.414504,1.087360,4.157771,0.741632,0.580446,0
-0.182557,1.065916,2.908191,1.171472,-1.015671,-3.068747,1.063764,-0.367911,3.821160,-0.718587,1.982491,2.459298,2.131902,2.736559,0.080207,-1.342880,2.063313,-0.209317,-0.052230,6.530632,1.870124,2.917935,1.197404,5.292622,5.757431,0.164355,-2.014735,4.231031,1.950994,2.539904,2.702425,1.964357,0
0.809270,2.577663,-1.598922,-0.903523,4.946128,3.969584,1.236403,2.439304,2.041707,0.122030,0.225379,0.754384,-1.502424,1.038457,0.906376,1.404949,2.480618,-0.050271,-0.793200,3.230445,-0.680725,4.139611,-1.559228,-1.894038,6.374923,3.046149,2.616390,1.508801,-0.808806,4.257360,-0.240134,0.059987,0
2.017895,-0.412155,1.059765,0.791115,-0.760926,3.397067,-5.985294,0.456041,0.502817,-1.543755,3.830791,-1.849945,-0.178908,1.602462,-2.542604,0.037285,1.252729,0.807271,-2.638153,3.397314,-0.355789,1.355092,-0.915069,2.386837,-2.663672,0.559981,4.611446,0.071897,-3.629834,-0.647275,0.618770,2.958465,0
-2.365454,-0.137540,2.098350,2.783554,-2.248329,0.413232,3.849058,-1.082032,1.024509,-2.767251,3.929469,2.269415,-2.086692,1.182281,-0.736207,2.487463,0.345282,1.816866,0.951640,3.606309,1.511056,2.087548,1.613999,-0.426206,0.944097,1.344938,-1.711574,1.670588,-0.366272,-2.404320,-0.146578,4.971457,0
3.937236,0.834140,2.533604,2.147425,0.104711,-2.646208,1.235659,1.591985,3.400359,0.664175,1.525782,0.037396,-0.039113,3.644563,2.403571,5.074141,-2.028123,1.143430,-2.160622,-0.382564,2.952486,0.646597,0.106627,0.143346,0.592734,0.376591,0.788873,3.119603,1.963743,-0.633484,-0.099326,-0.521717,0
-0.475591,0.633339,3.846791,-0.644954,1.249994,6.360963,2.882545,2.952504,-0.417841,1.511015,-2.433678,1.141399,3.351934,1.656764,2.534412,1.919066,-0.796576,0.667905,1.545385,-1.113391,-0.847357,-0.102804,1.985808,1.723588,1.682858,0.220678,2.748277,-2.934835,-0.814128,0.506804,0.961888,-1.207908,0
2.249116,-4.402001,0.452838,3.742819,-0.191865,2.746548,0.627940,1.518066,-1.340767,3.864635,-0.378945,3.072901,2.083577,2.113040,0.037033,1.894213,-0.653100,2.045701,3.589592,-2.459748,2.234889,0.920138,1.332069,2.396339,1.944698,1.144583,3.744310,2.213534,1.408416,5.164680,-0.853364,1.594809,0
2.090910,0.357394,0.152059,0.965048,-0.578211,3.447625,2.836617,-0.171210,0.764973,0.544030,0.174944,-1.425759,0.217494,2.476885,2.765553,-0.203886,4.016303,0.922155,0.500535,-3.082139,0.649475,-0.178704,-0.686002,2.643968,3.268641,1.313113,-2.075866,-2.757843,1.698437,-2.278849,3.335578,1.378988,0
1.876603,2.815077,1.590844,-1.007633,0.851114,2.190602,1.407944,1.949870,0.723829,-2.074715,1.261680,5.715529,-0.417181,2.241829,0.698108,0.606470,1.665834,1.486659,5.511249,-2.100931,1.564349,2.485095,4.618440,-1.153210,0.726438,-0.173437,1.902166,-0.877088,1.610520,-0.655724,-2.998886,1.914295,0
1.886258,-2.237018,1.809051,1.857716,1.405204,-0.589835,0.592008,4.007067,1.650004,1.643881,0.199324,2.682379,-0.714657,2.100501,0.791533,3.388621,-0.882609,2.881744,-3.013875,0.025331,-0.141441,3.283849,-0.793347,4.061654,1.204004,-1.065011,0.346530,2.099269,2.512921,-2.062665,-0.818661,3.759126,0
0.723277,-0.889050,1.058550,3.174725,1.859372,1.498742,4.017809,5.132950,-0.357395,3.579138,2.060241,2.386806,1.858898,1.588985,3.254818,2.376362,1.076476,0.809572,-3.194257,0.944965,0.187213,-0.547787,0.395743,-0.745890,1.598908,5.008233,1.394382,3.656641,-1.003302,5.769535,1.777037,1.685944,0
1.346877,2.156350,0.517101,3.322439,2.867639,0.039001,0.194408,1.643702,0.143708,0.938258,1.643135,0.594196,-2.178607,-2.111674,0.833561,1.877988,5.941106,0.787485,-1.636289,0.622492,1.975559,3.258636,1.468084,1.702908,3.930816,1.743742,1.422934,-1.455922,3.458094,1.208474,0.965528,-2.080386,0
-0.599168,-0.198770,-0.143146,-1.240030,3.111650,-0.822796,0.436698,2.602440,0.454774,-0.099124,-0.336538,0.110454,4.549325,0.250084,3.152120,2.685741,0.755383,3.986825,1.291411,6.022892,-1.680446,4.552240,0.361402,0.962361,3.868196,-2.360375,-0.176161,1.351316,0.966331,1.575027,2.664001,0.238786,0
-1.042668,0.361047,2.041491,3.373269,0.118614,1.840150,1.500266,-1.399011,2.011292,1.801439,-0.260201,-1.847980,2.669579,0.830770,0.775782,1.396692,3.051011,-0.434428,0.588785,-1.227945,4.922400,2.334369,-0.607192,-0.683649,0.399101,-1.072179,-1.691476,1.689534,-1.151861,0.617432,-1.575451,0.398213,0
0.167157,0.629298,0.752525,-0.645591,2.852947,1.900184,-2.086053,1.257794,2.188579,1.285868,1.386177,0.902246,1.989810,1.201323,1.311349,-3.272370,1.980081,2.226426,2.086964,3.753366,1.741467,-2.627090,1.626702,2.402369,-0.488880,0.419128,2.840467,2.244218,1.193152,-2.210893,3.205002,-1.175665,0
1.173180,-4.239230,3.615870,1.846300,-2.663005,2.598042,1.501442,2.959299,2.132486,1.327950,-1.216455,-2.961625,3.495833,-1.528433,3.488936,-1.519856,3.535528,-0.166616,2.985858,1.068235,-1.593874,0.328935,1.443188,1.062963,-2.192809,2.219260,1.256550,-0.509167,0.298464,0.175681,4.175072,-1.067495,0
4.444281,-2.729161,2.572049,-1.480236,-0.322545,2.284731,-0.411198,3.057778,-2.717693,2.340102,3.845821,0.020573,0.167422,-0.617947,3.215494,2.498050,-1.710353,-1.028369,5.422387,1.927801,-0.113742,1.378781,1.140256,0.043753,0.823969,0.887234,-0.701350,1.484749,4.748859,-0.162682,-0.912914,2.968162,0
4.508526,1.418789,-1.363381,3.351404,-1.972989,1.241011,-1.150369,-1.215144,0.833091,-1.086810,2.297197,4.081078,0.965261,2.034265,0.187623,5.716353,1.489997,2.429963,-0.634829,-0.340801,1.764043,-2.972235,0.857123,1.736946,4.252239,3.812562,1.101617,0.238227,0.947391,2.090300,-0.941892,1.045763,0
3.054280,2.671682,1.453266,-2.086227,-2.733154,1.008884,-1.383196,0.651067,2.866363,0.018915,-3.140963,-0.959331,-0.286549,3.419122,-0.742268,2.494078,-2.723186,0.272944,2.611620,0.087159,0.669027,0.513972,2.402931,1.874759,-0.115386,-2.076957,3.179990,-2.346642,2.299287,1.327063,0.315560,-1.130438,0
-1.358569,0.427978,-2.120311,1.044649,2.429440,-0.406211,-1.036887,0.640480,-2.812148,3.860200,-2.245464,1.677571,0.037301,4.711313,1.285044,4.834818,0.379691,3.109358,1.301414,2.306501,1.074193,1.295377,2.628002,1.204116,4.012627,1.713908,4.629407,-0.364764,0.097653,0.072972,0.352654,5.684402,0
3.121942,-0.560984,0.942218,3.320428,0.429818,3.368800,-2.379058,3.411547,1.828125,2.918928,-3.416446,1.148432,3.869169,-1.300911,1.602926,3.719413,4.880517,1.406330,2.907839,2.620593,2.100321,-1.473007,-0.196812,2.131841,3.237226,4.147071,2.459120,0.603805,3.049433,3.335006,0.258197,-2.901640,0
1.157597,-2.150678,-3.378772,2.961813,0.547744,-1.211314,0.039341,-0.191889,1.741776,-0.508430,1.642527,1.150223,2.786406,0.909993,1.843816,-0.804420,-0.107470,1.426897,0.003291,3.116858,-1.695688,-2.834783,3.150089,3.729700,2.170360,4.076594,2.348413,-3.013000,5.468863,3.415595,-1.394266,1.594202,0
0.511605,1.615476,0.604869,1.067018,2.653679,0.632565,2.493046,2.019457,2.749969,-0.015717,-0.507503,1.406106,1.554630,3.230886,0.228106,1.913560,0.905737,2.954834,2.085071,-1.095842,5.726134,0.153650,3.501722,-0.826631,2.163153,0.450597,0.358548,0.134689,-0.795678,2.272132,2.425335,1.464914,0
0.829110,0.607704,2.041744,-1.003593,0.668177,6.017094,0.267686,0.892505,1.609549,2.789207,-0.496229,1.485771,4.344376,0.937053,-0.621961,2.297375,1.309777,0.931204,2.961697,1.301643,0.248987,1.580467,-0.796133,5.177544,-0.211171,2.280663,-1.116255,0.934652,-0.224875,-0.298289,0.949147,-0.256635,0
3.592338,1.612111,4.994444,-2.170774,2.637696,2.192844,0.448341,2.924088,4.014935,1.968527,6.742342,3.114604,-0.453982,-2.245660,2.946056,2.719224,2.061477,3.058317,0.432132,-0.810182,1.986879,3.610656,-2.322933,0.129828,-1.187118,3.187431,3.873658,-0.533372,1.254164,1.900284,3.727432,0.110314,0
2.050199,-0.326621,0.350501,0.389878,-1.553287,1.172051,0.793232,2.606999,-4.522702,0.494221,0.749679,2.822491,-2.220057,1.390909,3.725893,-0.700491,1.135469,0.682384,2.288467,0.854021,-1.498061,1.760944,-1.162710,-2.007342,4.191410,0.873755,-2.087295,-1.081041,1.745049,3.247703,1.149060,0.208784,0
-1.273597,2.632134,-0.830676,-0.018024,-0.479857,1.258677,-1.394236,-0.933573,-0.909298,3.670878,1.874444,-1.610083,0.187471,2.629471,4.190287,2.480934,0.949323,2.809738,1.463045,-0.187981,0.835695,-0.811497,1.496275,0.569315,3.983255,2.824283,4.908665,0.742757,0.837180,4.124186,2.201049,3.182670,0
-0.234019,5.588001,-0.668365,-0.344899,0.565615,-1.687945,2.380471,-0.306183,-1.852092,0.683249,4.443379,1.695397,-1.089387,0.665467,5.890094,2.179308,0.896915,0.679936,1.847886,-0.976776,-0.574844,-0.898728,0.157424,-0.553781,1.867543,2.549788,2.568822,-2.061149,0.041768,0.672307,1.333417,0.990763,0
1.091007,-0.471448,-0.801514,-2.788663,2.467747,0.629491,-1.195266,1.990367,2.858023,0.741551,4.578452,0.266095,2.320922,-2.063171,-2.407528,-1.127427,3.522854,0.087207,-1.104112,0.221723,3.057238,-1.788212,2.354837,2.888092,5.712536,-2.578205,2.680544,2.577843,-1.269079,-1.888659,6.215473,3.219081,0
3.538363,1.469089,1.513640,1.269099,0.769667,0.145746,-2.537034,1.288026,3.167975,-3.217034,3.734688,0.957490,3.489890,1.635777,-2.761720,0.883676,-1.597222,0.442012,4.622202,-0.840573,3.213402,-0.177306,3.252770,1.345275,0.488507,5.760294,-1.562814,5.664371,2.023042,4.015066,3.700379,0.225722,0
3.826352,2.173397,0.005533,-0.924560,1.070973,3.160630,-0.527856,0.427455,3.434160,1.485682,0.583923,1.752294,4.645255,2.462356,0.790367,3.776072,-0.168299,-1.232305,-0.452775,0.988168,1.967901,-2.454360,1.803292,0.049890,2.634274,-1.745251,-0.167971,-1.065254,1.255135,-0.494021,-0.234874,0.655199,0
3.312933,0.474052,-0.883767,-1.135489,-0.067648,-1.204440,2.493501,-0.157557,-0.649488,0.352449,-0.013032,1.485887,2.461791,0.029328,0.340223,0.012043,0.217817,0.588976,1.699611,2.105807,-1.384309,0.533154,-0.232162,-1.598450,1.268611,1.553480,1.308547,-2.189021,0.831173,0.140960,0.091156,2.316282,0
4.979242,0.667096,0.858439,-1.041045,-0.290197,-1.713792,2.315776,1.424000,1.369475,2.975866,3.151266,2.697936,0.882010,1.398589,-0.989406,2.117550,7.522139,0.051880,-0.208389,-1.021663,6.748272,-3.813046,3.930663,2.804099,0.122126,1.848618,0.004228,4.098347,3.831546,5.233233,1.170604,5.308219,0
-1.886681,1.079792,0.592649,2.833190,2.652349,1.890291,5.251348,-0.359852,-1.295950,0.757477,0.085711,-0.518729,-1.090205,1.105967,0.792612,2.629605,0.655897,2.027586,0.557246,0.257257,1.400743,3.670228,0.345121,-2.023235,0.018387,0.160213,1.532934,1.608478,1.791158,3.128318,-2.873682,3.393276,0
6.579889,1.457279,0.942212,2.428893,5.136864,-0.476802,0.731476,2.224185,3.259129,1.583524,1.955665,-0.531220,2.181426,1.515393,-0.536780,-2.626013,3.249375,0.578689,2.794514,1.241683,0.283845,-0.021533,0.627674,2.145520,2.461663,-0.704823,1.789692,3.638937,1.689875,-1.141637,1.158779,-1.356970,0
-1.355068,4.767054,0.473074,1.477474,1.686609,0.546593,0.425942,-1.290573,1.172925,2.474669,3.272782,3.174635,-0.365502,7.352106,1.833641,-1.255760,1.444283,-2.134553,0.791731,3.055119,-0.694237,4.387699,4.111833,-0.482141,0.110613,4.486073,1.707071,4.352278,-0.681695,0.013179,-0.849755,1.834795,0
1.998339,0.553761,2.940659,1.051270,-3.038865,1.160190,-0.225877,-2.921498,3.911878,-0.691343,0.827283,-1.101197,1.801647,1.142407,3.501958,-1.624328,1.263205,-0.444820,-1.791886,0.961175,-0.844902,1.272306,2.239604,0.762570,2.816075,0.915916,1.843210,-0.521468,1.879257,-1.717478,1.196939,-1.880654,0
0.289147,1.628233,7.214821,0.927814,-0.638465,1.003475,-2.016932,-1.373983,1.147420,1.061112,-1.233490,2.520494,2.463229,0.783093,0.360891,1.476092,0.364087,2.651236,2.704412,1.726085,0.263435,2.296880,3.157005,-3.844306,1.198112,2.008454,3.499763,2.911991,2.962225,1.813680,0.299294,-1.415378,0
2.336464,0.913572,0.422455,1.555614,1.451617,1.732952,-0.664740,2.728254,-1.010175,1.030736,2.911530,3.337733,4.905070,0.100166,1.029518,0.695969,0.369956,2.101157,0.069307,0.472659,-0.462530,-2.576165,4.344998,-0.900185,2.678727,8.662163,-1.561120,-0.565054,2.535430,-2.553594,1.143456,0.606614,0
-0.266138,5.871372,3.046786,4.473275,-1.965407,-0.745253,-1.718037,3.176065,-2.273976,-0.149047,-0.608282,2.297501,-1.358904,1.971087,-0.235137,0.351071,0.556203,1.327651,1.503687,-4.481017,-0.298275,5.780842,-0.788349,2.107190,4.919719,-2.251769,3.417456,-0.559361,3.651933,2.756051,-0.973629,-1.792385,0
1.753386,0.222869,2.444115,-2.317547,2.463891,1.144600,-1.178826,0.398088,-1.747554,1.496267,-2.059408,1.700732,4.208108,2.476307,3.087450,-0.466698,1.290290,2.915777,0.941573,3.034859,3.575573,3.145189,1.348810,0.630890,1.924895,0.073815,0.733251,3.605453,-1.582366,-2.364290,2.733278,-0.229026,0
-0.745358,5.828454,1.797400,3.770983,3.103003,4.523793,-0.217675,3.594235,0.115035,-1.527029,-1.607585,4.029706,5.973289,0.646646,1.200241,0.443817,1.818822,-3.242565,-0.576077,-1.645585,0.778563,3.390018,0.159250,0.167107,3.917325,3.358060,-2.212429,0.951549,2.152016,0.585312,0.258555,0.233667,0
-0.020734,1.457409,-0.412996,2.727192,4.709006,1.555100,2.980991,1.646156,-3.334789,0.151273,0.420867,2.375368,-3.991807,1.558923,2.523468,5.699818,1.705677,-3.274406,0.488562,-0.283609,-2.842833,0.352405,-1.925612,1.913489,3.794743,3.519023,0.875660,4.547062,0.627310,1.695304,-3.008149,-1.001011,0
2.159400,3.047234,-3.025573,2.255663,3.651304,0.592579,3.485464,-0.967634,0.440491,0.994481,-0.480649,-1.494910,0.462161,0.386943,5.098201,-0.275616,2.188243,2.761305,-3.295904,3.844802,-1.344539,4.408917,-0.644455,0.331519,1.307775,1.534767,1.240085,3.108005,-0.088444,2.203506,1.958131,4.549857,0
1.092039,-0.951905,-1.583493,0.824216,3.175673,-4.251338,-2.480010,-0.693597,1.904099,0.227859,1.380109,-0.329720,-0.003512,-0.274276,3.921227,-0.380376,0.622055,1.942530,2.657667,-1.178753,-1.566841,1.310768,1.546844,-0.515551,3.534301,-1.660232,-2.512351,2.242273,3.287426,2.572481,-0.305346,1.685623,0
-1.786241,1.339545,1.378935,-1.813715,-0.707886,-0.564639,2.611507,-2.020706,-1.142131,3.963995,0.495349,-1.589909,-1.170500,2.109821,-0.425869,-1.067764,-2.085827,1.237227,4.111380,1.901874,1.430113,1.707946,0.063045,1.814136,0.179112,-3.878264,-3.471983,2.260205,-0.975329,4.524089,0.499867,-0.846767,0
1.395648,3.489877,1.823236,1.140324,0.781528,0.427792,-0.397569,4.659865,2.660916,2.895148,2.674538,1.393663,0.700479,-1.196903,0.472328,2.682158,-2.246735,3.262330,1.148408,-1.022702,0.262123,2.093845,1.370308,3.759443,1.926609,2.017798,6.387596,0.721708,0.418900,2.528172,3.407039,2.560417,0
2.594407,2.207026,2.399746,0.822643,-0.802773,2.900116,-0.391751,3.115151,-0.559881,-2.413229,0.675792,-2.725552,3.699753,3.684019,2.615982,-0.036062,1.482436,-0.503155,-0.922976,-0.789706,0.244386,-2.676923,0.481809,0.466117,1.569860,1.675885,3.363109,3.014810,-3.627843,1.141034,2.753796,4.102947,0
-1.455447,3.516464,0.159281,2.990802,6.947645,2.754096,1.320102,2.782694,2.924794,1.133956,-1.691231,0.761301,4.320122,1.647596,-0.670313,1.786429,3.375583,1.777004,1.451422,3.170486,1.122125,1.345823,-0.307069,-0.635411,4.908456,-1.437396,1.536172,1.269209,2.643968,2.464790,3.029052,-2.376801,0
1.946539,0.018694,3.537382,3.924745,1.395634,3.145703,-2.067024,2.876163,-0.335984,-3.962524,1.382145,-1.029465,2.949747,2.954917,-2.243589,3.695276,-0.803669,-1.040761,0.862350,1.130330,-1.769349,4.786717,0.790657,-1.167319,-2.742426,2.258434,4.758088,0.711905,4.440767,-0.491454,-0.817463,1.729011,0
0.569886,0.819682,0.208385,0.915931,3.675682,2.685701,0.055554,5.912851,-0.594378,5.293815,-3.846452,2.470013,0.035907,3.586595,1.202337,-1.639015,-0.315221,3.260979,5.315278,1.935589,3.059735,1.778874,1.451714,1.247023,-0.377198,5.486917,-2.106644,0.901441,1.574106,2.931928,2.070061,2.144488,0
-0.511070,4.069739,0.212730,-1.316869,2.239211,-1.915241,3.611536,1.402049,2.153782,-1.748658,2.404157,4.158843,-2.950605,-5.806666,2.052282,1.930919,-1.291383,-1.178467,1.210283,3.454012,-2.283224,2.166819,1.096241,-0.054048,2.337042,0.314756,-1.693318,2.868294,2.624696,1.585064,-3.875606,-1.920683,0
-1.220833,-1.324442,-0.227605,-0.190352,-0.424251,2.619171,2.187462,-1.696530,2.801373,3.711273,0.416283,-1.707735,-6.076931,1.439720,1.627754,1.317800,3.556849,0.759831,0.214956,-1.279881,1.082218,2.718484,-1.617925,1.547886,1.210402,-0.420248,1.762301,-2.543437,-1.365444,1.882847,2.055515,1.690887,0
3.122000,1.391565,1.493205,0.219273,4.592136,1.323457,0.513424,0.916239,-0.504446,0.481878,-1.425804,0.899136,3.780849,2.318275,2.595344,2.918364,2.430422,-1.125184,2.593475,-1.236528,2.562099,4.827286,3.162511,2.777361,0.495128,0.881671,0.395020,2.694345,4.765786,3.412235,3.175626,0.743792,0
1.306234,1.420972,1.338418,-1.429852,-0.538292,2.941148,2.200011,-0.484853,0.740601,-1.212974,1.370444,0.172849,2.424872,1.890684,2.618996,-0.313643,-0.193849,-0.410004,-1.804907,-1.292352,2.158531,-0.495296,-0.052214,4.022135,5.677593,0.891801,-0.548247,0.785029,3.421025,4.091443,2.051663,5.987079,0
3.180052,0.180032,-0.500772,-2.812798,-1.115103,1.478783,-0.781191,1.921879,1.139891,2.230103,-2.267966,1.806068,1.143573,-1.132783,-0.732462,-0.185388,4.966022,0.930657,2.896213,0.763559,-0.052250,0.511547,-1.276689,-0.027584,1.744132,3.606097,1.018362,1.325624,4.620162,4.540578,-0.949787,0.390582,0
2.779055,2.525917,0.323154,1.527830,2.273927,1.833219,5.575574,-0.168895,2.284410,2.537834,-2.643258,0.026854,-0.882873,2.645543,4.134111,-0.400559,-1.247026,-1.184954,1.265497,1.335826,-0.857430,-1.334579,0.732285,2.997732,3.382552,-1.105435,1.361811,0.828040,0.043900,-1.812316,3.339678,-0.692770,0
2.938882,2.098894,1.275913,-2.923234,0.431253,1.934870,-3.469132,3.431037,-2.042599,-0.066862,-0.514729,0.053688,-0.278144,-1.533944,2.706856,-0.160834,4.790236,0.804937,2.469588,0.090474,0.603144,1.458017,4.271973,0.609196,2.216631,3.099343,1.384382,1.983066,0.594099,4.041950,-0.173958,3.517422,0
0.878832,1.860833,3.598326,3.493140,0.083575,3.189188,2.162788,2.013376,1.184485,-0.630413,0.025380,2.048936,4.844149,0.181355,-1.914697,-0.512984,2.122377,0.947197,0.640159,1.313286,1.512122,3.532550,2.328341,-0.040864,1.493575,1.502272,2.479807,-0.607395,-0.060670,2.670380,-1.055240,1.592298,0
-1.949550,0.394266,-0.201804,-0.226859,2.139132,0.179008,3.363964,2.300818,4.948057,-0.235615,1.499969,6.346092,2.906388,-0.693318,0.903745,2.172633,1.834602,2.921044,3.207625,2.353677,-0.380025,0.384427,1.201206,4.244409,1.712285,2.209192,-0.812712,2.584124,1.062492,2.074723,-0.075766,5.193527,0
-0.217710,-3.381295,1.084934,3.048138,0.036427,3.280572,3.079677,2.241425,-0.111828,0.275782,-2.471983,0.567960,1.914188,5.833001,3.058162,3.254457,1.179223,1.582887,2.657959,-1.055765,-4.243238,0.912919,1.041373,2.463518,4.882655,2.243703,1.987016,-0.919576,-0.197820,2.266603,0.509834,1.915696,0
4.912553,1.098385,-0.079331,4.164039,-0.571060,0.031248,-1.823701,-0.858404,-1.376323,2.141938,0.561680,-0.884097,-1.109054,-0.017467,2.166327,2.011140,-2.167169,0.031015,0.712888,0.006129,1.366621,0.040170,4.103893,4.175197,2.386676,0.404801,0.114879,0.123119,1.706231,2.176892,2.592063,1.865374,0
-1.299993,-3.373358,3.243133,3.231797,0.786517,0.808269,0.564118,-5.536055,-0.244308,3.077332,2.114377,2.039879,1.221757,3.549755,3.966499,1.260200,2.552961,-0.567739,2.258422,1.284607,0.043346,-0.095089,1.955455,2.420152,0.282105,1.099620,2.308504,-0.695457,0.617004,-1.414744,0.378626,-2.394774,0
3.165434,1.629602,2.976521,-0.655191,2.897213,1.800403,4.190675,0.418509,0.277630,-0.216959,1.699598,0.905331,-1.087811,0.537378,-0.719524,-1.573510,-0.112659,2.901972,0.157701,3.303226,1.860889,1.045216,-1.251987,-0.363579,-1.568173,3.455223,4.559999,5.427649,2.034347,0.758445,-0.494615,-0.221850,0
0.854342,-0.024875,6.274597,3.966762,1.358420,0.183721,4.595530,1.163268,-1.077979,2.641375,-0.083485,3.086765,-1.269957,3.307637,1.290096,0.200162,1.214185,-1.496344,0.153730,1.175629,0.143432,0.973266,-0.502729,1.680546,-1.343420,3.828336,1.182417,1.488346,2.709846,4.492214,-0.572736,4.025260,0
-0.881118,1.405947,2.555813,5.344520,-0.269261,-0.968290,0.598716,-0.181073,4.056411,0.551521,-0.126868,-0.466348,3.186324,-0.258859,-0.487048,3.789013,-0.606617,-0.605666,-1.467162,1.128650,3.824792,3.824606,-1.268078,4.621191,-0.246409,0.306300,2.849609,3.998919,1.086033,1.391382,1.242052,3.374942,0
1.289387,0.965802,1.606779,-1.323576,5.424748,1.320061,-3.553871,-2.783060,2.434241,1.406657,-1.363897,-1.693585,-0.555026,0.864670,7.287577,0.789273,1.595825,-0.768265,5.491215,2.857372,0.379298,-4.762212,4.359609,1.936786,1.702000,0.347991,-0.824776,1.650066,3.265077,3.847025,-1.924664,0.826883,0
-2.693277,1.829605,-1.106181,1.660823,-2.487761,0.474527,0.828604,-0.413678,2.387096,-1.846400,-0.464964,-2.772326,2.501018,-1.738927,-0.980115,-5.558854,-0.012615,1.490642,-1.718983,-1.034549,2.379997,-3.649468,-1.113385,2.031195,3.198703,-3.666367,-4.723619,-0.249688,-0.313069,-1.767571,0.090740,0.148330,1
-2.427977,-1.431650,0.759079,-0.032333,1.816490,-2.185217,-2.134564,-3.141253,-1.563786,0.766071,-3.168253,-4.077743,-1.746645,2.747395,-0.734313,1.384371,-1.439616,-0.772136,0.707585,-3.833340,1.996597,-3.457045,-5.098257,-3.049185,1.458034,-3.032763,1.326816,-0.508039,-2.185723,-1.568988,0.333649,-2.145160,1
-2.414889,0.263115,2.741772,-1.954620,-0.315090,-2.092191,-0.718418,-5.669419,-4.531757,-0.151965,0.561370,-2.700781,-4.839792,-3.227559,1.946816,1.390396,-1.212171,-1.945132,-0.257657,-1.059296,2.096601,-0.027717,-0.174624,-5.183385,-6.664644,-1.915036,0.711378,-2.439320,-2.712565,0.500644,-3.680369,0.202993,1
0.583019,-2.116335,-2.017160,4.119912,-2.326738,-0.602920,-1.605662,-2.477199,-0.383037,3.068145,-1.881748,-0.598390,1.027123,-2.734571,-3.096621,-1.994429,-2.139774,-0.995462,-4.218874,-2.476510,-0.153437,-2.852131,-0.859876,-4.820517,-0.796473,0.674745,-0.795952,0.209149,-0.568765,-0.586219,-1.564585,-3.819890,1
0.458834,-2.502473,-5.384587,-3.391413,-4.477980,2.866670,0.369946,0.988847,-0.617817,0.648027,-0.180570,-1.062797,-1.017564,3.014020,-3.089443,-1.503606,-4.973360,-2.718827,0.412881,-3.782922,-0.029175,-1.733005,-1.598748,1.051362,-0.223755,-1.850405,-4.870581,1.851035,-2.145555,-3.310485,6.241287,-3.073995,1
2.239041,-1.380136,-2.418696,1.616130,-1.838880,-3.729595,-1.130464,2.016070,-0.031637,0.826826,-3.387149,-1.924804,-3.408890,-2.302805,-1.788106,-0.394829,1.623354,-2.202655,1.626618,-2.410624,-2.023146,-0.546694,2.280805,0.993637,-1.769918,0.074203,-1.283665,-2.796337,0.797727,-3.046716,1.787651,-1.430009,1
0.414077,1.647658,-0.919787,-3.046883,-0.957631,1.365735,0.566529,1.846658,3.210429,2.232062,-5.556146,2.633293,-4.502132,-0.997366,-0.577907,-4.266102,1.310675,-1.982157,0.663465,-6.242934,-0.361197,1.056212,-3.511425,-2.195529,-0.471319,-1.715776,-2.828714,-2.070413,-0.375182,-4.971676,-4.268450,-3.544473,1
-0.903942,-0.057784,1.880491,-1.196568,-3.202355,-2.982985,-0.238817,-2.695785,-2.145805,-1.199481,1.424232,-2.857921,-0.266141,-1.796134,-2.066680,-2.817882,-1.534490,2.628171,3.205996,2.461520,0.954279,-3.665647,-1.153348,-1.870049,1.866118,0.328126,-1.401544,1.015006,-5.117603,2.080879,0.496439,-0.686546,1
-2.258112,-3.271321,-1.047957,-1.791800,-1.853682,0.685183,-3.565875,1.013007,-1.807962,0.897565,2.959174,-1.955471,-1.133507,-1.625070,0.594079,0.170125,-0.943034,1.520585,-3.557568,0.637053,-1.594250,-3.650373,-1.473110,-5.522838,-2.135830,4.448141,-2.516327,-2.170145,-3.971103,-1.772285,-4.867771,-1.674514,1
-3.220824,-1.401585,-0.776570,-1.653931,-0.063570,-4.162578,0.623333,0.464301,-3.282953,-3.680022,1.792423,-0.757213,-3.083817,-2.584017,-1.177403,-0.551191,-5.073419,-1.887624,1.885000,0.757025,-1.105717,0.037562,-2.712913,-5.470590,-0.201276,3.266185,1.648703,-1.218426,-0.544437,1.711814,2.708655,-3.517673,1
-2.344300,-0.138240,-1.767342,-0.685356,-0.161072,-2.255517,-1.937258,-4.681433,-4.496304,0.144539,1.094486,-2.582586,-1.381528,-2.618825,-0.046460,-3.868233,-2.003789,-0.657200,0.288718,2.945207,-2.151709,0.488194,1.055099,-1.970051,-0.517800,-0.298764,-1.739644,0.411532,-2.117289,-1.233967,0.617386,-0.286380,1
-1.893362,-1.758954,-2.344274,-1.869009,1.299726,-2.130404,-2.651360,0.025558,-3.543246,-2.528601,-3.997078,-5.960041,0.976609,-1.651111,-2.017108,-0.522301,-2.294168,0.500153,-2.527429,1.928729,2.348325,-0.104310,1.498410,0.284770,1.247147,1.856660,0.146876,0.644201,1.402882,1.389550,-0.118709,2.331724,1
-1.370541,-3.336435,-0.863811,-0.344392,0.706256,-4.262102,1.231265,-3.992951,0.183619,-0.138911,-1.926600,0.555768,-0.605579,-2.113894,2.543778,1.331482,-2.423059,-0.124228,-1.050049,2.707434,-1.028559,-3.282574,0.417210,-0.913670,-2.280124,0.798103,-3.615059,2.936150,-0.063630,-0.756966,0.531084,-0.856539,1
0.970510,-3.161116,-2.847451,-1.940937,-3.851053,-0.766475,2.969291,1.467340,-2.312699,1.256871,-3.433621,-3.118108,-3.899354,-0.474713,2.231721,0.944881,-2.076182,-1.309306,-0.685081,-2.036192,1.428790,-2.974089,1.580279,-1.080607,-6.600631,0.068886,-0.838481,-0.795035,-2.601534,-4.236920,2.731962,-1.562693,1
0.446458,-1.356869,-1.821974,-1.216940,-0.952137,-1.521525,-2.819916,1.248240,-1.470559,-0.842373,-3.835911,0.181632,3.769651,-1.480883,-0.421163,1.503603,-0.092690,-0.065455,-1.580851,-5.715919,-0.725744,3.146185,1.063465,-4.341238,-3.098821,3.030584,-4.981175,-1.200750,-2.099906,-3.819490,-2.070207,-1.989506,1
-1.339763,-1.715338,-1.643689,-1.926880,1.377229,2.321919,0.104983,-0.516072,-0.917549,0.662619,-1.889337,-1.278572,-1.718472,-3.137129,-2.267501,0.096175,-1.039463,1.362844,-3.241065,-2.466381,-3.562873,1.196802,-1.192177,1.044920,-4.601004,-4.143601,-0.402333,-2.171911,-2.623048,-2.261409,-0.696444,-1.000283,1
-1.850928,-1.139290,-3.214273,-0.358009,-0.493195,3.857247,0.485752,-1.214683,0.155872,-1.857911,0.518411,-1.482082,-1.811100,-1.200830,-2.956455,-1.693911,1.363632,-2.557049,1.977488,2.715688,-1.131839,-2.468423,-0.136302,1.835863,-3.269478,-5.031250,1.735657,3.942698,3.338069,-4.106908,2.056434,1.358860,1
2.806041,-2.427873,-0.758771,0.809092,0.566072,-1.080221,2.392602,-2.683326,-1.488394,-2.594873,-1.426095,-5.504569,-0.455621,2.252872,-5.079190,1.320012,0.047090,-0.488310,-2.175499,1.103675,-1.793369,0.623615,0.365668,-2.507337,-0.180949,-5.350620,-0.057336,-3.770361,-4.599410,-1.450421,-0.616807,0.136050,1
-2.730870,0.360642,-0.210773,-0.427346,1.149873,0.429605,0.920533,-5.144036,-4.051220,-0.911529,-4.387600,1.155375,1.786228,0.373525,-4.935443,3.882549,2.919658,-3.453077,-2.914927,3.139242,-3.073227,0.858360,-0.200942,-0.456466,-0.247406,1.328483,0.544167,-0.353769,0.394217,-3.023052,-2.023208,-0.097894,1
1.933134,0.830521,-4.232933,0.196694,-1.154010,-1.947395,-2.835076,0.413136,-1.231768,-0.120255,0.465359,2.789500,-4.307439,-2.127645,-1.748276,-1.345783,-3.025862,-1.170680,0.309451,-4.092123,-2.354628,-1.960026,-1.604451,-4.836170,-2.865331,2.525765,-2.364594,-2.877481,-2.752586,-3.488215,-3.900671,-2.364873,1
-2.524345,0.566645,-0.893655,-3.423202,-5.710844,-1.036524,-1.073940,0.667665,-1.095115,-0.189097,1.505621,1.734182,1.171596,-5.059106,1.350848,0.238031,0.008987,2.099451,0.967962,2.363489,2.701879,-1.364235,0.875561,-0.448676,1.346788,2.832514,-0.874824,1.345764,-0.811021,1.130913,-2.466136,-0.259072,1
1.685922,-2.815304,-1.646010,-0.678236,1.609531,-3.932747,0.523606,1.360764,0.782292,2.259498,-2.591542,0.690284,-2.704556,1.163009,0.736714,-0.785180,-6.828105,-1.773788,-0.306836,-1.846927,-2.146479,-5.297742,1.159633,-4.780541,-0.783410,4.792221,-0.844116,-2.235411,-2.257752,-2.044670,0.499901,-1.592070,1
-1.643687,0.699389,-0.029508,-0.949390,1.219289,-2.444924,-1.840757,-1.706509,3.205753,-3.759206,1.874701,-1.719722,-1.350312,0.490746,-2.053024,-5.609227,4.249764,-0.185948,-3.262815,-0.447742,-2.050878,-2.864796,0.529490,0.271779,2.051931,-1.173865,1.033003,0.912568,-0.779683,-0.546740,0.862613,-1.160158,1
-1.120480,-3.977428,-0.610142,-0.200207,0.552362,-1.511109,-0.689276,2.596072,-2.281799,1.313155,2.043941,-4.159895,0.640450,-3.164209,-3.690036,-1.869612,-3.358643,0.287717,-0.332487,-0.149978,0.812157,-1.180993,-4.576658,0.134588,-3.819957,-0.180388,-5.338520,-2.041065,-1.957971,2.300039,-2.937991,-3.595162,1
-3.068239,-7.360780,-3.558683,-1.191656,-2.421091,-3.251272,-2.134778,-3.984954,-0.592113,-1.688551,-4.209869,-0.337544,0.177000,-3.920938,1.661411,-1.059507,-1.037945,1.954246,-3.165672,-0.198623,-0.857076,0.732667,-1.925893,1.661404,-2.816442,0.858114,-2.795098,-1.498049,0.304953,-1.361988,0.259894,-1.502608,1
0.962085,0.633341,-1.597004,-4.254464,-0.970164,-1.994927,-1.947412,-0.470008,-2.425033,2.111296,-1.247870,-0.739367,-2.643866,-2.592149,-1.257930,4.906258,-0.894210,2.209919,-5.595206,-1.657286,-1.466055,0.053477,1.115332,-3.762247,0.062749,-1.229506,1.691620,-2.472231,0.735943,-3.096057,-3.922377,-0.779355,1
2.502737,-3.619703,-0.406625,1.500042,-4.502849,-0.566059,-1.861240,1.203936,-1.002270,-0.601804,-1.636240,3.531591,-0.339291,-1.198168,0.916914,-2.121349,0.037524,-3.683387,-4.571928,-3.595065,-0.876758,-4.694267,-2.294366,-2.136053,0.124440,-2.189450,-0.307533,-2.820031,1.617591,-4.963245,0.032686,2.333181,1
1.601397,-0.455699,-0.102045,0.978900,0.090868,-0.366839,1.969688,-1.599907,-3.306134,3.893427,-1.928520,-0.419898,0.148310,-0.066908,0.978853,-0.336685,3.279247,-0.065195,-4.822683,-1.377116,-2.754329,1.155904,-0.286005,-0.763981,-1.810517,-4.006231,1.596096,-1.536594,-1.598860,-0.897317,1.920437,-2.532962,1
2.695536,-0.927456,-1.248289,-3.332595,-0.799870,-4.370049,-0.639869,-1.698989,0.686857,0.680394,-0.540354,0.349996,0.640784,2.614651,-1.741846,1.200626,1.061333,-0.280440,0.207271,-4.026697,-1.351037,3.633354,-1.666656,-0.960384,-0.238553,1.113310,0.142195,-1.738725,-0.092416,1.932058,-3.026731,-2.191943,1
-0.047817,-1.993370,-0.521448,-0.575977,-2.912775,-1.263150,0.991756,-4.453225,-0.353410,-0.430796,1.535563,-2.992776,-1.360251,-2.792850,-3.366652,-2.384956,-1.487052,-2.485403,-1.758123,0.626115,1.163065,-2.385457,-1.492239,-3.336421,-0.015945,-2.217748,0.170444,-2.826485,-1.887531,-1.533675,-2.267533,-3.760972,1
-2.342662,-1.346249,1.938035,-4.362287,-0.522382,0.488662,0.082209,-1.601942,0.102842,-3.926630,-0.092692,-3.463554,-1.408699,-0.152069,1.704162,-2.791435,-1.642463,-0.199173,-3.668956,2.414749,1.869981,0.945311,-1.162665,-0.809796,1.239473,3.091036,-1.953137,-0.389552,-2.415356,-1.388936,0.014263,-2.477019,1
3.282778,-2.475784,-1.929758,-2.005324,-1.707554,-1.587831,-1.813384,-3.592585,1.637800,0.219530,0.960020,-1.742380,0.242289,1.689901,-1.432857,1.845281,-4.643838,-2.224091,-2.798341,0.089844,1.490446,-1.411908,-1.811406,1.205642,-1.499665,0.234396,0.757138,-2.822931,-0.434026,-1.532231,-2.186464,0.173150,1
-3.134889,3.517597,-0.448226,2.280763,-5.037127,0.450133,-2.203929,2.027590,-0.999092,-3.878195,1.604959,-0.747185,-2.138427,-1.388765,-4.283600,1.449512,0.092446,-2.602079,-1.874890,-3.495308,-3.035226,-1.998857,-2.251083,-1.435595,-1.482169,-0.900604,2.096765,0.467536,2.846056,-3.537404,-4.963885,1.132716,1
1.714916,-0.276790,3.425385,2.181576,1.262778,-3.428321,2.279013,1.619026,0.311088,-3.471265,-4.899228,-0.878908,0.338218,-1.376432,-0.933275,-1.404948,2.291339,-2.673097,0.298095,-3.696520,0.342573,-1.242960,0.220726,-2.113189,0.374103,-0.980535,0.674204,-2.568518,-2.089033,-3.446259,-0.643145,-3.963200,1
-3.019498,0.473164,-2.249533,0.045719,2.287498,-2.024474,-2.097589,-0.634444,-2.483076,1.208586,0.347061,-2.819323,0.943164,-4.342431,-1.981765,3.695335,-3.199814,-1.668387,-0.355826,0.279958,-4.138523,-1.402970,-5.525776,-2.971973,0.240152,-1.977959,-0.081850,-4.222227,-3.425915,0.927581,-0.730305,-2.506314,1
-1.730203,-0.671531,0.356163,-2.038739,-0.554035,0.934753,2.867452,-2.242156,1.680694,1.329645,0.085623,-0.407505,-4.257890,3.004049,0.970642,0.570793,-0.226945,-5.160077,-1.512441,-3.014394,-0.679029,0.439924,-3.168560,1.018834,-3.763854,-1.457163,-1.503932,-3.378712,-2.796706,2.681826,-1.638782,-3.096467,1
-2.504104,-2.273002,-0.702292,0.753268,-1.654640,-0.950516,3.078897,-1.274343,-1.698493,-0.985937,-2.421308,-3.220970,-3.147864,-3.969316,-3.331138,0.974032,-1.378813,-4.131463,-0.760252,-1.662610,-0.300525,1.004916,-2.666585,-0.462134,0.293691,0.800705,1.896166,-4.182546,-0.508722,-5.564999,-0.026848,-0.028203,1
-0.978104,-6.113787,2.880986,-1.727777,-1.125277,0.805284,0.335702,-3.849153,-4.374396,-3.763388,-4.229838,-0.984696,5.472874,-4.089282,-0.774054,-0.103001,1.050654,-4.694786,-2.034668,2.010590,-3.871171,-3.079298,-2.821101,-2.609630,-0.304049,1.348614,0.528990,-0.985748,-0.133965,-1.238086,-4.107666,-1.803590,1
-3.449158,2.597296,-0.898257,-4.980004,0.834293,-4.356376,1.106955,1.406162,-4.046525,1.378460,-1.454164,-2.447746,-2.608193,-0.595563,-3.049127,-0.491397,-0.373954,0.856133,-4.224748,-2.175344,-1.124432,-3.640723,-3.255864,-1.801591,-2.943094,0.195875,2.216537,0.831131,1.352195,-2.809700,-0.513793,-0.850195,1
-0.220749,1.108216,1.323617,-1.631141,2.022388,-5.779337,-2.816502,-4.414119,0.011603,-0.694722,0.237146,1.143658,-2.164777,0.861142,-1.431033,-2.692025,-4.056675,-2.381541,-0.229465,1.489098,-4.912015,0.890450,0.389347,-1.985788,0.233672,-1.025096,-1.394647,-3.075506,-3.581422,-3.458419,-0.093237,0.568779,1
-1.197285,-0.991948,-0.647354,0.963548,-3.456131,-3.045064,0.908539,-1.285985,-1.210916,-6.866117,-2.392479,3.540792,0.904345,-4.896143,0.304234,0.007289,3.225904,2.790606,-3.462242,1.354857,-1.273828,-3.166230,-2.651539,-1.435085,-0.459974,2.808441,1.153586,-0.756224,-1.701534,-1.040524,-0.220557,-4.125419,1
-0.819013,-0.987514,-0.570099,-0.607889,-2.580916,-2.345680,-0.362170,-1.046742,-3.561431,0.619093,-2.943796,2.623075,-3.865025,-1.504284,-2.509664,-3.910678,-3.691591,-1.330562,-0.655345,-3.375093,-1.517411,-0.223652,-1.496386,1.298589,0.882876,-2.290373,0.486192,1.822542,-3.767628,-2.916800,1.615420,-1.694875,1
0.089457,-3.257852,0.649267,0.913798,-3.159786,-1.617587,-4.053325,-1.841902,-2.473721,-1.166972,-0.083668,-0.651044,0.924720,2.766395,-0.421100,-2.300624,-1.978941,1.106400,0.749313,-1.242415,-2.586793,-4.044278,2.425352,-1.274644,-3.019342,-0.386127,-1.743069,-0.877170,-2.457400,-2.703311,1.309466,-5.386797,1
2.101495,-2.912127,-0.820252,1.372121,-0.220640,-0.673791,-0.685217,-3.321092,4.160502,-0.642240,-0.213934,0.001039,1.223067,-1.860384,1.524464,-1.641831,0.915918,-0.432617,-0.584442,2.078612,0.871472,2.231310,-2.572339,-0.379042,-2.045089,2.181828,-0.482007,-1.087513,-0.029405,0.999140,4.052382,-1.060570,1
2.709908,-0.950214,-1.177750,-5.213966,-0.805021,-3.807570,-2.838968,-0.591438,-0.763685,-0.979943,0.429579,-2.101197,-1.820169,-4.100472,3.840527,-3.307734,-3.839780,-0.421714,2.291040,2.290615,-5.882417,-0.162436,3.419854,-3.356225,4.047386,0.379851,2.286729,-2.025121,-1.643385,-3.487819,-1.164540,-1.373959,1
0.732173,-2.679267,-1.110197,-1.454926,0.725060,1.603120,-2.469389,-0.371866,0.067385,2.344498,-0.123225,-1.312724,3.257214,1.288378,-0.161246,-4.257381,-4.048122,-1.291203,-2.187974,-1.167521,-0.278382,3.504307,-3.432405,1.836950,-3.281286,-1.900208,-2.232814,-0.132926,-0.240567,-1.513080,1.779237,1.833594,1
0.410445,-0.297427,-2.426208,-1.276550,-0.016253,2.913579,-1.754594,0.217505,-2.130638,-0.384356,-2.361427,-2.272884,0.660821,2.078072,-1.962888,-2.121252,2.083478,0.206528,-0.672581,0.314980,-1.727355,1.913459,4.408044,2.897735,-3.063718,-1.704463,0.708261,-0.566243,-4.119575,-1.080718,-2.054799,-0.504285,1
-0.001911,-2.471050,-3.583849,-4.325592,-0.903887,-0.998160,1.076612,-2.778352,-4.889477,-0.941222,-3.016009,-0.420340,-3.575787,-2.013319,-1.886601,-1.781697,-0.250840,-0.823986,1.446822,0.211356,-1.172902,3.229939,-3.917108,2.211021,-0.014234,0.864654,-0.575400,-1.833124,-2.208513,3.826040,-3.627365,-0.427611,1
-2.826434,0.754412,-0.852558,-6.253183,-1.819107,-0.912659,-3.873528,-0.007126,1.044105,0.713264,-3.389109,-1.098481,-0.860337,0.586467,1.424883,-1.127602,0.769168,-1.784303,-5.194669,1.136206,-3.513351,-2.039016,0.990640,-3.868939,-1.279838,-0.983583,-1.478890,-0.193975,-1.190119,-5.138210,-2.256083,-2.973751,1
-0.476004,-4.408867,-1.768370,-2.118140,-2.136156,-0.071621,1.561110,-0.734018,-0.582713,-1.515161,-1.233306,-2.402329,-4.810016,0.489103,0.068837,3.425653,2.332940,0.809340,-1.233985,1.547302,-2.889894,-2.056450,-1.887243,-0.924192,-2.983215,-3.420355,0.505835,-0.221367,0.640087,-1.884821,-0.470224,1.805304,1
1.059218,-4.417838,3.890381,-3.475047,-5.192937,2.562762,-0.104515,-1.936272,-2.877124,-3.103726,-0.506359,-2.233853,-0.235894,-1.842751,0.999927,-3.456723,-0.433798,-2.459840,-0.017992,-3.478117,-0.600086,-2.801898,0.138677,-1.952991,-1.344794,-2.575699,0.565393,-0.007277,0.165403,-4.777686,-1.034569,-1.630297,1
-2.463425,-2.192605,-0.130330,1.345508,-0.473028,0.968571,-2.772443,-2.644416,-4.732077,2.100577,-0.086374,-3.950030,-4.062056,-0.033340,-2.026144,-2.364721,0.561746,-0.493794,0.753019,-0.996441,5.216829,0.826061,-1.312475,2.081693,-1.668548,-1.415693,-1.467380,-1.536148,0.711965,-3.784999,0.187110,-2.811488,1
-1.765262,3.361175,-4.485723,-3.033685,1.160538,-1.450674,-4.430758,4.138635,-0.614565,-3.802059,-4.404117,-3.751318,0.207273,-4.506104,1.988214,1.014433,-1.996474,-2.877590,-5.604645,-0.544137,-0.123116,-3.389235,-1.563458,-1.921726,-0.051303,-2.364711,-0.471153,0.046683,0.906047,-3.963397,-1.628615,-0.422015,1
1.108531,-2.544652,-0.331801,1.111845,-2.496199,-0.751991,-3.775014,-2.058917,-2.433813,-0.863430,-1.587063,0.501817,-0.283950,-4.513106,-0.218981,-1.458712,-3.701143,-0.938433,-4.294807,0.519124,-5.921636,-3.181031,1.057046,2.151232,-2.811433,-3.634339,2.094292,-2.087710,1.543944,-1.530347,-1.116079,-3.090596,1
-4.006391,-0.626276,-2.889949,-0.055904,2.740314,-1.073876,-2.048864,-3.869033,-1.556235,1.217845,-1.887184,-0.917474,2.558095,-2.443894,0.101085,2.233863,0.471571,-0.357637,-2.951610,1.550945,-1.942443,-0.179187,-0.383671,-1.010953,-2.958672,-1.047018,-1.120530,-1.767347,-0.836334,-0.795581,-0.761272,-2.732373,1
-2.844902,-2.035357,-2.628716,-2.552065,-2.303713,1.319834,1.167489,-2.266561,-2.231839,-4.037375,-2.540279,-0.884129,0.837900,-1.143365,-1.072988,-0.549644,-0.498662,-2.359400,1.865469,-2.687981,-2.772165,0.109466,-0.468089,-2.476862,1.654852,-1.922461,-2.147240,-1.205370,-4.713729,0.851590,-0.773794,3.257772,1
-1.977494,0.577676,0.055980,-2.008410,-1.569345,0.848756,0.416814,0.035101,0.403191,-1.495102,-2.319629,-2.064157,-3.771107,0.619449,-2.631695,1.609137,-1.732515,-0.137359,-1.416362,-1.391193,-5.056263,0.151971,-2.129286,0.145949,-4.720274,1.507177,-4.688701,-1.431879,1.906983,-1.192991,1.350878,0.147090,1
-0.979102,-4.773005,0.369255,1.348367,0.308500,-1.532826,2.327318,-0.300800,-2.107208,-2.019629,1.222857,-1.328758,-5.089257,-3.878058,-2.433287,-0.009646,0.810614,2.608235,-0.947805,-3.328199,-3.251618,-1.682197,-2.989763,0.400993,0.203963,-1.860632,-1.530874,-1.412043,-0.956345,0.854191,-5.125666,1.434537,1
-0.479837,0.949635,-0.678726,2.213266,-0.421329,-2.187434,1.238975,-1.910779,1.441369,-2.252498,1.172884,-2.426866,-3.184872,-1.834203,-1.463726,-2.231402,0.102249,3.329454,-3.247327,1.403204,-2.984792,0.560205,-3.398895,-1.322042,-3.912371,-2.146984,0.640034,-1.217445,-3.828817,-1.625340,-0.625718,-0.741105,1
-2.960690,-1.216933,-0.267430,0.990039,3.345429,0.831583,-2.790339,-2.820944,-1.515859,-2.332502,1.199729,-1.688457,-1.232276,-2.945134,1.078197,-0.405219,0.950877,0.532212,-2.485126,-0.383623,-2.252172,1.568605,2.229448,2.186822,0.422239,-0.634043,-2.461817,-2.468930,-2.301769,-7.374559,-0.590893,-0.469492,1
-0.715496,-2.604418,2.884556,1.451715,0.508694,5.253263,0.469065,1.777118,-4.338201,1.550089,-1.995686,1.368504,0.300265,2.317107,-1.931212,-0.583344,0.816163,0.351276,-0.714123,-2.885664,-3.768907,-0.301599,0.182635,-2.315388,-1.080130,-1.321788,-0.059216,2.229971,0.906917,-1.284131,-5.079228,-1.354323,1
-2.188686,2.863929,-1.761176,-0.196498,-2.375820,-0.244554,3.366531,-2.820317,-0.104114,0.592514,-0.123537,1.373652,0.434966,-0.284890,0.128605,-3.604575,1.604321,-1.614286,-0.276328,-0.655945,-3.196828,-3.813787,-2.507192,-1.682653,-0.804814,-2.760387,3.280119,-2.605957,-2.579252,1.781593,-1.628612,0.311329,1
-1.500119,2.787756,-2.097857,0.632827,-1.338638,-2.711292,2.432772,2.903158,-3.456841,-0.841427,-0.243914,-4.073516,1.642863,3.781677,-3.293861,-0.208622,-2.967448,-1.180685,0.586120,-1.342329,-1.998420,-0.684710,-0.755828,-1.701554,-3.593456,-3.124393,1.621904,-2.609545,0.771718,1.391095,-1.572702,-0.224639,1
-4.806184,-1.922764,-0.134825,-0.305804,-0.331179,-0.800123,3.937533,1.250511,2.426199,-1.057784,-1.113364,-6.041537,-0.605808,-2.550319,-1.954007,-0.464990,-1.905020,0.447902,-1.316870,1.081503,-2.579771,-3.678843,-0.423452,-3.463584,0.987460,-3.417348,1.434670,-0.455127,-1.650412,-6.754538,-0.149912,-3.632645,1
-1.194682,-0.226437,1.338381,-0.655034,-2.230569,-2.940400,1.296451,0.848019,-1.219765,-0.269498,-0.084703,-2.872344,0.338034,-2.892749,-3.050135,-3.461953,-5.492256,-2.220818,2.822484,0.998528,-1.822488,-2.269450,-1.605949,3.846984,-0.813026,0.331542,5.325842,-3.433047,-0.209747,2.579642,0.148325,0.820516,1
-1.345322,-2.567266,-2.923867,-5.407356,-1.788845,0.299183,1.389178,-1.598078,-2.084788,-1.923607,0.837228,-0.775498,-0.931314,-4.186790,-2.457873,0.597273,-2.732927,2.002542,-1.497481,0.514176,-2.067730,-2.899703,-0.208208,-1.959488,-0.019618,-1.935891,0.134391,-0.895676,-1.320231,-4.884020,0.941627,-1.016098,1
0.306619,-2.288745,0.146000,-1.815670,-2.518083,-0.041178,-3.608615,-1.471368,1.323973,-4.536781,-2.779335,1.217481,-0.128466,-0.096855,-3.491365,-3.516073,1.150652,0.421635,-0.200256,-1.202203,-2.733807,3.149890,0.066036,-4.850271,-4.354899,-1.059991,1.802807,0.011603,-2.560671,-3.131227,0.108130,-2.487719,1
-2.541412,-1.855100,-3.429843,0.208656,0.622241,2.317649,0.679530,-2.455643,-3.640874,-2.413063,-0.215351,-1.434817,-0.949035,-4.758427,-0.495704,-1.919945,-2.863506,0.346610,0.881204,-2.766074,-0.905171,0.351448,2.619997,-1.747876,0.611075,3.402842,-3.056601,-6.861094,-0.270612,-1.242976,-2.944426,0.182143,1
-4.940052,-0.772624,0.558437,-0.344050,-3.196325,1.907360,-0.148945,-1.742019,-1.880286,-1.981720,-3.698843,-2.476308,-1.960485,-0.099792,-2.874768,0.844483,0.553046,-1.245438,0.902108,0.295392,-2.643773,3.306342,-0.612683,2.517169,-2.096571,0.400630,0.693401,0.060724,-6.094625,-2.684922,-2.474819,-2.085556,1
-2.982785,-4.146671,-1.402939,-3.212784,0.696840,-4.040282,0.374413,0.692257,0.121108,1.931245,-2.134854,-2.397461,-1.819116,-3.360481,-2.789877,-2.939286,-1.224833,-2.061128,-2.108171,-1.684587,-2.594350,1.326756,2.575584,-1.079067,-1.103955,0.215676,1.130374,0.605252,-0.778345,1.430263,-4.119464,-0.080534,1
-5.951720,-0.786641,2.840301,1.825055,-2.384954,-1.719492,-4.292620,-3.142759,-4.210545,0.408738,-0.686284,1.291885,3.271409,-3.481703,-1.939677,-2.214111,-0.937247,-2.562007,3.544394,-3.626329,0.711074,-2.054777,-3.651844,-1.556524,2.010584,-4.014043,0.328865,-0.910127,0.784187,-3.220845,-0.920900,0.696063,1
-1.496505,2.257714,2.014363,-3.041041,1.859820,-1.220071,0.242382,-4.938621,-3.810416,-1.271029,1.955957,0.948475,-0.230955,0.870510,-0.158702,0.986881,-1.752621,-4.367449,-0.981113,-0.883183,-0.247471,-2.522106,0.375217,-5.731128,-1.201967,3.342685,-3.194806,2.594685,-0.302303,-0.667673,-0.926002,-0.446228,1
1.316914,-0.408620,-4.157417,-1.404137,0.556813,-0.533919,-0.897292,1.782686,1.069123,-0.447003,-4.566745,-0.186688,-1.121839,-3.254884,-4.750888,0.859085,-3.302153,-0.969021,0.550781,1.541310,-4.074676,-2.005884,-1.384929,-0.925345,-1.579206,0.265206,-1.021764,-0.379664,0.363254,-1.242171,-1.264511,-0.225583,1
-1.443886,-3.162876,-2.607889,-3.709773,-1.130762,-0.779590,3.058656,0.617386,-0.583358,-1.182756,0.745516,-0.960597,-1.833125,0.036894,-2.888973,-2.494400,-2.627397,-0.979729,-2.078164,1.429466,-1.236144,1.053048,-1.605736,3.666427,1.181645,-1.618241,-1.745755,0.444064,-5.037285,0.301120,-2.406069,0.848804,1
1.241080,0.603848,-2.176123,-2.875024,2.042725,-1.694359,-0.700144,-1.303933,-6.147736,-0.933610,-1.439049,-0.535316,-2.817309,0.331697,-2.647728,1.321008,-1.822244,-2.124664,0.100445,-2.091355,0.198563,-3.005111,1.788005,2.218803,-0.347361,-1.939587,-4.870258,-1.264116,-1.157569,-2.193376,-1.195274,-1.325386,1
-3.347405,-2.913595,-1.602805,-4.946371,0.872157,-1.381189,0.301696,-3.567485,-0.197139,-0.878342,1.572056,-1.617104,1.785330,0.135546,-1.771661,-3.370350,-4.250064,2.271229,-2.352235,-4.131320,-0.270829,-2.163605,-1.715915,-2.116076,-0.927096,-2.322161,-5.128887,2.002370,-0.788959,1.456004,-2.160291,-0.357938,1
0.455945,0.693879,-3.586040,3.044864,-1.571528,-1.142189,2.805819,-0.475661,-2.389532,-2.710187,-0.604249,-2.088137,-1.546528,-0.638398,-0.856380,-0.712714,0.188303,-3.657240,-3.278784,-0.523819,-2.612906,1.164707,-5.739897,-2.270307,-4.896936,-2.415680,-1.886984,-3.998868,-3.262918,1.655894,-1.381770,-3.976622,1
-2.010718,-2.730740,3.217334,-1.844977,-0.992152,-0.503555,-0.927279,-2.843559,0.101059,-4.674926,0.522950,-4.011322,-0.231555,1.554872,-0.737100,-2.819525,-3.584892,-2.031633,-0.822149,-3.501488,-1.405240,0.214194,3.711778,1.253473,-1.359505,-1.823077,-1.923700,0.551851,-2.072148,3.487144,-3.279021,-0.692893,1
0.101510,-0.909778,-1.231164,-2.621658,1.315500,0.361753,-3.013457,-4.463175,-2.392102,3.702065,1.338965,1.832658,0.128063,-0.030390,-1.116031,-2.054079,0.990219,-4.319553,-0.693540,-4.312300,1.916260,-1.019130,1.116601,-1.985150,0.688924,-1.989361,-2.848748,-0.247804,0.922186,-3.276680,0.696307,0.991393,1
2.153281,0.225165,1.040013,-3.071847,-1.058356,1.780893,-4.070023,-1.803179,-1.314276,0.379958,-1.858906,-4.896132,1.898025,-1.603281,1.226195,1.687722,-2.004231,-1.188407,1.973611,-1.130968,-2.500017,-0.281588,-0.984727,-2.347918,-2.274159,-0.110809,0.340117,-1.760741,0.364116,-3.325691,-1.462917,-1.862212,1
0.638381,0.935792,-0.407331,-1.719494,-3.028289,-0.030736,-1.745575,-2.585530,-0.742330,-0.924465,-1.951872,-3.041474,0.424649,-2.116669,-3.061549,-0.672006,-1.768868,-2.867295,-1.371359,0.406986,-1.099575,-3.640898,-0.008919,0.053649,1.403105,-1.279310,-2.277428,-0.561791,1.178613,1.604177,-2.315152,-2.242728,1
0.391524,2.195621,1.045956,0.652186,-1.222828,-4.786284,0.213720,-0.432034,1.498057,2.534595,-3.061462,-1.879297,0.565160,-4.102768,2.968151,0.313247,1.678997,-0.178499,-2.085419,-3.831120,0.424946,-2.132991,-3.115243,0.277188,-2.492597,0.873168,-0.387796,-5.421644,-5.387460,-1.524273,-1.699632,-2.332506,1
-4.711428,-1.734031,-2.639172,-1.891068,0.673705,0.349687,-0.432415,-1.075427,0.948950,-6.317537,2.105336,0.487704,1.103533,-0.784470,0.927087,-0.910325,-1.894817,1.067231,-3.688465,0.296580,-2.189055,-1.401752,-1.400671,2.626678,-3.886302,4.513756,-4.585608,-1.558952,-0.563120,-4.387676,-2.640870,-1.621360,1
-2.192481,-0.396781,-2.030977,1.624915,-5.925619,-2.452941,0.377963,-0.038671,-0.867104,-0.180662,-0.458875,-1.285004,1.662544,-0.794408,-1.276673,-4.760309,-1.992822,-2.131349,3.589197,-4.194906,-2.009282,3.219846,-4.861320,2.426388,0.541446,0.344805,-1.782713,3.824409,0.227317,-1.266026,2.337971,-4.426986,1
-0.275709,-4.074364,0.444824,1.812236,-3.947081,-2.535819,1.648132,-2.014958,-0.788273,-0.624750,-0.031352,0.070127,-2.015336,-0.923181,-3.289613,-2.445238,0.550001,-0.092035,-0.340166,-0.851748,-1.909149,-0.997471,-0.430317,2.024756,-1.922342,-1.099116,1.440617,-1.654745,1.593821,-1.536901,-4.864741,-2.634953,1
0.977308,-5.095707,-4.444641,-2.308928,-1.780767,-0.859148,-3.575057,-3.729434,0.607766,2.275488,-3.129984,3.305260,4.051163,-1.621599,-2.020190,0.534178,-2.182466,-2.107496,-0.420918,-2.105859,-1.728874,-4.253692,1.834445,0.573106,-3.191850,-1.936742,-1.532531,-2.480363,-0.149049,0.211581,-3.243677,-3.905126,1
0.222047,-0.597807,-2.277366,1.201162,-2.733705,0.629121,-1.957976,-2.873376,-0.234003,-1.078339,-1.022186,2.419152,-2.164166,0.076002,-0.078061,-1.416039,-4.260941,-3.146427,-3.401535,0.090008,-1.071149,-0.573605,-4.636483,-0.975117,-4.879900,-2.844265,0.249846,-0.677363,-1.983955,-2.842800,2.026175,-0.486948,1
-1.002133,-0.876618,-0.600809,2.623818,4.474133,-1.103364,-1.431140,-1.756989,1.837344,-1.907615,-2.754674,-0.085228,-0.430017,0.134953,0.963407,-1.793116,-3.019262,2.875299,0.929732,-0.232378,1.166265,2.242734,-3.688186,-0.527668,-0.119542,-0.110854,-1.906940,-0.773415,-0.411558,-1.513457,-0.104118,3.715732,1
-2.518484,0.961020,-3.670273,-2.518944,-4.089267,-1.556727,0.133739,0.985332,0.378253,-1.722198,-1.746957,-2.949956,1.285418,-2.352354,-3.287007,-1.283740,2.066703,1.992244,-3.172277,0.084460,2.169008,-1.292041,-2.862185,-0.741386,-1.147407,-1.117769,-0.632758,2.422284,1.045897,-1.350217,-3.776203,-3.006846,1
-5.097196,-3.612029,-3.292525,0.347088,2.827836,-0.786984,-3.342090,0.372167,-2.326676,-2.337012,-1.422307,-3.894221,-1.200691,-0.443334,-2.749738,-4.521729,0.352941,-3.113636,-0.930338,-2.587950,-4.141241,0.068109,-0.278955,-1.886088,2.344895,-0.467899,0.920320,-3.797660,-4.105879,-1.175598,1.413444,0.388224,1
-4.763282,0.706107,0.627516,-0.825149,-2.584182,-1.323689,-0.900480,-2.451533,-1.213421,-0.653792,2.148014,0.933764,-1.665274,1.328869,-5.239327,-4.072284,-3.117378,1.124273,2.182355,-7.351892,0.164829,0.142528,2.726318,-0.877751,1.893609,0.183964,-2.669075,0.444856,0.905052,-0.437344,-4.048378,-1.483735,1
-1.349491,-4.188200,2.943850,-1.939907,-1.288990,-1.572919,-1.640572,0.636058,-4.181239,-6.321083,-0.426294,-2.861277,-1.106700,-2.746480,-0.772029,0.170932,0.796677,-2.329637,-1.145800,0.553610,-1.484985,1.817744,-2.926094,-0.607605,-3.290740,-0.077445,2.350132,0.017447,-0.827399,-4.468382,-3.220554,-4.549021,1
-0.749221,-3.437134,-1.349783,-3.125332,-0.508862,-3.382882,-3.428583,0.139361,-6.229765,-2.497900,-1.094660,-4.453849,-3.792298,0.730151,0.940045,-1.838167,-0.007264,-2.511471,0.045777,-1.675222,-1.713319,-2.227020,-2.259871,-1.094971,-3.097077,-2.194908,-0.403281,-0.360812,0.939838,-3.372780,-2.545726,-0.423536,1
-4.564522,-1.672245,-0.778078,0.687947,-0.310410,3.063054,-5.203045,-0.943599,-2.637009,-0.993984,-2.307249,-2.945895,1.097467,-1.072054,-3.215045,-1.238853,-0.876196,-0.843776,3.011255,0.828433,-0.546347,-2.741763,0.540373,0.050805,-2.932648,-5.208371,-2.509450,2.275407,-1.283757,0.256956,-0.678893,0.735662,1
-0.624621,-3.320038,0.428852,1.965754,-2.160255,1.706815,-0.916365,-0.173680,-0.544937,-5.998418,-3.038380,-4.516259,-0.262238,0.260983,3.645753,1.906312,0.324638,-1.983199,-2.258830,-4.491382,0.615516,-1.662451,-1.783846,-3.100775,-2.429981,-0.096948,-2.735468,-1.405335,-2.238931,-0.491063,-4.226174,0.958704,1
-0.356390,-0.425285,-2.027896,0.887998,-0.451681,-0.386177,-0.259305,3.522208,-1.739903,2.124424,-5.365970,-3.586295,-0.684696,-1.857177,-3.711371,0.183240,0.323554,-1.627099,-2.745240,-1.454773,-2.163049,-0.247186,-3.148664,4.023980,-1.085525,-1.032825,-1.808466,-1.815790,-2.639009,-0.571668,-0.503276,-3.655405,1
-1.746567,-2.106946,-1.537007,-1.673669,0.773585,-2.634002,2.319574,-0.831490,-4.508880,-0.698667,-0.946157,-0.876824,-1.741659,-2.299885,2.140555,-4.750662,3.317578,0.995546,-2.033983,1.359916,-3.376221,-0.851697,-2.054667,-1.627065,1.254099,1.131635,-2.879576,-0.579985,-1.636075,0.062818,0.092915,-0.134639,1
-0.623346,-1.712575,-1.112846,2.692182,-1.916120,0.249585,-0.652881,-0.997571,0.738524,1.396005,-0.360303,-0.044128,-1.861097,-4.237804,-1.591983,0.548888,-3.793520,-1.757674,1.337645,0.462742,-0.960733,-2.077197,-2.456823,0.982705,3.669715,-3.669039,-1.107877,2.011134,-2.685843,-4.011810,0.781463,-0.845679,1
-3.055430,-1.730663,-1.837117,1.543152,-2.290329,-1.407622,-2.407583,1.618035,-3.331930,-0.062982,0.598427,2.156365,-0.453466,-1.284253,-0.756912,-2.713887,-1.016367,-2.632013,1.097039,0.745833,-3.154064,-1.705228,-2.072416,-1.579474,-3.692120,-0.730431,1.797523,0.262650,-7.376640,-1.927538,-2.240440,-1.352313,1
0.215748,-0.770771,-1.503786,2.260667,0.552550,0.139154,-0.015928,-3.793725,-0.313004,2.876436,-3.586452,-3.789330,-2.785368,-0.865008,1.664165,-2.765484,2.845643,-1.044938,1.500530,-2.572341,4.029820,-5.210842,-2.053943,-1.028348,-0.159353,-1.452826,-1.967011,-1.651386,-1.373948,-1.964236,-3.396070,-0.983195,1
-0.790845,0.499414,-0.894623,-2.307629,0.328934,1.080979,0.774167,2.119136,-4.605312,-2.455697,-0.513213,-1.616925,-2.009139,-2.093377,1.216125,0.770929,-2.764391,-1.634560,4.903412,0.431430,-3.706893,1.567313,-3.411982,-3.667598,-3.931366,1.535876,2.075307,-5.190001,-1.965053,-3.288799,-1.155667,-0.819276,1
-4.558929,-0.709194,0.011517,-0.041940,-2.141742,-2.525348,-2.711799,-3.931069,0.831019,1.479368,1.479393,-2.647621,-3.447598,1.269000,-4.499326,-2.191966,-3.315040,-0.172661,-2.628454,-1.548407,-0.719942,0.541406,-0.930590,-4.179993,-2.536660,0.294329,1.049395,-0.042166,-1.066993,-5.364292,-1.391188,-4.324754,1
-0.250531,-1.476360,-5.347885,-0.078396,0.318707,-0.192302,-3.127019,-1.054865,-0.026535,0.171498,-4.908566,-4.409845,-0.412731,-0.815362,-3.554958,-1.692658,-3.449524,-1.721887,4.672562,-0.267073,-0.106844,-3.012960,2.247118,-0.809855,-0.812460,-1.789969,-3.025136,-1.542650,0.017374,-0.829485,3.501547,-2.384020,1
-0.858607,-5.727566,-1.093348,-1.298378,0.222731,-0.706606,-1.858722,-2.083568,-0.591278,-1.927415,2.875676,-1.279283,-3.613398,-0.273299,-1.889210,0.470492,3.548495,0.242528,-3.880136,-6.026002,-4.624620,4.242485,-3.615386,1.446729,-2.493190,-2.993827,0.050825,-1.525273,-0.060842,-4.416007,0.869491,0.562728,1
-1.151678,0.489006,-0.222119,-3.585077,1.384012,-3.993692,-1.279239,-2.468924,0.829344,1.812901,1.206533,-4.772719,0.863736,-2.414692,-4.216799,-0.530122,-0.769366,1.219161,-0.555358,2.789374,-0.409648,-1.638352,-1.382873,3.997040,-0.200337,1.344116,3.003273,1.913151,0.916176,-2.783631,-2.613021,-2.662455,1
-2.127816,-5.066224,4.583534,-1.517759,0.076433,-0.935315,-1.708666,4.591967,-2.842136,-3.948009,-1.833228,-0.668412,2.957044,-0.454097,-3.365775,0.261456,-3.817561,-1.003227,2.607141,-0.181365,-1.496331,2.110243,-0.136258,-1.190021,-1.149731,0.579032,-0.529449,-1.123791,-1.126759,0.124866,-1.632481,-5.383806,1
3.372400,-6.081194,-2.004502,-0.981898,-3.207963,-0.809932,-2.066189,1.152437,-0.797037,-1.957746,0.242805,-0.566070,-2.915415,1.190162,-0.942734,-1.455844,-1.344972,1.828405,1.070482,-2.394584,1.571095,-5.320393,0.278868,0.715312,-2.466042,-1.630515,-0.574728,-3.363527,-3.251078,-0.265273,-2.365279,-0.782294,1
2.085942,-2.195178,0.698051,-3.087106,-1.076000,-1.636284,0.765483,-2.722247,0.671054,-3.398413,-5.512778,-2.954627,0.187841,-1.757010,-2.966908,4.293571,-0.904762,-1.875340,-1.316804,-0.472088,-0.423071,-0.581827,1.160422,-5.320203,0.285626,-2.782557,0.395670,-1.642763,-2.916000,2.540809,1.257082,-1.059511,1
-2.152157,-2.069419,-1.990679,-1.382874,2.263556,1.167834,-5.044058,-3.374976,0.299066,-0.848111,-1.075748,-7.795568,-2.988027,1.231881,1.272620,-0.523786,-2.534932,3.983373,-2.058071,-1.866691,1.849279,-1.854642,-2.401217,-1.717764,-3.082724,-1.586085,0.269341,-6.478121,-0.093497,-3.734175,-4.539008,-1.295347,1
1.589319,-3.033231,-0.659609,-0.367884,2.792397,-1.762131,1.010103,1.223790,2.208909,-1.074882,-0.216015,-2.393657,0.815930,1.960209,-2.204649,-0.540627,-1.085092,-1.472342,1.784656,1.034090,-4.944240,0.384765,3.129707,0.175172,-4.195002,-3.638522,3.344337,0.493900,-0.463903,-2.097943,-1.348619,-1.070085,1
-0.424139,0.643720,-2.774648,1.362693,0.263116,-1.481781,0.842609,0.452540,0.238024,-2.368670,-2.291552,-6.591818,0.475128,-3.180327,-1.185321,1.965851,-2.503845,-1.047716,2.055505,-0.782109,-1.500630,-0.595804,2.609907,0.554580,-0.897552,-0.390340,-2.933256,0.650815,0.080920,-3.053432,-1.036597,-2.820931,1
1.662594,-2.456665,-2.034803,4.575403,2.538690,-1.569474,-2.363508,-2.218976,-3.027628,-0.257218,0.722596,-1.789423,0.798719,3.847008,-0.763205,-1.692228,-0.542132,-1.333900,-5.427197,-3.455167,-1.576531,-0.585269,-3.349311,0.974551,-0.960087,-0.083787,-1.219683,-3.167397,-1.796279,-0.342341,1.155997,-1.364568,1
4.694685,-1.056171,4.390418,-1.579612,2.118868,-2.601603,-3.105921,-0.697824,-2.412036,-3.460607,-4.023070,-4.072304,-2.626299,1.334876,-2.704059,2.418535,0.122798,-3.174521,-1.386565,-2.147875,1.047880,1.922107,-4.555766,3.432396,0.921163,-1.805223,1.488902,1.418289,-2.075266,0.917610,-0.368465,-1.932496,1
2.426476,-0.371661,0.713640,-3.302753,-1.462986,0.834406,-3.090137,-0.187716,-0.702386,-1.233678,2.142175,-0.199676,-0.217997,-3.870734,-1.046151,-1.672159,-4.545596,3.499484,-2.351109,-1.256241,-1.357814,-3.275146,-3.890590,-2.407336,-0.765497,-1.661004,-0.889479,-1.270388,-0.123215,-2.134121,-1.874953,-2.375134,1
-0.913636,-0.528873,-0.161520,-2.929445,0.520778,1.840714,0.256670,-0.181409,-3.839345,-0.842121,0.150084,0.643880,-0.192986,-0.966249,-2.401665,-2.248545,0.224970,-0.069717,0.193935,-1.463930,0.660754,1.085412,-0.844392,-5.438252,-4.773065,3.504369,-1.176433,2.568773,-5.687160,1.536544,-2.026789,-2.556152,1
-3.203773,-4.687690,1.413496,-1.126053,-1.268939,-4.509347,-4.991476,-3.117127,1.157125,-0.105987,3.244110,0.050138,-2.876466,1.153595,-1.639559,-1.488419,0.488813,1.900025,0.355383,3.964284,-0.689951,1.018562,-1.358177,-2.996345,3.435522,0.408224,0.309845,-1.835852,-4.934730,1.046377,-3.110065,2.748552,1
-0.616717,-1.754508,-1.936713,-0.830070,1.561156,-1.898505,-2.086326,-0.479752,-1.485662,-0.727942,-3.019922,0.438217,-2.550418,-1.264405,1.358414,-3.968983,-2.156359,0.823437,1.721987,-1.876901,0.038654,-4.475715,-2.485040,1.218891,-0.510631,0.817112,-3.539411,-0.100960,-1.089470,-1.634314,-1.749115,-1.678160,1
0.446757,-0.101115,-5.004066,2.589447,-0.647694,-2.278573,-5.126769,-2.007579,1.156892,-3.501275,1.961499,-0.218885,-0.731351,3.937104,2.258508,3.034317,-3.879759,-0.992385,1.245274,-3.013454,-0.210353,-4.348154,0.873076,-1.065536,-0.630045,-1.159266,1.714830,-6.565496,-1.404496,-0.193929,-3.239441,-1.997679,1
2.512538,-2.061077,-2.468004,-3.482701,0.448361,-3.574911,2.065375,1.554461,-0.223250,-0.298492,-2.036551,-1.556816,-1.172557,-4.895864,-0.026952,-2.995708,0.098736,-1.722468,1.071705,-0.641017,3.354394,1.324600,-2.949911,-1.319283,-2.791655,-0.326090,-2.006664,-1.731678,-0.702969,-0.495234,-0.284891,-2.306222,1
0.619408,-2.803777,-4.792137,-4.339218,-0.131279,-5.144684,2.922091,-0.299140,-2.597665,-2.389791,-2.489231,1.694262,1.839893,-2.479352,-3.504709,0.753386,-3.000472,2.562242,-3.093461,-0.946805,-2.505386,1.094513,-0.611856,-0.829261,-2.492981,-1.523419,1.643571,-1.464632,-0.277282,1.085806,-4.169868,1.136787,1
0.227814,-4.453022,0.846128,-1.971618,-3.624382,-0.169950,1.211897,-6.780574,-2.547810,1.306654,-2.301252,-1.955097,-0.508940,1.237798,1.711430,-3.493936,-3.756434,-2.692190,-0.641521,-4.933853,-3.339968,-1.050907,-1.112083,-2.693988,-1.090956,0.612652,-4.961834,-1.643575,-1.465731,-0.156473,-3.444740,-2.834039,1
-1.382807,-1.317023,0.710019,-0.528710,-2.261206,-0.591220,0.664654,2.332035,1.682360,-2.082085,0.695302,-1.209636,2.152541,-0.700261,-1.143725,-0.332126,0.436665,1.000483,0.493511,-2.042480,-0.421898,0.138600,-3.242237,-1.232325,-0.075437,0.085699,0.736588,-3.104890,1.742673,-1.865747,-4.339206,1.163108,1
-1.288317,-4.275887,1.843248,-0.980412,-3.927853,0.714689,0.231499,0.302608,-0.396613,-0.882483,2.908399,0.370654,-0.428134,-0.123473,1.503488,-3.279192,0.043093,-4.140855,-1.800141,4.168507,-1.975663,1.838040,2.407375,-0.363945,-0.252435,-1.433311,-2.141516,-4.493706,-0.220513,0.054494,-2.102751,-2.060125,1
-1.802872,1.323732,-2.259372,-1.047691,-2.955795,-4.820586,0.175709,-2.772388,-0.342587,4.735138,-1.047773,-0.011016,-1.231951,-0.265611,2.521188,0.374441,-4.485163,-5.445205,0.103758,-1.084808,-0.121991,0.982437,3.394794,-1.776084,4.914911,-1.599001,3.054598,-4.919155,-3.448977,-0.957695,-1.786169,-5.735904,1
-0.153336,-3.413484,0.255774,-3.441237,-2.518325,-1.010620,-0.733861,0.227110,-1.252279,0.396235,-1.882066,-0.174126,0.828679,0.892543,-3.800283,-1.699322,-3.656725,0.323034,-0.883298,-0.217709,-0.955194,-0.952828,-4.013055,-2.328146,-2.474195,-0.614923,-3.719889,-0.568501,1.041219,-1.272681,-1.595859,-4.328667,1
