2.071951,0.270513,0
0.917746,-0.621994,0
1.885880,1.031374,0
0.454915,1.706916,0
1.439261,-0.849674,0
2.395781,-1.280130,0
1.471329,1.401383,0
1.019709,-1.004428,0
1.075208,2.650790,0
0.274582,-0.094532,0
1.164318,0.226478,0
0.568153,0.478513,0
2.091150,-0.268194,0
0.344905,1.640272,0
-0.230067,0.470272,0
0.643250,-0.167333,0
2.386065,1.000186,0
2.189034,2.551101,0
0.715037,-0.279408,0
-0.052368,3.716990,0
-0.323251,0.575689,0
2.233578,1.836252,0
1.427272,-1.378618,0
3.339899,-0.562666,0
0.967592,0.543186,0
0.497428,1.784951,0
1.891183,0.126047,0
1.165687,1.446814,0
0.472050,2.349560,0
2.866101,1.488122,0
0.598877,1.081544,0
0.610710,-0.081574,0
-0.160147,-0.679243,0
-1.157132,3.097600,0
1.376106,0.135378,0
1.527082,2.992487,0
-0.084641,2.199856,0
0.911095,0.349934,0
2.312249,1.460859,0
0.919885,1.567478,0
1.737246,1.306871,0
1.825332,0.551246,0
0.989658,1.164374,0
1.142814,1.153093,0
1.259177,-0.421057,0
2.334059,0.752880,0
0.178299,3.045233,0
1.970566,-1.163912,0
-0.258646,1.467705,0
2.178590,0.153964,0
2.125206,1.128231,0
1.852721,1.470553,0
0.621570,1.043826,0
3.327724,1.043666,0
1.050617,0.573775,0
0.600795,1.756733,0
0.942720,-0.212772,0
0.925486,-0.152073,0
0.653459,1.409447,0
0.283432,1.443325,0
4.141322,-0.285418,0
0.285504,-0.179059,0
1.734164,2.739685,0
0.195580,0.825255,0
0.589542,-0.795698,0
0.096726,-1.037396,0
1.348372,-1.748624,0
2.135939,0.537735,0
2.588969,1.417386,0
-0.595984,0.812179,0
0.195244,0.061282,0
0.818222,-0.452792,0
-1.144691,0.583038,0
1.881620,-0.079348,0
1.491291,2.145279,0
0.958552,0.985893,0
2.007533,0.433839,0
0.572462,1.218102,0
0.250171,1.871220,0
0.826035,-0.174706,0
0.447492,-1.623261,0
0.382596,0.894010,0
0.984181,-0.142997,0
2.122862,0.239010,0
0.873796,1.086287,0
2.241264,0.296773,0
2.177880,0.761740,0
0.994095,1.729928,0
2.411030,0.125379,0
1.674118,0.925452,0
3.923931,1.471365,0
1.950554,0.764477,0
1.584291,-0.550421,0
2.485181,2.495907,0
1.092369,1.014262,0
1.947143,1.675428,0
1.574203,1.109946,0
3.822679,1.605185,0
0.407833,-1.265661,0
0.948486,1.271366,0
1.227901,1.720518,0
0.477507,1.831033,0
-0.086627,0.160233,0
1.882972,2.338252,0
0.079719,-1.012768,0
1.116877,1.193651,0
-0.741212,1.140309,0
0.935598,1.049965,0
3.638382,0.914032,0
0.160972,2.612395,0
2.742932,0.189707,0
1.973185,2.204182,0
-0.137065,0.186646,0
1.574677,1.645543,0
1.581020,-0.012769,0
-0.497944,0.292375,0
0.842446,-0.075085,0
1.281374,-0.400157,0
0.431784,-0.093075,0
2.070254,1.840633,0
1.702794,0.377439,0
0.052891,1.164292,0
1.822511,-0.447142,0
-0.061977,0.039046,0
0.213715,1.368569,0
1.228047,1.351517,0
2.002635,-0.030343,0
2.134573,-0.230730,0
2.082495,0.636643,0
1.847614,1.015813,0
0.806600,0.766765,0
0.606611,1.370326,0
2.150877,1.389981,0
0.549465,1.072015,0
1.210785,1.684573,0
1.126612,1.290781,0
0.633900,-1.605984,0
1.476712,1.937479,0
1.503280,2.716091,0
2.220597,2.297549,0
2.201686,0.864761,0
2.498791,1.377627,0
-0.846498,1.218602,0
0.116190,0.680879,0
0.976298,2.073479,0
-0.162534,-1.241922,0
2.190238,0.566330,0
-0.423858,0.704915,0
1.165992,1.819809,0
0.926023,1.911799,0
2.793778,0.741282,0
0.398254,1.770336,0
-1.328429,1.160811,0
0.258516,0.416854,0
-0.662254,1.350755,0
0.747608,0.577319,0
0.945838,1.283924,0
2.210258,1.019494,0
1.261300,1.812382,0
3.003994,0.280272,0
1.627844,0.989421,0
0.735420,2.202509,0
0.624409,0.163270,0
2.032680,0.269194,0
0.916595,1.469369,0
0.441295,3.093434,0
0.722962,1.037235,0
-0.776703,1.197283,0
0.084245,-0.045253,0
3.492347,2.147942,0
0.978992,3.200794,0
1.535090,-0.344857,0
0.721570,2.066705,0
1.298582,0.839577,0
0.839585,1.796400,0
0.860013,1.302914,0
0.843356,1.986016,0
1.640466,0.418281,0
1.817502,1.768337,0
0.143528,1.427763,0
1.247942,0.859100,0
2.161447,-0.296797,0
0.574130,0.104236,0
1.966641,1.121749,0
0.848610,1.202242,0
0.005077,2.727175,0
0.706275,0.931482,0
1.179224,0.571805,0
1.648326,3.430237,0
1.764920,1.250875,0
0.547462,-0.333479,0
1.714188,1.720579,0
1.886255,-0.320603,0
0.445521,1.553695,0
-1.209836,1.834615,0
2.487183,0.480883,0
-0.196343,0.662491,0
1.801988,2.193394,0
2.234553,1.909813,0
1.312623,0.448639,0
-0.322492,1.280302,0
0.366059,0.094649,0
2.710317,-0.716006,0
2.663600,1.311430,0
1.940763,0.173888,0
-0.631370,1.259202,0
1.768988,0.355246,0
1.208271,2.126817,0
0.720360,0.236062,0
-0.162211,2.873451,0
1.141303,-0.593276,0
2.222165,0.939747,0
1.352643,1.857489,0
1.434683,1.394674,0
0.269539,2.101327,0
3.008341,2.201067,0
-0.540633,-0.207203,0
1.749525,2.047803,0
-0.580076,2.547036,0
0.620609,0.302772,0
1.389928,-0.878605,0
1.463346,0.175545,0
0.815496,1.577841,0
-0.642745,0.956900,0
0.437369,1.804634,0
0.212789,0.842847,0
1.428264,0.635313,0
0.504744,1.055786,0
-0.200454,2.568674,0
-0.243118,1.528214,0
1.398386,-0.170245,0
-0.188950,2.187392,0
2.897326,-0.887429,0
0.385777,0.888786,0
0.096465,1.390356,0
-0.187947,2.472538,0
0.609930,-0.269034,0
0.516988,-0.166135,0
-0.493023,-0.765813,0
1.328912,1.665885,0
1.540754,-0.487873,0
0.746284,2.458133,0
0.966244,0.477798,0
-0.028431,0.625979,0
1.473280,0.771549,0
1.692162,-1.208518,0
1.665741,0.687280,0
1.443396,0.292737,0
0.566140,-0.110279,0
0.789706,0.679052,0
-0.295449,-0.603920,0
-0.640142,0.465762,0
0.758825,0.338942,0
-0.052727,0.249652,0
2.342779,1.609940,0
2.142785,0.968553,0
2.033462,0.894082,0
-0.355761,1.488448,0
2.124152,-0.566763,0
1.374080,1.224300,0
1.786653,-0.123343,0
-0.927089,0.716119,0
0.466524,1.019316,0
0.751430,2.125165,0
-0.364714,0.742655,0
0.391888,1.447557,0
1.293107,0.004022,0
1.961609,0.733559,0
1.117784,2.104609,0
1.422138,0.620543,0
-0.589075,1.402214,0
1.452203,1.175857,0
0.997590,-1.479344,0
0.674459,3.271845,0
1.536493,1.064090,0
3.363046,-0.018925,0
-0.056404,0.118859,0
1.567111,0.830376,0
1.268641,1.014523,0
1.286082,0.188453,0
2.382955,-0.256128,0
0.056688,1.154951,0
0.934196,1.700709,0
-0.048856,1.111817,0
0.684388,1.570705,0
1.274340,1.793754,0
2.824328,1.177186,0
1.379309,-0.050581,0
0.182437,2.429790,0
1.270094,0.453477,0
-1.144299,0.924048,0
2.068277,0.138914,0
0.558324,0.774939,0
1.122716,2.202388,0
-0.169277,1.142215,0
1.216263,0.819504,0
1.154932,0.919610,0
2.957915,0.729424,0
1.265738,0.012423,0
1.488892,0.454413,0
1.103891,-0.948869,0
0.156035,0.649472,0
1.354009,2.266317,0
0.261572,1.621362,0
1.747567,0.967803,0
-0.111115,3.496345,0
0.540384,1.540796,0
3.022646,0.108647,0
0.495773,0.793514,0
-0.303176,3.544247,0
1.731867,-0.322984,0
-0.131834,3.103882,0
0.079887,2.832235,0
1.053617,0.341804,0
1.499601,1.639800,0
0.858808,0.405862,0
1.050125,3.144902,0
2.122992,0.545872,0
1.351398,2.038022,0
0.641275,1.498246,0
1.107057,1.223436,0
0.044190,0.715847,0
-0.001077,1.164709,0
0.404312,0.102088,0
-1.133078,2.670942,0
0.862416,0.464336,0
0.961356,0.641956,0
1.151837,1.935344,0
0.409266,-0.394410,0
1.192153,2.421977,0
2.330021,2.090393,0
2.065184,-0.429413,0
1.429743,0.839643,0
0.555526,-0.716017,0
1.944200,2.602467,0
0.322287,0.747118,0
1.785517,1.258736,0
-0.103195,0.302701,0
2.651312,0.611180,0
-1.111349,0.563777,0
-0.255978,2.673595,0
0.606946,1.111623,0
1.273419,0.406873,0
2.502256,-1.187440,0
1.570492,1.422492,0
1.513885,-0.577429,0
-0.794795,-0.597702,0
0.249616,1.536356,0
0.605632,-1.470716,0
2.777112,3.327604,0
3.196518,1.978273,0
-0.950293,1.391084,0
0.983263,1.147368,0
0.644237,1.476776,0
0.767064,0.250892,0
-0.230723,-0.035880,0
0.290833,0.262678,0
1.768308,0.638806,0
1.345634,0.860671,0
-0.698398,1.579300,0
1.288599,0.917151,0
0.231970,2.330698,0
0.465948,1.289447,0
1.903832,-0.120758,0
-0.037982,0.346328,0
3.853537,1.919047,0
1.270110,1.925791,0
1.852197,2.340106,0
1.983932,1.224182,0
-0.266141,1.580474,0
2.616665,1.277703,0
1.150480,1.049842,0
0.852178,0.711014,0
1.555985,0.320535,0
1.363791,1.101192,0
0.579422,1.104781,0
1.782971,0.191816,0
2.381752,1.496491,0
0.199008,2.022193,0
0.822781,1.086564,0
2.546796,1.785386,0
0.867921,1.783350,0
2.645109,3.165109,0
-0.486663,0.161376,0
-0.151729,0.572202,0
0.764852,-0.240666,0
0.153667,-0.228226,0
1.543557,1.884083,0
0.322493,-0.690868,0
1.253917,-0.489243,0
0.958209,0.447417,0
0.948431,0.317246,0
1.642137,-0.185913,0
0.021560,0.329193,0
1.233598,1.256186,0
1.037489,0.465255,0
2.329507,0.840309,0
-0.876475,2.253015,0
0.571764,0.783908,0
0.257998,2.480654,0
0.364252,-0.678746,0
0.738386,0.381782,0
2.179420,-0.850582,0
1.627160,-0.488182,0
1.172378,2.007819,0
0.406376,1.696755,0
0.803887,0.774569,0
3.499162,2.266588,0
-0.890391,-0.502919,0
1.672241,1.816700,0
1.385860,1.299380,0
-0.665978,1.285607,0
0.808751,1.297180,0
-0.258335,0.383233,0
1.768138,1.182714,0
0.215464,1.585675,0
1.079463,0.157673,0
0.858775,2.236547,0
1.149748,0.072034,0
0.494044,1.188012,0
0.767303,0.163228,0
0.918851,0.880380,0
1.034110,0.421220,0
0.205508,0.778590,0
0.052186,0.236787,0
0.574087,0.817290,0
0.911480,0.658424,0
-0.076472,1.778887,0
0.698922,0.207654,0
0.981709,0.288927,0
1.353977,2.046347,0
-0.497188,0.835734,0
1.611107,-0.074867,0
1.180694,1.160825,0
0.096486,1.002696,0
2.015116,0.837088,0
1.903448,1.416227,0
2.623200,1.012397,0
1.907087,0.607704,0
1.663516,0.864406,0
1.741477,0.727969,0
0.381643,-0.213695,0
2.153969,1.314830,0
1.567948,2.109232,0
1.064805,0.526904,0
0.678671,1.800698,0
1.179878,0.647331,0
1.927827,1.637736,0
1.457536,-1.307176,0
1.412284,1.786721,0
0.694319,0.728776,0
2.166519,1.269171,0
1.783933,0.273513,0
2.381042,1.904967,0
1.791678,0.030256,0
1.554151,-0.680408,0
1.119458,0.435742,0
0.160328,1.064290,0
0.902079,1.491805,0
0.850747,2.492352,0
2.412639,1.575289,0
0.366493,1.272114,0
-0.080823,0.772022,0
2.742963,0.463470,0
4.228084,1.040111,0
-0.047848,0.943292,0
0.025475,2.511155,0
-0.743263,-1.434094,0
-0.516329,0.484067,0
-0.787440,-0.609595,0
0.044727,0.852705,0
0.785958,1.017135,0
0.582722,0.744274,0
0.808977,1.453773,0
1.042585,1.796859,0
1.158724,0.538407,0
1.767715,1.162778,0
-0.719657,0.205239,0
1.849464,2.377397,0
0.600169,3.156782,0
0.218379,0.332979,0
0.529760,0.225837,0
1.878627,0.132331,0
0.667255,3.013496,0
-0.230414,0.845302,0
0.122053,1.128611,0
1.178960,2.450959,0
0.937936,1.213512,0
1.111214,-0.796621,0
2.120064,-0.118677,0
1.132108,-0.351136,0
-0.058442,0.228449,0
1.834836,1.759407,0
0.827253,0.462900,0
0.550592,0.225165,0
-0.655527,-0.792649,0
-0.135928,1.093349,0
1.954105,1.098025,0
2.187299,1.556726,0
-0.494548,2.138135,0
1.573060,0.886163,0
-0.110008,-0.907825,0
1.119489,1.207745,0
0.200071,1.521980,0
0.906543,1.086376,0
1.683770,0.180851,0
0.078509,-0.228467,0
3.891239,-0.138361,0
1.578411,1.779355,0
2.063605,-0.195697,0
1.949648,1.999771,0
1.620683,2.407176,0
0.547383,1.213388,0
0.689922,0.460631,0
2.353975,2.678386,0
-0.149571,-0.840885,0
-0.487191,1.687734,0
1.270835,2.709514,0
1.807417,0.880862,0
0.846055,2.297791,0
0.793775,2.114176,0
0.150493,3.463674,0
0.357230,3.330619,0
0.662539,0.240893,0
1.394498,0.924095,0
-0.025204,2.128583,0
0.681971,2.045614,0
2.243438,1.731266,0
0.240887,1.407938,0
0.863666,2.340007,0
1.189379,0.977002,0
-0.461758,0.683924,0
-0.612253,1.811061,0
1.903867,0.077144,0
1.290688,0.453674,0
1.702686,1.530051,0
2.456456,2.227991,0
1.239458,1.397029,0
0.907961,1.070396,0
-0.248118,0.829743,0
2.438157,2.451171,0
-1.675103,1.014101,0
2.001896,1.074954,0
1.982180,1.909303,0
0.946990,0.671518,0
0.746425,1.940166,0
0.199464,0.256556,0
3.240537,2.104093,0
0.424607,1.864561,0
0.641914,1.885408,0
0.093617,1.155431,0
0.107579,1.858779,0
2.364084,0.059478,0
0.698066,0.485890,0
-1.227473,-0.252666,0
0.745150,0.862550,0
0.735260,-0.629447,0
1.531087,2.703938,0
1.050123,3.219926,0
-1.338320,-0.334335,0
1.119064,0.365743,0
0.498545,1.755038,0
1.269413,2.237149,0
-0.035293,0.049307,0
1.809812,0.371554,0
0.259639,-1.696205,0
1.262227,-0.193295,0
0.682439,0.382147,0
1.476422,1.938025,0
0.727777,2.908034,0
-0.479982,3.082803,0
1.841247,1.335396,0
2.143866,-1.925658,0
1.756743,0.374351,0
0.517718,2.839956,0
0.669042,0.312007,0
0.222970,-0.490730,0
0.409798,1.606704,0
0.150660,-1.549674,0
2.156968,3.787969,0
1.074922,1.658833,0
1.706941,2.137090,0
0.705678,0.984516,0
0.844323,1.171381,0
0.934029,1.758067,0
-0.616905,1.734262,0
1.254697,0.553569,0
1.195153,-0.269169,0
0.194259,2.530704,0
0.727340,2.202107,0
0.255352,1.321349,0
-0.210447,0.913391,0
2.039949,1.646202,0
-0.866530,3.432452,0
0.743551,1.382926,0
1.604238,2.173830,0
0.969547,1.161584,0
1.203132,1.096442,0
0.159030,1.340986,0
0.780714,0.368876,0
0.868477,0.345932,0
0.731529,1.524171,0
1.158764,0.349615,0
-0.281851,0.252806,0
2.626870,0.191672,0
0.273779,0.908374,0
1.727741,2.009067,0
0.503005,2.392397,0
-0.821274,3.261211,0
0.314281,0.516810,0
2.355181,-0.020864,0
0.381472,2.603818,0
2.578032,1.797808,0
0.357130,-0.118883,0
0.896360,0.277607,0
2.709921,0.187328,0
3.426034,2.858007,0
1.180962,-0.040014,0
3.329710,-1.033954,0
0.304650,2.836449,0
0.953302,0.508041,0
2.379303,2.037797,0
0.084574,2.464111,0
0.448700,1.073708,0
-0.792065,-0.676045,0
2.211464,0.823987,0
1.667998,1.329165,0
1.750214,1.516549,0
2.693708,-0.160875,0
0.424757,0.490140,0
0.275918,2.106575,0
1.523590,1.925497,0
2.756433,2.545496,0
-0.058465,0.415236,0
1.451170,1.316098,0
1.427664,0.845907,0
1.272243,0.558759,0
-0.014283,0.054319,0
1.438938,-0.565862,0
1.475036,2.331748,0
1.558019,1.533695,0
0.901421,1.191775,0
0.347698,0.333022,0
-0.391765,2.313142,0
0.261563,1.392968,0
2.264516,-0.212787,0
1.565428,2.179447,0
2.285065,1.434071,0
2.855541,2.272191,0
-0.483798,0.885314,0
-0.596822,2.427399,0
1.448616,0.749723,0
1.970474,1.352399,0
0.983706,2.220593,0
0.693340,0.377558,0
-0.360997,-0.294385,0
2.587977,1.692465,0
1.085989,-0.406682,0
-0.769154,1.812166,0
1.720938,1.016634,0
0.986004,0.082737,0
2.251064,1.507381,0
2.419532,1.727094,0
1.189238,1.872108,0
2.532142,0.796278,0
1.184695,1.632312,0
-1.612848,0.355965,0
0.146416,2.987593,0
-0.120090,0.613898,0
0.025014,1.471692,0
0.497626,1.745370,0
2.529937,1.502954,0
1.422534,-0.007544,0
-0.580479,-0.057992,0
2.131931,0.756784,0
1.159095,1.255713,0
0.804553,0.757092,0
-0.059688,0.754382,0
0.019031,-0.809900,0
0.657197,1.860706,0
2.432614,-1.213045,0
0.528171,1.079189,0
-0.139875,1.313385,0
1.877271,0.020951,0
0.701288,1.776557,0
1.238986,1.191050,0
-0.331511,-0.079164,0
1.318388,1.381306,0
2.536326,2.623502,0
2.177625,-0.113879,0
1.073894,0.652120,0
-0.326609,0.278313,0
0.703940,-0.588610,0
0.247932,0.871563,0
-0.013695,0.181628,0
0.844386,-0.374428,0
0.338467,3.844888,0
-0.113283,0.137548,0
3.282721,0.709731,0
1.984919,1.469113,0
1.273156,0.819910,0
1.537028,3.695962,0
-1.750655,1.680518,0
0.552974,1.226559,0
1.020847,0.701611,0
-0.047909,1.323083,0
0.339951,1.407819,0
1.369545,3.097188,0
0.244547,1.315057,0
1.577209,3.077529,0
-0.040147,0.021370,0
-0.068914,0.692670,0
1.357235,-0.881361,0
-0.896365,-0.520662,0
0.103921,0.684239,0
0.024478,3.518944,0
1.805640,1.548695,0
1.062889,0.870800,0
0.492054,0.965178,0
3.000631,-1.724916,0
-0.032520,2.433570,0
-0.368413,2.632291,0
0.989074,1.411343,0
2.719681,1.227280,0
1.009182,0.144909,0
1.209486,1.069273,0
2.600780,1.615073,0
1.070724,1.552593,0
1.379999,0.351372,0
0.145010,0.468477,0
1.368925,2.014026,0
0.338543,2.845196,0
2.714372,0.875946,0
-0.042430,1.568164,0
0.027138,1.251183,0
0.989161,0.997077,0
1.742037,0.923597,0
0.736808,-1.597909,0
1.892362,0.321404,0
-1.155124,1.699224,0
0.319562,2.789391,0
2.045133,0.283075,0
0.121699,0.418321,0
0.180037,0.389320,0
1.215679,1.905633,0
0.038148,0.550738,0
1.549804,2.393306,0
1.257242,2.447430,0
-0.899725,0.139854,0
3.022999,2.138443,0
0.187128,2.600882,0
0.680780,0.922812,0
1.421474,0.299358,0
1.757828,1.574743,0
0.063545,1.674592,0
-0.148659,1.012764,0
1.473372,0.493402,0
0.288579,0.260686,0
0.353780,1.474624,0
2.850834,-2.068060,0
0.157604,-0.375974,0
1.648569,0.308155,0
-0.704798,-0.625342,0
1.456795,1.978852,0
2.155375,1.644535,0
-0.354645,0.574395,0
2.873650,2.068439,0
1.991082,-0.190135,0
2.246273,1.126419,0
1.085917,0.854902,0
0.501959,1.016317,0
0.149733,1.154834,0
1.386334,2.671317,0
1.889653,0.783064,0
1.926063,0.143717,0
0.324640,1.140460,0
0.810404,1.470356,0
0.251755,0.598938,0
3.115421,1.259003,0
2.214186,1.425972,0
-0.488852,3.571373,0
1.438284,1.431869,0
2.531328,-0.982406,0
1.698587,1.041895,0
0.380245,-0.221938,0
0.133718,2.774982,0
0.446085,3.429910,0
1.602411,0.598327,0
1.648434,2.203791,0
2.454230,2.391525,0
1.378770,1.988365,0
0.934476,-0.118798,0
2.111019,0.968746,0
0.381685,1.642700,0
0.840508,1.370816,0
1.113329,0.347710,0
2.604994,1.530610,0
1.264128,1.671508,0
1.855879,1.560499,0
0.609386,-0.239925,0
1.179446,2.011896,0
1.448068,3.084472,0
-0.207282,1.106503,0
0.172438,1.951915,0
2.158464,0.548533,0
2.198793,2.054243,0
1.983447,0.637567,0
0.607256,1.514039,0
1.342920,1.080298,0
2.640816,0.904561,0
2.931791,0.430621,0
-0.134939,0.559598,0
0.322124,1.109895,0
-1.077246,-0.204498,0
3.917655,0.752872,0
1.300462,0.731886,0
1.392912,0.900009,0
0.471525,1.455847,0
0.932952,-0.339680,0
0.966678,1.081030,0
0.009945,1.622360,0
0.594514,2.517569,0
1.180942,1.538679,0
2.248122,1.291148,0
1.349081,0.357942,0
0.024931,-0.302156,0
1.874664,0.532714,0
1.840048,1.697827,0
1.407795,1.031051,0
0.198195,1.371574,0
1.003226,1.797166,0
2.159544,1.714938,0
0.344931,1.827458,0
1.469844,0.247198,0
-0.885925,0.858725,0
0.546679,0.012076,0
2.179737,-0.246381,0
1.102481,0.832187,0
1.455427,-0.028434,0
-0.144004,0.007505,0
-0.290184,-0.733152,0
3.218454,2.011541,0
0.316295,0.913927,0
-0.595524,0.228414,0
0.489661,3.351239,0
1.365149,2.176026,0
2.760503,1.015143,0
-0.662667,0.741768,0
1.081825,2.368743,0
1.358057,2.120513,0
1.865530,0.734505,0
2.454621,0.701747,0
-0.452535,1.234495,0
2.357212,0.845111,0
1.134430,-0.747381,0
1.086730,0.573081,0
1.776275,0.628664,0
0.124887,1.627265,0
2.026940,-0.196496,0
-0.148578,0.674520,0
0.443369,1.868186,0
2.192978,1.556254,0
-0.311421,2.168908,0
1.284513,1.507834,0
0.736703,1.394310,0
2.239532,0.595765,0
2.443097,0.375690,0
0.139379,-0.716200,0
2.198192,1.386956,0
1.006727,0.512805,0
0.384062,-0.947100,0
1.049103,-0.901957,0
1.154830,1.226479,0
0.226965,-1.039494,0
2.200044,1.232085,0
0.062693,1.997936,0
0.327929,1.226576,0
1.579042,0.266565,0
1.377346,1.051917,0
-0.238314,1.522266,0
0.223070,2.679645,0
2.403010,3.199728,0
0.619412,0.624895,0
0.792060,2.037260,0
1.389567,0.839007,0
2.263913,1.891803,0
2.788588,2.370015,0
1.953136,0.277087,0
1.222161,0.178856,0
-0.069048,2.774968,0
2.559541,0.610760,0
0.874467,0.895034,0
2.216383,1.757021,0
2.466539,0.880704,0
-0.059857,0.959874,0
2.359205,0.021719,0
-0.617316,0.387811,0
0.540281,1.378700,0
0.907493,1.684606,0
0.498344,1.828064,0
1.728461,0.319998,0
0.321361,1.740774,0
0.738694,2.640315,0
1.080805,1.400770,0
-0.015685,3.363761,0
0.793342,1.925142,0
1.556735,2.951079,0
0.347942,0.673915,0
1.571357,0.025913,0
3.062231,1.150349,0
-1.625868,-0.209815,0
2.812885,0.277676,0
-0.106122,0.832763,0
2.474179,1.182560,0
1.021621,-0.488525,0
1.895992,0.266189,0
0.413527,2.091343,0
1.159669,1.446768,0
1.123677,1.536950,0
1.859652,0.479295,0
-0.389436,2.711509,0
0.672621,1.210211,0
-0.967771,1.563625,0
-0.124028,1.400886,0
2.205485,-0.779773,0
2.537035,-1.412285,0
1.938578,0.269537,0
0.995876,0.598378,0
2.128021,0.102247,0
1.630905,0.225628,0
1.109564,1.434956,0
0.908918,2.158539,0
2.102211,1.075243,0
0.947425,-0.151477,0
1.225046,2.140206,0
1.610777,-0.084805,0
2.109643,0.934360,0
0.690428,-0.210332,0
1.987746,1.571364,0
-0.000999,1.507512,0
1.270562,0.692207,0
0.457151,1.159599,0
-0.106159,2.659607,0
0.493843,1.289166,0
0.644505,2.530731,0
1.273661,0.841466,0
3.377452,2.831741,0
1.233456,1.514660,0
2.745376,0.838126,0
0.802324,0.819263,0
0.574500,2.290122,0
1.189334,0.783620,0
1.275029,-0.325445,0
1.795125,1.776563,0
-0.407387,-1.410201,0
1.404771,1.180517,0
0.700586,0.350965,0
1.328709,1.428481,0
0.906771,-0.529928,0
1.093389,0.790098,0
0.722249,-0.937487,0
0.380960,0.898838,0
0.531342,1.990275,0
2.217871,-0.172651,0
1.056207,0.989357,0
0.041282,1.675773,0
2.466643,1.938869,0
1.029020,1.503759,0
1.212750,2.134849,0
2.202605,1.946439,0
-0.810627,0.809301,0
0.682115,0.478148,0
1.559616,-0.849471,0
-0.090887,0.416988,0
0.602192,0.065216,0
0.386436,-0.390151,0
3.426627,1.665499,0
0.580946,1.977923,0
1.076846,-0.844246,0
1.841113,1.151520,0
0.507060,-0.592929,0
1.407235,0.589033,0
1.306286,0.312815,0
-0.760125,1.489035,0
-0.325634,2.452322,0
0.993886,1.394872,0
1.132104,-0.022247,0
1.178838,0.894697,0
0.334962,-0.425216,0
0.400036,-0.252423,0
-0.066216,2.222595,0
0.176914,0.145436,0
-0.742575,0.480836,0
-0.333386,0.636193,0
1.393388,1.854373,0
0.716054,2.389926,0
1.226903,1.447677,0
2.878940,0.865347,0
0.389097,-0.320483,0
0.525772,0.662849,0
2.874505,1.854759,0
-0.275424,0.944880,0
1.099827,1.286125,0
0.677636,1.641660,0
1.161781,1.587174,0
1.098809,-1.341202,0
1.896058,0.949955,0
0.471413,0.853966,0
-0.617111,2.903194,0
1.298110,1.325337,0
1.001833,-0.451033,0
1.527929,1.323519,0
-0.406184,1.131441,0
1.896290,2.726891,0
0.797678,4.028704,0
0.587743,0.215384,0
-0.144117,-0.268551,0
1.082489,0.211109,0
1.927200,0.319978,0
0.163165,1.794920,0
1.101062,-0.228780,0
0.294219,-0.117321,0
3.247572,1.879632,0
0.522797,0.700456,0
0.708710,1.059785,0
0.022940,0.774443,0
2.622162,0.954035,0
1.333527,0.775707,0
-0.603202,0.264705,0
1.510410,0.748233,0
1.209951,1.048773,0
2.515014,0.700913,0
-1.040035,0.798966,0
0.761793,1.790841,0
0.374261,1.857072,0
1.698546,1.443887,0
-0.500823,2.267644,0
0.068145,2.189242,0
0.398304,-1.060889,0
0.774882,2.041425,0
-0.253250,1.953082,0
1.170282,0.139391,0
1.562648,1.384435,0
2.824076,0.456451,0
0.316767,3.152667,0
2.042900,3.220113,0
2.555902,1.332609,0
1.173316,0.316730,0
1.974155,1.023475,0
1.927920,1.852345,0
0.961383,0.940325,0
0.338113,-0.792492,0
2.056181,3.569633,0
0.738059,1.905481,0
2.296443,0.228600,0
2.237862,2.057690,0
0.334007,1.581400,0
1.074148,1.507124,0
2.895965,1.611082,0
1.060246,1.494003,0
0.856088,3.610901,0
0.002780,1.989550,0
2.084079,-0.052376,0
1.961477,0.177655,0
0.169944,0.814209,0
-0.292362,1.127484,0
0.184888,1.576642,0
0.811550,1.588528,0
-0.565132,2.117590,0
0.531878,0.807950,0
1.792912,1.708220,0
1.723230,2.010858,0
1.095450,0.896867,0
0.918718,3.527375,0
1.527072,-0.637976,0
-1.409469,-0.131097,0
1.743975,0.997737,0
1.300658,0.901124,0
1.796669,-0.495928,0
1.101662,0.743838,0
0.925619,2.310455,0
2.591989,1.115728,0
-0.254858,1.668363,0
-0.230599,0.197328,0
0.657034,-0.128867,0
1.081671,2.020661,0
1.318882,1.513573,0
1.120923,0.999619,0
1.152176,1.733738,0
0.378719,3.349250,0
1.237126,1.665484,0
0.234802,-0.424862,0
1.555635,2.268241,0
3.071033,0.932434,0
-0.576273,2.316163,0
2.312836,0.541353,0
0.956067,1.073560,0
0.608196,1.357282,0
3.238938,0.732019,0
1.737949,1.139637,0
1.811718,0.953266,0
-0.607010,1.254894,0
1.286881,3.487107,0
0.930001,1.571517,0
0.080488,1.599162,0
3.363215,2.331086,0
0.139987,0.836865,0
1.718260,1.554586,0
1.076946,2.659171,0
0.635850,0.382400,0
-0.594593,0.964720,0
1.942601,1.878036,0
1.647318,1.329207,0
-0.664561,1.277101,0
1.134140,-1.301978,0
1.985651,0.149831,0
1.924848,0.898853,0
3.224195,0.285815,0
0.230608,2.309431,0
0.406024,-0.261696,0
0.217329,0.715770,0
0.600826,0.376348,0
-0.668038,1.447956,0
-1.250831,0.461318,0
1.922171,1.149096,0
0.446762,1.306249,0
2.882697,2.295927,0
0.628171,1.777201,0
3.946060,-0.646449,0
1.191431,0.138914,0
0.970513,2.219570,0
0.512884,1.536991,0
0.403535,1.670794,0
2.328029,0.657219,0
1.369226,3.086666,0
-0.668218,1.215651,0
1.708331,0.085704,0
1.028428,0.676806,0
1.634089,2.906340,0
0.322231,0.314676,0
1.857268,-0.617279,0
1.927266,0.233193,0
1.880788,-0.287339,0
1.260122,-0.680046,0
1.498852,0.080338,0
1.017135,2.225703,0
2.069118,2.238761,0
0.036035,1.201060,0
1.468200,-0.354284,0
-0.232417,0.363076,0
-0.108914,0.913658,0
1.375674,1.079699,0
0.557165,-1.117373,0
0.149556,2.546745,0
-0.321934,2.960319,0
1.922740,1.733776,0
-1.087826,0.373561,0
2.541469,0.134457,0
0.735652,-0.624959,0
2.257396,-0.774482,0
2.576027,0.776540,0
0.949284,2.176350,0
2.438469,0.499474,0
0.676163,0.325406,0
-0.186867,0.063675,0
1.350578,4.138416,0
0.000633,-0.116846,0
1.343879,1.772619,0
1.143239,1.695478,0
1.508025,0.222989,0
2.102946,2.458505,0
-0.428163,1.181694,0
0.224226,0.310688,0
-0.838747,1.081958,0
0.640910,-0.912861,0
1.976928,-1.021510,0
0.361500,0.002237,0
3.715342,0.991858,0
1.740733,1.080715,0
0.840382,3.366943,0
1.029972,2.424606,0
2.095449,0.399583,0
1.114386,0.182396,0
0.767119,2.840096,0
-1.829660,1.698545,0
0.882999,0.087864,0
2.603713,0.615282,0
0.982753,-0.820301,0
1.121341,0.729641,0
2.892607,2.190541,0
2.430365,0.446824,0
2.130069,1.097275,0
1.028721,-0.039235,0
0.531241,1.698976,0
2.124904,1.455583,0
0.475001,2.070924,0
1.446417,0.259876,0
1.011849,0.854100,0
1.041363,-1.135408,0
1.983899,-0.399672,0
0.358705,-0.654896,0
0.948987,0.325937,0
-0.210980,-0.571407,0
1.921183,-0.122687,0
2.554251,1.473261,0
2.668391,1.526983,0
0.772481,0.548290,0
-0.519786,1.627924,0
0.537429,0.927103,0
0.130242,0.771446,0
0.926150,1.967381,0
0.640374,0.239156,0
-0.724885,1.649004,0
1.593200,0.940995,0
0.176630,-0.434370,0
2.873233,0.817566,0
2.068325,0.669048,0
0.104685,1.144072,0
1.789734,-0.761232,0
0.089623,1.140876,0
0.089699,0.664783,0
0.541591,0.250825,0
0.760219,0.726948,0
0.682456,1.242221,0
1.529379,0.301622,0
1.519198,-0.761823,0
1.843287,0.171468,0
3.143003,0.469373,0
1.235934,-0.022925,0
1.434862,2.377370,0
0.809138,1.590395,0
1.226870,2.040377,0
1.707460,0.301315,0
1.070564,1.202030,0
0.901714,0.194950,0
1.314703,-0.585099,0
1.606978,-0.464818,0
1.966426,0.237459,0
1.434418,1.890863,0
0.326949,1.545305,0
-0.428214,1.180443,0
1.512835,0.830707,0
1.235550,2.032174,0
1.736337,0.797450,0
0.461043,1.113356,0
1.106551,1.118868,0
-1.147779,1.520456,0
1.941845,0.949900,0
2.548636,1.034201,0
1.376802,0.369742,0
-0.757609,-0.189352,0
2.120100,0.789543,0
1.679890,1.512275,0
0.999339,1.358946,0
0.288650,0.933552,0
1.601471,-0.345283,0
0.432177,1.381403,0
2.793400,0.322657,0
2.519996,0.558785,0
1.367240,1.159128,0
2.065476,1.577984,0
0.182362,1.517931,0
2.512162,0.391806,0
1.689141,1.892626,0
0.274271,3.069086,0
1.519943,-0.202496,0
1.092628,1.822405,0
0.106339,2.156644,0
0.927797,1.551723,0
2.175914,1.091407,0
0.941976,2.067186,0
3.124450,2.482755,0
0.588848,2.559148,0
1.288399,1.548248,0
1.248372,2.675759,0
1.701071,1.589159,0
1.445652,1.263209,0
1.782955,1.873543,0
0.131248,1.494304,0
1.039030,2.003749,0
0.032069,-0.887700,0
2.654070,0.699495,0
1.369693,0.888178,0
2.034888,0.249323,0
1.570743,1.739594,0
0.851735,0.691025,0
0.922740,-1.279820,0
2.125201,1.847208,0
1.057266,0.197495,0
1.592497,1.471334,0
2.336471,2.264470,0
2.295230,0.613400,0
1.929468,2.500736,0
0.099132,1.584854,0
1.299627,4.012128,0
0.870418,2.858241,0
-0.631432,0.834249,0
0.074419,1.852653,0
1.356367,0.406306,0
2.148164,0.044878,0
1.595363,0.183510,0
0.447867,0.235436,0
0.232409,1.200240,0
1.573565,0.279446,0
1.119971,2.131215,0
-0.246309,0.616367,0
3.832620,2.668355,0
2.831972,4.011489,0
1.888408,0.857272,0
0.117853,1.379225,0
3.022405,1.220886,0
1.507415,1.638881,0
-0.160374,1.715398,0
0.583701,1.030155,0
0.704689,1.007592,0
2.608905,0.229386,0
-1.316434,1.000608,0
1.947935,1.138558,0
1.719599,1.011392,0
1.084220,1.035988,0
-0.285266,0.454435,0
1.060818,0.983795,0
0.163501,0.792410,0
0.345083,1.367560,0
0.961433,1.386325,0
2.772951,-0.922705,0
0.669378,0.970803,0
0.695715,1.017051,0
0.025561,0.391057,0
3.565853,-0.040761,0
1.047510,0.863519,0
0.902762,1.955874,0
1.454772,1.222515,0
-0.145363,0.144986,0
-0.028300,0.341642,0
1.280832,2.580817,0
0.478053,0.447299,0
0.462965,2.195905,0
0.913722,2.112386,0
-0.198764,-0.312240,0
1.414413,2.657763,0
-0.067629,1.061872,0
0.155110,1.748094,0
1.175691,1.193306,0
0.308643,1.053531,0
-0.127473,0.121336,0
1.439611,1.007700,0
1.029643,0.135878,0
1.437112,0.463385,0
0.311249,2.767105,0
1.192265,0.623856,0
1.864376,2.162078,0
0.892307,3.076282,0
-0.535549,2.186545,0
0.100441,1.392725,0
0.304847,1.684627,0
0.217315,2.004154,0
1.257478,1.330923,0
1.189794,1.687975,0
1.495048,2.243954,0
1.355265,1.074423,0
0.624000,0.841729,0
1.978362,0.525075,0
0.785036,1.770174,0
0.350946,0.904585,0
-1.049011,-0.308557,0
1.371400,0.272562,0
0.683797,0.743990,0
0.510961,1.801276,0
0.701847,0.910086,0
0.727792,0.187760,0
2.606108,0.319876,0
1.360044,-0.858689,0
2.176624,-0.736197,0
0.082512,-0.138949,0
-0.996919,0.934149,0
0.161361,0.325208,0
1.039291,0.980445,0
1.870534,0.957804,0
2.789347,2.504664,0
0.474299,1.813612,0
0.851206,3.209001,0
1.516707,-0.608159,0
0.747069,1.297725,0
1.537090,1.887450,0
-0.539077,-0.200634,0
1.876987,1.183604,0
0.470725,2.342484,0
1.626733,-0.225960,0
0.402788,-0.455107,0
0.027993,0.224319,0
-0.172221,0.599691,0
0.156202,0.071229,0
1.489244,2.574533,0
-1.277476,0.369865,0
1.637617,1.325702,0
1.357986,1.272078,0
1.081429,1.863047,0
1.336520,1.043764,0
3.360380,1.159685,0
-0.344063,0.869931,0
0.017088,0.369243,0
0.048335,1.314581,0
0.607399,1.646237,0
-0.474509,-0.502385,0
2.015274,1.515558,0
-2.023166,1.133034,0
1.337127,1.018725,0
0.778395,1.543015,0
1.179485,0.605551,0
1.654967,-0.656977,0
1.036454,0.614433,0
1.583425,1.033393,0
1.783701,1.634811,0
0.424165,4.104248,0
2.110636,1.378908,0
0.647052,2.026120,0
2.496564,0.911023,0
2.148574,0.560441,0
0.741862,-0.102134,0
0.507745,0.682219,0
0.864022,0.127025,0
1.176558,2.268477,0
1.027794,0.332763,0
3.413312,-0.145198,0
1.408272,0.960432,0
-0.126380,2.381005,0
2.070911,1.368716,0
2.130238,0.993385,0
0.310709,1.263413,0
1.086781,0.924928,0
0.633759,2.012487,0
0.800316,-0.037557,0
2.106977,2.509241,0
2.837645,2.810353,0
0.308571,0.230803,0
-1.318783,1.542404,0
-0.040682,2.242406,0
1.908514,2.512116,0
0.788380,1.065533,0
-0.681030,1.737092,0
1.639669,2.232234,0
-0.160258,0.554321,0
1.200352,2.142721,0
0.146029,-0.236256,0
-1.107193,0.434353,0
-0.187687,0.466529,0
0.890260,2.278009,0
3.116219,0.794225,0
-1.141613,1.059580,0
1.688045,-0.633822,0
-0.089161,-1.336701,0
0.111963,1.369485,0
1.005583,1.453678,0
2.601278,0.525875,0
0.469830,0.038913,0
0.192308,2.954239,0
0.461780,0.254896,0
1.544356,1.679558,0
0.598910,0.406429,0
1.223064,0.558193,0
0.573099,1.283089,0
1.131493,0.250875,0
-0.165221,1.350032,0
3.031591,0.952260,0
-0.141051,0.678120,0
0.432782,-1.820910,0
0.564537,2.669696,0
0.629259,2.585888,0
0.176854,1.168001,0
1.377523,-0.018932,0
2.817676,1.094514,0
0.178103,2.116506,0
0.985868,1.989209,0
1.633363,0.793092,0
0.103557,-0.051022,0
1.630660,0.358124,0
0.672175,0.289638,0
2.553360,1.560014,0
1.115348,1.076735,0
1.518140,0.321556,0
1.899163,1.018939,0
-0.081129,1.853796,0
1.618716,-1.009919,0
1.862587,0.740721,0
0.389055,1.502542,0
-1.993282,0.956110,0
0.850408,0.961601,0
0.618061,-1.908814,0
2.052245,1.637451,0
1.973643,-0.910429,0
1.310679,0.721126,0
-0.663910,1.246251,0
-0.548530,2.203712,0
1.115768,0.836557,0
1.872957,1.329887,0
0.703411,1.008283,0
0.209641,2.038105,0
2.223906,1.923929,0
1.110547,0.010343,0
2.966702,2.107575,0
0.539191,2.289489,0
-0.160935,1.961433,0
-0.079309,0.541384,0
2.837804,-0.625196,0
0.506257,1.022663,0
0.287923,0.325927,0
1.892498,1.209620,0
2.165841,1.398854,0
0.831483,-1.359599,0
1.275615,0.842449,0
0.936189,1.660821,0
0.193150,1.207725,0
1.632941,0.838336,0
1.130236,2.323162,0
0.054958,3.218150,0
0.468148,1.557572,0
1.094904,-0.766699,0
0.410044,2.103055,0
-0.010086,2.246860,0
2.465159,-0.378280,0
1.554370,2.003002,0
1.749842,1.892718,0
0.931557,1.079356,0
1.542234,2.083801,0
0.141689,0.620550,0
2.126487,-0.193697,0
1.405019,1.906693,0
0.733118,1.357235,0
1.954410,1.728030,0
1.529580,1.057003,0
-0.138711,-0.111267,0
2.467260,1.294084,0
-0.204975,1.916978,0
0.241573,0.449796,0
0.772605,0.793063,0
0.083807,1.010237,0
0.065907,0.391947,0
1.872744,0.433475,0
1.272540,0.056491,0
2.534760,1.027899,0
0.498935,1.930224,0
-1.105046,0.683009,0
0.263690,-0.110589,0
-0.438658,0.276479,0
0.398093,1.739705,0
0.587751,-1.026388,0
2.572310,1.716919,0
0.971848,1.367745,0
-0.419996,-0.344463,0
1.624262,-0.778279,0
2.631603,2.559316,0
1.975884,0.414533,0
2.047290,2.548124,0
2.811602,1.775669,0
1.541734,0.942152,0
1.276817,1.248830,0
-0.818149,1.545912,0
-0.101473,0.809306,0
2.480182,0.658973,0
1.794835,1.037583,0
0.875393,0.936100,0
-0.629307,0.582425,0
2.450339,1.910469,0
1.513237,0.175540,0
1.095369,1.563933,0
0.360925,-0.252125,0
-0.016110,1.580322,0
0.902643,1.176220,0
2.264016,1.932940,0
1.890413,2.000921,0
2.426586,1.640563,0
0.054770,2.324561,0
-0.446611,3.124464,0
1.675294,0.152227,0
0.611198,1.726392,0
0.235986,2.453582,0
2.128312,1.701138,0
2.789037,1.848796,0
1.306793,-0.363701,0
0.496257,1.149982,0
2.421654,0.959621,0
1.206060,-0.479643,0
1.817986,2.063965,0
-0.615067,0.670705,0
-0.483805,1.669255,0
1.130334,0.331506,0
1.489881,0.261650,0
1.343367,0.947160,0
0.906054,0.114578,0
0.461331,1.313852,0
1.289792,1.729085,0
0.043249,-0.546149,0
0.598413,-0.513655,0
0.126959,0.093605,0
1.000831,1.328828,0
-0.494091,1.705929,0
-0.230552,-1.308558,0
1.299678,-0.827856,0
1.229629,1.919541,0
1.760972,2.174922,0
2.583303,1.723752,0
2.002908,0.459301,0
1.442626,1.559553,0
1.114645,3.681355,0
-1.008530,0.021620,0
1.854506,-0.130452,0
2.593800,1.754004,0
0.699498,1.048480,0
1.938948,1.290207,0
0.621433,-0.037448,0
-0.131428,0.662214,0
1.017652,2.983257,0
2.394301,1.585639,0
0.774667,-1.264954,0
1.034329,0.465740,0
0.490001,0.150551,0
0.598513,1.309505,0
2.727520,1.990788,0
1.924041,1.214605,0
1.985838,3.948737,0
1.324256,1.428871,0
0.075422,-0.389356,0
2.659340,-0.453676,0
0.741899,0.142625,0
1.272664,2.055543,0
0.644366,0.637539,0
0.564149,1.659443,0
2.569461,1.275863,0
-0.005683,1.984303,0
1.987063,-1.925832,0
2.697028,1.956481,0
2.354536,2.290250,0
-0.340218,1.163863,0
-1.692992,1.004220,0
1.798743,2.771746,0
1.849308,2.657666,0
0.732712,3.066713,0
0.801198,-0.202478,0
0.781850,-0.467474,0
2.976156,-1.206011,0
1.386156,-0.248085,0
-0.292757,0.206338,0
1.368669,1.174487,0
1.215703,0.660469,0
-0.744522,1.995553,0
-0.339983,0.341451,0
1.961574,-0.615348,0
2.165995,1.723661,0
2.027173,1.428182,0
0.560387,1.446442,0
0.289911,0.084802,0
1.351652,1.342887,0
2.178672,-0.553497,0
-0.708851,1.443355,0
-0.416651,1.458366,0
1.746917,0.500001,0
0.356380,0.074051,0
0.008555,-0.989319,0
0.779186,1.580000,0
-1.217460,1.073522,0
1.753255,0.742681,0
-0.172409,0.628664,0
0.723304,0.727761,0
1.388278,0.050591,0
1.878872,0.117363,0
0.769108,0.223927,0
1.540767,-1.227121,0
2.274245,-0.135816,0
1.085310,0.076907,0
0.333631,2.978768,0
0.261863,0.566160,0
1.144959,1.953363,0
2.798337,3.605070,0
0.532049,0.687369,0
3.011739,1.033415,0
1.977667,0.024182,0
1.169219,0.120262,0
0.853869,1.720298,0
1.506721,-0.277227,0
1.486433,2.142453,0
0.720728,1.797326,0
2.548106,2.280236,0
1.540761,1.198530,0
0.215609,1.007968,0
0.495736,1.602859,0
2.455272,1.189961,0
2.411167,1.948311,0
0.776556,1.272219,0
1.835959,-0.684482,0
1.623772,1.856230,0
-0.124964,0.742346,0
4.229872,1.708302,0
0.762693,2.105664,0
1.057179,2.871915,0
0.259258,-0.026265,0
2.303564,0.119726,0
1.263917,1.546521,0
-0.219420,1.624415,0
2.458690,0.920084,0
1.399183,2.544794,0
1.563969,0.533515,0
-0.406323,1.568497,0
0.746366,1.562095,0
0.423804,-0.324281,0
1.390223,2.160558,0
0.145291,2.613756,0
1.845879,-0.539003,0
0.768020,1.952010,0
2.800968,2.121181,0
-1.684212,2.567774,0
1.309612,1.108759,0
2.811340,1.837189,0
1.060485,-0.476950,0
-0.298716,0.283470,0
-0.087525,1.995275,0
0.069121,1.406713,0
0.561100,1.841954,0
0.861145,1.370477,0
0.137378,2.288438,0
2.536807,0.791372,0
1.608604,-0.206079,0
1.483860,2.235302,0
-0.063292,1.016272,0
2.206069,1.107030,0
-0.204030,3.559630,0
0.733267,2.168536,0
2.080258,3.041399,0
2.633954,0.332691,0
1.185055,-0.349161,0
-0.364668,0.257922,0
-0.192973,0.590511,0
3.390831,0.949488,0
0.921822,3.121241,0
0.956036,1.242023,0
-0.216440,0.381210,0
-0.323396,0.318119,0
-0.199157,-2.379879,0
0.980426,2.601165,0
2.792470,-1.285158,0
0.809718,1.247410,0
0.100251,0.993359,0
0.248062,1.366481,0
0.575465,-0.304569,0
1.198937,1.711866,0
0.712658,1.552236,0
0.916112,0.541152,0
1.886521,1.706458,0
0.996042,0.584832,0
-0.046295,2.083178,0
0.823374,1.756603,0
1.369433,0.208734,0
0.007847,-1.284108,0
0.063843,2.583879,0
0.335584,0.854880,0
1.397073,1.838100,0
2.201721,1.032368,0
0.957359,-0.366663,0
2.292036,1.160691,0
-0.272017,0.698883,0
0.494387,0.933282,0
0.285233,1.112219,0
0.601833,1.141466,0
2.575810,0.434408,0
0.448403,1.025729,0
0.376540,2.032922,0
0.320677,1.803784,0
0.703636,1.560515,0
-0.019676,1.327132,0
1.236809,3.917851,0
0.241947,1.334125,0
1.515996,1.003935,0
1.671418,1.231839,0
-0.148166,0.179009,0
1.069289,0.783662,0
0.843457,-0.962295,0
1.573508,1.631480,0
1.882155,0.476666,0
0.181082,1.452879,0
0.738552,3.324401,0
0.774673,3.268080,0
0.125466,1.566309,0
2.506449,-0.092419,0
1.500090,3.830626,0
0.453573,-1.460630,0
-0.536164,0.162265,0
2.474287,1.507946,0
1.418778,1.371471,0
0.685799,2.030478,0
0.852356,0.224132,0
-0.316985,3.106558,0
0.362908,2.163035,0
1.691720,-0.131488,0
2.095105,0.188918,0
1.515471,-0.194367,0
1.249291,3.344048,0
2.160150,1.503564,0
-0.727701,0.899102,0
0.532870,1.108968,0
1.640773,1.409182,0
1.090786,1.203594,0
1.484506,2.623202,0
-0.429416,0.368899,0
0.662211,2.691201,0
1.071950,1.800620,0
2.672695,-0.119102,0
-0.332227,1.589317,0
0.161812,1.088803,0
1.362274,-0.571627,0
2.113914,0.243313,0
1.417542,0.947266,0
0.800619,0.066046,0
0.756272,2.760258,0
-0.571316,2.456490,0
0.333018,1.667144,0
1.431699,-0.539256,0
1.137537,2.674188,0
1.918059,1.371981,0
2.304417,0.173162,0
1.031618,-0.386045,0
-0.204258,1.749216,0
2.312907,-0.207972,0
0.875580,0.554180,0
0.575130,1.517306,0
2.664383,-0.424222,0
1.427559,0.950587,0
0.617373,2.334342,0
2.563026,0.204255,0
2.182335,2.101087,0
1.498604,1.932981,0
1.864029,0.904654,0
2.480736,-0.144502,0
0.288978,1.649923,0
0.116900,0.892660,0
0.721449,1.904552,0
0.682078,1.635756,0
0.266704,1.083040,0
1.887040,1.684617,0
-0.104281,0.621861,0
0.473638,2.486637,0
0.603211,1.598658,0
0.880967,1.322385,0
0.694138,2.151291,0
0.978017,0.666200,0
0.729865,1.053813,0
0.780650,0.608384,0
2.992869,1.194519,0
2.090541,0.972777,0
1.305068,0.046668,0
0.369191,-0.112489,0
1.618153,2.162886,0
-0.340693,0.857826,0
1.521784,1.103037,0
0.161372,2.397614,0
-0.981592,0.838181,0
-0.019573,-0.725503,0
0.875603,0.475898,0
1.319746,2.920258,0
0.930959,1.451571,0
0.643843,-0.697587,0
1.110924,0.808349,0
0.183244,1.269692,0
0.730656,2.217299,0
1.102119,1.126989,0
-0.359596,-0.902697,0
2.301639,-0.191065,0
0.103678,0.390417,0
1.305186,0.372447,0
0.152157,0.754243,0
0.656470,1.270479,0
-1.267830,0.458091,0
0.045898,0.929290,0
0.866486,1.176335,0
1.893135,0.482967,0
1.936743,3.093220,0
1.299925,1.889822,0
3.924725,1.040684,0
1.933572,0.403495,0
-0.240430,-0.084158,0
0.270930,0.395159,0
-0.283329,1.385746,0
1.143848,1.417323,0
0.169027,1.804331,0
1.042443,2.407087,0
2.202561,1.626954,0
-0.323663,0.726118,0
2.019670,3.248541,0
1.983444,0.856787,0
2.573196,0.225616,0
1.425021,0.216519,0
-0.488774,1.653377,0
0.847526,0.265388,0
0.698959,0.847629,0
1.789731,2.900517,0
1.252578,0.728049,0
-0.835509,1.977119,0
-0.159310,1.641150,0
-0.136218,0.569828,0
1.197974,1.698415,0
1.285640,0.585559,0
2.521723,1.636415,0
0.687584,1.970074,0
0.396817,1.723351,0
0.798847,-0.389015,0
1.521153,1.110905,0
0.644217,1.109201,0
-1.620899,1.907856,0
-0.463645,2.644751,0
1.594072,1.347252,0
2.987517,1.753104,0
0.310021,1.486164,0
1.441074,-0.281317,0
1.273849,2.643879,0
0.478862,0.533489,0
2.501499,-1.429406,0
0.127472,1.511322,0
0.874578,1.190816,0
2.302341,-0.862084,0
0.868764,0.306110,0
2.877330,2.938738,0
1.681850,-0.041851,0
1.856953,1.148843,0
-0.097901,1.174937,0
2.525188,1.210176,0
1.746966,0.001839,0
2.993758,0.608685,0
3.394445,-1.804610,0
1.060457,1.255643,0
-0.363275,1.668376,0
0.930780,0.248767,0
1.195880,2.374644,0
1.960102,0.363969,0
1.709683,-1.620855,0
0.250018,2.299102,0
-0.786442,0.893400,0
-0.632299,-0.378477,0
0.430951,-1.170247,0
0.018115,-0.052601,0
0.763002,2.000817,0
0.760195,-0.017220,0
0.293222,1.748333,0
1.459297,2.075068,0
-0.425416,0.771569,0
1.419912,0.879954,0
-0.112411,0.919456,0
2.732283,1.064527,0
0.322658,1.109485,0
2.474287,0.158554,0
0.647803,1.712051,0
1.721213,-0.635324,0
0.391687,1.371037,0
-0.456980,0.887433,0
0.369321,0.736669,0
0.479870,-0.748279,0
-0.728266,1.317730,0
0.161589,2.681593,0
-0.726745,2.023332,0
1.920199,1.133572,0
1.628236,1.141992,0
-0.834170,1.169393,0
-0.392422,2.622386,0
1.477321,2.060191,0
-0.725993,-1.112626,0
1.475870,2.109796,0
2.340980,0.919574,0
0.712420,2.273458,0
0.644217,1.787406,0
0.639396,1.989275,0
1.061327,-0.045312,0
0.963510,-0.850153,0
1.657145,0.716574,0
1.727371,1.528101,0
0.768609,0.421247,0
0.819722,-0.044256,0
0.528987,1.083524,0
1.118794,1.586931,0
2.576976,1.146039,0
0.602429,-1.147787,0
3.182737,0.193619,0
-0.475627,0.713748,0
1.137906,1.409185,0
1.433706,0.471891,0
0.577510,1.697756,0
0.388713,0.345693,0
2.215340,0.716589,0
1.507008,1.179352,0
-0.280341,1.817788,0
1.935684,0.343663,0
1.324979,0.748861,0
1.787894,0.643304,0
0.061069,2.875928,0
0.784301,0.094789,0
0.163889,3.262910,0
-0.609560,0.140939,0
1.684635,1.011131,0
0.478240,-0.179263,0
2.022086,1.071202,0
2.202322,-0.599534,0
0.463005,1.521094,0
1.847546,1.135403,0
-1.663159,1.334985,1
-0.327244,-2.379888,1
-3.266952,-0.667200,1
-0.989897,-0.916351,1
-2.055738,-0.702786,1
-1.854394,-1.426386,1
-2.029681,-1.301777,1
1.052523,0.298494,1
-1.058255,-2.469790,1
-1.559430,0.821793,1
-0.657471,0.158868,1
-3.968785,-0.067386,1
-1.667278,-3.301840,1
-1.706929,-2.161617,1
-0.186030,-1.750405,1
-0.342533,-0.412268,1
-1.928616,-2.412202,1
-0.404624,-0.136348,1
-1.688908,0.361490,1
-1.633875,-3.747152,1
0.859610,-0.851551,1
-0.878941,-0.903889,1
-0.609632,-1.815741,1
-3.380324,0.701386,1
-0.198615,-2.463183,1
-2.932289,1.415323,1
1.152608,0.439667,1
0.435609,-0.856775,1
-4.040298,1.064500,1
-2.533631,-0.144553,1
-0.897674,-1.154001,1
-0.836730,-1.770565,1
-0.860540,-0.927540,1
-1.333413,-2.189045,1
-1.704410,-2.402360,1
-3.403747,-1.117268,1
-0.202500,-0.609915,1
-1.567047,-2.603389,1
-1.747493,-1.316357,1
-1.463756,0.028831,1
-0.347001,-0.674783,1
-0.754492,-1.637933,1
-2.892440,-2.596454,1
-0.788459,-1.456395,1
1.023725,-1.197690,1
0.328851,-2.439138,1
-1.216476,-1.407696,1
-1.613986,-2.801837,1
-1.347064,0.834772,1
-1.188761,-1.691477,1
-0.686115,-0.678475,1
0.082708,-1.695330,1
0.547776,-0.313829,1
-1.427320,0.372590,1
-1.509506,-1.191756,1
-2.955966,-0.780663,1
-0.523264,-2.016469,1
-0.108002,-0.853859,1
-1.544530,-0.696244,1
-0.248437,0.107256,1
-1.890973,-1.901848,1
0.162252,-1.434514,1
-0.949433,-0.701836,1
-1.030742,-0.873310,1
-1.247302,-0.153820,1
-2.120650,0.541174,1
-1.124140,-1.634930,1
-1.248863,-1.155361,1
-1.498434,-1.610480,1
-0.267772,-1.508649,1
-2.409561,-0.873664,1
-0.605630,-1.791460,1
-1.567620,-1.809569,1
-0.822428,0.780880,1
-1.426467,0.486424,1
-2.401992,-1.522919,1
-1.120797,-2.509535,1
-1.611060,-0.985224,1
-0.257308,-2.489858,1
0.320457,-0.097197,1
-0.732303,-0.538819,1
-0.558474,1.182892,1
-0.341589,-2.314871,1
0.981416,-1.410830,1
-0.038083,-0.817318,1
-0.454157,-1.524952,1
-1.383203,-1.178878,1
-1.480103,-3.361755,1
-1.119681,-1.375121,1
1.124638,-1.279961,1
0.447193,-1.215792,1
-1.611779,-1.538423,1
-1.678862,-2.176608,1
-1.816096,-0.101272,1
0.063388,-1.473805,1
-2.717509,0.491045,1
-1.560132,0.639690,1
-0.611918,-1.404310,1
-0.693892,-0.531957,1
-2.461376,1.528657,1
0.033618,-3.383776,1
-1.069026,-1.387367,1
-0.523108,0.211794,1
-2.231381,-2.036252,1
0.027028,-1.603869,1
-0.686294,0.725254,1
-1.711898,-0.696005,1
-1.996785,-2.555139,1
-0.485355,-0.191188,1
0.462944,-1.413403,1
-2.200962,-0.352527,1
0.612094,-0.763512,1
-1.070293,0.174666,1
-0.990781,-2.207869,1
-0.780443,-2.035606,1
-0.369568,-1.279288,1
-1.035521,-0.157981,1
-0.148016,-1.816644,1
-1.651855,0.290148,1
0.447191,-1.033713,1
-2.261590,-2.673321,1
-0.962469,-0.173636,1
-0.046513,0.569588,1
-3.220966,-0.416509,1
-1.123022,-0.309000,1
-1.336525,-1.713189,1
0.362340,-2.304829,1
-0.177544,-0.380392,1
-1.084742,-3.376718,1
-3.828680,-1.272551,1
0.351539,-0.962119,1
-2.116937,-0.270435,1
-1.130097,-0.902677,1
-0.925677,-3.034201,1
-0.751726,-0.296522,1
-2.861940,-1.116380,1
-3.061018,-0.650815,1
-1.969834,-0.229176,1
-0.095848,0.295586,1
-1.691034,0.278663,1
-0.376131,-0.376338,1
-0.257760,-1.441335,1
-1.665517,-0.941231,1
-0.783000,-1.631548,1
-2.613847,-0.218954,1
-1.081275,-1.181646,1
-2.698778,-1.615571,1
-1.222471,0.724846,1
-0.274841,-1.701675,1
-1.213188,-2.384313,1
-0.881492,-0.511074,1
-0.158215,0.061493,1
-1.462978,-1.160546,1
-2.309856,1.153090,1
-2.393889,-1.170802,1
-0.446534,1.273886,1
-0.451476,-1.194998,1
-1.080739,-1.180318,1
0.270782,-1.010189,1
-0.523983,-1.377434,1
-0.980192,-0.798980,1
-2.290997,-0.241435,1
0.362243,0.984766,1
-1.178758,-0.182784,1
-0.560641,0.054205,1
-1.175217,0.749887,1
-1.940749,-1.160411,1
-1.865011,-0.629816,1
-2.445990,-0.164953,1
-0.543150,-1.043346,1
-3.183655,0.447739,1
-2.871518,-1.420631,1
-1.587213,0.306114,1
0.902115,0.666233,1
-0.398463,-1.083842,1
-0.703426,-1.502039,1
-0.545613,-1.212484,1
-1.434969,-1.736434,1
-0.695664,-2.047742,1
-0.459484,-0.978793,1
-0.402411,0.035654,1
-2.745632,-0.699710,1
-0.812551,0.879349,1
-2.313140,-0.927978,1
-0.193174,-2.453679,1
-0.833882,-2.437160,1
-0.714223,0.264170,1
-0.981064,-1.617271,1
-1.337394,-1.358210,1
-0.670555,0.287448,1
-0.481711,-1.254843,1
1.002365,-0.519634,1
-0.752925,-0.497909,1
-0.293762,-0.454086,1
-0.085441,-0.520278,1
-0.297714,-0.200407,1
-0.200863,-0.356675,1
-1.700038,-1.879247,1
-0.293261,-2.076976,1
-0.339019,-0.291862,1
-0.415090,-2.847561,1
-0.663294,-0.722855,1
-1.006464,-1.886635,1
-1.902299,-1.461468,1
-0.652016,0.270188,1
-0.636047,-0.479885,1
-1.259235,0.790766,1
0.087103,-1.109163,1
1.470792,0.118440,1
-2.804766,0.255983,1
0.345831,-0.917882,1
0.540183,-1.049860,1
-2.399360,-1.911263,1
-2.290557,0.205958,1
-2.133005,-1.656662,1
-0.856462,-2.269000,1
-2.119848,-0.791824,1
-1.817122,-0.262558,1
-0.512247,-1.588208,1
-0.683715,0.117596,1
-0.224747,-0.560449,1
-2.460755,-2.296429,1
1.136875,-1.408718,1
-2.155826,-0.534744,1
-1.456284,-0.473457,1
-0.736300,1.194314,1
-2.698366,-1.465863,1
-1.027526,-0.338379,1
-2.987165,-0.962733,1
-1.294242,-1.642364,1
-0.944118,-0.257926,1
-2.514560,0.402071,1
-2.163174,-0.501259,1
-0.102053,-1.888420,1
-0.495433,-0.222630,1
-3.844859,0.491506,1
-0.953927,-2.430973,1
0.201231,0.604203,1
-1.544360,-1.926874,1
-0.104479,-1.348825,1
-2.247204,-0.500991,1
0.321793,0.054851,1
0.997157,0.433669,1
-0.220860,-1.410806,1
-1.173624,0.016603,1
-0.858636,-0.664103,1
-2.024810,-1.556435,1
-0.505013,-0.890872,1
-1.087252,-2.949000,1
-2.043502,-1.128653,1
-0.959349,-0.919123,1
1.157314,-0.566491,1
-0.835503,-0.308760,1
-0.592046,-1.975305,1
-2.207101,-3.492919,1
-1.369044,0.122491,1
-1.866753,-1.964627,1
-1.258195,-0.528669,1
-2.087528,-0.757465,1
-0.304074,0.342169,1
-0.656312,-0.087538,1
-2.472672,-0.762905,1
-0.861739,-0.385882,1
-0.998116,-0.528845,1
1.224660,-0.670208,1
0.651715,-0.466885,1
-1.716595,-1.694112,1
-1.800968,-1.256889,1
0.023861,-0.287812,1
0.149919,-0.767497,1
0.076049,-0.651053,1
-1.825311,-0.349133,1
-1.772407,-0.562481,1
-0.089123,-3.145272,1
-0.369130,-1.290323,1
-0.470188,-0.213799,1
-1.865492,-2.369439,1
0.843584,-2.159335,1
-1.474562,-1.554016,1
-3.229289,-1.514935,1
-0.817383,-1.231751,1
-0.607474,-2.167612,1
-0.603613,0.700109,1
0.235910,-0.543000,1
0.679923,-0.158287,1
-1.545271,-1.691354,1
-1.347598,-2.127010,1
1.197843,0.379447,1
-2.085291,-0.514046,1
0.245351,-0.280394,1
0.101976,-3.563876,1
-0.819561,0.197131,1
-0.884295,-2.578218,1
0.181592,-2.178329,1
0.972746,-1.870054,1
-1.742044,-0.365302,1
-0.636768,-2.845985,1
1.129460,-0.534163,1
-1.977440,-0.341244,1
0.002272,0.428530,1
-2.087868,0.418923,1
-0.684402,-2.000838,1
-1.795746,-2.425586,1
-0.861078,0.097406,1
2.562253,-1.311258,1
-1.427383,-1.928187,1
-0.760510,0.006973,1
-1.256013,-2.064342,1
-1.400625,0.031944,1
-2.302577,-1.759780,1
-0.819986,-0.825934,1
-0.044806,-1.235033,1
-2.583258,-1.402632,1
-0.808767,-0.930109,1
-0.083569,-1.797383,1
-2.461458,-2.075974,1
-1.762839,-2.868536,1
-2.406499,0.081734,1
-1.236701,-1.835748,1
0.731847,-1.247637,1
-2.335870,-1.789874,1
-3.393564,2.339462,1
-0.459383,-1.086965,1
-0.201900,-1.544772,1
1.438669,-1.397936,1
-1.391646,-2.707334,1
-0.361580,-0.411736,1
-0.851483,0.091505,1
-1.216833,-0.488759,1
-1.560506,-0.814747,1
-1.030275,-1.149199,1
1.421327,0.504115,1
-2.757100,-0.484677,1
-0.915320,-0.491552,1
-0.501941,-2.460924,1
-1.798138,-0.336114,1
-0.878012,0.711009,1
-3.100139,-1.858004,1
-3.088365,-0.564737,1
-2.317231,-2.376301,1
-2.919948,-0.433855,1
0.862131,-1.494040,1
-0.904734,-0.749130,1
-1.059522,-0.800987,1
-0.953486,0.782615,1
-2.976603,0.151215,1
-1.702730,-0.702581,1
-0.714181,-1.626630,1
-0.160286,-1.590799,1
-0.946082,-2.131096,1
-1.841163,-0.070773,1
-0.166777,-0.103627,1
-1.533721,1.151783,1
-1.500562,0.489042,1
0.737166,-0.976018,1
-1.500118,-1.908456,1
-0.160719,-0.921216,1
-0.795588,-2.172527,1
-0.482305,-0.362129,1
0.339080,-0.022691,1
1.070294,-1.595949,1
-1.010281,-1.833106,1
-2.185513,-1.912339,1
-0.284252,-0.861450,1
-2.589858,-2.985760,1
-1.110355,-1.010532,1
-1.737044,-2.177680,1
-0.738005,0.331912,1
-1.106140,-0.049572,1
0.547668,0.105011,1
-2.377001,-1.484372,1
-1.569454,-1.147120,1
-2.014349,1.623025,1
0.909645,-2.533499,1
0.545621,0.118171,1
0.015008,-1.300213,1
-1.405065,0.216357,1
-1.201960,-1.216399,1
-0.922909,-0.784957,1
-0.263451,-2.430587,1
-2.084888,1.113185,1
0.698113,-3.145669,1
-2.005455,-0.229353,1
-1.201771,-2.351385,1
-1.359301,-1.448891,1
-1.632476,1.059065,1
-0.158690,-1.366889,1
-0.538006,-2.066964,1
-2.487415,-1.595241,1
-1.133880,-1.608021,1
-1.200181,-0.661003,1
0.563844,0.024513,1
-1.606182,-1.327386,1
-0.961154,-0.027192,1
-2.263572,-1.658805,1
-1.172871,-0.946684,1
1.684570,-0.334033,1
-0.491371,-0.684714,1
-1.629706,-1.609370,1
-1.237721,-0.847636,1
-0.443898,1.108126,1
-0.730711,-1.925140,1
-1.318899,-2.204088,1
-1.655258,-1.119342,1
-2.081158,-2.366853,1
-1.861968,-1.769669,1
-1.265355,-0.184575,1
-4.203960,-0.990417,1
-1.954618,-1.119312,1
0.302806,-2.178977,1
-0.731932,-1.451290,1
-1.870562,-1.364623,1
-2.054133,-1.920115,1
-0.472040,-2.292839,1
-0.993493,-0.754138,1
0.507488,-0.932924,1
-0.965739,-2.609309,1
1.158299,-1.198161,1
-1.513902,-0.824072,1
-0.300352,-0.107700,1
1.031165,-1.558443,1
-3.273653,-0.802014,1
-0.089199,-1.170417,1
-2.183556,-2.229956,1
-1.265079,-1.372021,1
-1.573731,-0.277362,1
-1.256794,-1.500765,1
-1.907730,-1.949811,1
-2.175312,-2.100138,1
0.318047,-1.216063,1
-1.543972,-2.050768,1
0.138183,-0.524400,1
-1.711473,-1.430960,1
-1.573651,-1.133220,1
-0.593772,-0.294982,1
0.052663,-1.760995,1
-2.852779,-1.052724,1
-1.422881,-1.549950,1
-0.976884,0.125552,1
0.347637,-1.150891,1
-2.256604,-0.921608,1
-0.395690,-2.563866,1
0.058877,-2.776990,1
0.485476,-1.734756,1
-1.643222,-1.583581,1
-1.450285,-0.824287,1
-1.576386,-2.491659,1
-1.515620,-0.099435,1
-1.512972,-1.196445,1
-1.031690,-1.117617,1
-1.521150,-1.094412,1
-0.137139,-1.442884,1
0.605373,-1.847144,1
0.305774,-0.257028,1
-1.470713,-0.763004,1
-0.625134,-1.089965,1
-1.555119,-1.847062,1
-1.028224,-1.190307,1
0.040682,-2.902218,1
-1.175967,-1.798532,1
-2.138363,-0.172142,1
-0.889680,-1.308785,1
-0.862098,-0.242692,1
-1.020041,-0.656002,1
-1.593269,-1.527305,1
-2.047439,-2.713612,1
0.031826,-1.113276,1
-0.493037,-0.856921,1
-1.000745,-2.443711,1
-1.864713,0.331569,1
-2.146488,-0.348427,1
-2.622393,1.774012,1
-1.122401,-2.155116,1
-1.850080,-1.076029,1
-0.226361,-0.309666,1
-0.564965,-0.835759,1
-1.789653,-1.266813,1
-0.753010,-1.078059,1
-0.008626,1.185509,1
-0.693377,-2.101102,1
-1.314116,-1.291966,1
-1.785213,-2.112161,1
-0.959512,0.132060,1
-0.636430,-1.756787,1
-1.863476,-1.809704,1
-1.096077,-0.351255,1
-0.199156,-0.561849,1
-2.320177,-0.563156,1
-0.545472,1.471466,1
-0.947653,-2.724772,1
-0.666145,-3.168339,1
0.096331,0.813866,1
-1.528399,1.672297,1
-2.030924,-1.698606,1
-0.854646,-0.800097,1
0.257248,-0.016383,1
-0.392528,-2.646440,1
-1.162832,-0.651327,1
-0.997303,0.987299,1
0.289127,0.047524,1
-1.072460,-1.509036,1
-0.892159,-2.556660,1
-1.364662,-2.142232,1
-0.757154,-0.960524,1
-2.297684,-0.773304,1
0.783494,-1.748291,1
-1.060196,-0.896856,1
-3.163890,-1.352221,1
-1.488633,-1.608949,1
-1.113169,-1.171403,1
-1.113088,-0.578312,1
-1.093344,-1.981097,1
-0.670148,1.265605,1
-0.064604,-1.437537,1
-1.185446,-1.010570,1
-1.325226,-0.742423,1
1.031134,-1.748767,1
1.786354,0.624683,1
-0.292688,-0.407808,1
-2.630941,-0.616529,1
-1.801199,-2.776450,1
-0.696094,-0.588125,1
-0.123719,-0.453241,1
-0.738152,-2.318038,1
-2.381073,-0.785347,1
-1.746160,-0.447956,1
-0.880147,-0.725759,1
-0.886454,-1.155549,1
-1.839901,-0.271399,1
-0.602435,-0.790987,1
-0.031963,-1.576666,1
0.259891,-0.283536,1
-2.681534,-1.270195,1
-2.308687,-0.293813,1
-1.015473,0.090570,1
-1.487060,-0.835410,1
-0.973178,-2.244759,1
-0.277637,-0.905828,1
-1.904343,0.541392,1
-2.203111,-1.268496,1
-0.359993,-2.566575,1
-0.730368,-1.261369,1
-0.819507,-0.051058,1
0.095936,-2.464443,1
-1.583683,-0.222660,1
-0.190504,-0.290854,1
-0.310895,-1.465401,1
-0.218334,-1.899765,1
-0.955311,-1.122663,1
-0.461754,-1.800880,1
-1.770508,-2.075887,1
0.443062,-2.400303,1
-2.121544,-1.151542,1
-2.408852,-1.506754,1
-1.793631,-0.217070,1
-1.176050,0.495692,1
-1.116284,-0.278823,1
0.694539,-0.306042,1
-1.219988,-1.531358,1
0.237831,-0.472103,1
-2.188053,-1.959739,1
-2.569044,0.649734,1
-0.725473,-0.501298,1
-2.412307,-1.076289,1
-0.818011,-1.427324,1
1.004524,-0.244479,1
-1.061856,-0.822892,1
-0.765001,-0.493750,1
-1.327187,-3.067292,1
-0.431000,-1.056928,1
-0.288819,-2.046128,1
0.692413,0.000674,1
-2.859716,-0.869182,1
0.013958,-1.539896,1
-0.526464,0.445405,1
-0.870596,0.126067,1
-1.307667,0.034068,1
-1.433489,-1.228999,1
-0.206729,-2.068633,1
-0.789860,-1.616724,1
-0.381911,0.771649,1
-0.178662,-1.388062,1
0.387201,-0.534402,1
-1.270581,-1.407641,1
-0.283767,-2.453965,1
-1.925790,0.206264,1
-1.539847,-0.547238,1
0.550227,-0.957767,1
-1.946991,-1.126163,1
-0.173945,1.103090,1
0.087327,-0.676253,1
-0.748866,-0.849530,1
-0.381157,-2.478354,1
-1.024629,-0.637435,1
-2.605216,-2.141191,1
-1.060778,-0.608274,1
-2.734472,-0.264962,1
0.834470,0.818719,1
-2.600209,-0.513768,1
-3.485212,-1.003656,1
-0.509250,1.104257,1
-2.433376,0.086053,1
0.003908,-3.482502,1
-1.231326,-0.691715,1
-0.693619,-0.999946,1
-1.810787,1.382693,1
-2.811542,-0.904411,1
-1.253475,-3.923642,1
-0.886307,-0.092032,1
-0.320948,0.685202,1
-0.447956,-0.292878,1
-1.186409,-1.483693,1
-0.352190,0.914522,1
-1.207111,-1.917736,1
-1.615726,-2.992124,1
-0.209958,-3.247555,1
-0.168011,-1.456345,1
-2.301382,0.077539,1
-1.985092,-3.372354,1
-2.981921,-0.871226,1
-2.167351,-0.478383,1
0.629546,-0.362226,1
-0.314668,-0.108776,1
-1.173707,-1.242526,1
-0.413646,-0.500409,1
-1.591604,0.639822,1
-2.246437,0.149126,1
0.106321,-0.137639,1
0.481890,-2.676434,1
-3.444625,0.175300,1
0.189227,-1.820671,1
-1.250844,0.253273,1
-2.506634,0.037340,1
-1.230139,-2.728498,1
0.010620,0.920437,1
-2.203745,-0.345119,1
-0.933408,-0.735588,1
-1.340691,-0.926148,1
-1.270761,-0.944839,1
-1.873577,-0.525205,1
-3.241004,-0.646849,1
-1.186449,0.620165,1
-0.125469,-3.582932,1
-0.258079,-1.704788,1
-0.312750,-0.587054,1
-1.470893,-1.611854,1
-2.344699,0.141911,1
0.241302,-2.263946,1
-1.299803,-0.996566,1
-0.666646,-0.232466,1
0.863186,-0.311331,1
-2.015735,-0.738381,1
-1.337628,-0.041234,1
-0.491658,-0.819706,1
-2.026711,-2.113673,1
-1.758981,-0.585061,1
-1.995265,-1.941559,1
-0.542260,0.368433,1
0.482656,-2.475058,1
-1.529235,2.520706,1
-0.399746,0.072185,1
-1.963489,-2.562707,1
-0.711035,-0.489100,1
-0.770872,-1.916014,1
-1.867176,0.859060,1
-1.754257,-2.298352,1
1.331470,-1.589081,1
-2.379072,-1.631073,1
-3.195263,-1.147359,1
-2.923799,-1.573594,1
0.063235,0.491581,1
-2.885007,0.073975,1
-0.280486,0.205180,1
-0.424578,-0.568747,1
-0.643904,0.171146,1
-1.319151,-0.506630,1
-1.084460,-0.940248,1
-2.358087,-0.560112,1
-1.054332,-1.198122,1
-0.860700,-1.195058,1
-2.099946,0.298992,1
-0.241382,-0.725855,1
-0.467663,-1.074402,1
-1.515285,0.019443,1
-0.122725,-0.948723,1
-1.989968,-2.066136,1
-1.994187,-0.961130,1
-1.156161,-0.477697,1
0.265998,-0.997797,1
-1.748714,-2.536727,1
0.162125,-0.711537,1
-1.329120,-1.188144,1
-1.613371,-3.156878,1
-1.707599,-2.151555,1
-1.036568,-2.064566,1
-1.945461,-1.463838,1
-1.004338,-0.628580,1
-1.529858,-1.595529,1
-1.512887,-0.034545,1
1.719339,-0.598226,1
-2.040594,-1.086483,1
-0.632769,-0.962271,1
-1.718122,-0.467828,1
-2.139477,-0.288589,1
-2.826479,-1.063756,1
-1.027448,-0.665408,1
-1.335814,-1.620974,1
-2.754411,-0.060819,1
-1.962013,0.169191,1
1.596397,-1.653847,1
-0.949146,-1.248398,1
-1.656223,-2.037520,1
-0.652242,-1.965001,1
-1.179173,-1.562101,1
-1.476335,-2.048327,1
-1.809552,-0.212206,1
0.023195,-1.781682,1
-1.741594,-0.420961,1
-2.101839,0.019218,1
-1.602016,-1.054030,1
-0.481570,-0.853528,1
-0.574995,-1.719491,1
-1.063163,0.423645,1
-1.321367,-1.765556,1
0.640253,0.339643,1
-1.186213,-0.321078,1
-0.854646,1.196069,1
-0.509399,-4.405346,1
-1.193643,1.200973,1
-1.458305,0.740354,1
-0.453428,0.421304,1
0.503680,1.293840,1
-1.744807,-1.413803,1
-2.462574,-0.582858,1
-3.047315,-0.320686,1
-2.409036,-2.738239,1
-1.560289,-1.918597,1
0.446426,1.605866,1
-0.956338,-0.748579,1
-1.186378,-1.867213,1
-1.470950,-2.579655,1
-1.252599,0.438900,1
1.484863,-2.293075,1
-0.297336,1.064428,1
1.925324,0.357083,1
-1.349682,-1.106889,1
-0.869895,-0.110251,1
-2.900082,-0.072786,1
0.620853,-0.564771,1
-0.392412,-0.923909,1
-0.793495,-1.913435,1
0.449954,-0.856668,1
-1.044160,0.159328,1
-0.365433,-0.703648,1
0.003877,-0.740211,1
-1.078760,-0.709335,1
-1.124882,-2.009286,1
-1.636568,-2.250835,1
0.751085,-2.485216,1
-1.501307,-1.999465,1
-0.705085,-0.416935,1
-2.860157,-0.934064,1
-0.466824,1.313312,1
-0.611279,-0.759514,1
0.789670,1.337758,1
-1.566026,-2.046059,1
-2.650989,-2.033770,1
-1.883363,0.826237,1
-1.837065,-0.954943,1
-0.767474,-2.834158,1
-0.427398,-1.908951,1
-0.967846,-0.506886,1
0.013551,-0.596613,1
-0.655095,-0.630081,1
-0.144612,0.358026,1
-0.681289,-1.734776,1
-1.070231,-1.026268,1
0.803610,-1.728994,1
-0.469784,-2.507049,1
0.145528,-4.017776,1
-1.605621,-2.795407,1
0.119505,-1.141171,1
-2.037359,-1.585388,1
-0.917356,-1.615193,1
-0.767886,-1.092940,1
0.368243,-2.559518,1
-2.297010,0.004578,1
-2.935960,-0.575191,1
-0.046471,-1.252688,1
-0.140309,-0.770554,1
-3.030567,0.228388,1
-0.955356,-1.352765,1
-1.433651,-0.605729,1
-1.056355,-1.482520,1
0.143802,-2.777241,1
-0.234051,-2.257006,1
-0.937855,-3.062277,1
-0.855262,-1.534748,1
-0.155842,-1.118335,1
-0.709829,-2.200960,1
-1.784692,-0.174181,1
-1.626641,-0.943064,1
-0.624002,-0.676678,1
-2.359014,-0.143946,1
-1.016685,-2.499420,1
-1.307342,-4.364987,1
-2.589969,-1.904138,1
-2.041163,-0.215438,1
-1.054318,-2.559194,1
-1.065713,-0.089082,1
-1.153666,0.407886,1
-2.314029,-0.886626,1
-0.531350,-0.080163,1
-1.770747,-1.072760,1
-2.649768,-0.723722,1
-0.352804,-3.215768,1
-0.683273,0.320167,1
-1.049465,-0.064454,1
-0.126660,-1.929495,1
-0.269632,-0.763304,1
-1.172792,-1.124427,1
-2.115410,-0.287153,1
-2.772910,0.177832,1
0.140624,0.572220,1
0.895032,-1.688154,1
0.237566,-0.946353,1
1.298820,-0.895301,1
-2.121007,-1.456748,1
0.147922,-1.373497,1
-1.484079,-2.597048,1
-0.826614,-2.136526,1
-2.269907,0.308849,1
-0.765717,-2.043571,1
-0.638839,-0.553819,1
-0.847509,-0.598275,1
3.031340,-1.652332,1
-1.498425,-0.404766,1
1.323927,-1.594056,1
-0.972288,-1.680021,1
-0.390804,-0.982129,1
-1.998381,-1.209626,1
-2.493012,-1.052050,1
-1.550078,0.125729,1
-1.952709,-2.653538,1
0.005862,-0.361687,1
-0.423538,-2.668432,1
-0.785401,0.136438,1
-0.238516,-1.134882,1
-2.181307,-1.479240,1
-3.638242,-0.292205,1
-1.451088,-0.736670,1
-1.803577,-0.784199,1
-1.651821,-2.387688,1
-0.833160,2.506747,1
-1.525629,0.620398,1
1.130703,-2.843387,1
-1.730589,-0.231544,1
-1.000649,-2.399731,1
-1.558921,1.404059,1
-1.774165,0.276417,1
-1.600408,0.710752,1
-0.774395,-1.726787,1
-0.603617,-1.568931,1
-0.062549,-0.978052,1
-0.939121,-0.744853,1
-1.953850,-2.154311,1
0.632802,-1.857697,1
-2.218545,-1.587538,1
-0.690336,1.170121,1
1.146463,-0.946175,1
-3.003298,-1.941417,1
-1.118581,-1.464045,1
-0.491037,0.333433,1
-0.725139,-1.056994,1
-1.711704,-1.951788,1
-2.831213,-0.361084,1
-0.598176,-1.213395,1
-1.279665,-1.149900,1
-2.691599,-3.031602,1
-1.858628,-0.936016,1
-1.529633,-0.243625,1
-1.358835,-0.783227,1
-0.195787,-1.368990,1
-2.542006,-0.441885,1
1.062524,-1.575661,1
-0.393815,-1.994429,1
-2.354772,-2.120235,1
-0.572828,-1.606822,1
0.382326,-1.742773,1
-1.043145,-0.953385,1
-1.124216,-1.880136,1
-0.895010,-0.142512,1
-1.397327,0.613753,1
-1.740775,-0.823188,1
-0.905557,-0.304827,1
-0.714201,-0.425454,1
-1.797525,0.262918,1
-1.314525,-1.909191,1
0.744876,0.430368,1
-1.131985,0.875066,1
-0.719892,0.430137,1
-0.284045,-2.042433,1
-0.163108,0.046718,1
-1.593519,-0.397830,1
-1.090837,0.238035,1
-0.364062,-0.486048,1
-0.972010,-0.209171,1
-1.100590,-2.568145,1
-0.074306,-1.764476,1
-0.572797,-1.660761,1
-1.826051,0.311696,1
-0.168243,-1.512890,1
-0.551075,-0.070090,1
-1.162058,-0.460677,1
-1.874568,-0.821780,1
-1.118958,-0.247341,1
-1.968704,-1.097802,1
-1.364405,1.426325,1
-0.269057,-2.821382,1
-0.296298,-1.231686,1
-0.097894,1.550016,1
0.044736,-1.209568,1
-3.634556,0.018721,1
-0.319948,-1.460669,1
-1.381795,-1.474337,1
-1.110579,-0.753261,1
-1.021702,0.873025,1
-2.565031,-0.974769,1
-2.059882,-1.565627,1
-1.016300,-1.307487,1
-1.363608,-2.894038,1
-1.456766,-0.990209,1
-1.047760,-1.586243,1
-0.317762,-0.641362,1
-0.027855,-0.482825,1
0.042270,-0.808627,1
-1.292887,-1.249479,1
0.556668,-1.883625,1
-1.774846,-0.276917,1
0.226573,-2.316014,1
0.057090,0.362804,1
-1.200813,-1.411631,1
-1.793032,-1.225238,1
0.823889,1.078502,1
-0.748982,-1.467262,1
-0.357866,-1.413615,1
0.081542,-1.438943,1
-1.947938,-2.204757,1
-1.473351,-1.263515,1
-0.831787,-1.266371,1
-1.113610,-2.250487,1
-0.878118,0.211280,1
1.263967,-0.473883,1
-0.801028,0.888278,1
-1.231821,-0.634795,1
-1.487459,-1.337583,1
-1.572872,-0.831962,1
-1.000124,-0.905256,1
0.176400,0.424743,1
-2.835396,-3.075341,1
-0.932752,-1.623960,1
-0.857974,-0.728140,1
-0.948213,-0.556538,1
0.829039,-2.395535,1
-0.368732,-1.672146,1
-0.646694,-2.172764,1
-1.233084,-1.596543,1
-2.755394,-2.400414,1
-1.052996,1.193851,1
-0.872820,-1.730184,1
-0.063616,-1.104402,1
-0.035143,0.530613,1
-0.920278,-1.774650,1
-0.206984,-1.127315,1
0.918612,0.149838,1
-1.940678,-0.951740,1
-1.196446,-1.807427,1
0.085212,-0.414904,1
-1.033922,-2.726541,1
0.082164,-0.535329,1
-0.504719,-0.036345,1
-0.137861,-1.278751,1
-0.844325,0.468027,1
-0.908506,-0.668931,1
-2.512698,-2.584499,1
0.043664,-1.110873,1
0.055788,-0.010319,1
-3.285002,-0.451348,1
0.735900,-2.072851,1
-0.475996,-1.480899,1
0.167505,-0.058651,1
-0.556303,-1.262830,1
-1.033944,-0.397841,1
-1.578326,-1.067540,1
-1.433485,-3.380334,1
-2.556595,-3.328146,1
-1.996094,-1.452503,1
-0.947715,-2.818324,1
-1.499317,-0.086460,1
0.280278,0.590286,1
-0.599497,-1.096874,1
-2.326825,-3.028684,1
0.168159,-0.551567,1
-0.901925,-1.453088,1
-1.675261,1.106383,1
-1.726363,-3.267032,1
-0.197754,-0.256554,1
-0.992610,0.339426,1
-1.379677,-0.421559,1
-0.588509,-0.271744,1
-1.935342,-2.440697,1
-0.382852,-0.820881,1
0.926608,1.355396,1
-1.352877,-1.436909,1
-0.923082,-1.779425,1
0.011949,-1.182943,1
-0.738637,1.017233,1
-0.169247,-2.521826,1
-0.060282,-1.400257,1
-1.810538,-0.727652,1
-1.333884,-2.146309,1
-0.689138,-1.983782,1
-1.422500,-0.765791,1
0.027383,-1.251116,1
0.243912,-0.724976,1
-0.604711,-1.827569,1
-3.073127,-2.285173,1
-2.238279,-0.862909,1
-1.394368,-1.584295,1
-0.364574,-1.314813,1
-1.361052,-0.364151,1
-1.178656,-0.961809,1
-1.046456,-0.899656,1
-0.787298,-1.774024,1
-2.089194,-1.880161,1
-2.317392,-1.616101,1
-0.743585,0.320508,1
0.940311,-2.810090,1
-0.076044,-1.888827,1
-1.188732,-0.729375,1
-0.184300,-0.898739,1
-1.089414,-1.647473,1
-0.816715,-1.141966,1
0.689427,0.747867,1
-2.007328,-0.668058,1
-0.519025,-0.408553,1
-0.876129,-0.680277,1
-1.278818,-2.253292,1
-2.461492,-1.140594,1
-2.362785,0.038259,1
1.127215,-2.234872,1
1.493037,-0.973038,1
-1.340623,-3.086727,1
-0.247632,-1.229516,1
-2.183361,-1.293878,1
-2.802989,1.229474,1
-0.460855,-2.785992,1
-0.846337,-1.444898,1
-1.855057,-3.299747,1
-1.747094,-0.912038,1
-0.138697,-0.675842,1
-0.328353,-0.963267,1
-0.390853,-1.424569,1
-0.081333,-0.725399,1
0.420844,-0.285531,1
-0.949599,0.056179,1
-1.095446,0.420518,1
0.007689,-1.052766,1
-1.662486,-1.879127,1
-1.552181,0.200920,1
-0.949745,-1.412416,1
-0.848558,-1.618200,1
-3.423109,-1.373402,1
-1.621887,-2.920032,1
-0.670089,-0.918833,1
-0.707131,-2.031696,1
1.155247,-0.130141,1
-2.570706,0.225733,1
-1.531631,-0.943603,1
-2.101437,-1.990716,1
-1.898591,-1.615593,1
-0.787144,-2.320225,1
-1.326866,-0.275600,1
-2.794857,-2.982523,1
0.363193,-2.698494,1
-1.188984,0.724338,1
-0.675860,-0.875916,1
-0.341734,-1.055224,1
-0.730327,0.376656,1
-1.474998,-0.820282,1
-0.748507,-1.143061,1
-3.107781,-1.712539,1
-0.009677,-1.642918,1
-1.451594,0.134645,1
-2.585190,-0.179652,1
-1.703795,-2.378188,1
-0.123828,-3.489618,1
-1.972747,-2.240269,1
-1.838369,-1.894501,1
0.483013,-0.541822,1
0.366693,-2.678410,1
-0.753724,-1.316333,1
-1.213456,-1.393321,1
-2.053998,-4.315790,1
-0.737782,-1.857576,1
-0.030717,1.288498,1
-0.460827,-1.014792,1
-1.842119,-0.563426,1
-0.810184,0.159364,1
-0.322651,-3.096155,1
-0.418189,-1.647727,1
-0.191198,-0.348452,1
-2.225147,-0.051735,1
-0.063724,-1.005417,1
0.640680,-1.435278,1
-2.719035,-1.830685,1
-0.876065,-1.380030,1
-2.465452,-0.923333,1
-1.102155,-0.387454,1
-0.281996,-1.484488,1
-0.424857,-0.779739,1
-2.031436,-1.776752,1
-1.657552,-0.012958,1
-1.651405,-3.387385,1
-0.975155,-0.180969,1
0.794961,-0.968759,1
-1.623808,-0.818114,1
-2.906078,1.747388,1
-1.003459,-0.270271,1
-1.597302,-0.694024,1
-3.464423,1.394767,1
-0.241466,-1.234373,1
-1.427912,-0.382552,1
-1.439363,-0.759868,1
0.255498,-1.132524,1
-1.410153,0.408311,1
-1.443465,-0.166701,1
-2.551429,-1.745828,1
-0.679343,-1.510836,1
-2.634007,-0.620416,1
-2.888942,-1.957107,1
-1.445380,0.376468,1
-0.623568,0.374621,1
-0.783585,-3.770760,1
-0.200963,-2.601299,1
-1.408480,0.355413,1
-1.731454,-1.645146,1
-1.760756,-0.285692,1
0.124223,-0.116518,1
-0.147775,1.192582,1
-1.591774,-0.352713,1
-2.028566,-1.045271,1
0.655396,-2.080440,1
-1.367409,-0.673320,1
-1.468940,-0.523359,1
-1.936844,1.219430,1
-1.836637,-1.484383,1
-0.754478,0.388289,1
-0.755793,-1.033891,1
-2.245250,-0.281631,1
-2.143679,-1.709249,1
1.192729,-0.857926,1
-0.731481,-1.399346,1
0.038380,0.119311,1
-1.674577,-2.611851,1
0.335116,-1.285521,1
0.781870,0.068899,1
-1.171805,0.118193,1
-1.293059,-1.668538,1
-0.923768,-0.462894,1
-0.338534,-2.396834,1
-1.353067,-1.423621,1
0.345560,-0.373339,1
-1.145164,-0.414814,1
-1.599370,-0.686099,1
-1.936556,-0.712636,1
-2.896469,-0.971069,1
-1.841597,-0.566161,1
-0.914649,-0.392746,1
-1.959439,-0.667846,1
-0.270090,-1.006919,1
-0.130702,-1.155818,1
-1.486989,-1.363227,1
-0.796153,-1.412278,1
-0.610309,0.267656,1
-0.588486,-1.913567,1
-2.124592,-0.325408,1
-1.008258,-1.089034,1
-0.848197,-0.149998,1
-0.562212,0.302053,1
-0.072401,-2.251709,1
0.269392,-0.954725,1
-0.119328,-0.989121,1
-0.983118,-1.736176,1
-1.414371,-0.655840,1
-0.461222,-1.109423,1
-2.013365,-0.791548,1
-0.591683,-1.777770,1
-1.838700,0.347008,1
-0.383934,1.651675,1
-1.321689,-3.021079,1
-0.727640,-0.160525,1
-1.004776,-2.858766,1
0.175476,-2.145411,1
0.439672,-0.522358,1
-2.963682,-1.678855,1
-1.112311,-0.480929,1
-2.370014,-0.424067,1
-0.710326,-0.916279,1
-0.520119,1.085399,1
0.905351,-1.686692,1
-0.504587,-1.533814,1
-2.693189,-1.415150,1
0.532076,1.607575,1
-0.454467,-1.745161,1
-1.088861,-2.024010,1
-0.738286,-0.311697,1
0.177281,-0.278226,1
-0.376757,1.362051,1
0.224999,-2.116991,1
1.037384,-1.830455,1
-0.020954,-1.707751,1
-1.863744,-1.464549,1
-0.391295,-0.745512,1
-0.235458,-2.363789,1
-2.130351,-1.839601,1
-2.177751,-0.309237,1
-1.020099,0.141567,1
-2.848899,0.830348,1
-0.958260,-1.447345,1
-1.666738,-1.481236,1
-0.215435,-1.710217,1
-0.074666,-1.193144,1
-1.751710,-2.165346,1
0.045308,0.166613,1
-2.579077,-0.856741,1
1.279316,-1.885615,1
-1.236842,-1.805608,1
0.242332,-0.446146,1
-0.714528,-1.075078,1
0.121823,1.372828,1
0.818192,-1.046179,1
-0.606534,-0.903530,1
1.336323,-1.075097,1
-1.540781,-1.620080,1
-1.440709,-0.928370,1
-1.861657,-1.330700,1
-1.058855,-1.452121,1
-1.869166,0.335829,1
-1.031402,-1.461779,1
-2.397728,-0.707992,1
-1.284969,-1.488157,1
-0.133883,-1.509667,1
-1.729767,-1.801046,1
-2.553699,-0.903810,1
0.004315,-3.144643,1
-1.646231,-0.651610,1
-1.584572,-2.846319,1
-1.288608,-2.052866,1
-0.654591,-2.299000,1
0.438817,-1.350669,1
-1.321070,-2.793832,1
-1.493444,1.306672,1
-0.462139,-1.355444,1
0.477624,-1.783543,1
-0.198380,-1.160818,1
-1.648980,-2.640596,1
-1.430205,-2.354138,1
-1.192184,-0.240570,1
-1.582055,-1.785019,1
-1.264572,0.656508,1
-0.987768,-0.565765,1
-0.152749,-0.444321,1
0.541197,-1.619471,1
-0.089786,-1.080645,1
-1.170182,-2.579550,1
-2.604347,0.438823,1
0.059368,-1.941669,1
-1.828104,0.001661,1
-1.680360,-2.772514,1
-0.556018,-1.864027,1
-2.444754,-1.114488,1
-0.523270,1.074815,1
-2.480695,-0.635118,1
0.643580,-0.149863,1
-0.352520,-2.234802,1
-1.491797,-0.274543,1
-2.411769,-3.065712,1
-0.153381,-0.152032,1
-1.510914,-1.589224,1
-1.627922,-0.278036,1
-2.295704,0.293761,1
-1.341949,0.173861,1
-0.051876,-2.760222,1
-0.642992,0.500847,1
-2.112026,-1.683080,1
-1.696780,-0.390512,1
-1.505319,-0.352546,1
-0.632004,0.059250,1
-0.257066,-0.749196,1
-1.508049,-1.265304,1
-0.722339,-1.532681,1
-0.736107,-1.997382,1
-1.862714,-1.930717,1
-1.728201,-0.819013,1
0.144851,-1.077380,1
-3.423059,-0.641039,1
-2.080380,-0.069647,1
-0.562416,-0.001272,1
-0.326085,-1.359658,1
-0.740038,-2.741805,1
-2.225768,-0.058405,1
-0.391057,-0.136348,1
-2.164661,-1.515147,1
-1.142771,-2.554680,1
-1.003376,-1.200381,1
-0.678387,-3.090706,1
-1.394399,-0.440259,1
-0.709784,-1.076581,1
-2.578217,-2.637357,1
-0.812503,-1.406384,1
-1.928418,0.580572,1
-0.220259,-0.671756,1
0.358868,-3.012481,1
0.060073,-1.150465,1
-1.150110,-1.164556,1
0.145300,-1.507229,1
-2.136389,-2.158179,1
-0.245840,-1.794604,1
0.983520,-1.113405,1
-1.243603,0.789077,1
-0.694367,-1.814695,1
0.058875,-0.691074,1
-2.263371,-1.415550,1
1.037264,-1.008574,1
-0.892131,0.558618,1
-0.448424,-1.739901,1
-1.441144,-2.035278,1
-2.391662,-0.143680,1
-2.266069,-2.237358,1
-1.681345,-0.455875,1
1.347538,-0.710422,1
-1.021307,1.216157,1
-2.229328,-1.353584,1
-2.062847,-0.150380,1
-0.267125,-0.551198,1
-2.134830,-0.281410,1
-4.708184,0.383007,1
-3.892658,-1.602477,1
-0.491020,-1.089614,1
-1.515337,-0.872073,1
-0.833726,-1.255530,1
-2.056525,-1.681416,1
-2.119310,-1.344329,1
-0.378296,-2.559963,1
-1.458009,-0.496100,1
-1.143797,-2.893143,1
-1.765976,-1.399184,1
-2.505507,0.705077,1
-0.125623,0.506755,1
-2.315120,-0.925781,1
1.696142,-1.477876,1
-1.868598,-2.450024,1
-0.509598,-0.069623,1
-0.518149,-1.142270,1
-2.157061,0.648254,1
-1.288667,-1.234900,1
0.302677,-1.962647,1
-0.876315,-0.842609,1
0.459831,-1.000599,1
-2.184756,-2.608463,1
-1.482661,-1.661714,1
-0.872613,1.265197,1
-0.747044,-1.166630,1
-0.932326,-1.665874,1
-1.079809,0.406044,1
-0.871893,-0.997414,1
-1.571665,-3.173894,1
-2.196677,-1.458122,1
-0.600752,-1.753708,1
-0.973739,-0.425568,1
-1.902591,-0.536263,1
0.647361,-0.530571,1
-0.096292,-1.386699,1
-1.864397,-2.683424,1
-2.298595,0.075103,1
-0.580788,-1.135580,1
-0.358757,-1.519699,1
-1.728667,-0.664427,1
-0.314887,-1.608811,1
-2.234087,1.579293,1
0.465402,0.841315,1
0.176180,-0.570282,1
-1.031897,-2.438099,1
-1.159599,-1.851514,1
-1.011370,-0.923209,1
-0.428519,-2.103630,1
0.972291,-1.053499,1
-2.072356,0.110763,1
-1.229750,-0.130855,1
0.050536,-0.651576,1
-1.300741,-1.759974,1
-1.672994,-0.645916,1
-0.637965,-1.270152,1
-1.940410,-1.175922,1
-0.032286,-0.758049,1
0.256615,-0.887832,1
-1.567613,0.917906,1
-1.152135,-1.870370,1
-1.027886,-0.648863,1
1.011986,-1.078964,1
-2.325997,-0.849107,1
-1.416132,-2.444696,1
-2.792479,0.344271,1
-2.421937,-1.067194,1
-1.189064,-2.534598,1
-1.896198,-1.347147,1
-2.153076,-0.784429,1
-1.977689,1.194938,1
-0.418575,-0.792506,1
-2.965241,-1.770067,1
-1.612983,-0.722819,1
-2.557163,-0.237163,1
1.465029,-1.643245,1
-2.860780,-1.344109,1
-0.511083,-2.394799,1
-1.520064,-3.041364,1
-2.112149,-1.329852,1
-0.191409,-2.071075,1
-0.721467,1.658895,1
-1.415384,0.559691,1
-1.061683,0.925375,1
-0.141904,0.206101,1
-2.990882,-3.064586,1
-1.315687,0.835178,1
-0.483648,-2.047757,1
-1.387262,-0.833345,1
0.433401,-2.659509,1
-1.203341,-2.051253,1
-2.822909,-1.584764,1
0.641394,-1.396603,1
-2.230678,-0.144009,1
-0.219853,-1.068631,1
-1.370060,-1.388119,1
-1.527475,-1.601913,1
-0.859382,0.673090,1
0.193851,-2.846108,1
-0.043059,-0.353859,1
-2.543596,-1.432033,1
0.764245,-2.324562,1
-0.541339,-2.034808,1
-1.507179,-0.570221,1
-0.720591,-1.917754,1
-0.776717,-0.688272,1
0.085746,-2.693445,1
-0.540685,-1.859410,1
-1.481495,-0.783780,1
-1.786715,-3.531865,1
0.825383,-1.940365,1
-2.115214,-0.060710,1
-1.341589,-0.255839,1
-1.513472,0.142108,1
-0.887043,-1.435441,1
0.067585,-1.811239,1
0.695857,-1.532976,1
0.434741,-1.261522,1
-0.661443,-0.272351,1
-0.768341,0.220074,1
-1.278496,-1.297684,1
-1.596427,-1.015708,1
-1.441576,-1.707038,1
-2.956861,-0.937074,1
-0.739137,-1.824827,1
0.197811,-1.456283,1
-1.277713,-2.655162,1
-0.137370,0.362447,1
-0.888682,-2.237842,1
-1.469910,-1.319593,1
-1.316329,-1.321043,1
-1.714370,-1.282714,1
-2.210631,0.054436,1
0.319730,-0.341717,1
-1.434174,0.484837,1
-2.273122,-1.548265,1
-1.470639,-0.490981,1
-1.155875,-2.234591,1
-1.211452,-0.240937,1
-0.118094,-1.163359,1
-2.707829,-0.495718,1
-1.215117,-1.021595,1
-1.935193,-1.465261,1
0.538673,-1.031394,1
-1.023784,1.276961,1
-0.641925,0.197866,1
-1.156038,-1.239432,1
-1.281536,-0.473155,1
-1.595744,-0.252523,1
-0.349805,-2.889075,1
-0.360583,-1.664945,1
-1.062074,-3.107217,1
-1.290267,-2.082805,1
-1.114033,-0.050933,1
-0.608590,0.573843,1
-0.576932,-1.379371,1
-1.920114,-1.668250,1
0.708393,-0.038313,1
-2.820195,-1.883040,1
-0.005802,-2.604208,1
-0.421542,-1.675471,1
-1.519119,0.194582,1
-0.154048,-0.376588,1
-1.077594,-0.492810,1
-0.187761,-1.068100,1
-0.313530,-1.514871,1
-0.928920,-1.342554,1
-0.744334,-2.076663,1
-0.442286,-0.904982,1
-1.350789,0.046077,1
-0.669245,-1.367004,1
-0.032895,-2.126258,1
0.138255,0.272365,1
0.473237,0.096280,1
1.287443,-1.406109,1
-2.487425,-0.793374,1
1.345250,-2.328662,1
-1.493871,-0.570472,1
-1.308268,0.512510,1
-0.739486,-1.267079,1
-1.633947,-1.149847,1
-0.450093,0.543684,1
-0.944886,-0.001358,1
-0.475945,0.052219,1
-3.360569,-0.083523,1
-1.623880,-2.093920,1
-2.827280,-1.451628,1
-0.420109,0.415153,1
0.147190,-0.042490,1
-1.924082,-0.269734,1
-0.854803,-0.539340,1
-0.583293,-2.811048,1
-0.963715,-2.111434,1
-1.681714,-2.372523,1
-1.316166,-0.237720,1
0.250884,0.088892,1
-3.240528,-1.585354,1
-0.782713,0.778042,1
0.163277,-1.023417,1
0.002828,0.222132,1
-0.005609,-0.270250,1
-1.919005,0.699585,1
0.182595,-2.425670,1
-0.612684,-2.448939,1
-0.665493,1.321595,1
-1.479004,-0.509337,1
-1.717622,-1.575334,1
0.412185,-1.622954,1
-2.493587,-2.239443,1
-2.619160,-2.102443,1
-3.148974,-0.371094,1
-3.167168,-2.602178,1
-0.693366,-0.355718,1
-0.979362,0.792948,1
-1.292204,-3.145175,1
0.811211,-1.116926,1
-1.209018,-1.910884,1
0.636497,-1.244691,1
-1.285716,-1.287607,1
-1.171521,-1.026881,1
-1.926723,-0.808529,1
-1.255717,0.031502,1
0.245829,-0.633506,1
-0.639683,-1.863877,1
-1.202277,-1.898299,1
-1.032130,-1.625522,1
-0.872055,-0.991288,1
-0.183352,0.194485,1
-1.128580,-0.084664,1
-3.262725,-0.174866,1
-1.214985,-0.661038,1
-1.979646,-0.451336,1
-1.564973,-2.282992,1
-1.769813,-0.889694,1
-0.098769,0.571956,1
-1.943594,-1.577594,1
-2.033943,-0.652033,1
-1.907125,0.032689,1
-0.450095,0.046219,1
-0.815791,-2.228703,1
-0.929870,-1.238781,1
-0.751484,-0.332280,1
-2.521343,-1.082434,1
-2.308485,0.627772,1
-1.145369,0.696110,1
1.297984,-1.563447,1
-0.004663,-0.562626,1
-0.927598,0.215771,1
0.016326,-1.658901,1
-1.590292,-0.270021,1
1.849075,-2.071865,1
-0.860834,0.057528,1
-0.394854,-2.293687,1
-0.668824,-0.064701,1
-3.083321,-0.589218,1
-0.693957,0.926777,1
-0.466026,-1.099818,1
-0.223751,-1.892844,1
0.652028,0.091153,1
-1.261618,-2.194913,1
-0.970150,-1.902650,1
0.205415,-1.323782,1
-1.023488,-1.335741,1
-0.081431,0.396915,1
-1.170000,-2.107193,1
-2.618564,-2.340258,1
-2.089876,0.949202,1
-0.068320,-1.884735,1
-0.556112,-1.955486,1
-0.471181,-1.260755,1
-1.686114,-0.702104,1
-3.668739,-0.918624,1
-1.629909,-0.572264,1
-1.175254,-0.375259,1
-1.346908,0.143828,1
-2.920067,-1.066920,1
-0.854829,-1.425368,1
-2.234134,-1.032804,1
-0.778124,-2.478114,1
-2.606314,0.189522,1
0.767165,-0.349076,1
-0.737082,2.992722,1
0.724125,-0.771064,1
-0.691278,-0.874248,1
-0.952719,-0.801118,1
-0.946911,-0.281833,1
0.292608,-1.470051,1
1.290486,-0.882812,1
-2.203313,-3.570979,1
-0.772583,-0.408890,1
-0.949997,-2.576461,1
1.268577,-1.738653,1
-1.094927,-2.808865,1
-0.911289,-0.222622,1
-0.231588,-1.851691,1
-0.975925,0.903039,1
-0.024793,-0.827260,1
-1.179832,0.048845,1
-2.558101,-0.628061,1
-0.828513,-0.916864,1
-0.768723,-1.347344,1
-2.085575,0.063622,1
-2.111908,0.224040,1
-2.856242,-0.522590,1
0.020880,0.119961,1
-3.021427,-0.990474,1
-1.328606,-1.976307,1
0.660977,-2.513043,1
0.059713,-4.008982,1
0.175016,-0.910974,1
-0.922715,-2.284293,1
-1.449500,-0.576327,1
-2.654353,1.007013,1
-0.573922,-0.516586,1
-0.868422,-0.703953,1
-1.451288,-1.882411,1
0.651384,1.047711,1
-0.514506,-0.839489,1
-0.143707,-0.980075,1
-0.566532,1.485663,1
-0.736399,0.558098,1
-2.509230,-2.189794,1
0.745420,-2.185718,1
-1.053828,-0.454224,1
-1.308333,0.254673,1
-1.326878,0.475393,1
-1.062173,0.413224,1
-1.983366,-1.457705,1
-1.552683,-1.644219,1
-0.353386,-0.461850,1
-3.127414,0.010468,1
-1.105105,-2.584343,1
-2.170545,0.774483,1
-0.407742,0.513853,1
-0.260252,-0.578284,1
0.472410,-0.564639,1
0.187521,-0.658241,1
-0.204855,-3.774299,1
-1.944834,-2.578358,1
-0.071037,-1.836915,1
-0.762193,-0.796367,1
-0.854788,-2.875403,1
-1.002466,-0.357991,1
-0.925745,0.286276,1
-0.066499,-0.473002,1
0.597177,-0.714782,1
-1.560750,0.365569,1
-1.317907,-1.011165,1
-1.515361,-1.921716,1
-0.930387,-1.507197,1
-0.648695,-0.071870,1
0.256135,-0.930005,1
-1.056846,0.856570,1
-1.074205,-1.714886,1
-3.845273,-1.277692,1
-0.454027,-0.224855,1
-2.181346,1.228828,1
0.053962,-0.838192,1
0.135975,-0.641887,1
-0.481473,-2.241504,1
-1.069132,-1.710971,1
-1.141315,-1.002593,1
-1.396516,0.100808,1
-2.684601,-1.656415,1
-0.541427,0.473479,1
-0.537288,-0.030050,1
-0.304624,-2.230921,1
-2.540072,-1.711757,1
-1.947321,-0.859333,1
-0.739150,-1.204809,1
-3.260387,0.855459,1
-1.864479,-1.415737,1
0.074894,-2.695728,1
-0.529439,-1.322371,1
-0.688863,-1.770054,1
-0.081647,-0.203122,1
-1.572410,-0.919009,1
-1.206718,-1.414951,1
-0.585368,0.390307,1
-0.237013,-0.510880,1
0.591368,-1.216822,1
-0.813093,-1.448542,1
-0.666133,-1.354945,1
-2.403357,-1.346406,1
-1.149889,-1.060320,1
0.015116,-1.019416,1
-0.498071,-1.968973,1
-1.177106,0.281134,1
-0.016233,-0.392529,1
-0.267807,0.630089,1
0.984362,0.051619,1
-0.615157,-1.288844,1
-2.623290,-2.182229,1
-1.333010,-0.933145,1
0.061532,1.004027,1
-1.303946,-0.943424,1
-1.465100,0.785923,1
-0.415520,-3.149906,1
0.948224,-0.232870,1
-2.061865,0.049098,1
-0.446950,-0.278044,1
0.416700,-2.970237,1
-3.247054,-0.394391,1
-3.069324,2.013853,1
-0.681401,-0.564598,1
-0.657992,0.582602,1
-2.411621,-2.266978,1
-0.666481,-0.044436,1
-1.009918,-2.721980,1
-1.437384,-1.819231,1
-0.890699,-5.099168,1
-0.779603,-2.474257,1
-2.241153,-1.079874,1
-3.300865,-0.994645,1
-1.584877,-2.472027,1
-1.481277,-0.904309,1
-1.804497,-2.112834,1
0.145915,1.023118,1
-1.159913,-0.593921,1
-1.364707,-2.505753,1
-1.537366,-1.532054,1
1.106297,-2.126033,1
-2.204133,-1.744296,1
-0.882314,-1.546005,1
-0.332434,-0.265800,1
-2.380126,0.046565,1
-0.351274,-1.496464,1
-0.201921,-2.013741,1
-0.156991,-2.712806,1
-0.931900,-1.797050,1
-0.131612,0.207924,1
-1.447298,-0.813176,1
-2.839424,-1.400043,1
-1.037770,-2.084943,1
-2.705784,-0.292528,1
-0.216061,0.340439,1
-1.948473,-0.304477,1
-2.386130,0.738157,1
-1.069126,0.069178,1
-0.674523,-0.056247,1
-3.190360,-0.580600,1
-2.293725,-0.677261,1
0.024382,0.827259,1
-1.937254,-0.375325,1
-1.722159,-2.407172,1
-0.821102,-2.188723,1
-2.185534,-0.944288,1
-2.073127,0.357606,1
0.586190,-1.160027,1
0.371737,-0.040000,1
-1.697120,0.178272,1
-1.281120,-2.862819,1
-1.308214,-0.709830,1
-2.591002,-1.791026,1
0.625083,-2.806896,1
-0.091733,0.236644,1
-1.864740,-0.552657,1
-1.121225,-1.005054,1
-2.853967,-1.266841,1
-2.084753,-0.369733,1
-0.190368,-2.729485,1
-1.334982,0.950246,1
-2.397572,-2.820027,1
-1.041977,-0.029726,1
-1.006757,1.165465,1
-2.111152,-1.407191,1
-0.766646,-1.156114,1
-1.064423,0.525629,1
-2.282945,-2.341710,1
0.370099,0.038156,1
-0.763206,-2.817128,1
-1.495978,-0.224443,1
0.169422,0.194477,1
0.091485,-0.546645,1
-0.703364,-2.181940,1
-1.616870,-2.191610,1
-1.654954,-0.009554,1
0.160134,-3.144413,1
-0.887897,0.534003,1
-0.467517,-1.417520,1
-1.377685,-1.002177,1
-1.230316,-2.288666,1
-0.773255,-1.985556,1
-0.525398,0.812171,1
0.577437,-0.392722,1
1.160887,-1.677989,1
-0.319343,-1.657748,1
-2.491909,0.687795,1
-3.008434,-0.703831,1
-0.871408,-1.765004,1
-0.535235,-1.709632,1
-1.468314,-0.606403,1
-0.342585,0.491073,1
1.309384,-0.558454,1
-1.305634,-1.924872,1
0.516712,0.293684,1
-1.215441,-1.105875,1
-0.756998,-0.957883,1
-0.839691,-2.415824,1
-0.136715,0.341763,1
-1.931060,-0.843823,1
-0.113647,-0.100797,1
1.046251,-2.155543,1
-1.957679,0.110596,1
0.374874,-1.616945,1
-2.290309,-3.541897,1
-0.433528,-0.914420,1
-0.435314,-0.856362,1
-0.622169,-3.589649,1
-1.528464,0.487836,1
-2.055472,-2.008524,1
2.777429,-2.336085,1
-2.240747,-2.230670,1
0.450622,-1.631206,1
-2.496794,-1.093334,1
-2.922535,-2.063900,1
-2.521949,-0.031843,1
-0.441921,0.176578,1
-0.351905,-0.816988,1
-1.114631,-0.719931,1
-1.418456,-0.767148,1
-1.325899,-0.923107,1
-0.280347,-0.384829,1
-2.271429,-1.910279,1
-0.774377,-1.751687,1
-1.996727,-1.628942,1
-0.768753,0.416486,1
-1.165004,-1.740614,1
-1.433191,0.022961,1
0.136774,-1.748484,1
-1.881100,-1.100535,1
0.756873,-1.033881,1
-1.506056,-0.293428,1
-2.282123,-0.654369,1
-1.405863,-2.217572,1
0.370196,-2.004713,1
-0.026640,-1.629437,1
-3.046276,-0.697542,1
0.610955,-1.258061,1
-2.133829,-1.946572,1
-0.942523,-3.135248,1
-0.536779,0.305606,1
-3.029114,-1.363090,1
-0.400416,-1.643575,1
-0.124457,-1.857205,1
-0.146177,-1.124041,1
-1.183940,-1.024845,1
0.699339,0.173028,1
-2.139940,-0.626093,1
-0.973485,-1.930257,1
0.095911,-0.937074,1
-0.933070,-1.185818,1
-0.703416,-0.978925,1
-0.321941,-2.357356,1
-0.434613,-1.639302,1
-1.109434,-0.860694,1
0.308304,-0.320850,1
0.374024,0.630342,1
-2.043371,0.337699,1
-2.831179,-1.137139,1
-1.718968,-3.100484,1
-0.794475,-1.854147,1
0.205255,-1.136058,1
-0.518593,-0.567429,1
-0.643996,0.679132,1
-1.940046,-0.543475,1
-1.508737,0.009536,1
-0.840326,-1.620656,1
0.163455,-0.648575,1
-0.334872,-1.716570,1
-2.043023,-1.108479,1
-1.984103,-1.171185,1
0.416724,-0.783779,1
0.461834,-1.513408,1
1.154294,0.400514,1
-0.330751,-2.426870,1
-0.525780,-0.803420,1
-0.727335,-1.301161,1
1.474427,-1.989292,1
0.608263,-0.483887,1
-0.045266,-1.684806,1
-3.055864,-0.885098,1
-0.897516,-1.137589,1
-3.691747,-1.951388,1
-0.264405,1.203324,1
-0.639964,-1.769413,1
0.617064,-1.737073,1
-0.116778,-0.461091,1
-3.070013,-1.779459,1
-1.153798,-1.343093,1
-0.621704,-1.270216,1
-0.526852,-3.161805,1
-0.430187,-2.347078,1
1.138113,0.358990,1
-3.777232,-0.788165,1
0.353636,-1.375709,1
-1.109333,-1.994730,1
-1.064021,-0.575985,1
-1.570095,-3.503881,1
-3.138532,-2.184553,1
0.957552,-1.122949,1
-3.882468,-2.124980,1
-1.987252,-1.554784,1
-0.309209,-1.508434,1
-1.688909,1.438570,1
-1.860171,-0.777230,1
-1.777799,-0.743095,1
-1.131707,-2.773408,1
-1.195212,-2.482906,1
-1.512665,-1.259020,1
-1.641295,1.283468,1
-0.770803,-2.252501,1
-1.414855,-1.454011,1
-1.548929,-1.219825,1
0.228624,-3.146318,1
0.951704,-0.897478,1
-2.124899,-1.859730,1
-0.972781,0.269337,1
-1.200114,0.807451,1
-2.123402,-1.246370,1
-1.895584,0.030301,1
-1.473062,-0.469018,1
-1.077913,0.020919,1
-2.937626,-1.333083,1
-1.674950,-2.319813,1
-1.367668,-1.840874,1
-0.121418,-0.264960,1
0.003158,-0.278649,1
-0.366821,1.085158,1
-1.029106,-0.985644,1
-0.311921,-0.830729,1
-0.670585,-0.743196,1
-1.268624,0.095982,1
-0.391822,-1.104769,1
-2.540252,-0.501471,1
-0.026961,-0.278927,1
-1.137345,1.545646,1
2.443589,-2.905914,1
-1.449260,-0.414196,1
-0.091088,-2.733872,1
-0.572540,-1.159116,1
-2.290469,-1.123427,1
-1.342953,-1.051021,1
-0.557233,0.060976,1
-0.284105,-2.624324,1
0.003250,-1.931719,1
-1.538294,-1.566413,1
-1.701717,1.520304,1
-0.085655,-0.795888,1
-2.516897,-1.887483,1
0.784200,-1.245398,1
-1.290096,-0.282913,1
