1.973845,0.267538,0
-1.066908,0.837026,0
0.264530,1.836454,0
0.240015,1.914223,0
2.608289,1.052352,0
0.796902,0.313851,0
1.225863,0.971528,0
-0.812641,1.534398,0
1.720504,1.327745,0
-0.384363,1.440182,0
1.952852,0.928319,0
-0.507656,0.062815,0
-0.798151,-0.195312,0
0.076939,3.702651,0
2.395241,-0.128306,0
3.476629,0.794400,0
2.939667,1.369190,0
1.358535,1.256742,0
-0.367510,1.951977,0
0.901586,0.781588,0
0.908500,1.131023,0
1.725603,0.253210,0
0.084854,1.908245,0
-0.141963,2.356764,0
1.283810,1.640653,0
0.094363,-1.380527,0
-0.101889,1.863213,0
-0.016134,1.351441,0
0.578843,1.191130,0
1.902540,0.460323,0
0.316184,1.235322,0
1.671490,0.796206,0
2.341866,-0.024837,0
3.242111,0.624330,0
0.027685,1.291319,0
-1.237272,0.957847,0
-1.100433,0.860520,0
0.501458,2.105225,0
1.791657,0.666921,0
1.341781,2.236232,0
0.975266,0.557429,0
0.919304,1.308195,0
1.264240,0.890782,0
0.718729,2.200453,0
2.421246,0.537347,0
1.169669,1.436677,0
1.997399,2.859140,0
0.410773,0.984805,0
0.629792,1.436672,0
2.007473,0.972883,0
-0.036412,2.412753,0
3.468153,2.293069,0
0.597910,1.374824,0
0.907296,1.668025,0
0.666258,2.339336,0
0.507490,1.283508,0
0.444536,1.247182,0
0.732465,0.137207,0
0.865062,0.125594,0
4.064111,2.361355,0
-1.233607,0.671072,0
0.587136,-0.334080,0
-0.474897,1.608446,0
0.560776,1.874571,0
1.030249,1.162014,0
1.379916,0.628379,0
0.122646,1.299887,0
-0.666461,1.543881,0
1.719741,0.098388,0
1.329795,0.937340,0
-0.170803,1.583707,0
0.355608,0.539449,0
0.205769,1.968495,0
1.220389,0.346728,0
0.397995,0.084122,0
1.380507,1.356796,0
0.996509,0.199084,0
1.968280,2.730814,0
0.913752,2.206545,0
-0.794444,1.752787,0
0.365367,0.125925,0
1.187200,0.220951,0
2.206402,0.537228,0
1.414996,3.620021,0
0.332787,0.999078,0
-0.091455,0.986523,0
2.195439,1.862559,0
0.804430,2.446630,0
0.899086,1.427814,0
1.219251,0.134483,0
-0.304471,0.993557,0
1.141750,-0.662833,0
1.921601,1.446343,0
3.865619,0.667323,0
0.359957,0.676865,0
1.516349,0.619150,0
0.515644,-0.893187,0
-0.922651,0.173368,0
-0.337230,1.257385,0
-0.305836,2.288909,0
1.770706,-0.069567,0
1.756238,0.785876,0
0.218782,-0.383755,0
-0.017746,-0.574876,0
0.603607,1.052811,0
2.311016,1.036212,0
2.943867,1.653811,0
1.973276,0.454713,0
1.300513,-0.453891,0
0.515398,2.463879,0
0.925687,-0.173649,0
0.006912,1.298153,0
0.118709,0.208845,0
2.374743,0.720178,0
1.082356,-0.428629,0
0.568534,2.888458,0
1.470476,-0.074136,0
0.051385,1.762752,0
0.209619,1.409023,0
1.519915,1.261052,0
1.028621,0.665780,0
2.014789,0.822172,0
-0.214253,0.055646,0
-0.459549,2.538946,0
-1.061336,2.511763,0
0.281075,-0.036557,0
0.674659,1.494498,0
0.253218,2.078720,0
-0.457570,1.171609,0
2.066730,0.043779,0
1.347574,0.535394,0
1.898129,0.454429,0
0.636105,0.543434,0
0.580212,-0.318454,0
0.414508,-0.709846,0
0.540945,1.777372,0
1.398366,-0.386335,0
0.963241,0.351931,0
1.057232,1.217883,0
0.549978,2.214066,0
0.649036,-0.494524,0
0.701020,0.760948,0
1.043594,1.462780,0
0.900705,1.638099,0
2.298014,-0.943804,0
0.615517,1.814421,0
0.609879,0.802654,0
1.162803,-0.771094,0
-0.563670,1.000313,0
1.940943,0.954493,0
0.823420,1.950117,0
1.180690,3.553598,0
-0.130122,1.016214,0
-1.125693,-0.006217,0
1.177586,0.998975,0
2.003549,1.011666,0
-1.773757,1.156475,0
-0.194057,2.043353,0
0.826442,0.184310,0
0.095754,1.779252,0
2.233741,2.156154,0
0.882262,2.160147,0
0.133224,0.990514,0
-0.845857,2.562098,0
1.660688,1.081407,0
0.258774,2.991020,0
-0.292085,0.805356,0
2.514687,-0.416080,0
1.758319,-1.107441,0
0.189743,-0.851010,0
-0.186664,1.872888,0
1.378332,0.199351,0
2.340261,0.959551,0
1.061267,2.366987,0
1.558526,-0.905286,0
-0.052951,1.601691,0
0.117893,2.661782,0
0.865560,0.047421,0
1.326615,1.325722,0
0.981402,0.651310,0
2.209363,1.055861,0
0.495886,2.627446,0
0.606956,1.177886,0
1.026144,-0.862191,0
1.431867,2.802832,0
-0.467005,0.154049,0
1.114161,2.168708,0
2.632707,-0.972133,0
-0.256391,1.847185,0
1.528070,-1.303863,0
2.219284,3.890040,0
1.327492,0.625492,0
1.553903,0.796992,0
1.548230,1.460880,0
1.029315,1.535796,0
-0.336045,0.582160,0
2.099501,0.326813,0
1.350503,-1.759982,0
1.500828,2.177857,0
1.385982,2.364267,0
0.175231,0.806623,0
-0.511177,-0.703005,0
1.022630,2.222908,0
2.297924,2.751169,0
2.433372,0.189987,0
0.349596,1.282121,0
2.583846,2.447789,0
0.627406,1.420841,0
0.876300,-0.448324,0
1.316574,0.700246,0
-0.158985,0.038045,0
-0.185920,0.627891,0
1.616516,-0.078174,0
0.840619,2.482658,0
0.901423,0.537850,0
1.420186,2.589693,0
0.785373,0.784010,0
0.858242,1.250625,0
2.428952,1.497741,0
2.678866,0.042247,0
0.734700,1.008779,0
3.019943,1.817106,0
0.353722,0.767892,0
0.686246,0.222538,0
1.325921,0.294238,0
0.654057,1.448531,0
1.603231,1.648994,0
1.885493,-0.497096,0
0.877482,-1.316760,0
0.874920,0.705513,0
1.581816,0.752821,0
1.866402,1.849916,0
1.807941,2.610840,0
0.465896,0.915226,0
1.264351,-0.822546,0
1.060517,1.610498,0
1.218730,-0.009389,0
1.759692,-0.156212,0
0.458094,0.936072,0
0.732675,1.787681,0
0.051426,2.719803,0
-0.427754,0.250645,0
1.780671,0.402340,0
1.570666,-0.341329,0
1.985315,-0.582806,0
2.055843,1.050811,0
0.479989,1.245734,0
0.150632,1.063715,0
-0.335837,1.923775,0
1.197714,2.240034,0
1.306429,0.645815,0
-0.352868,1.172138,0
2.211514,-0.226097,0
0.219867,0.542416,0
0.106399,2.463403,0
-0.222158,-1.312070,0
0.168994,1.413360,0
-0.981498,0.525691,0
0.399487,2.400325,0
0.859810,0.832344,0
-1.042145,-0.170319,0
1.494178,2.602206,0
2.364972,-0.170267,0
1.832482,2.399392,0
0.427538,1.063401,0
-1.199895,-0.279252,0
2.242287,0.937726,0
1.084529,-2.258033,0
1.056249,2.476423,0
3.429957,1.103861,0
-0.423686,1.122882,0
2.460672,0.782444,0
1.696964,0.312514,0
1.057215,1.506401,0
1.553640,0.591530,0
2.155824,3.678216,0
1.181948,2.591049,0
0.565654,0.031632,0
-0.578515,-0.073852,0
1.754451,1.428380,0
2.617302,0.398710,0
1.740675,0.847070,0
1.121982,2.188487,0
0.919156,2.208736,0
-0.346661,0.936420,0
0.609164,-0.028925,0
1.197872,1.759940,0
1.998806,1.092359,0
1.325357,-0.262344,0
-1.403240,-0.580830,0
1.681483,1.076525,0
0.423105,3.326127,0
0.067415,1.473667,0
1.129916,1.485964,0
-0.898448,-0.089109,0
0.704056,-0.212126,0
0.529189,-2.795981,0
1.365049,1.498865,0
-1.524998,0.104132,0
0.839375,0.371509,0
0.679842,1.298604,0
0.995813,1.588818,0
0.666278,0.845881,0
0.457189,1.372571,0
0.017537,1.648371,0
-0.189626,2.194130,0
1.322572,0.914540,0
2.002244,2.277091,0
1.903914,0.687951,0
1.007916,0.263844,0
0.079045,-0.155135,0
1.538079,1.284724,0
2.964478,-0.277199,0
0.538268,2.052213,0
2.287897,4.903495,0
-0.353783,1.226435,0
0.339636,0.694079,0
1.390520,2.453104,0
0.780085,0.287048,0
1.604579,-0.821864,0
0.550540,1.484190,0
1.145810,0.997387,0
-0.470478,1.446986,0
2.061834,-0.451291,0
3.160715,-1.186738,0
-0.241050,1.349599,0
1.202969,0.415537,0
3.073418,3.183427,0
0.143534,1.525525,0
1.002580,-1.054182,0
-0.030473,-0.012790,0
0.615875,2.247561,0
-0.367205,0.149086,0
1.841389,1.960411,0
2.672563,1.606880,0
-0.075950,2.460829,0
0.664255,-0.083145,0
2.478495,0.771073,0
1.704949,1.468150,0
0.100656,-0.364252,0
0.373564,0.031115,0
1.153595,1.504633,0
1.854548,0.342644,0
-0.387153,1.985001,0
1.616306,1.772758,0
0.525063,2.269723,0
-0.591417,-0.656227,0
-0.747199,0.914075,0
0.235733,2.692112,0
3.786319,2.569662,0
-0.200336,2.429356,0
1.459395,2.031423,0
1.589662,0.624084,0
0.278030,0.395876,0
1.249294,1.316838,0
0.187772,0.987789,0
1.659129,-0.095260,0
0.840550,2.977654,0
1.987073,1.338654,0
1.093683,1.324023,0
-0.586408,2.583029,0
1.641755,1.118367,0
2.038108,1.964801,0
1.441175,2.918885,0
1.077003,1.745473,0
0.864908,0.116004,0
-1.308926,2.727848,0
-0.357591,1.250965,0
1.389298,-0.337279,0
0.339830,2.237219,0
-1.436350,2.017756,0
1.215117,-0.181980,0
-0.304752,0.924366,0
-1.386556,0.461463,0
1.561909,1.586289,0
1.653936,-0.648998,0
1.319810,3.289866,0
2.240070,0.741237,0
2.554112,1.642728,0
1.741466,0.224420,0
0.967212,1.474694,0
1.507760,1.568736,0
2.014203,2.143873,0
3.260371,2.242451,0
-0.498565,-1.448807,0
-0.624912,-0.251799,0
1.563672,0.313490,0
0.778214,1.019708,0
0.315012,1.207255,0
0.116404,2.043574,0
1.541877,2.853427,0
0.792601,1.813246,0
1.703148,1.655461,0
1.386856,0.640145,0
1.079814,1.218987,0
0.657457,2.035559,0
0.313554,0.498352,0
0.829965,0.146842,0
-0.496455,1.029707,0
2.771357,-0.373357,0
0.023180,1.478602,0
0.907368,-0.889139,0
1.792853,0.593447,0
1.341382,1.974873,0
1.994259,0.669930,0
-0.236931,2.149177,0
1.090632,-0.430779,0
1.165198,1.103849,0
0.213837,1.668243,0
1.885317,2.264052,0
0.214492,0.637464,0
1.879563,0.953971,0
1.059967,0.364285,0
3.346251,0.629089,0
0.950205,1.310629,0
3.309329,2.601708,0
0.744185,0.964934,0
1.131070,1.269140,0
1.598133,0.454667,0
1.174257,1.142456,0
0.541243,0.592656,0
-0.689788,2.404371,0
1.515891,2.166494,0
-1.586243,-1.251402,0
1.430104,1.817076,0
1.565911,2.275689,0
0.429275,0.946426,0
2.583861,0.999053,0
-1.621870,3.474453,0
0.232809,2.224936,0
0.798546,0.276302,0
0.593793,1.807564,0
0.036830,1.877275,0
1.541729,0.779035,0
2.378256,0.732521,0
1.306212,1.256762,0
-0.120231,0.145600,0
3.102140,0.298883,0
0.900523,1.280005,0
1.381729,1.891978,0
0.191798,1.886547,0
1.746861,0.409825,0
-0.070475,1.085506,0
-2.132992,2.741374,0
0.464862,2.123715,0
1.975571,-0.182557,0
0.192348,1.977767,0
0.720453,1.964061,0
1.352353,1.371059,0
1.566734,0.514074,0
1.628924,1.512773,0
2.045592,0.343076,0
1.557864,3.385634,0
0.881039,0.385491,0
0.708282,0.805666,0
0.432195,3.053518,0
1.042286,0.807395,0
2.334443,0.849210,0
0.465534,1.901628,0
0.804196,3.023419,0
2.744756,1.284209,0
2.312861,-1.185448,0
0.791118,2.606553,0
0.867530,1.141041,0
0.704908,0.838354,0
0.379097,1.048590,0
-0.432816,0.096735,0
-0.083776,1.407748,0
2.657359,3.472324,0
0.622334,1.422608,0
-0.252006,0.165934,0
0.769660,1.245166,0
1.565408,-0.073038,0
0.035128,0.788030,0
1.176029,2.016809,0
2.472944,0.157284,0
0.989325,1.627295,0
2.077620,1.423231,0
0.895173,2.545309,0
0.162363,1.118001,0
1.111576,0.486773,0
0.048905,0.819341,0
-0.501054,1.786828,0
-0.624272,-0.252658,0
1.394607,1.247758,0
2.171646,2.259657,0
1.902273,1.849349,0
-0.141222,0.915510,0
1.807903,0.628133,0
1.172364,0.071730,0
2.210741,1.819990,0
1.471498,0.105342,0
1.060104,0.360364,0
-0.419852,0.495481,0
1.799678,1.130723,0
-0.391567,0.212327,0
0.648681,1.840756,0
-1.773412,0.826196,0
1.941617,1.048953,0
0.481009,2.069344,0
2.776542,0.866060,0
1.005869,0.011012,0
2.598691,0.517639,0
1.892437,1.641714,0
-0.914579,1.692847,0
1.107875,-0.348453,0
1.505933,0.156518,0
1.896070,0.600855,0
-0.471344,0.069105,0
1.998430,2.284863,0
0.084581,1.808631,0
-1.578634,0.884801,0
0.933470,2.769600,0
0.111463,1.801764,0
0.166926,3.096126,0
0.238952,0.685174,0
-0.468475,0.953497,0
1.642500,1.852989,0
1.822245,0.309202,0
2.514729,0.704144,0
0.774933,3.418967,0
1.983727,0.572845,0
2.445419,-0.801818,0
0.506436,0.620255,0
1.605783,1.360454,0
1.599839,0.790434,0
-1.704145,0.301007,0
1.659716,1.966678,0
-0.301543,1.221771,0
2.867687,0.123755,0
0.605081,0.456762,0
1.602566,1.714935,0
2.855609,1.755365,0
0.465137,-0.350595,0
1.885795,1.609594,0
0.416245,2.604401,0
0.417387,2.281931,0
1.839071,1.544143,0
1.089818,1.151635,0
0.522718,1.382101,0
1.853050,1.045979,0
0.167519,0.964064,0
1.370528,1.058504,0
1.803373,0.112348,0
-0.100305,-0.140604,0
0.145320,0.408392,0
-0.517932,0.651192,0
0.098557,2.084861,0
1.162114,0.872435,0
-1.302446,1.708128,0
0.327366,0.518758,0
2.613954,2.417850,0
0.274294,1.647196,0
-0.120826,2.429445,0
0.425013,-0.955541,0
0.455462,2.300221,0
0.465901,-1.101045,0
2.362588,0.450747,0
2.100199,1.572858,0
0.143339,-0.710870,0
2.077057,0.771647,0
0.717381,0.779685,0
-0.151194,1.676438,0
1.776237,0.226374,0
-0.009152,1.548813,0
0.411069,2.943542,0
1.727048,-0.321446,0
0.684261,0.898155,0
-0.153209,0.885191,0
1.053154,2.918084,0
2.141984,-0.837025,0
-0.158298,0.948094,0
0.799921,2.188150,0
-0.597039,0.728434,0
-0.835590,1.543018,0
1.617260,-1.403064,0
3.550723,0.357408,0
1.988387,1.031900,0
0.764443,-1.360723,0
1.344355,1.153696,0
-0.896708,0.403613,0
-0.207182,0.453454,0
0.358169,2.551511,0
1.506958,0.303174,0
1.395986,-0.062605,0
0.995618,1.807108,0
1.569166,0.835973,0
-1.392682,1.727681,0
-0.134923,1.174061,0
0.577487,-0.979475,0
0.556221,-0.575996,0
0.084165,0.601421,0
2.469628,-0.768312,0
1.787262,1.182933,0
0.198744,0.118957,0
0.676324,0.025704,0
0.474451,-0.339775,0
-0.544487,2.524319,0
1.489599,0.517640,0
1.926605,0.406639,0
2.643912,1.327838,0
0.201555,4.045476,0
2.174387,1.636652,0
1.242541,-0.464722,0
2.357497,2.301531,0
-1.771841,2.959975,0
2.944439,-0.433901,0
0.006192,1.065852,0
-0.360785,-1.025937,0
0.397277,-0.214928,0
1.581034,3.278971,0
1.168646,0.374918,0
0.192374,0.114388,0
0.184241,3.281137,0
-1.799264,0.913480,0
2.505024,-0.427705,0
2.022992,0.183410,0
2.357654,0.751714,0
1.626659,1.330153,0
1.728144,1.970892,0
0.548314,1.220145,0
1.655658,1.891474,0
2.067087,-0.941173,0
-1.006111,2.879505,0
1.010089,2.385401,0
2.553677,1.263986,0
0.467612,1.441346,0
2.331338,1.843689,0
-1.436777,1.741490,0
0.868320,1.066730,0
-1.639055,-2.186206,0
2.730937,0.236105,0
0.106543,2.189195,0
0.884628,2.400385,0
1.768127,-1.045921,0
1.112518,0.723720,0
0.314677,2.069369,0
1.814100,3.451534,0
-1.384375,0.616514,0
1.068460,1.373116,0
1.616085,-1.400146,0
1.576887,0.613429,0
0.538736,2.513805,0
1.251479,1.519989,0
1.065281,2.738777,0
2.086530,2.645728,0
1.830054,0.967577,0
3.470391,0.907771,0
1.298262,1.015972,0
-0.113656,1.891961,0
1.801860,-1.105040,0
2.721285,0.770222,0
0.283867,0.711532,0
0.451012,3.296024,0
1.689749,-0.002533,0
1.459315,-0.044881,0
-1.258052,-0.364084,0
1.161716,0.337618,0
2.011462,0.649616,0
0.821562,2.147259,0
1.565114,-0.028329,0
1.528697,1.812576,0
0.516758,-0.753940,0
0.621563,1.813077,0
1.054426,-0.401268,0
0.281904,0.296641,0
1.486951,0.523835,0
0.230638,1.460876,0
1.041893,0.753946,0
0.654832,0.344135,0
1.227268,1.275164,0
1.301545,0.755469,0
1.361181,2.904354,0
1.760861,-1.488931,0
1.308348,0.408651,0
0.587127,0.148665,0
0.654231,1.528263,0
0.237765,0.611853,0
3.222548,0.779819,0
0.883276,0.651976,0
1.661172,0.794007,0
1.055467,0.963227,0
-0.622357,3.311391,0
0.053524,1.889901,0
-0.848573,-0.537405,0
-1.117505,2.216447,0
2.602642,0.258450,0
1.009466,-0.494673,0
2.020789,2.436069,0
1.514877,0.218971,0
0.301508,2.116504,0
2.609533,0.392460,0
1.736485,2.272074,0
2.441430,0.026076,0
1.592469,1.108795,0
-1.813271,1.934114,0
2.534015,1.378730,0
0.711854,1.840624,0
1.436468,1.550687,0
0.951464,3.089734,0
-0.253009,0.015159,0
0.736742,2.516863,0
0.774850,0.816891,0
1.771393,-0.419274,0
1.245548,0.913480,0
2.212435,0.890565,0
1.822608,0.824204,0
-0.400311,1.027696,0
-0.209990,-0.226177,0
1.518272,-0.706297,0
0.325202,-0.359077,0
1.197885,0.351168,0
0.428481,0.241613,0
1.305169,0.327824,0
2.026978,0.990660,0
-0.210503,0.224994,0
1.520421,-0.502211,0
2.198906,0.552660,0
1.590829,0.609523,0
0.493587,0.876261,0
0.386992,0.649219,0
-0.703538,3.498255,0
-2.401024,1.701494,0
2.079075,3.186878,0
1.807057,1.316308,0
1.977901,0.686129,0
-0.770346,4.247861,0
-0.371403,0.731160,0
0.695076,2.005742,0
-0.760284,0.741758,0
-0.188415,1.481378,0
-0.881115,0.267902,0
1.637787,1.953831,0
0.506070,2.959017,0
1.575928,0.840027,0
1.428844,0.173167,0
-1.107106,1.689542,0
-0.663147,0.404294,0
1.011674,-1.848464,0
0.966059,0.455552,0
1.809224,1.794180,0
1.516040,2.183211,0
1.223219,2.892590,0
1.191849,0.743377,0
-0.478787,1.436712,0
0.500879,0.694869,0
-0.161390,1.983976,0
0.247111,-2.120198,0
2.338887,0.640014,0
-0.065659,0.322058,0
1.268654,0.548473,0
1.923662,0.943785,0
-0.672694,0.349022,0
1.093173,1.658922,0
4.540249,0.562156,0
0.521008,-0.250728,0
1.852898,2.654983,0
1.174885,0.442752,0
-0.635308,1.026557,0
1.100212,0.011679,0
0.347157,1.558825,0
2.128513,0.740186,0
1.125852,2.548996,0
-0.568735,1.239232,0
2.935266,0.372124,0
0.939029,0.855721,0
1.126054,0.463824,0
1.222093,1.167993,0
0.763931,1.765854,0
0.859777,1.354494,0
-0.138816,0.032444,0
-0.523425,2.187756,0
2.354210,1.725597,0
3.449296,1.483366,0
0.579789,0.153600,0
-0.562599,1.987737,0
2.325451,1.546243,0
2.152912,1.263832,0
0.134843,0.812796,0
0.529128,0.673697,0
0.967399,0.527807,0
1.165539,1.515687,0
-0.413896,-0.856686,0
2.429060,2.389610,0
1.215017,1.318033,0
1.316704,0.378417,0
1.604746,1.254294,0
0.145217,1.139355,0
0.956300,2.268465,0
2.438065,0.310118,0
1.160470,-0.649230,0
-1.964038,0.949602,0
0.000143,1.416795,0
2.026096,-0.034582,0
0.830729,0.806735,0
1.979403,0.733437,0
1.371016,1.589211,0
1.592669,-1.398214,0
0.863732,3.181169,0
0.661060,2.052261,0
-0.681097,-0.182304,0
2.115741,2.210880,0
0.044518,0.022047,0
1.152163,1.540266,0
1.793762,0.686987,0
0.447055,0.343780,0
1.514695,2.026769,0
2.547280,1.194801,0
1.100396,-0.509710,0
-0.361933,2.468416,0
-0.961702,0.681514,0
0.969820,0.537316,0
0.167402,2.571339,0
0.496701,2.139575,0
1.093733,1.238782,0
1.230265,2.816671,0
1.743602,1.051054,0
0.671129,1.500710,0
0.113091,0.141219,0
1.764852,-0.451579,0
0.718290,1.384407,0
1.151815,0.889302,0
0.448900,2.286854,0
2.417988,0.691021,0
1.049529,0.272327,0
0.903378,2.340035,0
1.036997,2.012241,0
-0.690101,1.394490,0
0.652209,0.396132,0
1.324532,-0.391755,0
-0.176588,0.665496,0
2.218946,-0.953703,0
-0.248925,0.856932,0
-0.461390,0.128092,0
1.693274,0.129811,0
1.659838,-1.060675,0
2.173220,3.188137,0
0.595645,1.568144,0
1.821723,0.291043,0
1.686420,0.545526,0
3.586413,1.295607,0
3.470780,0.441666,0
0.839748,0.886953,0
-0.002593,1.526968,0
0.626811,1.553804,0
1.953269,1.263742,0
0.787873,2.919902,0
0.219745,2.333889,0
1.062853,0.863556,0
0.581523,-0.437037,0
1.897017,-0.239806,0
1.462046,1.529336,0
0.637729,0.804093,0
2.809540,0.201120,0
2.461144,0.308690,0
-1.106375,1.347390,0
0.985189,1.307000,0
2.837683,2.643459,0
0.546740,2.246273,0
0.179927,1.336708,0
1.744791,1.460046,0
1.397595,-0.063316,0
1.365399,2.278410,0
0.563475,1.217008,0
1.398936,-0.435920,0
2.261479,2.475221,0
2.132316,1.420589,0
1.425960,0.958514,0
1.118358,1.687356,0
-1.370849,2.522369,0
1.147611,-0.448659,0
0.233611,1.749938,0
3.340746,1.781906,0
1.255362,-0.541952,0
-2.677969,-0.198865,0
0.523096,1.620854,0
1.745226,0.387564,0
0.195679,0.223237,0
1.726069,0.342088,0
0.037962,1.942037,0
1.130111,2.667331,0
1.932364,0.700580,0
1.693131,1.841362,0
1.721013,-0.939585,0
1.114678,0.123956,0
1.177108,0.699650,0
-0.517942,-0.213466,0
0.005233,0.202412,0
2.004510,-0.421648,0
-0.056264,1.337768,0
-0.119449,-0.251328,0
3.529084,-0.502719,0
1.332682,1.549138,0
1.375164,-0.214615,0
0.423109,2.210747,0
0.055842,1.726177,0
0.989388,-0.446893,0
0.152775,1.815218,0
1.578100,1.153422,0
1.341630,0.772242,0
0.169950,0.936205,0
1.589053,-0.361817,0
1.278974,2.498480,0
-0.242368,1.711810,0
0.426634,0.023412,0
0.472000,2.530437,0
0.508877,0.347227,0
1.709318,1.726172,0
0.990863,0.447721,0
1.973273,0.546035,0
0.804843,1.480712,0
1.524971,2.674141,0
0.895058,1.774171,0
0.499960,1.024640,0
2.160902,-0.293056,0
1.646291,0.207799,0
-0.244089,2.070374,0
1.723582,-0.471278,0
1.352558,0.673464,0
-0.169231,1.392829,0
1.270573,1.647983,0
4.394890,0.807549,0
1.707230,-1.101298,0
-0.010211,1.531225,0
-0.441763,2.194377,0
0.882139,0.470369,0
1.268100,1.511092,0
0.421616,0.730445,0
0.612105,1.265975,0
0.895737,2.780168,0
0.189640,0.584486,0
1.118186,-0.143990,0
1.787215,-0.172649,0
0.998599,2.212060,0
1.701751,1.282190,0
4.450513,0.425348,0
-0.828418,-0.140052,0
1.355322,0.952528,0
0.903622,0.410609,0
0.068019,1.861989,0
1.518297,-0.111257,0
-0.393364,0.995417,0
1.599744,-0.001359,0
0.166543,0.558293,0
0.246032,2.030056,0
0.511347,0.682266,0
0.362014,-0.731076,0
1.715829,0.595047,0
0.608089,-0.698697,0
1.248332,1.237080,0
-0.626360,0.323321,0
2.204521,2.746727,0
1.697201,0.346470,0
1.814322,-0.169033,0
1.119493,2.003979,0
0.980811,0.171013,0
1.129112,3.475791,0
1.041033,1.105577,0
0.372241,1.674107,0
0.737543,0.496975,0
0.984876,-0.391757,0
0.249149,0.076803,0
0.714007,-0.423532,0
0.257608,0.731992,0
1.737625,3.082079,0
1.916438,0.464540,0
2.958508,0.886017,0
0.759529,0.667741,0
0.178451,-0.401307,0
-0.909142,0.873860,0
0.552418,1.740635,0
0.432080,0.798431,0
0.152043,0.898380,0
1.493281,2.174239,0
0.441532,0.556644,0
2.619732,0.978575,0
2.882594,1.523214,0
0.341973,1.021931,0
0.137499,-1.180611,0
-0.358959,1.463559,0
1.920078,1.062541,0
1.019674,1.512694,0
1.794118,1.672887,0
-0.350893,3.587179,0
1.437332,2.088172,0
-1.148026,2.209066,0
1.881610,1.619690,0
0.884179,1.040165,0
0.116575,-0.400450,0
0.900628,2.951217,0
-1.197290,0.449799,0
2.221701,-0.231483,0
1.520184,0.746399,0
1.087917,0.935049,0
-0.711089,-0.539106,0
0.963227,1.571603,0
1.190579,1.585519,0
1.345118,-1.206191,0
1.669849,0.521005,0
-0.334453,1.844312,0
-0.594857,-0.916012,0
0.200179,-0.187191,0
-0.365486,0.384800,0
1.658367,1.597571,0
0.756345,-0.478073,0
2.988012,-1.134246,0
0.428060,1.313847,0
0.237216,1.959201,0
1.460864,2.076597,0
1.421918,2.598937,0
1.149255,-0.300058,0
0.790801,1.096363,0
-0.486978,1.295729,0
0.041813,0.021816,0
0.817358,0.919945,0
0.999215,0.668255,0
0.739347,2.562759,0
3.009111,0.001676,0
1.257734,0.349225,0
2.033970,1.481206,0
0.705957,1.785189,0
0.217627,-2.594050,0
0.295742,0.670710,0
-0.085710,2.105492,0
2.019411,-1.103027,0
1.193466,1.578017,0
1.152334,0.717247,0
1.146582,-2.308080,0
2.101004,-0.146631,0
-0.685042,0.680817,0
2.791746,-0.613442,0
0.605301,0.472733,0
-0.123917,0.657309,0
1.836800,1.561085,0
0.169617,0.610757,0
2.221710,-0.023767,0
0.097910,0.379554,0
0.889426,2.567230,0
0.500662,2.044009,0
1.670172,1.523364,0
-0.713331,1.398075,0
0.974889,1.133034,0
1.417389,0.044383,0
0.483948,0.504425,0
0.341647,1.229349,0
0.493783,0.639771,0
0.365138,0.151385,0
0.792402,1.297063,0
-0.804378,-1.077688,0
-0.870593,1.804932,0
1.006757,0.445948,0
2.840769,0.051734,0
1.111523,0.478451,0
-0.431014,-0.060634,0
2.513562,-0.083914,0
1.342616,-0.550248,0
0.963579,0.703527,0
0.530336,2.324843,0
1.752029,1.443434,0
0.165069,2.068663,0
2.428540,1.178454,0
-0.278289,1.818646,0
0.517331,1.288782,0
-0.662434,0.497732,0
0.810412,-0.652466,0
3.056985,-0.404770,0
1.440864,0.276742,0
1.052830,2.358126,0
1.148190,1.847477,0
-0.006137,-0.322090,0
1.527419,0.969431,0
1.099474,1.269441,0
0.348130,0.791462,0
0.194966,0.001892,0
0.519820,2.858792,0
0.803616,1.029979,0
2.844817,0.221944,0
0.448159,1.719675,0
0.889214,1.549845,0
0.413126,-0.024692,0
0.254852,1.080149,0
-0.405389,-0.106071,0
1.849140,-0.541296,0
1.681386,1.636559,0
2.924655,0.173593,0
0.314320,0.185340,0
1.668393,2.340740,0
-0.281597,2.275293,0
-0.299211,0.666834,0
0.571739,-0.310220,0
0.447820,0.465761,0
1.069208,1.551255,0
1.925051,0.939292,0
1.781871,3.017147,0
0.139861,1.109704,0
0.276178,-0.133469,0
0.388894,0.255760,0
2.812692,1.247107,0
2.089582,-0.506019,0
1.840722,1.242825,0
0.734336,0.653820,0
-0.218329,0.986349,0
0.339779,1.483573,0
-0.122028,0.133707,0
1.236276,1.072405,0
1.477381,0.640683,0
1.580468,0.559450,0
-0.537246,3.004770,0
0.679055,1.364090,0
1.538774,1.219163,0
1.823287,0.549717,0
-0.846549,0.367304,0
1.110156,1.808961,0
1.486456,1.176187,0
0.504766,-1.963881,0
0.366421,2.489773,0
0.831973,1.240717,0
-0.845657,0.398859,0
1.814274,0.130014,0
1.957793,0.591955,0
1.259780,1.086598,0
0.444593,0.031216,0
2.648327,-0.104857,0
-0.226500,-0.904825,0
2.153350,1.072647,0
1.413269,1.579212,0
-0.424891,1.500720,0
1.518017,1.498763,0
1.549300,1.247272,0
1.942637,1.541039,0
0.555014,-1.221907,0
0.569133,1.009269,0
0.638488,2.603999,0
0.692019,-0.600744,0
0.895739,2.205389,0
1.362745,1.739301,0
1.155865,0.683406,0
3.070267,2.282814,0
0.873292,1.388465,0
-0.007860,1.093745,0
1.774095,0.684829,0
-1.249126,0.519721,0
-0.356223,0.322375,0
0.060925,1.544794,0
1.763555,0.601942,0
2.951439,1.464601,0
0.171732,2.206886,0
2.645568,1.127637,0
0.449261,1.123049,0
0.117068,0.744135,0
-0.724629,1.764636,0
-0.085141,2.198127,0
0.786679,-0.135549,0
1.564472,1.001531,0
1.182420,3.083224,0
0.894151,3.352391,0
0.023827,2.263673,0
-0.354192,2.352769,0
1.107232,0.277514,0
-0.224268,0.551561,0
0.612229,-0.127992,0
0.243567,1.319286,0
0.909803,0.347248,0
-0.274192,-0.038908,0
-0.637433,0.344444,0
1.505641,0.134975,0
1.437950,1.451112,0
1.713063,1.378613,0
0.631050,-0.556385,0
2.086288,0.736859,0
1.173102,0.809669,0
0.485260,-0.314799,0
2.070777,1.262054,0
1.405170,1.328084,0
1.701250,2.100844,0
0.858417,1.309195,0
1.382430,0.795023,0
3.320918,1.878520,0
0.027923,1.810976,0
2.089402,2.485364,0
-0.901889,0.645843,0
0.482771,0.798758,0
0.216633,0.465335,0
0.986651,1.530425,0
-0.357457,1.010695,0
0.318755,-0.018600,0
0.984983,2.452467,0
0.267308,0.312160,0
1.235458,0.867422,0
-0.051051,1.134736,0
0.575844,1.817708,0
0.406194,1.449153,0
0.406108,2.644887,0
0.047652,-0.411315,0
2.955241,2.179473,0
1.485663,1.567600,0
-1.360692,0.172538,0
-0.774065,0.632220,0
-0.062290,-0.190023,0
-0.556071,1.015877,0
0.352068,-0.790844,0
2.010300,1.332118,0
1.825228,0.142298,0
1.454246,2.227134,0
1.950585,0.590649,0
2.346615,0.722984,0
2.797748,-0.241951,0
-0.534356,1.133783,0
-0.486484,0.516545,0
0.747008,0.115666,0
2.106914,0.996669,0
2.153844,0.729628,0
-0.493018,0.744756,0
2.157016,1.179547,0
1.024739,3.449306,0
0.850961,0.574479,0
3.723652,-0.184594,0
2.517182,1.498639,0
1.962307,0.577964,0
-0.295089,2.837371,0
-1.030522,1.186204,0
2.413646,0.728237,0
0.663668,-0.660225,0
3.237483,0.128515,0
0.531627,1.620042,0
0.854058,1.806700,0
-0.160368,3.005914,0
1.137317,1.017128,0
-0.239396,0.249911,0
0.252267,0.259565,0
1.664529,1.664129,0
0.012528,-0.954674,0
0.171885,2.617678,0
-0.096070,2.769213,0
1.653483,0.444739,0
1.364161,2.017670,0
0.712944,0.009765,0
2.078903,0.938716,0
1.200974,0.720000,0
-0.293191,0.383275,0
1.444721,0.955902,0
1.748715,0.080311,0
0.700203,0.510092,0
0.663753,2.660486,0
0.634614,1.129829,0
2.281112,0.981270,0
0.180588,1.157102,0
0.393469,-0.391613,0
1.414784,0.046487,0
1.830733,2.321456,0
2.382666,-0.109756,0
1.788229,0.497493,0
-0.604826,0.276610,0
2.779015,0.407076,0
1.371676,-0.996061,0
0.018846,0.600995,0
2.596561,-0.003002,0
1.285298,-1.129578,0
2.061464,1.176403,0
0.794761,1.378604,0
0.821437,-1.043873,0
2.643621,2.693220,0
-1.003734,0.893545,0
2.532234,2.979435,0
0.976114,2.028039,0
0.577023,-0.288054,0
-0.624032,3.053219,0
1.319838,0.906986,0
0.826838,1.460365,0
1.278035,0.578462,0
0.581815,1.515579,0
0.394802,2.385755,0
1.977327,1.469061,0
0.660985,1.781152,0
0.958187,0.257566,0
-1.373937,2.287301,0
1.760686,0.436259,0
2.727972,0.961147,0
1.185604,0.110782,0
-0.099467,0.815948,0
4.883098,1.291227,0
2.661004,0.818026,0
-0.527295,-0.710475,0
0.020142,3.181441,0
1.004773,0.961440,0
3.034880,-0.252594,0
0.200264,3.248906,0
1.314709,0.053898,0
2.483465,-1.122965,0
-0.175138,0.609034,0
2.325381,1.235400,0
1.538517,1.865628,0
-0.798152,0.505347,0
2.913037,0.003644,0
1.055933,1.267769,0
0.579640,0.837737,0
-0.098442,1.495125,0
0.195921,-0.328619,0
3.490313,1.701550,0
3.060128,0.992048,0
0.608090,1.845074,0
-0.878659,1.526463,0
0.819083,0.702797,0
0.763921,0.809030,0
1.563546,1.099370,0
-0.408715,1.750086,0
-0.297607,0.868868,0
1.207357,1.889096,0
2.377490,1.976165,0
1.256452,-0.265650,0
2.602176,1.801592,0
2.735064,0.352346,0
2.038900,0.281778,0
1.012785,2.806384,0
0.030761,1.549426,0
0.269681,1.214025,0
3.576433,1.658590,0
0.428267,0.314178,0
0.880790,2.104384,0
2.048241,0.843373,0
1.538646,0.624545,0
1.203866,-1.349251,0
2.266107,1.906433,0
0.332973,-0.734372,0
2.074082,2.819713,0
2.024737,1.562500,0
0.800737,0.080655,0
0.628453,1.790999,0
1.222655,2.042128,0
3.110433,-0.159883,0
1.377939,1.541682,0
1.013649,-0.418202,0
0.562971,-1.344978,0
0.706047,0.403232,0
2.111501,2.525843,0
0.807209,-0.216987,0
1.097057,0.433309,0
0.651470,1.185410,0
1.930736,1.099301,0
2.589128,0.986699,0
0.695930,-0.873499,0
-1.021794,2.374411,0
0.649820,2.455699,0
0.397619,2.601654,0
2.667900,2.297594,0
1.437194,-0.225706,0
1.078357,-1.761518,0
1.946332,2.127137,0
2.862907,1.114933,0
-0.085687,1.199721,0
1.208978,1.580913,0
1.193520,-0.093653,0
0.285933,-0.517345,0
0.712046,-0.173185,0
1.223815,0.984210,0
0.489655,2.107095,0
-0.238975,0.021043,0
2.720990,0.890394,0
0.529386,1.684333,0
1.135623,1.967108,0
0.381506,-0.100631,0
1.056908,-0.355713,0
0.707166,-0.710839,0
1.334333,2.498176,0
0.253608,-0.299714,0
0.690486,0.028143,0
1.129045,1.981183,0
0.405571,0.944452,0
2.068454,0.481038,0
0.497135,2.949017,0
-0.067310,0.529066,0
0.489170,2.319843,0
0.860391,1.302752,0
3.547090,-0.375097,0
0.743802,1.815495,0
-1.009936,2.345171,0
-1.468526,0.886582,0
0.536711,0.744819,0
1.628312,1.152656,0
1.181006,0.055558,0
0.788022,0.032252,0
0.524413,2.360956,0
1.963885,0.762151,0
2.640119,1.360912,0
1.361175,1.065010,0
1.914658,1.420507,0
-1.189481,3.090523,0
1.898301,1.481987,0
0.116776,0.502299,0
0.353332,1.244158,0
2.949667,1.910759,0
-1.193043,2.566327,0
1.553359,1.422714,0
0.219919,2.071558,0
0.450110,1.478218,0
1.588270,1.445323,0
1.149676,-0.431851,0
2.029862,1.709556,0
2.060101,0.288818,0
1.167643,2.219454,0
2.757797,2.365079,0
0.839455,1.447808,0
0.020821,0.051979,0
-0.373424,3.151510,0
-0.316936,-1.107769,0
1.525828,-0.425289,0
3.217524,0.781165,0
1.918722,0.809256,0
1.736549,1.818338,0
-0.017850,1.262707,0
0.685717,0.402755,0
1.204874,0.742187,0
1.343143,3.523082,0
0.432428,0.222005,0
1.524610,0.490572,0
2.104776,0.910502,0
1.931668,0.311625,0
-0.633369,0.247334,0
0.564814,1.428854,0
-0.454797,-0.043812,0
-0.267784,-0.366763,0
0.846416,-0.967716,0
-0.870043,-0.368536,0
-0.879159,1.373441,0
2.040973,1.570593,0
1.248248,3.593190,0
0.487276,2.638494,0
1.686861,0.150042,0
1.148492,2.997031,0
0.705427,2.217081,0
1.280302,-1.216615,0
1.860748,0.137222,0
1.146097,1.471679,0
-0.164511,0.662756,0
-0.058939,1.128203,0
-0.133461,0.629129,0
1.474296,2.119876,0
0.795707,1.485024,0
-0.366387,0.455956,0
2.123008,1.747399,0
1.216405,0.976600,0
2.180619,3.364156,0
0.791254,1.152724,0
0.000646,1.752647,0
1.632505,0.892706,0
1.824021,0.831411,0
-1.193560,0.843938,0
-0.076330,-0.223192,0
0.889674,-1.938864,0
0.279829,0.687125,0
-0.989866,0.360007,0
2.121984,-1.349838,0
0.397299,1.233145,0
1.222185,0.757492,0
1.031178,1.170330,0
1.862181,2.279618,0
0.212564,2.713360,0
0.807769,3.097693,0
0.428316,1.920644,0
2.293286,1.799762,0
0.802500,1.934998,0
1.446986,0.342720,0
2.860126,1.212245,0
0.900961,0.342552,0
0.088011,1.578544,0
2.559457,0.089248,0
0.660177,-0.040685,0
-1.471810,1.754852,0
1.789855,0.840343,0
2.673275,1.400922,0
-0.146330,1.409996,0
-0.208163,1.244170,0
1.690393,0.246958,0
0.980733,0.713078,0
2.338130,0.867002,0
1.864120,1.135544,0
0.572215,3.569793,0
1.752239,0.528382,0
2.628944,-1.769390,0
2.494209,1.432832,0
2.696424,3.233043,0
1.775258,1.572422,0
1.749293,0.379135,0
0.032821,1.607980,0
1.698224,2.168762,0
-0.366436,1.416315,0
1.089469,0.317850,0
0.994524,0.548902,0
1.161650,-0.777826,0
1.504283,1.317493,0
1.920290,-0.304008,0
1.776207,0.299584,0
3.783459,0.714113,0
2.312521,0.822053,0
-1.030062,-0.071876,0
1.850819,1.020641,0
1.207704,2.483834,0
-0.045591,1.839583,0
0.937090,1.407607,0
2.732150,0.686753,0
1.251179,0.488779,0
0.868311,0.886787,0
0.698268,0.798543,0
0.240351,1.596073,0
1.877275,0.622564,0
1.050790,0.548826,0
1.584001,-0.863152,0
0.987068,-0.996217,0
-0.062105,-1.363060,0
2.885789,0.626355,0
0.581626,-1.896899,0
1.836950,-0.108008,0
1.343636,0.532647,0
1.728508,0.700620,0
2.014345,0.441635,0
-0.649454,1.654492,0
-0.558425,3.520383,0
0.573542,0.866685,0
-0.388148,1.393085,0
0.721344,-0.316157,0
-0.406759,2.607688,0
1.961355,2.161390,0
1.575878,-0.165679,0
2.561079,0.447960,0
0.828253,0.880944,0
1.114492,0.153814,0
0.215014,0.955207,0
-0.708281,0.603157,0
0.363748,1.504195,0
1.967820,0.723186,0
0.193756,0.552125,0
0.808805,2.020048,0
0.710866,1.997031,0
-0.005144,1.055235,0
-0.020527,0.062675,0
0.575072,1.499804,0
1.873922,1.645966,0
1.357949,0.965249,0
1.033698,1.584427,0
2.335266,0.490220,0
0.128225,0.215251,0
1.875267,0.399386,0
1.297984,0.693949,0
0.697418,0.794999,0
0.935252,1.192701,0
2.177727,1.241852,0
1.738358,1.264657,0
2.311586,1.265361,0
0.014474,2.388475,0
2.342144,0.977230,0
1.675996,0.933862,0
1.334559,-0.091377,0
2.219920,0.835307,0
1.104399,0.168097,0
1.698232,-0.252516,0
1.187299,-1.316880,0
-0.998604,0.784838,0
2.231406,0.453030,0
0.276449,-0.082345,0
1.124972,0.353798,0
1.076404,1.794775,0
1.349725,2.028989,0
0.979078,3.729331,0
0.527652,3.638428,0
0.093181,0.964844,0
1.120039,-0.306355,0
2.111962,0.307768,0
1.739887,1.956558,0
1.318584,1.122204,0
0.978079,1.532678,0
1.502937,1.734688,0
-0.178886,3.033279,0
1.391740,1.677132,0
0.845352,-0.916336,0
2.782481,2.810856,0
0.709949,1.304132,0
0.130923,1.665627,0
1.730408,0.826769,0
0.069677,2.230944,0
1.409233,0.991025,0
1.962495,-0.242517,0
-0.458467,1.147828,0
-1.154520,1.576650,0
2.299535,3.316533,0
2.289909,1.748245,0
-0.204958,0.014665,0
0.890868,0.577370,0
1.190534,-0.262695,0
2.041865,0.877221,0
0.726478,1.176616,0
1.965250,-0.797644,0
0.624329,1.527443,0
2.014123,1.242358,0
1.488075,-0.211433,0
1.407623,0.200253,0
1.714310,1.648421,0
-0.019977,0.791255,0
1.789309,2.320792,0
1.953505,0.899126,0
0.949557,1.588301,0
1.703311,-0.615687,0
-0.085384,0.914534,0
0.481028,3.102957,0
1.385992,0.363508,0
1.585498,0.362821,0
0.883600,-0.316234,0
-1.099851,-0.725486,0
1.241392,2.886253,0
1.691414,1.192669,0
1.794452,0.905083,0
0.787727,1.221680,0
-0.097063,2.306020,0
2.301843,1.172464,0
2.105902,1.218007,0
-0.471786,1.355728,0
2.298274,2.172626,0
0.487336,0.709536,0
0.314201,0.901258,0
2.265954,1.792886,0
1.018291,2.523770,0
0.665078,2.145199,0
3.568141,1.177022,0
0.644504,0.428057,0
1.857108,1.546753,0
0.329047,2.233379,0
3.083825,-1.651609,0
-0.177536,1.034823,0
1.701899,0.879212,0
1.020020,1.437145,0
-0.069263,2.007632,0
0.878790,-0.186741,0
0.428368,-0.431351,0
2.020014,2.834179,0
0.648150,1.838729,0
-0.746680,2.675441,0
1.809732,-1.639678,0
-0.433113,0.493373,0
0.030999,1.829466,0
1.488164,0.660840,0
1.372119,1.487917,0
-2.032058,3.151207,0
0.726752,0.941281,0
-0.163092,0.599312,0
1.809249,1.398605,0
-1.452853,0.817217,0
1.619552,0.005203,0
-0.327047,0.238438,0
0.934815,1.210569,0
2.478363,2.960890,0
3.083339,-0.644969,0
2.168255,1.980099,0
2.218362,0.127184,0
0.288550,2.187500,0
0.218286,-1.883396,0
1.337602,1.727313,0
0.483820,0.974493,0
0.517461,2.999142,0
1.652709,1.021368,0
1.641099,1.333863,0
4.246451,2.122318,0
-1.315875,2.749376,0
0.233990,1.278573,0
1.480996,0.607008,0
1.758901,-1.413907,0
0.228961,-0.500252,0
0.794446,0.714339,0
0.828732,-0.229878,0
2.660829,1.373821,0
0.300730,1.521250,0
2.187493,0.651069,0
2.149151,0.744673,0
0.735373,1.881270,0
1.600938,1.207633,0
2.452584,1.246860,0
0.793627,1.541162,0
0.358303,0.949274,0
2.557718,0.570442,0
1.252644,-0.285643,0
0.474959,1.455210,0
1.079030,1.793370,0
1.313715,1.877154,0
1.369105,0.207798,0
2.561379,3.298961,0
3.401364,1.709839,0
-0.520553,0.150195,0
0.942913,1.078021,0
-1.595672,-1.139926,0
-0.229957,0.267144,0
0.074691,1.731901,0
0.177233,1.778652,0
0.439009,2.524643,0
0.360168,-0.726560,0
1.909163,2.325944,0
1.352010,0.242563,0
2.115566,0.786472,0
2.382523,0.648509,0
2.584517,0.583529,0
0.609572,1.053123,0
1.050084,2.166504,0
0.596151,0.992850,0
1.490570,0.327364,0
1.565449,2.751787,0
-0.286521,2.141961,0
1.011952,-0.749560,0
0.692474,2.999543,0
1.634944,1.194010,0
0.284405,2.246066,0
-1.209355,1.292535,0
2.153017,1.080937,0
1.145577,0.412144,0
1.414350,0.324797,0
-0.582892,1.537107,0
2.088583,-2.006988,0
-1.786824,1.633218,0
3.036325,0.522691,0
2.175269,2.824526,0
-1.614210,0.985333,0
0.325392,0.373893,0
0.094715,-0.129113,0
0.033641,1.837461,0
1.089909,1.985309,0
2.867111,1.534919,0
2.525454,-0.933895,0
1.823282,2.919586,0
1.420638,2.353256,0
-0.303756,1.772255,0
0.378894,2.604149,0
-0.466687,1.493874,0
1.331216,-1.073412,0
2.355121,-0.372034,0
1.209932,-0.219820,0
-0.097240,1.386082,0
1.271472,3.332544,0
0.329678,0.576632,0
1.842239,1.104127,0
1.010278,2.617121,0
3.505232,0.854471,0
1.452404,-0.104160,0
2.098868,3.114223,0
1.217650,0.094260,0
1.115016,0.451951,0
0.563461,0.885225,0
2.772524,1.750654,0
2.009128,1.275359,0
-0.233730,-0.083948,0
1.711503,4.024817,0
1.111448,1.798856,0
1.045789,1.363364,0
1.820026,0.829779,0
0.034126,0.086886,0
-0.503181,-0.290807,0
2.822020,2.738827,0
0.620601,0.450005,0
0.349398,-0.852348,0
1.189452,0.792902,0
1.183876,2.179383,0
1.797034,0.097435,0
1.324343,1.142334,0
0.027479,1.720463,0
2.159880,2.379343,0
-0.013023,2.118880,0
-0.472223,1.337805,0
0.607436,1.651098,0
0.913944,-0.102545,0
1.072912,1.553648,0
2.482039,0.043513,0
2.794651,1.758970,0
1.401527,0.862415,0
-0.037277,1.377453,0
2.899081,1.213619,0
1.500037,2.280260,0
0.413869,-0.952651,0
1.895824,-0.670126,0
0.639312,2.281753,0
1.408847,0.268163,0
1.071813,2.036827,0
1.342082,-0.657136,0
0.761362,1.178242,0
3.669121,1.746642,0
2.941145,-0.916940,0
0.742597,-0.606791,0
1.253096,-0.773850,0
0.038492,1.489146,0
1.572984,2.326150,0
1.822958,-0.047239,0
0.099656,0.843525,0
2.192185,-0.277723,0
2.473155,0.188922,0
0.373058,2.165236,0
0.846189,1.381874,0
2.019681,1.399271,0
1.734866,0.568487,0
-0.234154,-0.051276,0
-0.326317,0.401521,0
0.514084,-1.339575,0
0.277150,1.882598,0
2.444400,1.324418,0
0.932888,-0.202098,0
-0.614310,0.667285,0
1.865070,-0.553898,0
1.238611,0.266939,0
1.376514,1.581263,0
-0.207583,0.612932,0
0.877635,0.106945,0
2.094725,1.036830,0
1.939478,0.313652,0
-0.849737,3.572917,0
1.483130,1.514024,0
1.374842,0.671273,0
-0.503630,0.919465,0
0.479433,0.313440,0
0.308240,1.267813,0
0.887890,0.657923,0
0.453064,0.468018,0
2.887907,-0.524168,0
0.086396,0.558886,0
-0.290699,0.517037,0
-0.509746,-0.000190,0
1.289158,3.066650,0
0.939228,0.403824,0
1.162155,1.997647,0
0.416582,2.905122,0
0.678741,0.321342,0
0.869067,1.225187,0
1.539766,-0.112895,0
0.726581,1.754338,0
2.494139,1.671286,0
0.590590,0.265823,0
0.793738,0.998525,0
1.825924,2.338513,0
-0.516163,0.615889,0
1.655992,-0.989207,0
1.897324,2.139143,0
2.295150,0.524902,0
-0.343634,1.972983,0
0.230982,-0.359521,0
0.233665,1.605149,0
1.516877,0.437716,0
3.837740,1.543111,0
-0.143114,0.663113,0
0.919649,1.357345,0
0.003877,0.634836,0
0.760524,1.244670,0
1.418572,0.549027,0
0.722403,-2.027659,0
1.908480,0.547111,0
2.172853,2.223994,0
0.472220,1.625064,0
2.714208,1.025308,0
-0.715371,1.955644,0
-0.388494,-0.005987,0
1.380785,0.254406,0
2.698991,-0.240562,0
-0.455007,1.083925,0
1.523274,1.088076,0
3.112753,1.088839,0
0.072827,1.327623,0
1.072583,0.627488,0
2.053289,0.453098,0
1.876913,0.038020,0
0.846105,1.501790,0
0.117527,1.516882,0
1.037707,-0.717310,0
0.630369,-1.402144,0
0.098795,1.249112,0
2.520728,1.352530,0
-0.130478,1.080933,0
-1.266888,1.372967,0
1.295190,0.097672,0
1.552844,1.834022,0
2.938751,-0.016858,0
1.050483,1.737643,0
0.246634,1.101340,0
-0.567261,-0.474002,0
1.070215,1.800856,0
0.400901,0.854961,0
-0.539102,0.117807,0
-0.266158,0.979615,0
0.809430,0.480368,0
0.253046,0.731343,0
0.919044,-0.243777,0
-0.802436,1.801142,0
0.790846,2.050372,0
0.928234,2.701703,0
0.527412,-0.369111,0
1.912638,3.022894,0
2.404681,-0.017426,0
1.474303,1.574879,0
1.955206,1.564866,0
0.839498,0.772333,0
0.082322,0.748687,0
0.338607,0.663286,0
-0.174513,0.826814,0
1.221336,2.014727,0
3.872573,1.275554,0
1.694251,1.630461,0
2.011993,0.932817,0
0.530148,0.308547,0
3.761806,3.344702,0
1.874802,-0.414226,0
2.602862,0.115809,0
0.618661,1.072603,0
1.876724,0.316287,0
0.683830,0.787664,0
1.094782,-0.043220,0
0.108098,0.843884,0
0.773165,-0.266589,0
1.666208,1.291630,0
0.695746,-0.817146,0
2.005798,0.394435,0
0.934343,-1.143362,0
0.641898,0.752531,0
0.808474,0.008076,0
-0.348279,-0.252738,0
0.412300,0.909161,0
2.281406,0.747960,0
1.567739,1.943098,0
2.302572,2.639683,0
-0.184386,0.512760,0
1.183336,1.335870,0
0.423875,1.672711,0
2.122395,0.891981,0
0.339266,1.480407,0
1.667865,1.535222,0
1.963869,1.515277,0
2.038676,2.471424,0
0.030702,0.787748,0
0.644139,1.298619,0
-0.215976,1.194562,0
0.002687,1.509537,0
-0.161940,2.116074,0
0.497947,2.101544,0
0.450239,1.778901,0
0.214156,2.123633,0
0.723648,0.227973,0
0.741635,0.216095,0
1.371053,-1.401976,0
0.001583,1.940104,0
-1.052045,-0.855035,0
-0.726846,-0.110005,0
-1.029403,1.742845,0
2.887242,0.725858,0
1.738081,1.220553,0
0.244242,0.051003,0
-1.006742,1.428191,0
1.214070,0.759231,0
-0.367899,-1.508598,0
1.340287,-1.022340,0
-0.189514,0.441919,0
-0.250126,0.752630,0
0.677619,1.233096,0
1.121996,1.030196,0
1.716051,0.086370,0
0.635127,0.847071,0
1.779809,1.755491,0
-0.793726,2.193593,0
-0.092940,1.541246,0
0.436124,1.392839,0
2.327629,0.545801,0
0.754010,-1.166867,0
-0.491424,1.319808,0
0.848361,0.815867,0
1.374630,4.317257,0
0.423347,1.097909,0
-0.665426,0.154198,0
1.056475,2.640111,0
1.224187,1.661971,0
0.982199,1.164690,0
1.853763,1.616024,0
2.704932,0.426187,0
1.451340,0.739410,0
0.809175,-0.421576,0
2.460205,1.744440,0
0.356151,-0.355892,0
1.416773,-0.624993,0
-0.006394,0.683905,0
0.949811,1.346097,0
0.587145,-0.219256,0
2.101645,1.448872,0
1.775635,1.109402,0
2.147593,0.131622,0
0.946852,-0.148161,0
1.474538,1.391959,0
1.348653,2.579938,0
-0.101216,0.655147,0
1.000952,0.011702,0
1.270235,-1.404424,0
2.423321,-0.075440,0
0.630146,1.084219,0
1.534726,2.078470,0
0.168578,1.462115,0
3.870432,0.623461,0
1.046965,3.416308,0
2.304226,2.621329,0
0.586603,0.590679,0
0.685141,0.354319,0
1.469264,0.955558,0
1.289872,0.906000,0
2.288922,1.585223,0
-0.236943,2.416166,0
-2.371987,-2.896920,1
-0.852025,-0.632878,1
-0.223133,0.434915,1
-0.751322,0.520484,1
-1.361862,-1.650124,1
-1.420565,-1.139699,1
0.115481,-1.733063,1
-1.093043,-1.112553,1
-1.870814,-2.965616,1
-1.369139,-1.947029,1
-2.614872,-1.736084,1
-0.259838,1.238898,1
-1.218319,-0.085485,1
0.803691,-1.159967,1
-1.409429,-1.440210,1
-1.840556,-0.801431,1
0.931516,-2.810215,1
-1.652731,-0.702777,1
-1.333156,-0.238385,1
-3.034867,-0.350384,1
-1.969224,-1.330429,1
1.103926,-0.952081,1
0.105943,-0.173331,1
-2.638891,-1.988309,1
-1.456100,-3.613161,1
-0.398007,-1.352269,1
-1.820072,-0.204534,1
-2.352299,0.090868,1
-1.615570,-2.016304,1
-1.938119,0.713360,1
-0.982439,-1.510506,1
-0.606318,-2.967215,1
-1.094487,-2.294863,1
-0.033496,-1.904906,1
-0.512323,-1.300841,1
-3.249402,-2.838871,1
-0.228631,1.048800,1
-0.919837,-1.881722,1
-1.137944,0.252867,1
0.480262,-1.476952,1
-1.109808,-0.902648,1
-1.882533,-0.813394,1
-1.750923,0.190159,1
0.223915,-1.158408,1
-2.527296,-0.645677,1
0.353299,0.953268,1
-2.036716,-0.794055,1
-1.864635,-1.606621,1
0.812186,-1.684870,1
-0.950436,-2.334410,1
-1.655751,-2.133984,1
-1.115534,-1.513741,1
-0.214446,0.179422,1
0.272344,-1.801197,1
-0.865987,-0.955704,1
-2.921964,-1.318544,1
-1.728407,-2.079998,1
0.220488,-0.632833,1
-1.116228,1.136515,1
0.792188,-2.113688,1
-0.232339,0.565284,1
0.019758,-1.401858,1
0.060717,0.378613,1
-1.200946,-3.428876,1
0.878602,-0.904851,1
-0.811839,-1.555298,1
0.215617,-1.532770,1
-0.217858,0.653200,1
-2.044655,0.079292,1
-1.024379,-1.039697,1
-2.108571,-2.369798,1
-1.623692,-1.286609,1
-1.821037,0.218968,1
-1.054451,-1.206980,1
-0.754760,-1.599897,1
-0.859183,-1.867307,1
-1.797430,-0.350329,1
-0.194867,0.041919,1
1.251598,-0.163707,1
-1.791884,-3.296026,1
-2.712282,-2.793190,1
-0.561146,-1.985363,1
-1.336231,-0.354915,1
-1.304493,-2.385186,1
-1.088220,0.052556,1
-2.173889,-1.320587,1
-1.543782,-0.434752,1
-1.759987,-1.199717,1
-1.689673,-2.745214,1
-0.801044,-2.250980,1
-1.024186,-0.468305,1
0.290530,-1.588947,1
-1.274487,-1.196471,1
-1.740188,-2.155709,1
-0.469551,-4.082390,1
0.343647,-0.226146,1
-1.181169,-0.612427,1
-2.954423,-0.375754,1
-1.352048,0.571383,1
-2.771394,-1.286015,1
-1.479844,-1.732123,1
-0.155179,-1.957749,1
-2.100581,-1.653357,1
-0.568756,-0.781389,1
-1.643809,-1.030388,1
-2.885521,0.683340,1
-2.762045,1.331642,1
-0.397893,-1.047717,1
-1.865954,-0.847316,1
-2.387412,-2.167834,1
-0.550809,0.041088,1
-0.615758,-1.408299,1
0.093435,-0.950330,1
-1.263756,-0.648256,1
-2.449230,-1.345644,1
-0.264102,-0.632267,1
-0.286001,-1.108982,1
-1.773244,-1.096066,1
-0.212813,-2.781461,1
-0.946996,-1.704815,1
-2.162801,-1.347136,1
-1.139973,-0.359203,1
-2.112491,-0.546414,1
1.148661,-1.290879,1
-2.615133,-0.197474,1
-0.920128,-2.587832,1
-2.816561,-1.006149,1
-0.741771,-4.004652,1
0.573670,-1.889618,1
-1.062026,1.229362,1
-3.309483,-0.056762,1
-2.213328,-0.341411,1
0.945828,-0.781568,1
0.016826,-1.232218,1
-0.599467,-1.947227,1
-0.413415,1.354346,1
-1.206127,-2.785905,1
1.197725,-0.060205,1
-1.870941,-1.269603,1
-2.386155,-0.169565,1
-1.331270,-0.076234,1
0.401728,0.127797,1
0.403419,-1.264880,1
-0.118132,-1.217626,1
-2.094570,-0.957542,1
-0.788874,-0.459749,1
0.036932,0.155777,1
-1.090049,-0.361061,1
0.954372,0.861641,1
-0.819741,-2.343081,1
-0.745227,-1.065788,1
-2.623058,0.658859,1
-1.751513,-1.763023,1
-0.832098,-1.047582,1
-0.219651,-0.505496,1
-2.102728,-1.428014,1
-2.048595,0.571532,1
-0.900912,-1.208388,1
-0.295849,0.215491,1
-0.906538,-2.147308,1
-1.498247,0.229772,1
-1.533033,-1.970559,1
-1.556749,-1.425766,1
1.290781,-1.247896,1
-0.664328,-0.504063,1
-2.435931,-1.231814,1
-1.017916,-1.033206,1
-1.784716,0.618520,1
-1.268074,-0.261218,1
-1.019006,0.304509,1
-0.929513,-0.564584,1
0.174743,0.565203,1
1.059520,1.735568,1
-2.992135,-1.953831,1
-1.199222,-0.299765,1
-1.165158,-1.930464,1
-0.656453,-1.612207,1
-1.028348,-0.709441,1
-1.917366,-0.401089,1
-2.029374,0.033741,1
0.373462,-1.218531,1
0.835861,-1.271841,1
-2.252604,-0.805484,1
-1.294679,-0.874863,1
-2.894641,0.471347,1
-1.740182,-1.906715,1
-1.139216,1.076542,1
-2.357768,-1.496842,1
-1.602859,0.047763,1
-2.014883,-0.906826,1
-0.781719,-0.164629,1
-1.177396,-0.510078,1
-1.053995,-1.798129,1
1.710282,-1.233304,1
0.260641,-0.978155,1
-0.489760,0.417116,1
-1.356256,-2.258615,1
-1.178960,-2.731740,1
-0.936246,-0.558714,1
0.043931,-1.621809,1
0.528474,-1.563768,1
-2.007046,2.499609,1
-2.301518,-1.323121,1
-1.266277,-0.726146,1
-0.796247,-1.021578,1
-1.979759,0.366600,1
-1.670004,0.000870,1
-2.363649,-1.324315,1
-0.728040,-2.030900,1
-1.102976,-0.302671,1
-2.673986,-0.063580,1
-0.910367,-0.518918,1
-1.263551,-0.934089,1
-1.666667,-0.870218,1
0.026810,-0.900624,1
0.590775,-0.545634,1
-0.898989,-3.755914,1
0.017199,-0.917797,1
-0.195270,-1.497300,1
-1.551114,-1.625598,1
-1.416278,-0.722393,1
-0.588037,-0.945814,1
-1.229800,0.864681,1
-0.407226,-0.493170,1
-0.851161,0.135354,1
0.211957,0.675946,1
0.521238,-0.362561,1
0.592882,-0.320232,1
-2.012362,-1.597679,1
-1.338334,-1.311414,1
-3.015972,0.955053,1
0.661048,0.608449,1
-0.937661,0.808080,1
-0.982721,-1.604751,1
-1.046315,0.128033,1
-0.569292,-2.029058,1
-1.529944,-0.455344,1
-1.311174,-1.467655,1
-1.360342,-1.635642,1
-0.198586,-1.332476,1
-2.406486,0.012735,1
-1.859001,-1.056680,1
1.115322,0.339386,1
-1.773521,-1.969375,1
0.650161,-1.695050,1
-2.687487,1.336308,1
0.155140,-0.621008,1
-0.250358,-1.771109,1
0.462459,-2.900426,1
-2.299597,-2.951349,1
-0.986565,-2.387537,1
0.748256,-1.158027,1
-1.420485,-2.125660,1
-0.112557,-1.247609,1
-1.342712,-0.750529,1
-1.296591,-0.014559,1
-1.928181,-0.338211,1
-0.262814,-1.822359,1
-1.663818,-1.130964,1
-1.042281,-1.116579,1
-0.104811,-1.423835,1
-1.293496,-1.460963,1
-0.100942,-3.563290,1
-2.105200,-1.863489,1
-1.664574,-1.534889,1
-1.652156,-0.862525,1
-0.374542,0.004289,1
-0.769910,-0.637275,1
-0.590480,-2.307115,1
-0.793033,-1.024686,1
-2.954988,-0.164851,1
-1.716150,-1.055295,1
0.235862,-1.214015,1
-0.700736,-2.170019,1
-1.551582,-0.678494,1
-1.495430,-1.286335,1
-2.136654,-0.830858,1
-1.653595,-0.325889,1
0.123308,-1.637486,1
-1.315231,-0.280958,1
-0.086193,-1.280486,1
-1.113926,-0.485795,1
-0.617676,-1.977714,1
-0.100225,-0.464597,1
-1.233884,-2.353150,1
-0.349022,-1.364008,1
-1.148201,-1.397263,1
-1.993707,-1.549389,1
0.071009,-0.797027,1
-0.169127,-2.902415,1
-0.654851,-0.813394,1
-1.317993,-1.291821,1
-3.384870,-1.853481,1
-1.221426,-1.809007,1
-0.809008,-0.607740,1
-2.746254,-1.565635,1
-1.329020,-1.480551,1
-1.107475,-0.744795,1
-0.913864,-0.253180,1
-1.236887,-0.894522,1
-0.456157,-0.937212,1
-0.873783,-0.713514,1
0.349794,-0.668907,1
-0.839752,-0.984837,1
-0.797397,-0.519062,1
-1.233889,-0.182174,1
-0.725549,-0.498171,1
-1.582561,-1.355181,1
0.483598,-1.189090,1
-0.911577,-1.102077,1
-1.030711,-0.545235,1
-2.752389,-0.074004,1
-1.582262,-0.712376,1
-2.055968,-0.375518,1
-0.066065,-2.579859,1
-2.951460,-0.859981,1
-0.992038,-2.737995,1
-1.470638,0.460214,1
0.345297,-0.858801,1
-0.345770,-1.518104,1
-0.672046,-0.387182,1
-0.873941,-1.852244,1
-2.866102,0.389012,1
-0.371623,0.456221,1
-1.023597,-0.948645,1
-0.589839,-1.874777,1
-1.767641,-0.624478,1
-1.321688,-1.280284,1
-0.618079,-1.390669,1
-0.196054,-0.310036,1
0.334554,0.331390,1
-2.393041,-1.740495,1
-1.762903,-2.452307,1
-0.500287,-0.754330,1
-1.383422,-1.292360,1
-1.884411,-1.239116,1
-2.258199,-0.560581,1
-0.639750,-0.763972,1
-1.099669,-1.249040,1
0.533031,-1.887409,1
-0.837893,-1.411536,1
-0.500495,0.277073,1
-1.249599,-1.675622,1
-2.330530,-2.538637,1
-1.121741,0.052893,1
-1.315341,-0.897436,1
-2.697069,-1.786746,1
-1.262589,-1.424470,1
1.025860,-0.504666,1
1.315605,-0.961442,1
-0.668536,-1.849271,1
-1.183915,-1.559048,1
-1.661133,1.099386,1
-1.711347,-1.407237,1
-1.252407,-1.222817,1
-1.381718,-1.009544,1
-0.263998,-3.411653,1
-2.172991,-1.812928,1
0.020869,-0.349283,1
-1.462858,-0.005730,1
-1.974141,-2.772027,1
-0.687791,-1.567859,1
0.396692,-1.130888,1
-0.665486,-0.831827,1
-2.383842,-1.132175,1
-2.034894,-0.642263,1
-4.403205,-0.601151,1
-0.963013,-1.303799,1
0.381409,-1.662684,1
-0.720247,-1.233310,1
-3.403727,-0.351089,1
-3.485641,-0.737475,1
-1.771106,-0.357795,1
1.098961,-2.573085,1
-1.448642,-1.636127,1
-1.764408,-0.659714,1
-1.969721,-2.281168,1
-0.785387,-1.850501,1
-0.652760,-0.921484,1
-1.674932,-0.966727,1
-2.607184,-1.832168,1
-2.217327,-1.514685,1
-0.796203,-0.675578,1
0.193446,-0.269338,1
-2.902763,-0.606386,1
-0.331291,-2.151724,1
0.310464,-1.689347,1
-0.404190,-0.479662,1
0.059780,-1.210847,1
0.087823,-3.447702,1
-1.535887,-1.088952,1
-0.458855,0.213490,1
-1.903567,-0.576909,1
-2.185416,-1.550528,1
-1.076563,0.575146,1
-0.483700,-1.274466,1
-1.443834,-0.558182,1
-1.456052,-1.580688,1
-2.008382,0.487076,1
-0.850320,-1.907665,1
-0.388460,-0.518850,1
1.081844,-0.174782,1
-1.936434,1.103231,1
-0.519024,-2.501243,1
-2.290473,-0.707586,1
1.128067,-1.225179,1
-0.665324,-0.991180,1
-0.490926,-2.490700,1
-0.162213,-0.611470,1
1.570060,-1.225277,1
-0.566664,-1.863461,1
-0.551342,-1.670104,1
-1.637794,-1.261248,1
-0.786970,-0.294669,1
-0.459452,-1.364827,1
-0.396431,1.565108,1
-1.741316,-0.603320,1
-0.980590,-0.571932,1
-1.415185,-1.731841,1
-1.537002,-1.364686,1
-1.312597,-0.753246,1
-2.445971,-2.272546,1
-1.946380,-0.623004,1
0.431197,-1.180048,1
1.875934,-1.621172,1
-0.569613,-1.677584,1
-0.876796,-0.511776,1
0.397311,-1.161426,1
-0.023181,-2.685565,1
-0.492647,-1.968596,1
-1.017922,-0.767396,1
-0.995288,-2.685858,1
-0.957733,-2.009329,1
1.006393,-0.277323,1
-0.803394,-0.283971,1
-1.277638,-0.877336,1
0.179582,-1.469481,1
-0.561920,1.686643,1
-1.355238,-1.046434,1
-1.782444,0.087932,1
-0.474374,-1.003168,1
-0.912186,-0.773691,1
-1.310179,-3.317186,1
-0.506230,1.170279,1
-2.821406,-2.140692,1
0.377059,-0.732987,1
-1.031766,-0.392192,1
-0.589912,-0.071792,1
-0.818936,1.343085,1
0.076658,-0.724736,1
-2.316065,-1.935575,1
-0.628562,0.357296,1
1.065749,-1.089297,1
-1.529738,-0.718340,1
-0.240263,-1.193490,1
-2.269367,-1.905494,1
-2.083871,-2.164480,1
-2.921909,0.362292,1
0.177761,-1.314910,1
-2.200804,0.172915,1
-1.021595,-1.212644,1
-0.186331,-1.972340,1
0.646088,-1.211259,1
-1.866243,-0.837570,1
0.572116,0.136310,1
-0.055642,-0.075830,1
-0.036774,-2.081537,1
-2.177147,-1.747448,1
0.373427,-0.687453,1
0.181309,-0.884650,1
-0.877074,0.215751,1
-1.477533,-2.700280,1
0.251174,-1.427330,1
-1.777953,0.594508,1
-2.314319,-0.736859,1
-1.054808,-1.433481,1
0.728995,-2.010375,1
-3.425201,-1.558008,1
0.478045,-0.912280,1
0.421317,-0.576023,1
-1.249483,-1.494660,1
-2.954246,-0.995627,1
-0.316172,-2.997657,1
-0.211217,-1.342610,1
-4.607069,-1.185130,1
-1.338502,0.022893,1
-1.108743,1.080092,1
0.574313,-0.895675,1
-2.281859,-1.772669,1
-0.952505,-0.374298,1
0.507731,-2.293757,1
0.498675,1.554021,1
-1.573498,-1.767140,1
-0.277688,0.150854,1
-1.193864,-3.672230,1
-2.461756,-0.481880,1
-2.789978,-1.612306,1
-1.065129,-0.532708,1
-1.146287,-0.849232,1
-1.188971,-0.045297,1
-2.505391,-0.677262,1
-0.643906,-0.794372,1
0.264170,-0.856105,1
-2.437690,-0.850548,1
-1.679708,-2.907088,1
0.210169,-3.210064,1
-2.127744,-2.574639,1
-1.063712,-1.657257,1
0.594314,0.806327,1
-1.063212,-0.996185,1
-1.454743,-0.778295,1
-1.131050,0.351111,1
-1.911731,-2.593077,1
-0.058909,-0.751686,1
-0.174598,-1.273446,1
-0.980508,-0.870509,1
-2.357142,-2.128231,1
-0.144063,0.847062,1
-1.303605,-1.129653,1
-1.481423,-2.076173,1
1.186536,-0.499246,1
-2.808042,-1.997912,1
-1.975506,-2.781178,1
-2.438286,-0.146337,1
0.131771,-1.640377,1
0.078141,-1.422382,1
-0.506930,-0.737803,1
-1.950769,-1.639182,1
-1.228457,-2.064370,1
-0.013607,-0.311306,1
-0.308391,-1.240561,1
0.164546,0.329325,1
-0.420300,-0.973382,1
-0.550209,-1.743883,1
0.181488,-1.073295,1
-2.538422,-0.705223,1
-0.630344,1.621214,1
-0.219054,-1.805120,1
-0.926134,-0.651871,1
-3.390276,-1.949147,1
-1.704748,1.251164,1
-1.810617,0.306125,1
-0.262552,-1.061766,1
-2.634703,-2.055067,1
-0.875733,-0.153906,1
-0.594174,-2.328181,1
-1.896466,-1.573063,1
-2.954591,0.403903,1
-2.347795,-0.828735,1
-0.162296,-1.245527,1
-0.323981,-2.230261,1
-0.549236,-0.169929,1
-1.505223,-0.130846,1
-0.624486,-2.644263,1
-0.885951,-1.587376,1
-1.365040,0.099337,1
-1.573654,-0.469753,1
-0.709116,0.535706,1
-0.992558,-0.594797,1
-0.137827,-2.470742,1
0.144207,-1.319753,1
-2.043291,-4.082820,1
-2.492945,-2.584224,1
-3.069961,-2.231290,1
-0.848960,-2.825631,1
2.240174,0.157165,1
-0.057202,-0.976725,1
-1.446552,-0.654732,1
-2.389155,-1.311386,1
-1.263973,-1.531445,1
0.014664,-0.666729,1
1.584537,0.557183,1
-0.912384,-2.151032,1
1.358961,-0.464895,1
-1.491095,-0.972806,1
-0.648092,-1.926611,1
-1.064182,-2.425709,1
-1.004541,-0.734157,1
-0.492889,-0.921950,1
-1.159891,-1.904252,1
-0.655098,-0.449940,1
-0.702598,-1.915985,1
-1.116886,-2.757359,1
-1.745693,-2.233149,1
0.718999,-1.021152,1
-1.196843,-0.356192,1
-0.028354,-1.731817,1
0.675737,-0.441965,1
-1.447699,-2.917248,1
-1.786215,-0.750470,1
-0.423396,-1.208564,1
-0.620800,-2.661406,1
-2.133820,-2.221570,1
-1.449317,-0.367166,1
-0.843403,-1.907438,1
0.411728,-0.349310,1
-1.205197,-1.287106,1
-2.105107,-1.227647,1
-0.089623,-0.329993,1
-1.321563,-1.448913,1
-1.246862,-0.784982,1
0.226065,-2.987239,1
-0.031197,-1.826973,1
-1.107219,-0.768011,1
-1.008945,-1.779756,1
-2.537321,-0.043590,1
-1.067616,-2.760418,1
-2.889334,-0.549668,1
-3.163164,-1.622775,1
-0.158992,-0.836202,1
-1.465009,0.651503,1
0.037611,-3.014832,1
-0.590152,-1.412917,1
0.560583,-1.525973,1
-2.170944,-1.488719,1
-2.036753,-2.323810,1
-0.784725,-1.244582,1
-0.236857,-0.512630,1
-1.229114,-1.268476,1
-0.815843,-0.766708,1
-1.055963,-2.489084,1
-1.224119,-1.732862,1
0.843688,-2.312284,1
-1.672636,-2.943811,1
-0.546571,-1.578979,1
0.653816,-0.526854,1
-1.417299,-0.938038,1
-1.687334,-1.895015,1
-1.731937,-1.111150,1
-0.320755,-3.037657,1
-1.447504,-1.107337,1
-1.079502,-0.489264,1
-0.268874,-1.329597,1
-1.849782,-0.010235,1
0.818596,-1.731741,1
-0.427783,-1.592614,1
-0.172560,-0.190575,1
-1.045656,-3.577723,1
-0.938283,-1.862306,1
-0.969644,-1.292788,1
-1.981124,1.875530,1
-0.757582,-1.709251,1
0.001896,-1.652951,1
0.599818,0.015957,1
-0.866099,-0.602717,1
-1.096488,-1.124679,1
-0.556221,-3.245013,1
0.461164,-1.778430,1
-0.770182,-1.656834,1
-0.234087,-0.958235,1
-1.330157,0.898933,1
0.370207,1.765279,1
-1.302869,-2.604086,1
0.166821,-1.292724,1
-0.523666,-1.732395,1
1.405916,-1.711948,1
-1.451332,-0.510761,1
-0.123553,-1.946981,1
-2.438466,-1.139181,1
-0.774812,0.166461,1
-2.633954,0.708781,1
-1.432682,-1.560415,1
-1.018576,-2.989235,1
-0.979836,-0.582330,1
-2.028941,-1.955122,1
-0.498878,-1.124466,1
-2.545720,-2.256323,1
-1.388998,-1.260266,1
-0.309462,0.687913,1
0.419345,-1.360891,1
-2.205330,-0.760537,1
-0.060412,-0.676329,1
-0.869076,-1.326191,1
-1.251743,-1.183993,1
-0.632938,-1.351914,1
-0.647415,-4.578362,1
-1.666030,-0.879103,1
-0.406858,-0.046850,1
-0.995197,-1.263167,1
-2.070629,-2.620697,1
-0.321564,-0.394673,1
-0.633605,-1.781974,1
-1.822875,-1.290936,1
-1.005646,-0.008272,1
2.967890,-2.196869,1
-0.940852,-0.913520,1
-1.668997,-3.162365,1
-0.637064,-0.977333,1
-0.143942,-1.941752,1
-1.440516,-1.836734,1
0.690737,-0.605253,1
-0.835127,-0.806816,1
0.321765,-0.676806,1
0.847343,-2.663754,1
-0.945846,-0.853499,1
-2.436063,-1.079882,1
-0.058403,-0.585307,1
0.398738,0.393944,1
0.604764,-1.861837,1
-3.536255,-0.849224,1
-0.272682,0.048628,1
-2.079764,-1.825921,1
-1.232237,-0.855215,1
-0.959879,-2.158990,1
-1.636640,0.468448,1
-0.759859,-0.132368,1
-2.049974,-1.429052,1
-0.841969,-2.991302,1
-1.807441,-1.692464,1
-1.122624,-1.321018,1
-1.664925,0.269298,1
-0.886452,-0.558534,1
-0.641567,-1.448621,1
-2.839036,-0.522159,1
-0.359511,-0.711680,1
-1.878140,-0.931644,1
0.043248,-0.699125,1
-1.981646,-0.977390,1
-1.182458,-0.352160,1
-0.807452,0.450371,1
-2.417907,-1.084693,1
-1.436013,-1.151341,1
-1.181334,-0.853802,1
-1.137778,0.172132,1
-2.070507,-1.256269,1
-2.039474,-1.797348,1
-2.075950,-2.406936,1
-0.916326,-0.155112,1
-1.744824,-1.210440,1
-1.414351,-0.970322,1
-1.328952,0.986506,1
-2.176353,-1.986277,1
0.172826,-1.034896,1
-1.257087,-0.922873,1
1.320833,-2.261934,1
-1.913863,-0.742783,1
-1.579337,-1.620610,1
1.225613,1.398524,1
0.498848,-0.105958,1
-0.776001,0.551583,1
-0.842244,0.170555,1
-2.552197,-0.153027,1
-1.316351,-1.538157,1
0.081801,-1.252130,1
0.877519,-1.958685,1
-0.017445,0.908033,1
-0.988732,-1.332788,1
-1.634161,-0.238654,1
-1.302658,-1.627689,1
-2.631824,0.033320,1
0.303880,0.331333,1
-0.583559,-0.093891,1
-1.679160,-1.551818,1
-2.898917,-3.229355,1
-0.268001,-0.647814,1
-0.581640,-1.469535,1
0.224429,-0.877348,1
-0.686741,-2.204814,1
-1.831742,-1.504790,1
-0.143117,-0.585506,1
-0.352981,-2.041851,1
-3.212678,-1.253275,1
-1.631221,-0.876433,1
-0.877277,1.068064,1
-0.556027,-1.725887,1
-1.354708,-1.656427,1
0.000833,-0.514678,1
-0.883546,-1.510425,1
-0.029603,-1.683848,1
-2.033850,-1.548172,1
-2.166292,-0.200462,1
-1.716253,-0.278546,1
-0.399415,-0.061219,1
-1.752096,-2.580072,1
-1.519243,-0.651245,1
-2.631988,-0.687572,1
0.571034,-1.690461,1
1.806196,-2.147105,1
-1.254892,0.380693,1
0.460634,-0.857443,1
-1.813604,-2.111750,1
-0.959920,0.528991,1
-0.896096,-0.717987,1
-0.066129,-0.560465,1
-0.057328,-1.774970,1
-1.712620,-0.657551,1
-0.177623,0.063323,1
-0.961711,-1.739702,1
0.583394,-1.471272,1
-0.568209,-0.958544,1
-2.676602,-0.887151,1
-1.533345,-3.008768,1
-1.513046,-1.647858,1
-2.658432,-0.100189,1
-1.614438,-0.284450,1
-1.123366,-2.478648,1
-0.559679,-3.239368,1
-2.225194,0.505395,1
-1.832986,-2.766315,1
0.020679,-0.578383,1
-2.822386,0.100780,1
-1.105002,-1.714791,1
-1.105755,-1.673305,1
-2.618439,-1.087785,1
-1.250617,0.707029,1
0.247470,-1.654392,1
-1.022092,0.013099,1
-1.092494,-1.202332,1
-1.386734,-0.263377,1
-0.685546,-1.418383,1
-2.060112,-0.323573,1
-0.608436,-0.780480,1
0.457629,-0.159310,1
-2.432794,-0.608628,1
-0.352885,-0.215304,1
-2.636320,0.525495,1
-0.032573,-2.231171,1
-1.218551,-2.409477,1
0.093598,-1.293442,1
-2.205873,-0.073967,1
1.250149,-2.032602,1
-0.526838,-1.520881,1
-1.048157,-1.031646,1
-3.408108,-1.078757,1
-0.220385,-0.172859,1
0.763591,-1.076513,1
0.530267,-0.639995,1
-1.095819,-0.328598,1
-1.190763,-0.124559,1
0.029528,-1.883914,1
-0.252055,1.481702,1
-2.963262,0.758040,1
-0.797648,-2.307519,1
-0.825755,-2.998699,1
-1.146260,0.753871,1
-1.296975,-2.257093,1
-0.904657,-0.613291,1
-1.354697,-3.004086,1
-1.140735,-2.420607,1
-1.488268,-1.965785,1
-2.193470,-1.950041,1
-1.773304,-1.308775,1
-0.551501,-0.275876,1
0.060519,-1.244853,1
-1.915378,-1.996384,1
-0.716799,-1.089124,1
-2.283661,0.000571,1
-1.686076,0.020367,1
-1.143281,-1.642050,1
-2.209507,-0.312372,1
0.354322,-0.705712,1
-1.094568,-0.959003,1
-2.227928,-1.280006,1
0.031592,-1.788102,1
-1.131729,-1.362367,1
0.463845,-1.004333,1
1.146955,-0.390333,1
-0.069990,-0.343196,1
-1.459058,-1.648859,1
-0.855700,-0.420854,1
-1.334981,-0.433041,1
1.111950,-1.566785,1
-0.967092,-0.905806,1
0.974957,-3.114151,1
-1.218799,-0.448099,1
-2.927205,-3.411623,1
-0.640616,-1.544716,1
-1.056314,-1.639648,1
-0.204072,-1.996097,1
-2.538614,0.230103,1
0.053360,-4.022493,1
-0.882711,-1.100656,1
-0.957862,-0.513686,1
-0.704024,-2.253989,1
-2.076706,0.456476,1
-2.681628,-0.985587,1
-0.757450,-0.739212,1
-1.210521,-1.710744,1
-2.014851,-0.032220,1
-0.844058,-2.775153,1
0.060127,0.106438,1
-1.659614,-0.255828,1
-3.298552,-1.238848,1
-1.249172,-1.104925,1
1.031601,-2.197681,1
-0.681794,-0.417393,1
-0.582440,-1.478311,1
0.242383,-2.010657,1
-0.076286,-2.035200,1
0.144863,-0.633945,1
-0.899142,-1.540692,1
-2.206625,-0.559402,1
-0.939973,-1.750055,1
0.464816,-2.465745,1
-0.391900,-0.192991,1
-1.832525,-1.013928,1
0.130406,-2.780788,1
-1.797749,-0.653450,1
0.026184,0.432765,1
-0.589071,-0.509233,1
-1.390112,-0.824846,1
-0.133006,-1.245805,1
-1.608002,-2.438663,1
-1.827091,-1.720670,1
-2.018468,-2.782585,1
-0.995138,-1.139136,1
-0.297432,-0.654508,1
0.890462,-2.223291,1
-0.233994,-1.225614,1
-2.455038,-0.201023,1
-0.400456,-1.662821,1
-0.500354,-1.162279,1
-1.569197,-2.677522,1
-0.614984,-1.421860,1
-2.220310,0.739480,1
-1.180078,-0.141951,1
-1.951701,-2.151270,1
-1.389078,-0.273348,1
-2.402235,-1.025443,1
-1.729894,-2.240277,1
-0.521019,0.598831,1
-0.242555,0.463820,1
0.165682,-4.289351,1
-1.693804,-1.691141,1
-1.013916,-1.563443,1
-1.888432,-0.593253,1
-0.837662,-0.411353,1
-1.168159,-0.011662,1
-1.493126,-1.379023,1
-0.769467,-3.397526,1
-1.267278,-1.419893,1
-0.606035,-0.949218,1
-1.057321,-2.349038,1
0.126707,-2.626475,1
-3.064437,-1.238992,1
-1.234145,-1.903275,1
-2.848053,-4.064199,1
-0.981096,-0.731426,1
-2.927519,-1.077769,1
-0.486993,-0.978101,1
-1.595685,-2.271999,1
-1.579870,-1.583386,1
0.079852,-1.977993,1
-1.570043,-0.731498,1
-0.037910,-3.552370,1
-0.231079,-1.305950,1
2.046792,-3.438116,1
-1.137142,-0.583634,1
-1.970812,-0.965158,1
-0.761060,0.437770,1
1.796189,-0.070449,1
-0.983902,0.177214,1
-2.229969,-2.500802,1
-0.629736,-0.209950,1
-0.345455,-0.474448,1
-2.316315,-0.636688,1
-1.153866,-0.648685,1
-0.809512,-1.226663,1
1.485431,-0.841418,1
-1.626593,-2.551504,1
-1.330050,-0.821240,1
-3.351525,0.542807,1
-1.512237,0.482539,1
0.077078,0.784006,1
-0.853114,-1.288659,1
-1.429236,-0.914372,1
0.240469,-0.187741,1
-2.586900,-0.272071,1
-1.151420,-0.033178,1
0.287800,-0.298715,1
0.338062,-1.607879,1
-1.141968,0.313151,1
-1.254092,-1.029694,1
0.642807,-0.557434,1
-0.606760,-1.033057,1
-1.074782,-1.892129,1
-2.056177,-0.770770,1
-0.567385,-0.741126,1
-0.484695,-1.495520,1
-2.357927,-0.309625,1
-1.550743,-0.017390,1
-0.524557,-1.097279,1
-1.555947,1.798080,1
-1.244873,-0.239351,1
-4.052118,-0.217578,1
-0.041046,-0.790545,1
-1.109661,-3.152740,1
-1.953323,-1.865021,1
0.113980,-1.197788,1
0.189785,0.711837,1
-0.723386,-1.005070,1
-0.638979,-0.640996,1
-0.292284,-2.221387,1
-0.485461,-1.870171,1
-0.335818,0.269217,1
0.475760,-1.387146,1
-0.718855,-1.794181,1
-3.239485,-1.175125,1
0.009438,0.402949,1
-1.365936,0.971229,1
-0.800087,-1.032567,1
-0.689120,-2.376996,1
-1.068068,-1.546304,1
0.519167,-0.803947,1
0.098470,-0.980110,1
-0.967144,-1.053986,1
-1.457825,-1.916815,1
-0.668291,-1.536632,1
-1.729326,0.105582,1
-0.755978,-0.869375,1
-1.126403,-2.698972,1
-1.778903,-1.587476,1
-1.924016,-1.922531,1
-0.962945,-1.652984,1
-0.797137,-0.321577,1
-3.974418,-1.447872,1
-0.025995,-1.234816,1
0.587687,-1.033769,1
0.480516,-0.443789,1
-2.182931,-2.979042,1
-0.521588,-0.627910,1
-0.421710,-1.030612,1
0.228932,-1.211802,1
-0.979281,-2.034398,1
-2.317094,-1.689760,1
-2.246041,-1.915039,1
-0.538491,-0.538010,1
-1.962602,-0.970592,1
-0.542487,-0.752974,1
-0.758424,1.304642,1
-1.368510,-1.395829,1
-1.771856,-2.107325,1
-2.070479,-1.640450,1
-0.374005,-2.464204,1
1.695712,0.381737,1
-0.074286,-0.936464,1
0.156678,-1.181606,1
-1.632610,-0.663602,1
-1.921465,-1.796449,1
0.114733,-0.003189,1
-1.064492,0.219903,1
-3.011106,-1.124606,1
-0.265163,-1.127482,1
-2.322554,-1.199226,1
-1.905218,-0.490960,1
1.299918,-2.371968,1
1.412734,-1.501906,1
-1.609220,-1.023889,1
-1.157881,-3.132202,1
-3.621534,-3.269030,1
-1.918961,-1.527128,1
-2.056494,-1.424805,1
-2.788444,-1.414479,1
-1.944840,-3.274709,1
-1.332645,-3.148575,1
-2.122007,-0.650578,1
-0.809927,-0.881509,1
-0.428302,-1.250388,1
-1.502138,-0.720796,1
-1.923574,-2.440524,1
-1.202287,-0.831553,1
-0.853136,-0.521048,1
-1.280450,-1.964056,1
0.266764,-1.676950,1
-0.736748,-2.662501,1
-1.829612,-1.093314,1
-0.283457,0.592237,1
-2.281946,-0.945824,1
-0.947606,-0.807530,1
1.079184,-1.299416,1
-1.122862,-0.060104,1
-0.209926,-1.092191,1
-1.294215,-1.847033,1
-2.499149,-1.246051,1
-1.454977,-0.050899,1
-0.071024,0.982356,1
-1.823028,0.082993,1
-0.078074,-0.665921,1
-0.844517,-0.268302,1
-1.397844,-2.027825,1
-0.678381,0.573735,1
-0.388859,-0.738538,1
-0.672492,0.256993,1
0.144835,-2.361088,1
0.319561,-0.197576,1
-0.785965,-1.215578,1
0.831839,-1.514335,1
-0.785417,-0.504426,1
-0.652946,0.839589,1
0.186029,-1.644243,1
-2.170406,0.328196,1
-1.182408,-1.358465,1
-0.233864,0.024503,1
-2.020262,-0.623837,1
-1.950956,-0.415462,1
-1.826602,-1.501577,1
-1.111789,-0.527736,1
-0.704380,-1.544321,1
-2.228092,-0.676724,1
-0.257987,-2.049388,1
0.053318,-2.136527,1
0.923433,0.622728,1
-0.655331,-4.008783,1
-1.648068,0.800262,1
-0.082855,-0.420160,1
-0.307841,-1.409167,1
-0.447492,-1.540085,1
-2.415571,0.335573,1
-1.440528,-2.422406,1
-1.113956,-0.269979,1
-1.047710,-2.191316,1
-1.257332,-2.094357,1
-1.904560,-0.074623,1
-0.886448,-1.149473,1
-2.440574,-0.222907,1
-2.637104,-0.435882,1
0.285532,-1.594523,1
-2.122709,-1.306898,1
-0.634974,-1.659327,1
-1.757304,0.482993,1
-3.287617,-2.673198,1
-0.219201,-0.143970,1
-0.620676,-0.638980,1
-1.260678,-1.206179,1
-2.456689,0.195155,1
-0.799928,-1.679999,1
-1.874193,0.025688,1
-0.622636,-2.426129,1
-2.062898,-2.622478,1
-0.957581,-1.223758,1
-1.393898,-2.442000,1
-1.815424,-2.734518,1
-1.419706,-1.156011,1
-1.333615,-1.279419,1
-2.158063,-0.591589,1
-1.424962,-1.337509,1
-0.717671,-0.893768,1
-1.653491,-1.163268,1
-1.172829,0.220805,1
-0.671000,-1.904046,1
-1.282014,-2.773561,1
-1.966315,-1.535765,1
-1.933231,-0.980506,1
0.051798,-1.301824,1
-2.102892,-1.160485,1
-0.195975,-0.545336,1
-2.272381,-1.901376,1
-0.445279,-1.685213,1
0.294681,-1.486921,1
-0.201171,-1.134464,1
-1.326217,-1.963327,1
-2.012609,-1.269879,1
-1.308671,-0.726299,1
-1.361263,-1.387421,1
-1.867074,-3.063743,1
-0.432028,-1.429607,1
-2.155478,-1.409463,1
-1.329930,0.156651,1
3.075062,-0.500035,1
-2.008050,0.257291,1
-1.786020,-1.445880,1
-1.441371,-1.184922,1
0.105156,-0.291429,1
0.434849,0.297561,1
-0.556405,-1.712643,1
-1.926699,-2.190162,1
0.279240,-1.201539,1
-1.189519,-2.134031,1
-1.335974,-1.165939,1
-0.161981,-0.019069,1
-0.722067,-2.788116,1
-1.800893,-0.521407,1
-2.853949,0.533956,1
-1.967786,0.781704,1
-0.553195,-1.650960,1
0.083395,-0.130688,1
0.823777,-1.862157,1
0.198796,-1.778087,1
-0.842725,-1.234597,1
-0.579359,-1.331840,1
0.078490,-3.332456,1
-1.325165,-2.883339,1
-0.915029,-1.288756,1
-1.879817,-0.967924,1
0.468646,-1.798357,1
-2.098168,-0.989783,1
2.363963,0.348029,1
-0.317727,-1.094696,1
-2.323408,0.027834,1
-2.352126,-0.455304,1
-0.881773,-1.139699,1
-3.379061,0.535042,1
-0.999804,-1.467469,1
0.907587,0.204048,1
-1.786649,-3.823815,1
-1.535816,-1.925596,1
-2.827038,-0.976933,1
1.128845,-2.851948,1
-1.996084,0.746335,1
1.080211,-2.175712,1
-0.336877,-2.161670,1
-0.590773,-0.903528,1
0.161558,0.913591,1
-1.843230,-2.805328,1
-0.229713,-1.255963,1
-0.350893,0.476070,1
-1.840424,-1.321161,1
-0.877630,-0.867844,1
-1.858075,1.298489,1
-3.237605,-0.402923,1
-0.694575,1.122014,1
-1.549355,-1.151568,1
-0.486188,-0.851528,1
-1.730319,-2.418452,1
-1.707638,0.665935,1
-1.017123,-1.067005,1
-0.861362,-1.749403,1
-1.129953,0.466426,1
-3.779811,-0.143080,1
-0.890637,-1.107075,1
-1.594244,-2.645913,1
-0.552235,-0.737719,1
-0.693759,-0.737796,1
-2.594668,0.188693,1
-0.874078,-2.092990,1
0.581433,-0.339557,1
-1.712380,1.213359,1
-0.171102,-1.920633,1
-1.909676,-0.396245,1
-1.414636,-0.894478,1
-2.395777,0.259854,1
-0.847679,-0.963450,1
-0.937699,-0.146473,1
-2.014091,-1.245412,1
-1.411429,-0.372839,1
-1.142312,-1.086284,1
-0.887462,-0.526368,1
-1.038202,-1.746934,1
-1.122538,-0.938579,1
-2.488370,0.060099,1
-1.695176,-0.744717,1
-0.780456,-2.712559,1
-0.425356,-4.482691,1
-1.785765,-0.287640,1
-2.325616,0.031730,1
-0.631762,-2.649274,1
-1.525510,-0.396469,1
-3.221557,-1.962097,1
-0.989231,1.311934,1
-0.169922,-0.643894,1
0.826536,0.799616,1
-0.460074,-0.876206,1
-1.030972,-0.459644,1
-0.605069,-0.929186,1
0.510122,-0.974710,1
-1.250635,-0.045632,1
-0.039528,-2.171195,1
0.516535,-1.003744,1
-0.084616,0.112057,1
-1.670170,-0.562518,1
0.234456,-1.321038,1
0.385232,-2.018971,1
-1.838650,-0.399126,1
-0.846934,-1.384202,1
-1.854923,-1.199263,1
-0.758468,-1.687478,1
-2.452518,-2.877014,1
-1.239041,-2.181858,1
0.139153,-1.404279,1
0.867656,0.351094,1
-1.683110,0.268839,1
0.512935,0.477800,1
-0.526557,-3.633752,1
-1.629892,-1.265934,1
-2.387339,-1.460339,1
0.700739,-0.955826,1
-1.200323,-1.545982,1
-0.427323,0.387420,1
-2.318311,-1.851318,1
-1.041193,-1.991882,1
-1.488729,-0.685057,1
-1.053668,-2.012277,1
-1.892532,-0.633010,1
-0.295388,0.447831,1
1.462594,-1.125922,1
0.234085,0.866405,1
-3.762472,-2.056104,1
-2.033409,-1.164528,1
0.304710,-0.133048,1
0.244028,-0.277164,1
-0.352303,-0.771814,1
-2.636234,-1.841539,1
-1.453023,-1.169099,1
1.797995,-1.012826,1
-1.893408,-1.742917,1
-2.589439,-1.571668,1
-1.392090,0.627253,1
-0.970243,-2.276953,1
-0.471664,-0.370933,1
-0.982516,-1.303164,1
-1.180523,-2.525292,1
-2.483486,-1.568554,1
-0.696916,-1.513534,1
-2.422284,-0.137771,1
-0.396868,-3.001697,1
-0.225173,-1.325186,1
0.594143,-1.506576,1
-3.741857,-2.174189,1
-1.020856,-0.807175,1
-0.630087,-0.087578,1
-2.263956,-0.390344,1
-1.950065,0.033750,1
-1.921697,-0.139320,1
-1.530672,-0.475100,1
-0.351865,-1.168820,1
-0.617399,-0.928100,1
0.133200,-3.832040,1
-2.205163,0.248034,1
1.586359,-1.800353,1
-1.391700,-0.320303,1
1.709073,-1.411469,1
-1.331431,-0.914589,1
0.920463,-0.763760,1
-1.008017,-1.790659,1
-1.781893,-1.355493,1
-0.793384,-0.920178,1
-1.331816,-2.344420,1
-3.666889,-0.523336,1
-0.893166,-0.947724,1
-0.097647,0.995391,1
0.280542,-2.381601,1
-1.612642,-0.680298,1
-2.168770,-0.371168,1
-1.255577,-3.786476,1
-2.272765,-1.256187,1
-1.802320,-2.133100,1
-0.713472,0.142447,1
-3.287308,0.030646,1
-0.221124,-1.737300,1
-1.892606,-0.268061,1
-2.044930,0.228793,1
-0.824969,0.397480,1
-0.713749,-1.007867,1
-0.538344,-1.222232,1
-1.009551,-0.920640,1
-2.081395,-0.868911,1
-0.993460,-0.508142,1
-0.873190,-1.295733,1
0.497232,-1.351791,1
0.546181,-1.383690,1
-0.597299,-1.518498,1
-0.153416,-1.306511,1
-2.390833,-1.152244,1
-3.430897,-2.250347,1
-2.042159,-4.263973,1
-2.104363,-1.115407,1
-2.248600,-1.454800,1
0.861993,-0.611457,1
-0.081310,1.553164,1
1.561871,-2.054723,1
-2.134653,-0.739316,1
-1.453361,-1.282809,1
-0.977911,-0.940964,1
-1.110127,-1.734752,1
-1.208115,-0.496674,1
-1.238316,1.838117,1
0.484128,-0.590457,1
-2.709535,-1.673488,1
-1.956516,-1.739793,1
-2.719399,-0.879135,1
-1.735354,-0.990267,1
-1.103020,-1.529820,1
-0.925425,0.379233,1
-3.145337,-0.738063,1
-0.114950,-2.842362,1
-2.137226,-1.699676,1
-0.168026,-1.388902,1
-3.136650,-1.587666,1
-0.394393,-2.081482,1
-0.091050,0.314147,1
-1.572917,0.035662,1
-0.791697,-0.441103,1
-1.522296,-1.023118,1
-0.048513,0.946846,1
0.001813,-0.413931,1
-3.261131,0.061474,1
-1.324442,-1.573732,1
-1.162783,-2.183295,1
-1.747111,-1.385810,1
-0.091040,-0.598621,1
-1.975423,0.082430,1
-2.042692,-2.569033,1
-0.583713,-0.275616,1
-3.172730,-0.467989,1
-2.339419,-0.949431,1
-2.734768,-1.415684,1
-0.949588,-1.151805,1
-0.349265,-0.721571,1
-2.149993,0.670400,1
-0.179835,-0.968753,1
-0.575585,-0.032211,1
-1.388162,-0.780887,1
-1.039838,0.147877,1
-1.139489,-2.220221,1
-0.685433,1.456158,1
-0.804616,-1.046409,1
-0.905602,-3.565050,1
1.140973,-0.224767,1
-1.111427,-0.750648,1
-2.749301,-2.271265,1
-1.541272,-0.670073,1
-1.920707,-0.634235,1
-2.001877,-0.130997,1
-0.575969,0.026515,1
-0.791377,-0.165761,1
-1.631130,-2.921922,1
-1.197530,0.855752,1
-0.646044,-1.379911,1
-1.331878,-0.266880,1
-0.307435,-0.800776,1
0.776554,-0.898122,1
-0.414762,-1.240049,1
-1.159468,-0.865933,1
-2.361824,-2.014953,1
-1.968822,0.374706,1
0.350151,-1.093100,1
-0.530217,-2.328240,1
-2.906523,-1.432308,1
0.417193,0.728973,1
-2.624825,-3.384655,1
-0.716691,-1.713469,1
-0.221122,-1.013659,1
-1.050058,-0.281727,1
-1.066185,-1.379364,1
-1.393393,-3.144121,1
-2.537938,0.530717,1
-0.977239,-0.698390,1
-1.254027,-0.054283,1
-1.036336,-0.372876,1
-1.998344,0.356253,1
-0.793177,-0.969387,1
0.649706,-0.739225,1
-1.538962,-0.244709,1
-0.215729,-1.143269,1
-1.070250,0.277319,1
-1.405041,-1.463240,1
-1.618838,-0.970537,1
-2.112833,-0.796251,1
-0.331077,-1.011696,1
-1.073832,1.168034,1
-0.023160,-2.339824,1
-2.130805,-0.254129,1
1.299095,-1.301000,1
-0.514861,-1.976583,1
-0.991960,-1.689223,1
-2.533254,-0.772871,1
-1.012187,-2.319877,1
-1.310322,-1.261594,1
-2.260593,0.539472,1
-1.564575,-0.010683,1
-1.121556,-1.800993,1
-2.104707,1.495238,1
-0.820661,0.426931,1
-1.961823,0.585029,1
1.048064,-1.275702,1
-1.475383,-2.019506,1
-1.043097,1.562685,1
-1.782628,-1.631310,1
-0.946019,-0.113622,1
0.398642,-0.796413,1
0.645908,-2.079331,1
0.370400,-1.295802,1
-2.270858,-1.925416,1
-2.574084,-2.027815,1
-0.768874,-0.397655,1
-0.069895,-4.031933,1
0.179724,-1.001197,1
-1.582263,-0.669355,1
-0.186172,-2.342490,1
-1.137538,-1.940160,1
-0.814430,-2.402199,1
-2.755794,-2.213532,1
1.018688,-1.991239,1
-0.316833,-1.627741,1
-0.298606,-1.305257,1
-0.376167,-2.156681,1
-0.841579,-2.230933,1
-1.257551,-1.184661,1
0.598034,-2.305754,1
-1.526365,-2.456910,1
-1.773620,-1.121210,1
-1.848321,-2.218199,1
-0.721205,-2.255680,1
-0.198928,-1.122685,1
-0.237589,-1.355502,1
-0.331778,-1.469889,1
-2.601140,-0.424777,1
-2.735070,-0.679551,1
-1.116979,0.085755,1
-2.818279,-1.881050,1
-1.241197,-1.903040,1
-2.229727,-3.681597,1
-1.779631,-0.616854,1
1.870833,0.235906,1
-1.007657,-2.016547,1
-0.369143,-0.100541,1
-1.082376,-1.864013,1
0.696793,-0.008765,1
-0.913996,-2.244411,1
1.699906,-1.033068,1
-0.587173,-0.850832,1
0.325518,-0.956938,1
-1.814231,0.416524,1
0.093825,-2.137584,1
-1.592861,0.226520,1
0.710893,-2.154899,1
-0.815165,-1.491196,1
-1.548018,0.667991,1
-1.260279,-2.805814,1
-0.743530,0.351684,1
-2.051227,-0.753006,1
-2.627369,0.421098,1
-1.516896,1.315717,1
-1.373875,-2.919194,1
-1.879387,-0.723399,1
-1.216610,-1.698596,1
-1.561941,-1.033387,1
-1.585432,-0.014838,1
-0.040059,-1.213000,1
0.883438,-1.270185,1
-1.509056,-0.333454,1
-0.232470,-0.142007,1
-0.712525,-0.725747,1
-0.566844,-0.689291,1
-2.953466,-2.028080,1
-1.089932,-0.778522,1
-1.140123,-0.695264,1
-0.760284,-1.889588,1
-1.268306,0.636010,1
-0.253490,-0.716759,1
-0.940350,-1.041160,1
-2.072361,-0.872039,1
-0.513402,-1.621931,1
-0.375491,-0.716170,1
-1.686770,-0.879851,1
-0.410175,-1.244286,1
-1.685369,-0.197471,1
-1.496676,0.322127,1
-1.003785,-1.761932,1
0.340361,-1.354812,1
-1.543481,-0.049230,1
-1.344151,-0.593960,1
0.207512,-1.658433,1
-1.610403,-0.401881,1
-0.698089,-0.649102,1
-1.856902,1.359983,1
-1.550376,-0.985482,1
1.456989,-1.146684,1
-0.392709,-1.376539,1
-0.638209,-1.071732,1
-0.670519,-1.176721,1
-3.363115,-1.738537,1
-0.188832,-1.675166,1
-1.624781,-1.171347,1
-2.724535,-1.542475,1
0.976429,-1.466323,1
-1.246627,-1.680020,1
-0.636060,0.436844,1
-1.667126,-0.782467,1
-2.153903,-0.610360,1
-2.831032,-1.140934,1
-0.120548,-2.096735,1
-2.670306,-2.241679,1
-1.142324,-1.666803,1
-1.892107,-1.525870,1
-3.226097,-0.564151,1
-0.308535,-0.977177,1
-2.608731,-3.616656,1
0.249255,-2.449588,1
-1.515380,-0.915547,1
-0.799937,-2.303946,1
0.362702,0.117331,1
-1.672252,0.199480,1
-0.360492,-0.294496,1
-1.848667,-0.165431,1
-2.478123,-0.501884,1
-1.504479,-0.433297,1
-0.140729,-0.692562,1
-0.169958,-0.973044,1
-0.413193,-2.429420,1
0.772213,-1.352716,1
-2.225432,-1.621335,1
-0.613161,-0.903167,1
-1.750865,-1.471561,1
-1.665844,-1.297605,1
-1.931100,0.083124,1
0.138382,-0.228686,1
-3.231052,-0.399759,1
0.493389,1.411964,1
0.887794,-2.180013,1
0.356439,-1.579987,1
-1.072826,0.673079,1
-2.278092,-2.461126,1
-0.529130,0.016372,1
-1.627847,-1.308638,1
-3.948022,-2.235116,1
1.038342,-1.360048,1
0.865973,-0.358487,1
-0.891169,-1.469082,1
-2.053513,-1.455013,1
-1.880591,0.634807,1
-0.225668,-0.635912,1
-2.525260,-0.999718,1
-2.119109,-1.314112,1
-0.458983,0.347282,1
0.365830,-1.047007,1
-1.735264,-0.082064,1
0.277850,0.486785,1
-1.137690,0.853117,1
-3.182661,-0.817540,1
-1.599691,-1.949193,1
-2.073696,-0.853020,1
-1.380927,-2.428653,1
-2.419963,0.483271,1
0.993576,0.334504,1
0.735224,-1.938435,1
-1.037005,-0.493536,1
-0.647646,-0.414211,1
0.903130,0.147124,1
-0.603092,-0.162673,1
-1.342031,0.323411,1
-1.752671,0.496098,1
-2.181385,-0.471225,1
-0.447507,-1.004784,1
-2.989975,-1.063299,1
-2.875768,-1.318078,1
-1.992038,-1.862671,1
-1.725087,-1.933748,1
-1.084874,0.365232,1
-1.684163,-0.827237,1
-2.037156,1.028485,1
-1.650760,-1.327671,1
-2.612292,-0.574511,1
-1.697697,-2.463193,1
-0.889493,-0.267811,1
-0.781936,-1.457002,1
0.461148,-1.193064,1
-1.733651,-0.855541,1
-2.453112,-0.116703,1
-0.604447,-1.899031,1
-1.192097,-0.186318,1
-0.983768,-0.958691,1
-2.615383,-1.725580,1
-1.305854,1.105416,1
-2.611280,-1.769745,1
-0.655474,-1.919694,1
0.340931,0.313013,1
-1.721110,-2.389525,1
0.412528,0.109488,1
1.770252,-1.899700,1
-0.991728,-0.479716,1
-0.652986,1.019697,1
-1.714442,-0.921506,1
-1.263130,-2.091513,1
-1.395930,-0.311192,1
-0.668053,-0.798191,1
1.045702,-1.099417,1
-1.005339,-2.303933,1
1.650143,-2.423220,1
1.575374,0.176234,1
-0.868877,-3.127005,1
-0.404212,-1.498684,1
-1.318496,-0.831846,1
0.253963,-2.692936,1
-0.465345,-0.564939,1
-2.242679,-0.380686,1
-0.954199,-0.613170,1
-0.302052,-1.621028,1
-2.468973,-0.472876,1
-1.027745,-1.081820,1
-0.082928,0.013883,1
-0.854127,-0.439378,1
-0.244030,-1.806382,1
-1.306439,-0.679916,1
0.761631,-1.000636,1
-0.587857,-1.473249,1
-0.164997,-1.521496,1
-0.628500,-1.077478,1
-0.314945,0.560130,1
0.378178,-0.551833,1
-2.073933,-2.503602,1
-0.090623,-1.241328,1
-0.978933,-1.720919,1
-2.353976,-2.908505,1
-2.109019,-1.956748,1
-1.094753,-1.798354,1
-0.516481,0.940528,1
-0.452335,1.251591,1
-0.217373,-1.116536,1
-2.634264,-1.425405,1
-0.884664,-1.254149,1
-1.085213,-2.467546,1
-1.670371,-0.715652,1
-1.262062,0.477250,1
-2.154583,1.159291,1
-1.287558,-0.065508,1
-1.195409,1.831878,1
-1.215790,1.189686,1
1.511720,-0.817766,1
-2.349519,0.261872,1
-0.930799,-1.001725,1
-1.189365,-1.400855,1
0.392429,-1.098008,1
-1.643437,-1.487667,1
-1.082956,0.563285,1
-0.655003,-1.559721,1
-1.549496,-2.159933,1
-0.852933,0.310738,1
-1.578285,-1.152841,1
-0.659768,-1.373577,1
-1.496105,-0.743865,1
-3.363295,-0.668250,1
0.514393,-1.834834,1
0.008840,-0.576667,1
-1.292366,-2.415456,1
-2.456196,-1.432598,1
-1.459541,-1.623083,1
0.520860,0.769203,1
-2.831700,-1.881958,1
-1.609994,0.776664,1
-0.586180,-0.763406,1
0.958733,-0.816149,1
-2.918053,-0.383159,1
-1.977819,0.458327,1
-2.118585,-1.426151,1
-2.639983,-0.069237,1
-0.659282,-1.289110,1
-1.372729,0.231472,1
-1.531574,-2.802200,1
-1.565511,-0.552240,1
-2.856975,-2.925391,1
-1.535077,-1.008212,1
-0.825946,-3.554362,1
0.401577,-0.290225,1
-3.807739,-1.702552,1
-2.539959,-1.400491,1
-1.361563,-1.436697,1
-0.539310,-1.196418,1
-1.853325,-2.268252,1
0.394508,0.209918,1
-0.993011,-0.421421,1
-2.131374,-3.080219,1
-0.550894,-1.735557,1
-1.462088,-1.386437,1
-1.205013,-0.412825,1
-2.339195,-0.731131,1
-0.844775,-1.391896,1
-0.594968,1.008299,1
-1.612050,0.058734,1
-0.137146,-1.815555,1
-1.021704,-0.918137,1
-0.002535,-1.884694,1
0.459065,-0.281205,1
-1.850406,-1.014101,1
-1.801700,-0.055020,1
-2.098404,-1.119329,1
-2.173946,0.414521,1
-0.243134,0.359797,1
-0.773120,-1.315116,1
1.118991,-0.293631,1
-1.193672,-0.626088,1
-1.122473,-1.174768,1
0.765503,-0.898128,1
-1.972486,-0.499503,1
-2.572767,-1.314225,1
0.241432,1.457852,1
-2.448522,-1.425418,1
-2.626957,-1.532958,1
-1.607126,-0.598633,1
-1.073072,-0.591838,1
-1.630774,0.190220,1
0.851334,-0.428236,1
-1.125886,-0.471158,1
-3.415185,0.082909,1
-1.369651,-1.956160,1
-0.222776,-1.887736,1
-2.096294,-1.204564,1
-1.103930,0.154093,1
-0.307406,0.172753,1
-0.659744,0.021925,1
0.666809,-0.195875,1
-1.401973,-2.953334,1
-1.075196,-1.480024,1
0.369390,-2.691205,1
-1.691426,0.042752,1
-0.694569,-2.414866,1
-1.491361,-1.686066,1
-1.496140,-0.987765,1
-1.435636,-0.905864,1
-2.271868,-1.697248,1
-1.128712,-1.014437,1
1.337678,-1.022393,1
-1.576644,-0.557574,1
-0.202608,-1.601730,1
-1.384867,0.685794,1
-2.706426,-0.366014,1
-1.516528,-1.029832,1
-0.868371,-2.004081,1
-1.087095,-3.311434,1
-0.885213,-4.566710,1
-2.210200,-0.585404,1
-1.371940,-1.352831,1
-2.039340,0.725695,1
-1.447245,-0.388865,1
-1.616570,-1.785069,1
-0.263538,-0.115100,1
-1.399228,0.793873,1
-2.285148,-1.978728,1
-1.687363,0.153956,1
-0.229109,0.226475,1
-0.090683,0.382234,1
-2.397318,-1.352762,1
-0.244077,-1.118616,1
-0.350842,-0.086424,1
-0.440805,-0.954968,1
-0.105721,-0.217210,1
-0.442242,-0.213536,1
-2.083455,0.421447,1
-1.261339,-1.349625,1
-2.567905,-1.285663,1
0.352098,-0.802930,1
-1.467923,1.018535,1
-0.256439,-2.551362,1
-0.248818,-2.082023,1
-1.203699,-1.481924,1
-2.528535,-1.440900,1
-0.487020,-0.804095,1
-2.621543,-2.916213,1
-0.768929,-1.474576,1
-2.573361,-1.556391,1
-1.334055,-1.706125,1
-1.193139,-0.018763,1
-1.743048,-1.807792,1
-1.898206,-2.488539,1
0.697142,-0.494708,1
-1.864359,-1.673944,1
0.207912,-0.576118,1
-1.918002,-3.077762,1
-0.961468,-0.794723,1
-1.370152,-0.471952,1
-2.373642,-0.195723,1
-1.282423,-0.801308,1
-0.543176,0.547798,1
-1.141997,-0.738781,1
-1.427935,-0.197487,1
1.082525,-0.994249,1
0.281328,-1.134242,1
-2.069342,-2.382245,1
0.036515,-1.074142,1
-1.375287,-0.939119,1
-1.389351,-2.808004,1
-1.699560,-0.523676,1
-0.166302,-2.037587,1
-0.378423,-1.349750,1
0.474267,-1.045504,1
-0.358908,-1.171083,1
-2.008524,-1.248504,1
-1.060846,-0.038415,1
-2.447825,0.475735,1
-0.264068,0.891253,1
-0.839237,-0.529802,1
0.298290,-0.708169,1
-3.762404,-1.894053,1
0.316136,0.058374,1
-2.763321,-1.513514,1
-1.989838,1.380304,1
0.304423,-0.619037,1
-0.949389,0.288591,1
0.478718,0.337718,1
-1.453689,-1.274606,1
-1.931373,-1.605721,1
0.512390,-1.254500,1
-0.441797,-1.572084,1
-1.495488,-0.874556,1
-0.744359,-0.779394,1
-0.468462,-1.090481,1
-0.600843,-0.565690,1
-0.061039,-0.985264,1
0.212504,-2.411343,1
-1.606006,0.043066,1
-2.167547,-1.482760,1
-0.146933,-1.596925,1
-0.586449,-4.792032,1
-2.458662,-0.905354,1
-0.988738,-1.314817,1
-0.656555,-0.391346,1
-0.960131,-0.106926,1
-0.819530,0.172696,1
0.681958,-1.651735,1
-1.285654,-0.270861,1
-0.325698,-1.818202,1
-0.137081,-0.084144,1
-0.783924,-0.915067,1
1.180352,0.358966,1
-1.124537,-1.512402,1
1.589791,-0.301384,1
0.448930,-1.180401,1
-0.466611,-0.207298,1
-0.440502,-1.855564,1
-1.284009,-1.185228,1
-1.032143,-2.703599,1
0.440924,-1.783984,1
-1.561126,-3.099114,1
0.822823,1.230721,1
-1.226679,1.121584,1
-2.485394,-1.754162,1
-0.241227,0.044866,1
-0.538706,-1.881757,1
-3.666997,0.347058,1
-1.329415,-2.821351,1
-1.401614,-1.240566,1
-1.879305,-0.507565,1
0.252985,0.222678,1
-0.436243,-0.768948,1
-0.986009,-1.405039,1
-2.545054,-0.448977,1
-0.819468,-0.998774,1
-0.072753,-2.344898,1
-2.380344,0.103661,1
-0.338231,-1.699723,1
-1.317427,-2.906789,1
-0.743228,-1.100836,1
0.103219,-0.598016,1
-2.425665,0.368126,1
-1.435692,0.707661,1
-1.292243,-2.450394,1
-1.851298,0.511196,1
-0.277240,0.884749,1
-1.122615,-1.829755,1
-2.768494,0.769446,1
-0.016240,-1.487555,1
-3.100597,-1.888680,1
-0.262668,-2.532954,1
-1.456114,-1.892862,1
-0.895659,-0.430245,1
0.546778,-3.956184,1
-2.023464,-1.622966,1
-0.786459,0.187384,1
-0.637573,-1.987365,1
-1.304272,-0.457560,1
-1.410871,0.374271,1
-2.606539,-1.298495,1
-0.817619,0.716179,1
-1.053323,-1.902877,1
-2.783099,-0.602694,1
0.642748,0.314522,1
-1.356779,-1.846202,1
-0.204478,-0.596699,1
-2.174370,-3.361886,1
-0.953324,-1.114511,1
-1.863547,-2.447767,1
-1.077395,-0.620967,1
-0.205287,-0.389012,1
-1.066540,-1.348157,1
-0.166665,-0.186499,1
-0.237106,-2.800928,1
-2.324989,0.782325,1
-1.864129,-0.032990,1
0.567051,-0.860614,1
-1.482539,-0.082689,1
-0.846980,0.835649,1
-0.667034,-0.257191,1
-0.716572,-0.580677,1
-0.459966,0.068523,1
0.449265,-1.113352,1
-2.906735,0.281895,1
-1.090944,-2.189777,1
-1.931105,-1.946765,1
-0.145260,-0.169459,1
-0.802860,-2.458236,1
-0.361598,-1.804361,1
-0.724997,-1.088570,1
-1.720045,-0.494442,1
-1.014266,-0.526447,1
-2.582745,-0.224657,1
0.344167,-0.842997,1
-1.173841,-0.924919,1
-3.007389,0.677834,1
-1.574327,-0.881087,1
0.093733,-1.295314,1
0.050723,-0.688384,1
-2.071206,-3.062528,1
-1.884115,-0.289373,1
-1.385003,-0.526438,1
-1.115739,-2.270707,1
-3.506109,-1.605353,1
-1.024897,-2.665346,1
-0.919409,-3.958821,1
-1.926764,-0.119578,1
0.061394,-0.400072,1
