-3.158313,2.158819,-2.826078,1.631245,1.820130,0
1.318750,4.056813,2.831793,2.518707,0.592385,0
1.830190,2.857450,0.233380,1.998371,-0.732492,0
-2.916998,-0.806393,2.722740,-0.541377,2.527176,0
1.137969,3.213512,-2.008221,-0.582865,1.171399,0
2.278937,4.569277,2.142443,5.944877,4.263435,0
1.374995,0.124437,0.719415,-2.072187,4.294376,0
5.312676,3.888350,2.291946,0.867658,0.700609,0
1.406738,1.703865,-1.444930,-0.604158,6.131876,0
0.553346,0.755650,2.179937,0.779655,6.304932,0
2.096313,1.735825,2.162555,-0.957521,7.011865,0
-2.416324,1.379492,-1.162393,1.404238,1.605457,0
-0.904859,2.115270,-2.563292,1.641197,-0.764375,0
2.929131,1.015249,2.145848,1.890328,-0.268659,0
-0.349868,0.934913,2.925653,-0.572384,3.284231,0
0.726668,2.937266,0.299685,2.409266,3.133518,0
5.035448,1.242330,-0.960373,2.445811,0.641639,0
-1.219021,2.921311,-0.068163,0.768880,-0.882094,0
1.942063,0.241929,-1.404622,4.267723,1.549534,0
0.212274,2.160159,-1.068491,3.943952,2.678876,0
2.054635,-1.590510,2.007382,-3.834782,2.469708,0
3.171079,1.736171,-1.962074,0.750221,1.906754,0
-0.368144,1.559268,2.857533,3.178869,3.523728,0
1.296834,1.252490,2.310420,1.343328,7.192515,0
2.602046,2.041729,4.206184,0.724473,1.182607,0
-1.619516,0.748683,2.303218,1.435878,1.471954,0
2.885217,1.955325,-1.286076,-0.435198,0.549951,0
0.818061,2.957936,2.055812,5.670412,2.158235,0
0.973516,-0.682653,-2.001579,5.618348,-1.840800,0
-0.381069,2.966052,1.451715,1.258278,-4.343554,0
2.984302,-1.533050,0.362265,0.495511,0.048371,0
0.215004,-0.441447,2.994072,-0.349889,0.415698,0
2.769132,2.213432,-0.486948,2.203210,3.998816,0
5.047720,-3.476265,-2.493974,0.163484,-0.575658,0
-0.448681,1.554389,-3.047974,5.467425,3.107845,0
5.208721,-0.362452,-3.103756,2.305102,1.000921,0
2.086689,0.081130,-1.329600,1.941112,1.070411,0
-0.507982,4.068597,1.972239,-0.168900,-0.221431,0
2.745269,0.097728,0.267248,-0.230883,1.636263,0
0.821608,1.876113,2.301064,-0.773497,2.032155,0
2.798746,2.823489,1.475922,3.043000,4.396220,0
2.955295,2.547874,0.092049,2.456553,3.728523,0
-2.105756,-0.025397,1.770740,4.107269,0.955631,0
-1.204148,-0.001989,-0.199951,-0.926555,-1.775352,0
1.090672,1.987278,0.364832,1.421596,3.055440,0
-0.120835,-1.469853,4.130360,1.233233,1.767419,0
-0.587503,-2.517124,-1.692925,0.907765,-0.503769,0
-0.887411,0.908773,-1.376283,-0.490170,-0.713735,0
0.038450,1.494096,-0.583720,-1.005680,0.438571,0
-0.990439,0.363188,3.134451,3.675097,0.520414,0
-0.206769,2.402279,1.301826,2.926533,2.033561,0
2.666031,3.207801,-1.121737,-0.942802,1.439919,0
-0.363586,-2.699042,-1.030804,4.406398,-1.086227,0
2.573072,-0.064523,1.422811,-1.104389,4.432842,0
3.496634,3.621181,3.891038,5.780131,-1.832829,0
0.411719,-0.115060,-0.153572,0.563637,2.341803,0
2.901423,1.204985,-0.567729,5.473684,4.504037,0
1.394058,0.864292,-1.722299,0.971920,0.697613,0
-2.134885,2.218051,-0.591097,-1.193962,2.107565,0
1.737032,0.868258,-1.542414,2.285640,4.698059,0
0.959853,0.089732,3.661837,0.190778,1.727778,0
0.252847,2.971741,-1.699504,1.805851,5.966477,0
-0.992257,2.823999,0.099339,1.499244,0.283099,0
-0.722383,0.286830,2.929499,-2.343395,-0.558218,0
-1.935153,1.307212,-1.346565,-2.396249,1.807921,0
3.029798,-2.236273,0.239070,0.037390,-1.351033,0
3.418878,3.959869,-1.506173,1.958405,0.833243,0
2.278891,-1.303639,1.245216,-1.310192,-0.197837,0
2.359688,0.985483,-0.908612,-1.040300,0.769792,0
0.249857,1.030748,4.532303,1.517262,0.768173,0
-0.647254,2.127837,0.782603,0.491570,-4.738257,0
-5.269623,1.491751,4.151979,4.644307,-0.608079,0
0.480935,4.384661,1.774899,1.980706,1.849884,0
0.221436,-0.768325,2.973432,2.954635,-0.013677,0
0.454405,1.133883,0.638994,-0.969304,-0.766277,0
3.110469,1.978938,-1.631358,1.082252,1.563346,0
0.712972,4.442937,1.104681,-0.052761,5.240336,0
-1.429189,-0.127291,0.648841,1.779938,0.459565,0
-0.827826,3.637350,1.172684,-3.338985,1.676952,0
-1.112207,0.169880,-1.863448,2.328079,0.512317,0
0.921273,0.605295,2.758183,3.178342,0.745974,0
-2.052920,2.182367,-0.885120,3.139611,-3.499791,0
3.049653,-1.905115,-1.256288,4.344002,3.188759,0
2.213794,4.241257,2.397343,1.714308,-1.675059,0
-1.648649,1.289213,1.089213,2.534688,-0.118022,0
-1.748416,1.723280,0.528394,-2.773222,3.508820,0
4.292534,-0.996474,0.123024,-1.462001,1.135505,0
2.412992,3.215822,2.285697,5.245199,-3.086349,0
-0.886795,2.994699,1.919633,2.289459,4.992642,0
3.098693,4.162868,-3.063747,0.078260,0.587714,0
0.550814,0.291229,3.621937,-0.262275,2.170671,0
-1.558898,3.117110,-2.324934,-0.043594,-4.048761,0
1.342677,-2.877775,2.605443,0.555245,-0.597932,0
2.102944,-1.639247,2.980767,1.774950,1.661568,0
3.314654,-1.429219,0.644228,5.508432,-3.446228,0
1.524848,0.820360,-0.196023,0.602854,-2.249774,0
-0.679152,1.012169,3.086890,2.957471,0.395043,0
-2.711378,1.557732,2.808132,4.936326,1.592027,0
0.362304,-2.495496,-0.783043,2.218095,3.988069,0
3.335650,3.356305,0.424706,0.187892,0.807061,0
3.113475,2.338904,-0.267530,4.747236,0.242836,0
-1.245086,0.809129,2.216207,-1.801307,-1.203692,0
-0.238269,3.120191,-2.756606,-1.382976,-2.653499,0
-0.656108,-0.152579,0.026164,0.591909,-3.742508,0
4.552172,2.023306,-0.007635,2.997344,0.794569,0
1.062772,-0.492132,-2.948017,-1.519586,2.121391,0
0.181832,0.301152,2.242430,2.116996,3.465260,0
4.397930,2.318844,0.248672,3.925700,-0.071494,0
1.981917,2.010370,-3.129498,-1.512883,5.073791,0
0.357271,2.408422,-2.327354,0.634140,0.021790,0
0.313107,0.589995,6.115532,-2.875633,-1.034605,0
-0.072145,0.351448,-1.882832,3.571516,3.071677,0
0.374581,2.739510,5.745728,-0.208189,-1.975849,0
-2.353052,1.310533,-0.559086,0.535860,3.165131,0
3.130037,1.541041,1.886803,1.721990,3.015758,0
1.846810,1.566813,-0.207735,1.267374,-0.036484,0
4.076913,-2.082363,-0.441465,3.011915,0.586467,0
-1.540518,5.131617,1.383798,0.585266,-0.206528,0
3.321027,4.334846,0.924525,0.209412,1.404659,0
3.195079,2.450563,1.425334,3.336135,0.649789,0
2.741089,0.752053,-3.734675,2.823333,0.128531,0
1.264734,1.552304,1.636012,-0.766434,1.218175,0
2.154952,2.271536,1.407986,-2.792843,2.950047,0
0.517223,3.603691,0.399197,3.402644,-2.677309,0
0.326308,3.367237,1.726802,-1.979476,1.480205,0
-1.407124,0.048597,-3.996815,1.324823,2.341317,1
-3.675675,-0.186633,-0.251924,2.057554,0.146850,1
1.233284,0.466181,-1.517364,4.407071,-2.345665,1
-4.080637,1.326819,0.828762,3.220375,2.776957,1
1.026051,-0.287312,-0.440998,-0.712186,0.093756,1
-1.950115,-3.043447,0.317840,-4.322034,-3.323611,1
-1.379339,-0.239010,-3.497931,-0.868583,-0.150484,1
-1.195415,-0.057249,-0.543860,-4.508759,-0.974358,1
0.688500,-1.262412,-0.213316,0.052742,-2.558352,1
0.520564,-2.012242,-2.457782,1.159108,-3.018085,1
-0.954871,-0.853024,-0.561306,-1.069990,1.752034,1
2.044444,-2.987390,-2.347582,-1.364390,-1.329151,1
-0.884708,-2.497164,2.720669,3.267642,-3.673922,1
-1.876535,-3.665071,-2.200512,-4.374992,0.701607,1
1.231103,1.235560,-0.434910,-1.132019,-3.337954,1
-0.209037,2.022614,-0.378578,-0.980120,0.135271,1
-5.334748,-1.905597,-3.294586,-2.521712,0.388289,1
2.038079,-3.958608,-1.838379,-2.306045,-1.538734,1
0.210788,-0.629626,0.723901,0.869484,-1.050952,1
-0.613126,3.910887,0.953885,-2.556487,-3.987162,1
-3.847161,1.800639,-5.786340,-2.727081,-2.054634,1
-0.961555,-1.256970,-3.097296,1.204306,-5.520145,1
0.979948,-3.117702,-0.439421,0.783204,-3.923143,1
0.444231,-0.846855,0.510728,-2.055557,1.311740,1
2.591321,-4.302926,-3.982307,-1.693202,-1.152038,1
-0.963074,-0.393357,-4.584229,0.459582,-2.873653,1
-2.126429,-2.621297,1.452740,-3.540279,-2.357339,1
0.313465,-3.751215,-0.722111,-2.435968,1.523211,1
-0.867195,-2.865310,0.908265,-1.528750,-1.272132,1
-2.665455,-1.899487,-0.885636,1.907342,-1.126050,1
-3.064959,-1.500688,-0.147237,-3.654767,-1.561692,1
-0.924429,-1.165537,-1.167916,-1.416904,0.707438,1
-0.673100,-2.098475,-0.214937,1.247507,-0.049703,1
-0.722462,0.255919,-2.887791,-5.398573,-1.454366,1
-3.542229,-2.653301,-2.542600,0.078499,0.974403,1
-1.265862,-3.499225,-1.362393,-2.378984,-2.360673,1
-2.132597,-3.881991,-1.153898,-0.676597,-1.878925,1
-1.036835,-2.942094,2.483155,-2.283118,-0.172580,1
-2.267599,1.260635,-2.247167,-1.984751,-0.122115,1
0.676582,0.973857,0.959195,-4.062166,0.203349,1
-0.475959,0.080689,-2.142191,-1.281004,-1.382969,1
-0.872146,-1.893018,-3.116908,-4.987663,-1.662939,1
1.211652,-3.141336,-1.318529,-0.264190,-3.838128,1
-0.877852,0.814823,0.063130,-2.310417,0.744839,1
-1.813430,0.578651,0.404383,-1.758991,-0.580343,1
-0.670042,-3.168533,3.340889,-0.734761,1.362936,1
-3.359845,-1.250669,-1.745539,-1.224127,-1.614967,1
-5.904326,-3.238611,2.601914,-0.594911,-1.266716,1
0.486007,-0.651373,-2.029008,-3.959281,-0.658010,1
-3.041073,-4.585242,1.490090,0.494062,-0.635438,1
2.813938,-4.172248,0.198915,-3.801974,-0.728793,1
-2.232609,-1.834959,-1.406394,3.175721,-1.906279,1
-1.251615,-6.973761,-1.396721,-0.855961,0.398490,1
1.533749,-3.945040,-0.492806,-0.172630,-3.030193,1
-1.787723,-2.213666,-3.015516,0.262262,-1.943119,1
-0.454147,3.265392,-0.170954,-0.743412,-0.388853,1
-3.674959,0.409263,-0.720155,-0.936454,-1.490056,1
0.197864,0.847409,-1.586724,-0.721806,1.395468,1
3.478589,4.212517,-2.485323,-0.916406,2.323966,1
0.972782,-3.320941,-2.839242,0.836251,1.482557,1
-1.397992,3.392572,-1.023086,-1.216315,1.341388,1
-1.279892,-4.604744,0.218496,-4.818381,0.449583,1
0.613018,0.039300,-2.514984,-2.935834,-1.964196,1
-3.183865,1.147455,0.242482,-4.423131,-0.723008,1
-0.434467,-0.465135,0.971940,-1.658367,-3.462050,1
1.760003,-0.751652,-3.334646,-2.372002,0.816178,1
0.812962,0.717875,-4.291713,-0.817322,-2.119025,1
-1.292046,-0.656286,-0.007527,-3.922712,-0.182542,1
1.977714,-4.634394,-1.958762,3.638337,-0.730961,1
-0.797270,-2.392958,-1.350963,-0.858766,-1.297270,1
-1.753424,0.317370,-3.433606,-2.969792,-2.412009,1
-2.044500,0.907536,-0.830562,-0.412778,-2.985909,1
-1.693439,-2.483797,-1.161978,-2.645553,-1.968409,1
0.852315,-0.011218,-0.594930,-0.991047,-1.169150,1
-0.972472,-1.529910,1.074644,-2.704983,0.968975,1
0.522738,0.579821,-0.223654,0.861909,0.869110,1
0.436439,-2.418850,-2.267893,2.030079,-2.602363,1
0.157421,0.308532,-1.776599,0.970720,-0.371786,1
-2.449239,1.991385,-1.299590,-2.152518,-2.567571,1
-2.160819,-2.777098,1.170008,-1.005502,-3.296684,1
-1.181470,0.161287,-2.918909,-2.045541,-2.599093,1
0.644762,-2.174250,-5.306791,-0.667469,-0.485723,1
-2.012478,-1.247454,-2.946740,-1.216398,-2.113696,1
-3.544286,-0.984081,-0.827898,0.854183,-2.318076,1
-1.043191,1.745840,-1.089411,-1.417899,-3.189758,1
3.918128,-0.239036,-0.197944,0.903818,-3.348004,1
-1.113112,-2.526138,-4.840169,-0.267228,-1.857501,1
1.355645,-2.179659,-1.554628,-4.302587,-0.077140,1
-2.426089,-3.115176,1.557842,1.519379,-1.434654,1
-3.711238,-1.423436,-2.128386,-3.090579,-1.314715,1
-1.542213,-1.076344,-0.348114,0.241508,-1.126866,1
-1.952270,0.507033,-5.230607,-1.323371,-1.038983,1
-0.674825,-4.327354,-3.670323,-1.331412,-1.347845,1
-5.193853,-0.074347,-1.481721,-1.596772,-2.379553,1
2.692760,-2.397219,1.062258,0.864994,-4.984552,1
-1.587688,-2.833519,-3.692022,-1.840212,0.372493,1
-3.399353,-0.458873,3.244246,-0.656126,-0.710508,1
-1.144694,-1.373626,4.513597,-2.297601,-0.861824,1
-3.448327,-0.420986,-0.359402,-2.695834,1.918398,1
1.186181,-2.990749,-0.744516,-1.814734,-3.047112,1
-0.442065,0.260118,-3.018355,0.538393,-4.404912,1
0.239498,-2.771076,-0.494967,2.101716,-1.052683,1
-2.625904,-2.626004,-0.101597,-0.491420,-3.544436,1
0.035778,-5.722006,-0.687627,-0.280184,-1.527005,1
2.137415,0.040683,-2.458244,-1.823164,-1.191690,1
1.137320,-1.940994,0.641438,-0.493590,-0.314406,1
0.533251,0.302266,0.426410,-1.553550,-2.628424,1
-1.743386,-1.494657,-4.897135,0.099461,0.088531,1
-1.670764,-0.849505,0.088798,-1.389271,-2.995589,1
-0.274357,-1.360681,-2.721199,-0.822489,1.730134,1
0.952581,0.005209,-2.345064,2.997338,-4.084518,1
0.698112,1.539232,1.254462,-1.642762,-0.144476,1
0.015142,-1.473309,-0.372092,2.411654,1.092420,1
-1.127957,-2.337057,2.309260,-2.259140,-0.315872,1
-4.738849,-4.130866,0.462125,1.873424,3.185101,1
-2.426785,0.273391,-3.316490,-3.497561,-1.935884,1
-1.637110,1.172757,4.528743,1.261768,-2.913130,1
-1.761357,0.694255,0.327714,-1.809360,-3.195299,1
-0.744811,2.114366,-3.010374,-1.759737,-5.503795,1
0.353672,1.567645,-0.520942,-1.464581,-4.096493,1
-2.486257,-0.193941,-1.429479,-2.989887,1.520788,1
0.028509,-0.230684,-1.602125,0.120090,-3.591129,1
-1.924720,-1.811382,0.574733,-1.226704,0.868002,1
-1.767277,-5.780008,-3.112892,-2.470639,2.418236,1
-3.593976,-3.150496,2.480773,0.318263,-0.560606,1
