1.542445,-0.084037,0
1.051648,0.534030,0
1.424899,-0.824229,0
1.466498,0.354237,0
1.150808,-0.547622,0
1.635114,0.308093,0
0.428119,0.171055,0
0.846367,0.678743,0
0.233500,-0.573270,0
0.504135,0.302887,0
1.168242,-0.638164,0
0.988727,-1.905261,0
0.280193,-3.667664,0
1.387959,-1.902661,0
0.553589,-1.419448,0
0.434509,0.913272,0
2.064607,0.912485,0
0.332759,0.475521,0
0.557449,-0.524678,0
1.644223,-0.170039,0
0.295041,-0.361250,0
1.490966,-1.053160,0
2.016691,0.456796,0
1.595913,-0.396505,0
0.219167,0.644244,0
0.694408,-0.539405,0
0.131568,0.222949,0
0.901678,0.029272,0
0.137048,-0.284392,0
0.863827,-0.602886,0
1.301834,0.593882,0
0.757502,0.791941,0
0.769667,0.289696,0
0.210121,-1.191013,0
0.869135,0.887885,0
0.012053,0.502558,0
0.044110,0.646368,0
0.323827,0.250174,0
0.073110,-0.583440,0
-0.031308,0.031619,0
1.336665,1.117806,0
0.715520,-0.387916,0
1.820230,-0.043949,0
-0.309909,-0.519855,0
0.665248,0.441733,0
1.419877,0.082764,0
1.563709,-0.368757,0
3.287072,-0.051575,0
0.444921,-0.351428,0
1.202112,-0.673602,0
0.369687,-0.564210,0
0.914510,-0.136653,0
2.909146,-0.071256,0
1.096749,1.035938,0
-0.144742,1.197024,0
0.169567,0.419894,0
1.893816,-1.472319,0
1.622988,1.990103,0
0.780404,-0.408976,0
0.917954,-0.022311,0
2.623329,-0.331549,0
0.780603,0.537121,0
1.829406,2.117420,0
-0.203472,-0.485748,0
1.315833,0.981711,0
0.611390,-0.503478,0
0.408293,-0.613690,0
0.387578,1.204746,0
1.084409,-0.563828,0
0.243518,0.157864,0
1.986794,-0.729845,0
1.682016,0.236738,0
0.917706,0.945194,0
1.081648,0.574055,0
2.184737,-0.574107,0
0.857142,0.420677,0
1.082740,-0.254912,0
1.567469,-0.049584,0
1.483228,-1.042368,0
-0.278556,-1.253150,0
0.883149,-1.460390,0
0.296700,1.227522,0
1.241977,0.009628,0
1.698530,0.018854,0
0.969835,-1.051069,0
1.906510,0.299984,0
0.822121,0.906625,0
-0.494692,1.069983,0
1.227155,0.690344,0
2.105646,0.242166,0
0.394005,-0.646165,0
1.192186,-0.384715,0
1.421741,0.777663,0
1.439294,0.416615,0
-0.667503,1.246935,0
1.900246,0.588792,0
0.088266,1.119925,0
1.487386,0.251745,0
-0.403367,0.742388,0
1.409333,0.586156,0
0.826081,0.812607,0
0.501582,0.757167,0
1.136191,0.807763,0
1.767107,0.063347,0
1.338357,0.606646,0
2.102022,-1.587470,0
1.880148,-1.065150,0
2.052397,0.538497,0
1.056575,-0.502657,0
1.632624,0.292442,0
0.930629,-0.582252,0
1.205515,0.172194,0
1.189968,-0.498826,0
0.338142,-0.261016,0
0.646861,0.096288,0
0.078268,0.415291,0
1.887457,-0.960345,0
0.774394,0.437932,0
1.949446,0.033644,0
-0.822554,-0.451729,0
0.855407,0.171336,0
2.283846,-0.525752,0
0.531121,0.281718,0
0.650531,-1.528852,0
2.323717,-0.247185,0
1.341951,1.582453,0
1.643576,0.381287,0
0.672729,-0.509441,0
0.593719,1.460912,0
0.435796,0.117978,0
0.446965,0.407237,0
1.502358,0.546969,0
-0.243147,-0.587311,0
0.734235,-0.431429,0
0.942009,-0.006464,0
2.136808,-0.461714,0
0.694821,-0.462092,0
-0.444689,0.266589,0
1.101114,1.247465,0
0.988695,-0.323482,0
-0.687088,-0.588575,0
1.132328,0.687413,0
0.110321,-0.321441,0
0.734820,0.180418,0
1.184241,0.461612,0
2.129987,-0.642151,0
1.972071,-1.310342,0
0.140440,0.715552,0
-0.010283,0.735417,0
1.398534,-1.106932,0
0.781070,-0.954757,0
1.437314,-0.189862,0
1.600488,-0.857338,0
1.866450,-0.001553,0
1.671010,0.944866,0
-0.983777,1.397911,0
1.748648,-0.168700,0
0.544907,-0.502250,0
1.919328,0.930134,0
0.349632,-0.314162,0
1.180885,-0.963415,0
1.869915,-0.027048,0
0.524158,-1.336096,0
-0.944967,-0.211415,0
1.039967,0.507746,0
0.077969,0.648031,0
1.724380,-0.232746,0
2.101631,0.192781,0
0.570329,0.447299,0
1.158855,1.071351,0
0.098913,-1.191262,0
1.334201,-0.140745,0
-0.089341,0.866472,0
0.123453,-1.998084,0
-0.033107,1.578515,0
1.298145,0.600449,0
0.770524,-0.515183,0
0.804262,0.787235,0
3.025989,1.031511,0
1.651024,0.713179,0
1.563837,0.064054,0
1.913815,-0.421399,0
-0.493592,0.260151,0
1.697897,0.628152,0
1.507092,0.347514,0
-0.745176,0.446526,0
0.488563,-0.496808,0
0.403256,0.710405,0
0.148826,-0.384316,0
1.505116,1.223141,0
0.450185,0.231195,0
0.835002,-1.146843,0
1.172024,-0.990676,0
2.237322,0.306991,0
0.113842,0.235171,0
1.570069,-0.124348,0
0.415558,-0.216137,0
-0.830119,-0.480911,0
0.045903,0.248097,0
-0.033112,-0.602991,0
0.664818,-0.770881,0
1.814350,-0.596969,0
2.223448,0.755897,0
-0.716119,0.623709,0
0.732817,-0.226297,0
2.206948,-0.124595,0
1.250031,0.353990,0
0.811611,-1.121298,0
1.945036,-0.915463,0
0.333190,-0.060121,0
1.468546,-0.294253,0
0.227043,-1.192529,0
1.134556,0.388796,0
0.132243,0.203758,0
0.116956,-0.517971,0
1.046148,2.069939,0
0.914307,0.052453,0
1.497341,-0.499326,0
1.033360,0.355755,0
0.942250,-1.182452,0
0.804785,-0.981805,0
0.213271,-0.253957,0
0.980242,1.553408,0
2.246772,0.760476,0
0.958877,2.107641,0
1.132480,-0.805541,0
-0.170443,0.767296,0
0.840333,0.286437,0
1.395425,0.112999,0
1.865264,0.065213,0
0.269404,-0.120969,0
-0.070655,0.465094,0
1.013536,-0.161089,0
0.717088,0.066330,0
1.118149,-0.359218,0
-0.397720,0.983580,0
2.228002,-0.157084,0
1.174933,2.143723,0
2.705884,-0.888763,0
1.370752,0.050693,0
0.394920,0.901289,0
1.745445,0.334760,0
0.836066,-0.499651,0
1.593731,-0.015945,0
-0.277588,0.179980,0
0.295877,0.478297,0
-0.415365,0.847724,0
-0.160018,-0.452793,0
1.020871,0.101176,0
1.981076,-0.330302,0
-0.279557,-0.784885,1
0.399616,-1.152314,1
0.195776,-0.181783,1
-1.005574,-0.680103,1
-0.123252,-1.378717,1
-0.930484,-0.213778,1
0.127595,-1.949669,1
-1.942680,-0.345850,1
-2.637872,0.439286,1
-1.421275,-0.415247,1
-0.774138,0.316252,1
-0.825855,0.652331,1
-2.867355,-0.622762,1
-0.120778,1.153237,1
-1.039901,1.481261,1
-0.429573,-1.245287,1
-1.121675,1.626207,1
-2.943507,1.386256,1
1.156785,1.924711,1
-1.719561,-0.100435,1
-1.548126,1.028281,1
-1.540142,0.549944,1
-0.576659,-0.261511,1
-0.898137,1.498533,1
-1.469568,1.317481,1
-2.326626,1.680373,1
-2.363603,0.188548,1
-0.135873,2.253554,1
-1.264096,0.958564,1
-1.536405,-0.351839,1
0.466799,-0.929617,1
-0.422588,-0.914167,1
-0.627015,0.585440,1
-1.384209,0.599098,1
-0.840519,0.345732,1
-1.463494,2.194336,1
-1.022967,-0.513327,1
-2.160384,-1.050895,1
-0.851167,0.674062,1
-0.544137,-0.929379,1
-1.253966,-1.374829,1
-0.551464,0.221493,1
-0.956873,-0.599968,1
-1.510584,-0.333349,1
-0.181956,-1.438149,1
-0.543421,0.876830,1
-1.143375,0.179575,1
-1.366966,-1.280103,1
-1.752021,-1.389709,1
-0.912424,1.067018,1
-1.399751,-0.776386,1
-1.565823,-0.546964,1
-0.851844,0.158402,1
-0.714739,-0.366337,1
-1.609691,0.747591,1
-1.117727,0.661845,1
1.360557,0.596839,1
-0.853753,-0.445041,1
-0.613370,1.486724,1
-0.859198,0.939285,1
-0.184012,-1.283873,1
-1.058152,0.362012,1
-1.052488,-0.458544,1
-0.787795,0.196857,1
-1.274395,-0.349937,1
-1.677974,-0.116092,1
-0.556767,-1.959244,1
-2.635709,1.629451,1
-2.512479,1.657870,1
-0.594751,-0.101348,1
-0.375725,0.688098,1
-0.429142,0.548573,1
-0.149353,0.791167,1
-0.751728,0.678736,1
-0.295759,-0.917867,1
-0.909491,-1.485166,1
-0.760753,-0.701259,1
-1.359318,-0.354723,1
-1.381986,-0.229404,1
-1.254038,-0.538388,1
-2.298324,-0.243510,1
-0.195588,-0.161774,1
-0.661171,-0.492713,1
-0.503648,1.185262,1
-1.346580,0.770532,1
-1.500492,0.700965,1
-0.724578,1.057941,1
-0.972680,-0.029703,1
-0.527590,-1.162993,1
-1.703450,0.389806,1
-0.705632,0.502551,1
-2.993189,0.010395,1
-0.838774,1.127457,1
-1.551890,0.090735,1
-0.646947,0.601228,1
-0.923357,0.051756,1
-1.195095,0.760635,1
-0.652302,-0.696401,1
-0.882322,0.313950,1
-3.569221,-0.892429,1
-1.979623,0.114228,1
-0.682530,0.528339,1
-0.365884,-1.087191,1
-0.481517,1.371871,1
0.007940,-0.006355,1
-0.938831,-0.255782,1
-0.601254,-0.065287,1
-0.502198,0.566892,1
-1.367044,-0.359975,1
-2.584685,0.374293,1
-0.176537,0.462005,1
-1.032562,1.402121,1
-1.628244,0.085495,1
0.122340,0.012577,1
-0.314173,-0.204380,1
0.793597,-0.489968,1
-0.514934,0.938327,1
-0.495672,-0.339035,1
-0.726944,-1.045670,1
-1.629110,0.127581,1
-1.636728,-0.619120,1
-0.082241,0.585927,1
-1.742586,-0.930276,1
-1.050656,-0.265118,1
-0.190032,-0.164268,1
-1.284272,-1.226470,1
-1.457148,0.321681,1
-0.601465,-1.197143,1
-0.297886,0.009002,1
-0.272789,-0.742502,1
-1.939240,1.089386,1
-0.351659,-0.052862,1
-0.859586,-0.709931,1
-0.801363,0.379065,1
-1.180946,-0.308811,1
-2.124186,-0.515104,1
0.429945,-0.585211,1
-1.043506,-0.083556,1
-1.944383,0.868778,1
-0.880949,-2.173306,1
-2.396038,0.394513,1
0.339996,-0.053165,1
-1.451128,1.105944,1
-0.980252,0.150189,1
-0.042037,-0.334941,1
-1.011544,-0.626339,1
-0.487721,0.343951,1
0.770352,0.847003,1
0.465163,0.960500,1
-1.181740,-1.546962,1
-0.288243,0.177628,1
-2.257766,0.538371,1
-0.803677,-0.152401,1
-1.179128,0.193536,1
-0.787195,-1.284868,1
-0.887916,0.615371,1
-2.829782,-0.951754,1
-1.037147,0.033483,1
-1.280156,0.569491,1
-1.134638,-0.986842,1
0.093813,-0.879994,1
-0.410572,0.766021,1
-0.180768,0.299162,1
-1.534868,-0.123173,1
-1.767103,-0.670587,1
-1.199380,-1.008814,1
-1.015868,-0.463349,1
-2.450894,0.191404,1
-1.483280,-0.457705,1
-1.024758,0.459941,1
-1.187644,-0.261296,1
0.365195,1.269750,1
-1.935463,-0.594706,1
-0.516675,-0.070962,1
-0.894057,-0.709011,1
-1.105552,0.982464,1
0.670168,0.927807,1
-1.463860,-0.112148,1
-1.116784,-0.284311,1
-1.024794,-0.423300,1
-0.146923,-0.864757,1
-1.465547,-0.048936,1
-2.016432,0.404061,1
-2.005994,-0.292104,1
-0.833886,-0.919830,1
-0.968625,1.149625,1
-0.891409,-0.336158,1
-0.125444,0.235099,1
-0.953132,-0.868291,1
-3.001586,1.155926,1
-2.078879,-1.246315,1
-0.112691,-0.970530,1
-0.287518,1.004628,1
-1.335388,0.000498,1
-1.424453,0.147720,1
-0.256490,-0.160964,1
-0.674416,-0.867124,1
-0.619556,-1.048283,1
0.323183,-0.598016,1
0.151791,-1.614293,1
-1.014084,0.896878,1
-0.723648,1.509365,1
-1.334865,0.721348,1
-1.305162,-0.034641,1
0.246836,0.342236,1
-1.303152,0.480472,1
-0.550438,-0.329036,1
-2.536342,-0.382144,1
-1.234964,0.034982,1
-2.224065,-0.547231,1
-2.284723,0.359488,1
-0.996245,-0.532158,1
-0.521299,0.403846,1
0.000544,0.943226,1
-2.362748,0.920092,1
-1.888179,0.797216,1
-2.633855,-1.299261,1
-0.684854,0.827544,1
-1.505766,-0.825623,1
-0.702004,-0.383704,1
0.484158,-0.040356,1
-1.053322,0.456080,1
-0.954309,-1.425951,1
-0.945557,0.616999,1
-1.679040,0.633220,1
-0.351260,-1.432512,1
-0.965983,-0.186745,1
-0.872567,-1.287907,1
-1.696469,-0.350993,1
-1.044798,-0.114760,1
-1.731528,-0.536074,1
0.449542,-0.474786,1
-1.646573,0.129157,1
-2.008694,0.714750,1
-0.295487,0.580931,1
-1.290972,-0.175643,1
-1.168142,-0.248765,1
-1.997273,-0.232244,1
-1.586238,-0.304023,1
0.297997,0.072188,1
-1.466680,0.381563,1
-0.998948,-0.964884,1
-1.539441,0.962080,1
-2.584651,-0.207667,1
-1.222367,0.175672,1
-1.074441,0.491814,1
0.666467,1.136942,1
-1.061209,0.645974,1
-0.855054,-0.401447,1
-1.236210,-1.509945,1
