1.195306,1.685733,0
2.215364,0.873460,0
1.528749,-0.390473,0
0.175263,-0.142616,0
1.904189,0.350601,0
0.235397,1.102257,0
0.192140,-0.565510,0
0.619959,0.249206,0
0.235749,-0.666694,0
1.079980,-1.115043,0
-0.142393,0.258222,0
1.867005,-0.727968,0
1.945424,-0.548279,0
1.294237,0.084414,0
0.963243,-0.698380,0
1.518188,0.078432,0
0.821867,0.469100,0
2.201161,-1.110685,0
1.300705,0.557447,0
0.347319,-0.090768,0
2.431632,1.326105,0
0.807328,1.699303,0
1.321142,0.838038,0
0.832192,0.091605,0
0.747121,-0.013732,0
1.136119,1.364938,0
1.916709,-0.296607,0
0.286975,0.839816,0
-0.259989,-0.810714,0
2.010290,0.729206,0
0.220882,0.172869,0
1.773874,-0.197412,0
2.042099,0.668362,0
0.450497,-0.200415,0
1.089708,1.291678,0
2.812630,0.108802,0
1.822908,-0.343447,0
2.782721,0.776819,0
2.231317,0.663348,0
-0.252054,-0.251031,0
1.275498,1.754504,0
1.066414,0.334882,0
1.448300,-0.235152,0
0.552170,0.246604,0
-0.452462,0.175673,0
-0.588848,0.410659,0
0.931971,0.765502,0
1.341766,0.395563,0
0.911900,0.504110,0
1.198720,0.739943,0
1.123512,-0.172958,0
1.296550,-0.801685,0
1.276870,-0.514915,0
0.515427,-0.137321,0
0.176399,0.969569,0
0.008756,0.323585,0
0.588451,1.039809,0
0.823128,-0.022752,0
0.565535,-0.181633,0
0.435599,0.176772,0
0.540538,0.924622,0
1.572515,-0.355242,0
1.301832,-0.661285,0
1.672812,0.973456,0
1.244804,-0.557478,0
1.048430,0.385600,0
0.772501,-0.423801,0
0.258403,0.281195,0
1.808462,-1.101030,0
0.833511,-0.859730,0
2.137153,-0.347347,0
1.753603,0.332720,0
2.121347,-0.773700,0
0.209676,-0.968469,0
1.632792,0.539877,0
0.757812,-0.884822,0
0.919441,-1.182767,0
0.968131,0.539483,0
2.000274,-0.786598,0
0.688106,1.131051,0
0.988712,-0.244429,0
1.626322,1.693550,0
0.047039,-0.952595,0
1.635251,0.050229,0
-0.001246,0.189662,0
1.939697,-0.662729,0
0.217764,0.531866,0
0.270416,0.097950,0
0.595833,1.531218,0
1.045895,0.949095,0
0.788592,-0.082332,0
0.616505,0.169620,0
1.726420,-0.128218,0
2.054505,-0.024581,0
0.693889,0.206737,0
0.587290,0.358254,0
0.399672,0.887708,0
-0.002557,-0.065022,0
1.256083,0.277123,0
1.288602,1.049264,0
1.627261,-1.372911,0
1.106661,-0.631541,0
2.185519,-0.498630,0
1.165409,0.185158,0
0.656260,-1.137117,0
0.878611,-0.581577,0
0.316331,0.087530,0
-0.197873,0.651804,0
1.545530,-0.166103,0
1.372308,-1.206461,0
-0.294763,0.036579,0
1.507402,0.253681,0
1.752084,0.296011,0
0.381885,-1.176209,0
0.238699,0.456558,0
1.852694,-0.155198,0
1.336702,-0.042532,0
0.403792,0.928643,0
1.385313,0.360055,0
-0.818010,-0.569330,0
1.755553,-0.204140,0
1.178966,0.616832,0
0.851307,0.931421,0
1.285489,0.815379,0
1.567788,-0.370443,0
1.606260,0.658706,0
1.514626,0.115438,0
2.395087,-0.056707,0
1.658794,0.253475,0
0.322907,0.121048,0
0.293313,-0.855784,0
1.996013,-2.344028,0
1.614782,-0.134542,0
1.644715,-0.191854,0
0.193847,1.838688,0
0.870719,-1.121895,0
1.264132,0.252038,0
0.617733,0.110833,0
0.789073,0.109993,0
2.266740,-0.524452,0
-0.011151,0.664992,0
1.392510,0.547546,0
1.966254,0.072418,0
1.212845,-0.846659,0
1.667019,0.227564,0
0.494386,0.611439,0
1.830210,0.304906,0
2.156393,0.146580,0
2.082339,0.185432,0
1.025509,1.056825,0
0.120398,1.626653,0
0.349084,-0.331071,0
1.000777,-1.238018,0
1.751903,-0.123161,0
2.193987,-0.356521,0
1.848697,0.030550,0
1.480896,1.558095,0
0.700943,-0.068729,0
0.953518,0.559397,0
1.326821,0.478004,0
1.679211,-0.822168,0
0.054299,0.934822,0
1.095418,-0.047337,0
0.352324,0.397367,0
1.011215,0.519500,0
2.125758,0.834430,0
1.505295,0.188907,0
-0.191593,-0.060771,0
2.012147,0.573502,0
1.282771,0.403384,0
1.256014,0.258744,0
1.186698,-0.016612,0
1.133712,1.002926,0
0.636353,-0.382705,0
-0.217561,0.203186,0
0.657673,-0.626895,0
0.117911,-0.380511,0
1.792587,-0.419979,0
0.877107,0.108582,0
0.764841,-1.402738,0
0.146539,0.160153,0
0.659551,1.397547,0
0.796231,-0.068542,0
0.816197,-0.603230,0
0.372485,1.414340,0
0.500584,-0.134556,0
0.848863,-1.099201,0
0.081283,-0.066196,0
0.397627,-0.595505,0
1.292183,-0.348556,0
2.472809,0.882623,0
1.463614,-1.641596,0
0.861062,0.381814,0
1.211382,0.508300,0
1.753958,0.788753,0
1.759892,0.557910,0
1.109191,0.524633,0
0.362905,-0.856094,0
0.508326,-0.920751,0
-0.659647,-1.335006,0
2.295503,0.027713,0
1.488805,0.853805,0
1.436120,-0.103103,0
0.161074,0.212358,0
-0.414527,-1.277019,0
0.530111,0.133977,0
2.453977,-0.090591,0
0.633680,-1.264080,0
0.611417,0.066046,0
1.351403,0.967997,0
-0.021656,-0.672439,0
1.134511,0.710090,0
0.732928,-0.444413,0
1.139956,-0.061000,0
0.427398,-0.488877,0
1.763145,-0.902545,0
1.490146,1.436189,0
0.216480,-0.232630,0
2.268488,-0.328104,0
0.739653,-0.036194,0
0.511191,1.614302,0
1.232955,2.605150,0
1.471147,-0.323764,0
0.880548,-0.032386,0
-0.135269,-1.330425,0
1.158672,0.122496,0
0.786948,0.541230,0
0.802473,-0.974273,0
1.193998,-0.434038,0
0.389892,-0.281380,0
-0.135767,-0.610980,0
0.766607,1.136110,0
0.919492,0.300648,0
1.183758,-0.418718,0
1.260778,1.106077,0
0.502797,0.128756,0
1.791637,-0.262283,0
1.598519,-0.680114,0
0.828597,0.204472,0
1.941451,1.523880,0
0.621900,0.866294,0
0.721919,0.175276,0
1.081705,-0.618175,0
-1.360936,0.694912,0
0.253706,0.849673,0
0.544971,1.524436,0
0.708035,-0.299232,0
1.638543,-0.478612,0
1.615179,0.809584,0
1.563885,-0.552149,0
0.339762,0.025558,0
2.450777,0.142734,0
-0.113045,-0.117135,0
0.376408,0.418473,0
1.202981,0.999449,0
1.728482,-0.286959,0
1.365968,-0.638728,0
1.019934,-0.585505,0
1.108787,0.197440,0
2.322796,-0.153368,0
1.679131,0.443508,0
-0.656394,-0.211424,0
0.672086,-0.106196,0
0.515223,0.214517,0
1.366938,-1.129958,0
0.560485,0.468292,0
-0.286314,-0.271083,0
-0.737483,-0.128543,0
-0.580674,-0.020606,0
1.325754,1.301910,0
0.751974,-0.030993,0
-0.006605,-0.199001,0
2.216403,-0.329981,0
1.326778,0.209305,0
1.420364,-0.768576,0
1.232949,-0.013279,0
0.853544,-0.247507,0
2.032100,-0.095406,0
1.542221,-0.248127,0
1.295546,1.533032,0
-0.151142,-0.344443,0
1.545059,-0.528762,0
1.359183,-0.414526,0
0.027853,-0.400450,0
1.696649,-1.486589,0
-0.052248,0.361191,0
1.349089,2.151176,0
-0.059886,0.228646,0
2.000638,1.331841,0
0.904895,-1.353013,0
2.643569,0.265130,0
1.015037,-0.813376,0
1.595542,-0.457528,0
-0.048248,0.358201,0
0.629894,0.823713,0
0.506057,-0.483042,0
2.501569,-1.148150,0
0.355107,-0.207156,0
1.390094,1.325500,0
0.675850,0.291542,0
1.793823,0.504545,0
1.173500,0.359457,0
0.822047,0.021875,0
0.974076,0.035458,0
1.478842,1.063890,0
1.865373,-0.418739,0
2.423451,1.163301,0
0.268066,-0.698512,0
1.155461,0.392835,0
1.468739,0.528692,0
1.016820,0.467753,0
1.867906,1.515218,0
-0.468378,-1.240525,0
0.763863,-0.821776,0
2.399796,-1.380077,0
0.088726,-0.282236,0
1.800825,1.243849,0
1.616665,0.412700,0
1.614889,0.201681,0
-0.057888,-1.010079,0
0.534912,-1.119626,0
1.225427,0.067729,0
-0.567523,-1.281024,0
0.922522,-0.316455,0
0.992579,-0.803065,0
0.887906,0.167080,0
2.311157,-0.125863,0
1.741370,-0.940019,0
0.387858,-1.002435,0
1.518721,0.207038,0
0.938435,0.977000,0
0.924539,0.339141,0
1.519807,-0.515607,0
0.846247,0.793202,0
1.664097,0.456817,0
1.121464,-1.116764,0
-0.293332,-0.296701,0
2.486484,0.349501,0
0.250668,-1.235105,0
2.300431,-0.461036,0
0.967087,0.514309,0
-0.229697,-0.536932,0
2.389890,-0.379533,0
0.698791,-0.572086,0
2.303303,-0.593168,0
0.881594,-0.671780,0
0.521076,-1.010567,0
0.265527,0.292313,0
1.810825,0.805847,0
0.130001,0.220668,0
0.555157,-0.185681,0
0.393445,0.815465,0
2.433213,0.094500,0
1.232228,0.208349,0
1.928478,0.592166,0
2.072829,0.578910,0
1.452452,0.945050,0
-0.555984,-0.119536,0
1.389910,1.061790,0
1.006159,-0.392280,0
0.477391,-1.304166,0
2.683285,0.007160,0
1.411384,-0.707451,0
0.936018,-0.235407,0
-0.069551,-0.390849,0
1.054025,-0.504683,0
1.331681,1.236936,0
0.462380,1.120712,0
0.232435,-1.038294,0
1.583818,1.082474,0
1.723280,0.424075,0
-0.040488,0.328415,0
1.086120,1.087671,0
1.818996,-0.903424,0
0.899333,-0.440441,0
0.017513,0.642176,0
-0.441785,0.346321,0
1.554379,1.208882,0
0.173456,-0.162235,0
0.819122,0.399307,0
2.265438,-0.220195,0
0.345111,-2.195078,0
1.301422,0.712429,0
1.034227,-1.779008,0
1.226646,-0.291819,0
1.529208,-0.367198,0
0.283952,-0.195975,0
0.489781,-1.697482,0
-0.283339,0.286876,0
0.640105,0.384259,0
1.708411,-0.461503,0
1.035026,-0.413308,0
1.540828,-1.757965,0
-0.073501,0.334110,0
1.640966,-0.198123,0
1.644932,-0.706402,0
1.316436,0.075005,0
1.170820,-0.034109,0
1.047610,0.652024,0
0.528788,1.248238,0
2.144630,0.054396,0
1.940862,0.201138,0
0.937115,-1.562658,0
0.680851,0.158311,0
1.775952,0.335994,0
-0.544845,-0.155295,0
1.324123,0.094915,0
1.017339,-0.067154,0
0.515495,-1.032169,0
2.114559,0.291705,0
1.779640,0.224087,0
1.102447,-0.288869,0
0.771186,1.325625,0
1.230476,-0.143407,0
2.478131,-0.623757,0
0.969466,0.232732,0
0.480933,1.186130,0
0.013211,-0.209806,0
1.513644,0.585896,0
-1.026586,-1.242863,0
0.815962,0.007611,0
0.769088,0.479849,0
0.268712,0.346470,0
-0.250834,0.393779,0
0.036550,0.033599,0
1.443226,0.821464,0
0.498004,-0.013529,0
0.741703,0.753426,0
0.857049,0.496191,0
2.015778,-1.367103,0
1.933813,0.952127,0
0.487946,0.741668,0
0.940934,-0.238621,0
0.361758,-0.347097,0
2.185831,-0.476365,0
-0.019070,-0.863836,0
1.064425,-0.162255,0
-0.172563,0.010045,0
0.568143,0.711767,0
1.132039,0.280649,0
1.922766,0.397499,0
3.290902,0.195128,0
1.723950,0.973898,0
0.828798,-1.818444,0
0.849217,-0.143201,0
1.373862,0.212665,0
0.474869,-1.465382,0
-0.067230,1.189996,0
0.493192,0.428556,0
-0.279778,-1.401355,0
2.205446,-0.576101,0
0.446201,-1.357656,0
-0.042555,1.056776,0
-0.702242,1.658360,0
0.375091,-0.208413,0
2.441039,-1.223698,0
2.008483,0.161261,0
1.174747,-0.750994,0
1.894676,0.145050,0
2.092048,0.130265,0
0.442794,-0.358511,0
1.249784,0.097596,0
-0.068884,0.784734,0
-0.968371,0.194127,0
1.568675,0.250060,0
2.432494,-0.453296,0
1.256705,-0.229866,0
1.728353,1.239251,0
1.539111,-0.373665,0
0.731980,-0.832924,0
1.841483,-0.395077,0
-0.139639,-0.292806,0
0.219629,-1.316417,0
0.553861,0.770001,0
0.026485,-0.374484,0
1.486156,0.739402,0
1.759453,-0.056955,0
0.642411,0.644947,0
0.608883,0.858290,0
-0.013017,-1.344034,0
1.430418,-2.032562,0
0.175249,-0.095963,0
0.183527,0.908493,0
0.296234,-0.663167,0
2.309424,-1.057337,0
0.942879,0.879124,0
2.115927,0.010757,0
2.003914,0.167633,0
1.243181,-1.223608,0
0.757898,-0.950450,0
1.206700,0.423404,0
1.730108,0.093106,0
1.862838,-1.002264,0
1.151691,0.306161,0
-0.402279,1.928706,0
2.128889,-0.571577,0
0.105737,-1.206052,0
-0.274577,0.490326,0
1.340393,-0.512933,0
0.801318,0.697169,0
0.406662,0.172376,0
0.806150,-1.078674,0
1.814036,-0.925341,0
1.117488,-0.553508,0
0.443369,-1.299064,0
0.725262,-0.574072,0
0.378103,-0.587685,0
0.626656,0.333141,0
1.818738,0.210933,0
1.945292,-0.004396,0
1.103006,0.817086,0
1.551992,-0.490849,0
1.240743,-1.495117,0
0.144978,-0.604139,0
1.369465,0.042153,0
-0.108186,0.139108,0
2.569759,1.039433,0
0.845637,-0.202194,0
0.522085,0.568974,0
0.762724,-0.358706,0
-0.360018,-0.259913,0
1.997672,-0.716102,0
0.339612,1.139843,0
1.741138,1.049822,0
1.056414,0.161298,0
2.168531,-1.355341,0
0.836537,0.954012,0
1.942774,0.366741,0
-0.052036,-1.121690,0
-1.015509,1.441620,0
0.855816,-1.192913,0
0.908789,-0.359810,0
2.291378,-0.523747,0
1.203967,0.951494,0
0.278789,1.013154,0
1.384269,-0.123936,0
0.941552,0.300678,0
0.840419,-1.318373,0
2.220649,0.427816,0
1.381931,0.049887,0
1.122804,0.763296,0
1.207769,-0.958412,0
1.536816,-0.038649,0
1.735864,-0.308669,0
-0.156377,-0.044547,0
2.990894,0.395998,0
0.269482,1.094455,0
0.728838,0.457907,0
1.809070,0.224671,0
1.501822,-0.752624,0
0.532097,0.562156,0
-0.551609,0.385663,0
1.441920,0.024000,0
-0.154719,0.617773,0
2.557152,-0.911877,0
1.599702,-0.074498,0
1.289108,0.040123,0
-0.108980,0.523714,0
1.072866,-0.053377,0
0.664376,-0.409442,0
1.010829,-1.069604,0
0.790388,-0.002850,0
1.560665,-0.486035,0
0.875742,0.510377,0
-0.033758,0.137705,0
-0.060925,0.026988,0
1.113656,-1.062329,0
0.104949,-1.062112,0
1.908070,0.486259,0
0.962268,0.401623,0
1.314928,-0.636509,0
1.112417,0.499978,0
2.467194,-0.331292,0
0.914715,-0.211699,0
1.111290,-0.148220,0
0.607133,-0.366520,0
1.290436,-0.309941,0
1.449710,-1.322058,0
0.236300,0.269981,0
0.476082,0.252513,0
0.996417,-1.042962,0
1.155436,0.848572,0
1.308550,0.498610,0
-0.062380,-0.183061,0
1.074400,-0.044899,0
0.904606,-0.099823,0
1.291453,-0.657335,0
1.633976,0.372073,0
1.470526,1.382967,0
0.289850,0.103134,0
-0.477491,-0.739480,0
1.048044,-1.218305,0
1.645474,0.283771,0
1.749524,-1.093367,0
0.699441,-0.591697,0
0.200705,0.871397,0
0.593337,0.828721,0
-0.187578,-0.254017,0
1.508023,1.440964,0
0.843411,0.588813,0
0.573747,1.531541,0
1.159034,-0.282984,0
0.937427,-0.294487,0
1.875035,-0.345311,0
0.900778,0.317399,0
1.133459,0.256705,0
2.472598,0.541265,0
0.459862,1.127008,0
1.541864,-0.114569,0
0.349303,0.044747,0
0.116002,-1.210195,0
0.887384,0.118014,0
0.493233,-0.774555,0
0.645763,-1.778130,0
0.464448,0.496115,0
2.210845,1.173138,0
3.046953,-0.483990,0
1.634081,-0.084103,0
1.665615,0.253429,0
-0.093204,0.109953,0
3.406539,-0.176187,0
1.169526,1.113838,0
1.412767,1.519238,0
1.129698,1.275315,0
0.484115,-0.332449,0
0.717001,0.371409,0
1.176327,-0.391416,0
1.132465,0.038363,0
1.664865,0.818266,0
0.274396,0.164364,0
1.444642,0.805139,0
-0.119448,0.545694,0
0.705012,-0.927986,0
1.526839,-0.374882,0
0.780541,0.811341,0
1.497874,-0.832597,0
0.259775,-0.790416,0
1.398938,1.490058,0
1.003571,0.119634,0
1.711173,-0.627878,0
-0.806787,0.648632,0
-0.452008,-0.511596,0
-0.004601,0.724581,0
0.427212,-0.773262,0
1.107629,0.484964,0
0.486236,-1.795820,0
0.801325,-0.348264,0
1.175957,1.004782,0
1.134232,0.008984,0
1.513804,-0.099402,0
1.544573,-0.944922,0
1.485933,-0.217417,0
1.424549,0.939455,0
0.710254,0.334995,0
1.387149,0.058280,0
0.277188,-0.280387,0
-0.355459,-0.413756,0
1.099177,-0.236305,0
1.726083,0.823889,0
0.822560,-0.430952,0
1.253073,-0.719111,0
0.746036,0.313995,0
0.257344,0.180990,0
0.333118,-1.064202,0
1.672574,0.159601,0
2.373509,-0.240816,0
1.701167,-1.356453,0
0.463149,0.683047,0
0.545186,-0.741013,0
0.494180,-0.381070,0
0.349036,-0.200371,0
0.492221,0.371969,0
1.062049,1.111318,0
2.256159,1.116055,0
0.296699,0.475478,0
2.044839,0.503745,0
0.224973,-0.913924,0
0.290315,-0.716506,0
0.239143,-0.138743,0
1.036814,-1.419651,0
-0.323162,-0.348765,0
0.366832,-0.966767,0
0.876672,-0.070676,0
0.801063,0.123174,0
-0.888298,-0.465174,0
2.103777,-0.145183,0
1.078584,-0.769085,0
2.369788,-1.106276,0
2.223109,-0.410098,0
0.741856,1.194936,0
2.163037,1.273816,0
1.417065,-0.138520,0
1.373781,1.340063,0
0.244234,0.888630,0
1.442068,0.607113,0
0.171239,-1.330064,0
1.455001,-1.787688,0
0.866965,0.151982,0
-0.345141,0.543298,0
-0.332565,-1.262752,0
1.574773,1.284471,0
2.353868,0.988847,0
1.503998,0.726097,0
0.990006,0.735146,0
0.596845,0.645307,0
1.000688,0.857180,0
1.302231,-0.392979,0
0.597037,0.027332,0
2.114033,0.581002,0
0.946704,-0.448844,0
0.940067,-0.184437,0
1.438914,0.694515,0
1.155346,0.170366,0
1.856508,0.101249,0
1.378366,0.287167,0
0.177772,1.059172,0
1.364883,1.109233,0
0.163007,0.049476,0
-0.875758,0.304477,0
1.129905,-1.070651,0
0.806183,-0.284442,0
1.195933,0.673229,0
1.413808,0.300330,0
0.075258,1.704886,0
1.388869,1.447019,0
1.208422,-0.508464,0
1.365946,0.811662,0
-0.384906,0.403442,0
1.334882,-0.088870,0
0.915877,1.488707,0
2.230800,0.154157,0
0.199979,-0.048687,0
1.318035,0.663931,0
0.709320,0.392580,0
0.596775,0.764117,0
1.631006,-0.563045,0
0.582475,-0.242877,0
2.225122,0.515537,0
1.194763,-0.711407,0
0.887826,0.216328,0
1.835959,0.240259,0
0.641031,0.927370,0
1.377142,0.551530,0
1.361120,1.074828,0
2.617428,-0.211504,0
0.695380,-0.163431,0
1.098796,-0.772293,0
0.580585,-0.303602,0
0.980029,-0.333560,0
0.946069,0.174365,0
2.283506,0.181726,0
2.000966,-1.658766,0
2.182284,-0.218887,0
-0.264082,-0.321251,0
0.707985,-0.344776,0
1.726472,-0.827851,0
0.035976,0.552361,0
1.645242,-0.054871,0
2.837287,-0.470534,0
1.493664,-1.163532,0
1.245615,-1.189455,0
1.810000,-0.160107,0
0.943287,0.372471,0
1.198264,-0.176404,0
1.470234,0.171959,0
0.130635,-1.089315,0
1.590059,0.549037,0
1.044544,-0.236349,0
0.056169,-0.414039,0
0.568694,-0.386037,0
1.930998,-0.455328,0
1.213276,-0.444169,0
1.194379,0.614035,0
1.233623,-2.191979,0
0.794563,1.035677,0
0.764383,0.501978,0
1.328243,-0.981674,0
0.475442,0.061753,0
2.449889,0.814469,0
1.562482,-0.363019,0
1.021762,0.476546,0
0.578077,1.580063,0
1.573251,0.269216,0
-0.524219,-0.040408,0
1.302772,-0.421831,0
2.222363,-0.576529,0
1.474684,0.490937,0
0.937082,-1.927422,0
0.378120,0.149051,0
1.567103,0.190428,0
1.941327,0.237108,0
1.559970,1.277962,0
2.071101,0.364032,0
0.105444,-0.796561,0
1.925591,0.912089,0
1.114098,0.392778,0
1.994715,-0.309347,0
0.415061,-0.341985,0
1.755419,-0.116884,0
-1.350833,0.666202,0
-0.360573,-0.639087,0
0.056168,-0.553561,0
1.401640,-0.091780,0
0.955767,0.013951,0
1.088916,0.041879,0
1.283553,0.235090,0
0.486536,-0.617905,0
0.359412,-0.720530,0
0.129666,0.154988,0
0.114992,0.223546,0
1.269960,1.223582,0
0.063727,-0.095942,0
2.340348,0.563684,0
1.424361,1.661672,0
1.178127,0.135782,0
0.951647,0.468605,0
1.431120,-0.091595,0
2.965886,-1.074710,0
1.074971,0.702751,0
1.119703,0.205287,0
1.093602,1.270090,0
1.840660,0.474006,0
0.880573,-0.657736,0
0.937889,-0.295885,0
1.292386,-0.719180,0
0.476533,-0.694983,0
0.131348,0.477758,0
1.078696,-0.942762,0
0.786667,1.479285,0
-0.953632,0.086565,0
1.038832,0.003955,0
0.829074,-0.460071,0
0.797087,0.490063,0
-0.053265,-0.956054,0
0.577371,0.346503,0
1.446456,-0.626273,0
0.402878,-0.837728,0
1.905813,0.828338,0
1.403134,0.156147,0
-0.447090,0.632157,0
0.944407,0.365133,0
1.429250,-1.015384,0
1.524668,-0.235745,0
0.298326,0.241757,0
0.672971,0.596794,0
1.981979,-0.661671,0
0.268800,0.724591,0
2.350122,-0.682171,0
1.057015,1.775711,0
1.333403,-0.030217,0
1.257301,-0.131569,0
1.756257,-0.002302,0
0.705808,0.626647,0
0.088693,-0.805042,0
0.524768,0.015170,0
0.064246,0.219371,0
0.739389,-1.248976,0
2.588574,1.027928,0
1.255018,-0.341871,0
0.800703,0.435941,0
2.213246,0.930579,0
0.502918,0.713301,0
1.351670,-0.560071,0
0.002465,0.532973,0
2.577277,0.404697,0
-0.019052,-1.049940,0
0.577706,0.196273,0
0.456790,-0.795015,0
0.256990,-0.393660,0
0.117764,-0.076403,0
1.533859,0.256414,0
1.130620,0.062057,0
2.571059,-1.258427,0
0.740699,-0.368719,0
1.364782,0.090945,0
1.949873,-0.395487,0
1.361602,0.041030,0
2.037084,0.590183,0
0.468752,0.148601,0
0.908254,-0.270571,0
0.770830,-0.468070,0
1.779992,-2.460434,0
0.240594,0.235133,0
-0.736448,0.532314,0
1.374471,-0.447614,0
2.097207,-0.673178,0
1.656600,1.836641,0
1.719348,-0.330906,0
0.726048,0.504316,0
2.402446,0.127663,0
-0.035156,1.453803,0
0.033172,0.921848,0
1.993548,-1.266962,0
0.943843,-0.961734,0
-0.297399,0.373108,0
-0.104164,0.300186,0
1.404555,0.523205,0
1.660865,-0.102664,0
2.037770,0.936015,0
0.865122,1.219354,0
0.689725,-1.381451,0
0.918067,0.003043,0
1.089798,-0.748895,0
0.989970,-0.203919,0
0.913195,1.283688,0
0.349415,0.936207,0
2.017019,1.312646,0
1.653911,-1.107441,0
0.512217,0.230905,0
0.875233,-0.751684,0
0.126504,0.441021,0
1.473960,-0.725160,0
1.314643,0.686375,0
0.854981,0.741195,0
1.212195,-0.298996,0
0.471378,-0.064013,0
0.818784,0.634371,0
0.977649,0.589965,0
1.488004,-0.431697,0
1.509519,-0.653703,0
2.129301,0.679830,0
1.964674,-0.666720,0
0.876320,-0.506680,0
2.226872,-0.092403,0
0.297946,0.888443,0
1.416734,-0.898030,0
1.496318,0.359986,0
-0.175305,0.807236,0
1.495101,0.024554,0
0.482186,0.428493,0
1.372290,-1.825962,0
0.010000,0.126613,0
1.725599,-0.071944,0
0.518675,-0.653962,0
1.151313,0.718150,0
0.483666,-0.108618,0
2.042284,-1.342150,0
1.447978,-2.109104,0
1.001332,-0.888119,0
1.351441,0.147475,0
1.107795,0.999667,0
-0.679622,-0.396019,0
1.509742,-1.230767,0
1.265959,0.054405,0
2.038251,0.009568,0
2.935417,-0.012963,0
1.086316,-1.160439,0
2.326893,0.293172,0
0.897254,1.234617,0
0.241941,-0.077506,0
0.779675,0.194721,0
0.909595,0.075992,0
0.989603,-1.655756,0
0.573153,1.125867,0
0.090181,1.027998,0
1.202546,-0.194980,0
1.867026,1.026957,0
1.801039,0.915819,0
0.475823,1.277142,0
-0.942486,0.192945,0
1.587666,-0.771613,0
0.948390,-0.925420,0
0.982003,0.058634,0
2.041155,1.182888,0
0.690166,-0.727204,0
1.342273,0.672876,0
0.936066,0.419296,0
0.954266,-0.576514,0
0.815726,-0.039468,0
1.671628,0.046458,0
1.180566,1.033132,0
-0.268580,1.007306,0
1.795999,0.268624,0
0.714653,-1.229014,0
0.161787,-0.266325,0
0.984529,-0.733999,0
1.353510,-0.059537,0
0.327512,0.356649,0
-0.732039,-0.751556,0
1.023520,0.255229,0
1.198946,-1.672376,0
1.351965,-0.278988,0
1.484950,0.546345,0
0.986332,0.412924,0
1.322894,-0.784113,0
-0.160576,1.036784,0
-0.432584,-0.326792,0
0.106088,-0.032923,0
1.687122,0.339386,0
1.276194,-0.032789,0
1.597158,-0.821826,0
0.711002,0.764160,0
-0.799861,-0.678730,0
2.002469,-1.173458,0
0.978775,0.340653,0
0.596620,-0.979460,0
0.534796,-0.742456,0
2.537724,0.847704,0
0.913323,0.083824,0
2.310322,-1.428427,0
-1.189524,0.893960,1
-0.839391,-0.841603,1
-2.665983,0.058392,1
-0.585367,0.644449,1
-1.376451,-1.850734,1
-1.028038,0.052708,1
-0.569167,1.051689,1
-0.708166,0.015609,1
-0.081481,0.794517,1
-1.626597,-0.426943,1
0.371709,0.943351,1
-2.241875,0.055355,1
-1.318931,0.325498,1
-2.262458,-0.460779,1
-1.595908,-0.093484,1
-0.108327,-0.215766,1
-0.629529,-0.415959,1
-0.839628,-1.068158,1
-1.684387,-1.010644,1
-0.086795,-0.699905,1
-1.312498,-0.063817,1
0.911965,-0.879580,1
-1.029062,-0.001911,1
-1.985780,0.407423,1
-0.157440,-0.576684,1
-1.290378,-0.464429,1
-1.066991,0.828981,1
-1.560679,0.372410,1
-0.434651,-0.677630,1
-1.684085,1.052052,1
-0.368298,0.205450,1
-0.276534,-0.676839,1
-0.752103,1.287408,1
-0.943138,0.261236,1
-1.246554,-0.519686,1
-0.900752,0.184712,1
-2.295782,0.114513,1
-0.920141,-0.647395,1
-1.413789,0.684902,1
-0.650735,0.206117,1
-0.419445,-0.404269,1
-1.234903,0.269894,1
-1.508109,0.944882,1
-1.506101,0.347865,1
-1.116280,-0.132180,1
0.444184,0.877879,1
-0.543367,1.935663,1
-0.208554,-0.618081,1
-0.813684,0.607641,1
-0.056993,0.194117,1
-1.944281,0.737644,1
-1.515822,-0.093922,1
-1.510859,-0.355524,1
-0.953812,0.736525,1
-2.871573,-0.578588,1
-0.449898,0.655164,1
-1.825356,-1.628145,1
-1.724199,-0.248220,1
-1.769433,0.493627,1
-1.409531,-0.501388,1
-0.401536,-0.109251,1
-0.277526,-0.980171,1
-1.924219,-0.373098,1
-1.332916,0.965010,1
-1.437155,-1.173953,1
-1.198021,-0.217123,1
-0.645168,0.839583,1
-1.152828,-0.458030,1
-0.715985,0.770781,1
-1.063926,-0.011041,1
-1.344833,-0.797399,1
-0.867828,-0.078526,1
-1.406258,0.313663,1
0.271053,-0.321105,1
-0.131685,0.464584,1
-1.247177,0.583477,1
-0.571481,-0.444724,1
-0.171364,0.070435,1
-0.952377,-0.169689,1
-1.588724,0.481817,1
-1.141169,0.014706,1
-1.294700,-0.430091,1
-0.238038,-0.570876,1
-1.600624,-0.287621,1
-1.467869,0.246861,1
-1.000407,0.537747,1
-1.262162,0.751733,1
-1.028805,-0.529631,1
-1.184572,-0.836360,1
-0.753819,0.643564,1
-1.366194,-1.699553,1
-1.527260,0.724278,1
-1.743464,-0.063990,1
-2.075993,1.150246,1
-0.960074,1.477595,1
-1.281729,0.213058,1
-0.703137,1.039859,1
-2.064761,1.126060,1
-0.903902,0.267352,1
-1.643684,-1.131544,1
-2.789305,-0.242697,1
-1.101027,-0.200025,1
-1.619637,1.007906,1
-2.882936,-1.099864,1
-0.005824,-1.416039,1
-0.169601,-1.637106,1
-0.699777,-0.011715,1
-0.721667,-0.122062,1
-0.438244,-0.107742,1
-0.727708,0.218092,1
-0.738022,-0.082271,1
-1.534349,0.171105,1
-0.007744,0.493843,1
-0.446448,-0.568723,1
-0.675211,0.641778,1
-0.811249,-0.296207,1
-1.575959,0.579384,1
-0.612783,1.704135,1
-0.953841,-1.278371,1
-0.774794,-0.339607,1
0.002131,-1.043338,1
-1.344018,-0.487715,1
-0.316697,-0.494537,1
-0.573743,-0.231240,1
-0.649104,-0.367826,1
-0.658921,0.113966,1
-0.692627,0.471094,1
-2.766633,-0.084942,1
-1.446271,0.670138,1
-1.129360,-0.728962,1
-2.722487,-0.508929,1
-0.515128,0.154873,1
-0.208963,-0.846179,1
-1.125780,-0.269789,1
-2.776225,-1.114774,1
-1.212673,-0.068726,1
-0.578481,0.712604,1
-0.201458,1.536876,1
-0.645451,0.589932,1
-1.209037,-0.517331,1
-1.909935,1.016886,1
-0.726971,0.371454,1
-1.022440,-0.244906,1
-0.169972,0.093766,1
-0.695761,0.825766,1
-2.033598,-0.108554,1
-0.089100,-0.557197,1
-1.255602,0.183273,1
-0.665996,-0.278264,1
-1.066208,1.259845,1
-1.675977,1.164409,1
-0.740216,1.189055,1
-1.949623,-0.567902,1
-2.113127,-0.313522,1
-1.159599,0.666428,1
-0.804413,0.034347,1
-3.290569,0.644857,1
-2.968081,-0.833366,1
-1.223485,-0.229187,1
-1.105706,-0.206956,1
0.684306,0.092057,1
0.300255,1.576520,1
-1.669647,-1.313883,1
-1.212739,1.015363,1
-2.169417,0.428241,1
-1.541792,1.163346,1
-0.607459,-1.198133,1
-0.833842,0.217224,1
-0.123380,-0.351794,1
-0.887376,0.627867,1
-1.233767,-0.009448,1
-1.893088,1.165018,1
-1.978368,-1.674065,1
-1.053659,0.625449,1
-1.083604,-0.783125,1
-0.852707,0.407100,1
-1.887982,-0.069825,1
-2.065184,-0.316465,1
-0.717607,-0.761899,1
-1.074717,-0.435509,1
-3.122522,0.226636,1
-0.332176,0.260745,1
-1.460970,0.617365,1
-1.508406,0.506349,1
-2.044656,0.214485,1
-2.073307,0.049828,1
-2.205920,0.382091,1
-0.297208,0.059321,1
-0.858661,0.467933,1
-0.603666,-0.538902,1
-1.556479,0.330536,1
-0.621476,-1.357250,1
-1.001471,0.838190,1
-1.008254,1.125987,1
-1.401513,0.195726,1
-1.248076,0.874253,1
-2.154473,-0.344005,1
-0.357130,1.189224,1
-0.157882,0.054543,1
-0.070910,-1.093576,1
-1.527766,-1.395478,1
-1.118461,-1.208699,1
-1.470764,-0.018835,1
-1.701286,-0.565543,1
-0.805273,0.031704,1
0.935663,-0.105035,1
0.355122,0.176382,1
-0.600792,-1.108647,1
0.945407,-1.057909,1
-1.086209,0.567354,1
-0.773765,0.393432,1
-1.409186,-0.877810,1
-0.411093,0.872846,1
1.099603,-0.202325,1
-0.846902,1.203977,1
-0.993708,-0.181406,1
-2.442833,0.408911,1
-0.576848,0.443720,1
-0.694178,-0.442473,1
-1.538791,0.537768,1
-1.216890,-0.315419,1
-0.602241,0.638680,1
-1.572824,0.706484,1
-0.336699,-1.264639,1
-0.832141,-0.003750,1
-0.616291,-0.089257,1
-1.902830,-0.387449,1
-0.929344,1.250232,1
-0.314610,-0.926749,1
-0.188757,1.404164,1
-1.828559,0.977067,1
-2.425398,-0.673770,1
-1.633283,0.551572,1
-1.273358,-0.350722,1
-1.476923,1.292130,1
-1.135193,-0.623863,1
-1.090182,0.663028,1
0.118114,1.114516,1
-0.457413,0.992775,1
-0.045448,0.702396,1
-0.484559,0.059640,1
-0.807758,-0.065492,1
-1.089580,-0.544872,1
-1.215418,0.770939,1
-0.513742,0.373554,1
-1.029786,0.626805,1
-0.840438,-0.454014,1
0.693618,-0.166216,1
-2.529323,0.090913,1
-1.738200,-1.414341,1
-0.866651,-0.759265,1
-0.781996,-0.308116,1
-0.834012,1.749068,1
-1.557820,0.672762,1
-1.256095,1.123812,1
-0.937418,0.215098,1
-1.049685,0.339789,1
-1.058115,1.104930,1
-1.449682,-0.858010,1
-1.205035,-1.101447,1
-0.995614,-0.034205,1
-1.907661,0.177601,1
-0.377401,0.007218,1
-1.660301,0.360200,1
-1.431383,0.484181,1
-1.167863,-0.457934,1
-1.130380,-0.041736,1
-1.087408,-0.135647,1
-1.955150,0.557383,1
-0.403450,0.151180,1
-0.461064,-2.336543,1
-1.117356,0.106666,1
-0.981693,-0.002720,1
-1.018648,-0.511552,1
-1.100812,-0.023601,1
-1.909696,0.421185,1
-0.430146,1.447744,1
-0.807445,0.683584,1
-0.422579,-0.567867,1
-0.970555,0.603199,1
-1.453887,0.714861,1
0.338348,-0.886828,1
-2.078194,0.863328,1
-2.543032,-0.098252,1
-1.716751,0.173321,1
-1.435571,-0.113566,1
-1.214384,-0.259417,1
-0.564999,-0.593580,1
-2.143896,-1.082039,1
-1.658157,-0.158393,1
-0.408000,-0.312929,1
-1.298296,0.483397,1
-1.205257,-0.993798,1
-0.526934,-0.178295,1
0.720043,0.094022,1
-0.735476,-0.522375,1
-1.084396,-0.564543,1
-0.020792,1.107300,1
-1.857694,-0.837818,1
-1.094203,-0.861256,1
0.455819,-0.089459,1
-1.686228,-0.371566,1
-1.750306,0.425281,1
-1.762548,0.233090,1
-1.618015,-0.926462,1
0.492345,-0.796542,1
-0.171944,0.359959,1
-1.561595,-0.034820,1
-1.977530,0.062813,1
-0.860444,0.951336,1
-0.987159,1.547423,1
-1.219805,-0.091823,1
-0.548101,-0.299841,1
-1.238311,0.135656,1
-1.281053,0.100231,1
-1.436041,0.059795,1
-0.635828,1.098201,1
-1.099447,1.097961,1
0.281283,0.290452,1
-1.240898,-0.570042,1
-1.023763,-0.253570,1
-0.667540,0.413923,1
-2.712018,-0.066483,1
-0.558650,-0.263531,1
-0.126172,0.267640,1
-2.136501,-0.663236,1
-1.360505,-1.533228,1
-0.779181,0.100144,1
-0.998002,0.869080,1
-1.843134,1.178700,1
-0.620414,0.296694,1
-2.387239,0.866283,1
-1.717025,-0.392059,1
-0.969601,0.059796,1
-1.317036,0.545864,1
-0.535061,-0.446971,1
0.119452,-0.358531,1
-0.564680,-0.874851,1
-1.059567,-0.755923,1
-0.477787,-0.585858,1
-0.727436,-0.370430,1
-0.196056,1.032683,1
-1.683641,0.235749,1
-0.983556,0.934338,1
-0.377565,0.966584,1
-0.594568,-0.231170,1
-2.853617,-0.307032,1
-0.652591,0.859302,1
-0.915103,-0.415270,1
-2.049979,-0.256724,1
-1.048819,-2.114209,1
-1.670583,-1.799583,1
-2.452801,0.364880,1
-1.004047,1.026321,1
-2.070315,1.160552,1
-0.851033,-1.468933,1
-0.305439,-0.819391,1
-0.912909,-0.657721,1
-1.041309,-1.010661,1
-0.161989,0.726254,1
-1.000215,-0.191883,1
-1.024233,-0.517625,1
-1.238659,-0.072923,1
0.024158,-0.949962,1
-0.562283,-0.338559,1
-2.396909,0.399789,1
-0.914458,-1.129140,1
-0.988255,-0.691720,1
-2.533608,0.919920,1
-0.988300,0.045075,1
-1.345073,-1.011205,1
-1.332636,-1.518531,1
0.318604,0.106251,1
-2.165877,0.379027,1
-1.358862,-0.596491,1
-1.606941,-0.495576,1
-0.867566,-0.892777,1
-1.841800,-1.017111,1
-0.619098,0.871741,1
-1.934497,0.014070,1
0.843451,-0.180632,1
-0.548379,-0.074018,1
-0.965620,-0.361597,1
-2.226588,-0.231170,1
-1.598723,-0.765171,1
-0.629993,-0.103331,1
-0.316845,-0.829984,1
-1.249733,-0.720441,1
-0.898471,0.684154,1
-1.578216,-1.133275,1
-0.898169,0.297697,1
-2.253261,0.907526,1
-1.528233,-0.187539,1
-2.184136,0.967827,1
-1.194978,-1.634529,1
-0.887147,0.330387,1
-0.827384,-0.022828,1
-1.304809,-0.614788,1
-0.201614,0.681277,1
-0.816602,-0.082679,1
-0.145854,-0.384906,1
-1.394261,0.450365,1
-1.543113,-1.062383,1
-1.743776,-1.030775,1
-1.071755,0.410694,1
-1.549664,-0.241427,1
-1.012161,1.012498,1
-1.100994,0.477589,1
-0.414781,-1.589587,1
-1.766107,0.727717,1
-0.008101,-0.970177,1
-1.403416,0.458483,1
0.372655,-0.872339,1
-1.395665,0.445626,1
-2.273389,0.713416,1
-1.234594,0.142327,1
-0.001074,-0.415914,1
-1.422204,0.084741,1
-1.463923,0.579690,1
-0.341308,1.258065,1
-1.122938,-0.460675,1
-0.620332,-0.625962,1
-2.102900,-0.115681,1
-1.592755,0.783233,1
-1.054567,1.043035,1
-1.097016,0.507774,1
-1.003170,0.634876,1
-1.688156,-0.745887,1
-0.625355,-0.429320,1
-0.193379,-0.654005,1
-1.811125,0.423501,1
-0.018365,0.762062,1
-2.026172,-1.925746,1
-2.361389,0.069234,1
-1.213518,-0.362391,1
-0.111331,0.354423,1
-0.124135,0.190594,1
-1.926008,1.052494,1
-0.709282,0.803935,1
-1.069477,-1.077270,1
-0.481052,0.896315,1
-1.163569,-1.327483,1
-0.727388,-0.647295,1
-1.763342,-0.351585,1
-1.404585,0.290070,1
-1.823679,-0.729206,1
-0.987075,0.853601,1
0.027213,0.911189,1
-2.175951,0.262912,1
-1.620211,-1.251693,1
-1.585635,0.621187,1
-1.911827,0.522774,1
-2.567622,0.484615,1
-0.270137,-0.423370,1
-1.960068,1.378040,1
-0.118282,-0.645689,1
-1.370443,-0.344408,1
-0.870744,-0.402428,1
-0.398305,-0.178899,1
-1.951360,-0.790110,1
-2.484386,0.532616,1
-2.069486,0.531731,1
-1.433066,-1.092973,1
-1.485834,-0.199924,1
0.175272,0.829545,1
0.002555,-0.792820,1
-0.041692,0.089347,1
-1.428625,-1.398063,1
-0.171550,1.092318,1
-0.877765,-0.763200,1
-0.135272,-1.007747,1
-0.660815,-0.190628,1
-1.010985,0.101434,1
-0.541296,0.899458,1
-1.457858,-1.025924,1
-0.646696,-0.231566,1
-1.698427,-0.606744,1
-1.336844,1.211451,1
-0.867937,-0.991681,1
-0.737304,0.545405,1
-3.086701,0.092411,1
-1.594536,-0.837288,1
0.265580,-0.144595,1
-0.589623,-0.070561,1
-0.524382,-0.555672,1
-0.041734,-1.182957,1
-1.454785,-0.150802,1
-0.835838,0.009779,1
-0.555571,-1.076247,1
-0.320024,0.732476,1
0.413998,0.794612,1
-3.445383,0.458886,1
-1.685990,0.577312,1
-0.282444,0.641326,1
-0.961115,-0.257719,1
-0.157162,-0.621122,1
-1.966164,-0.941692,1
-1.379925,0.269554,1
-1.354483,-0.938731,1
-0.783199,0.017062,1
-2.243090,-0.535397,1
-1.228788,-0.235637,1
-1.866884,-0.538489,1
0.119370,0.991923,1
-1.707522,0.163016,1
-1.510525,1.306420,1
-1.183851,-0.295466,1
-0.591433,-0.790104,1
-2.146607,-0.507818,1
-0.952532,-0.088836,1
-1.060883,0.683727,1
-1.424495,-2.172261,1
-1.746075,-0.487751,1
-1.386763,-0.347266,1
-2.244748,0.682491,1
0.130350,-0.427365,1
-0.873594,0.192990,1
-2.164329,1.494178,1
-1.381409,0.241697,1
0.116336,0.360070,1
-0.281023,-0.353891,1
-0.618906,1.440620,1
-0.642692,0.681430,1
-1.201101,0.370695,1
-0.329818,0.671511,1
-0.687722,-1.057135,1
-0.210402,-1.163005,1
-1.472451,-0.835367,1
-1.654374,-0.661134,1
-1.999235,0.359507,1
-0.952337,-0.136891,1
-0.453598,0.095323,1
0.475656,-0.182416,1
-1.917893,0.957812,1
-1.417978,0.728563,1
-0.692819,-0.489864,1
-1.652324,0.886111,1
-0.269400,1.987404,1
-1.214226,-0.950290,1
-1.645180,-0.267496,1
-2.636740,0.130269,1
-1.726258,-1.588015,1
-0.882014,0.618059,1
-0.476146,-1.063389,1
-2.477707,0.030552,1
-0.546916,0.808642,1
-1.110990,-1.137885,1
-2.520886,0.357767,1
-1.002817,0.045585,1
-0.911528,-0.073626,1
-1.591119,-0.041820,1
-2.026980,0.139746,1
-0.275704,-0.196441,1
-2.250103,0.480356,1
-0.797843,1.867287,1
-1.432123,0.873422,1
-1.333121,-0.314295,1
-0.072711,0.759997,1
-1.319414,1.406534,1
-2.367455,0.600173,1
-0.138615,1.221790,1
-0.905226,0.753630,1
-0.053185,-0.151520,1
-1.069847,0.403528,1
-0.381789,-0.473261,1
-1.512591,-2.973480,1
-0.067732,-0.702803,1
-1.193228,-0.200998,1
-0.368208,-0.686373,1
-1.119571,-0.215691,1
-0.970946,0.659455,1
-1.721091,0.233518,1
-0.253269,-0.904881,1
-0.322060,0.415673,1
-2.088899,0.453098,1
-1.887200,0.245156,1
-0.456404,0.946430,1
-0.068153,2.557907,1
0.115404,2.031015,1
-0.812260,1.004637,1
-2.234687,0.092499,1
-0.898993,-0.677010,1
-0.833253,1.310314,1
-0.708675,-1.085295,1
-1.238514,-0.988724,1
-1.579869,-0.858047,1
-0.355116,0.502147,1
-0.821880,0.915433,1
-1.159342,0.823129,1
-1.504942,0.832167,1
-0.342394,0.806312,1
-0.715145,-0.720505,1
-1.327639,1.062721,1
-1.151183,0.675442,1
-0.250132,-0.702751,1
-1.340348,-0.273107,1
-1.418463,-2.581604,1
-1.357262,-0.138729,1
-0.303617,-0.255212,1
0.007475,-0.243561,1
-1.267664,0.951509,1
-1.424190,0.033010,1
-0.044407,0.521099,1
-0.645945,-1.267234,1
-2.130425,1.232064,1
-1.588567,-0.687766,1
-0.869235,0.686382,1
-1.634223,2.156420,1
-1.403145,-0.009606,1
-1.082692,-1.102955,1
-0.228997,-0.931476,1
-0.906501,-0.364814,1
-0.470738,-1.170740,1
-0.089493,-1.221119,1
-0.299657,0.997646,1
-1.211334,-0.830815,1
-1.494759,0.274013,1
-0.058139,-0.403174,1
-1.566844,0.800073,1
-1.144585,0.217299,1
0.022400,1.237072,1
-0.347166,1.002812,1
-1.287449,-0.824537,1
-0.989511,-0.455151,1
-2.177914,-0.229677,1
-1.001493,0.099713,1
-2.138394,0.431741,1
-1.098212,-0.276977,1
-1.796779,1.387424,1
-1.760247,0.500726,1
-2.984289,1.886128,1
-1.251946,-1.274403,1
-0.237167,-0.089922,1
-0.793063,0.372676,1
-0.847631,0.199956,1
-2.008984,-0.034544,1
-2.796068,0.158329,1
-0.889309,0.025015,1
-1.194114,0.865219,1
-1.452607,0.406253,1
-1.550874,-0.464383,1
1.025173,0.866219,1
-1.033983,0.272352,1
-0.544029,-1.040235,1
-1.136112,1.146528,1
-2.408607,0.072303,1
-2.006532,-0.141333,1
1.207547,0.115397,1
-1.175139,0.255615,1
-1.277820,0.510905,1
-1.874484,-0.018436,1
-1.543925,-0.252554,1
-1.653497,0.050743,1
-2.171581,-0.383474,1
-0.777490,0.793792,1
-1.285379,1.061707,1
-0.310246,-0.071546,1
-1.127913,0.357558,1
-0.492581,0.672134,1
-1.899022,-0.127422,1
-0.640466,1.086941,1
-1.754349,-0.063078,1
-2.202767,0.932119,1
-0.706028,-1.226743,1
-1.538699,0.064618,1
-1.705122,-1.373956,1
-1.878855,-0.072634,1
-0.660319,-0.740355,1
-1.502467,0.394822,1
-0.994494,-0.296241,1
-0.641407,-0.718340,1
-1.649367,1.000767,1
-0.506779,0.567874,1
-1.240377,-0.485291,1
0.320415,0.539773,1
-0.976065,-0.220814,1
0.880944,0.107962,1
-1.631344,-1.523214,1
0.014062,0.031380,1
-1.752438,0.027706,1
-0.394701,0.208628,1
0.240943,0.656851,1
-0.329816,-0.984823,1
-0.188288,0.350402,1
-1.081701,-0.601239,1
-1.284113,-0.243788,1
-1.389946,-1.183649,1
-0.254198,-1.659049,1
1.057730,0.025894,1
-0.403278,-1.430624,1
-0.094444,0.274283,1
-0.266892,0.058044,1
-0.716412,0.834384,1
-0.194706,-2.229538,1
-1.477716,0.663687,1
-1.759475,-1.081361,1
0.331563,1.349272,1
-2.799829,-0.969584,1
-0.696719,-0.162594,1
-1.673804,-0.674534,1
-2.341864,1.072399,1
-1.330450,-0.646600,1
-0.426323,0.898823,1
-1.111560,-0.335450,1
-2.105701,0.415056,1
0.091211,-0.053252,1
-0.738862,-0.664193,1
-1.696368,-0.116795,1
-0.765729,0.427951,1
-0.665950,0.268569,1
0.631828,1.563525,1
-0.347987,1.271054,1
-0.680006,-0.087089,1
-1.313518,1.500751,1
-3.481541,0.972791,1
-1.302023,-0.123867,1
-1.212521,-0.809525,1
-1.578290,0.716570,1
0.048675,1.407689,1
-0.351528,0.322549,1
-1.228524,0.066896,1
-2.321525,0.342497,1
-1.000181,0.246125,1
-2.313230,-1.512467,1
-1.441487,0.901816,1
-0.670857,-0.374941,1
0.748801,-0.442326,1
-0.888754,-0.189203,1
-1.013951,0.688090,1
-1.078984,-0.033731,1
-2.224779,-0.499332,1
-0.677457,1.346338,1
-2.257085,0.070083,1
-0.871878,-0.483496,1
-0.264380,0.833080,1
-1.199101,0.001843,1
-0.985600,0.079738,1
-0.900971,-0.199943,1
-0.714088,-0.038659,1
-1.364113,-1.699557,1
-1.417440,0.058266,1
-0.342905,-0.689033,1
-1.200496,1.103071,1
-0.565786,-0.938529,1
-1.321064,-0.497458,1
0.873412,1.202952,1
-0.899197,-0.220746,1
-1.732898,-0.367487,1
-0.848639,-0.420358,1
0.415216,1.364769,1
-1.873288,0.818443,1
-2.460787,1.845874,1
-2.424058,-0.927811,1
0.019702,-0.831036,1
-0.535841,-0.133080,1
-1.872564,0.828454,1
-1.375382,1.069878,1
-0.773000,0.486251,1
-0.521736,-0.953650,1
-1.403156,-0.199659,1
-1.755644,0.366000,1
-1.206904,0.828863,1
-0.626287,-0.141806,1
-0.337370,0.058672,1
-0.792811,-0.766038,1
-1.401517,0.506420,1
-1.976415,-0.375051,1
-1.055304,-0.458165,1
-0.846493,-0.186028,1
-0.689165,0.773777,1
-1.097717,-0.440662,1
-0.138392,0.070595,1
-0.980630,-0.398568,1
-0.843653,-0.243293,1
-2.321364,-2.264717,1
-2.127436,-0.365500,1
0.130128,0.550913,1
-0.597281,0.272912,1
-1.888386,-1.026741,1
-1.332516,-2.484728,1
-1.680392,-0.182461,1
-0.815964,-0.883546,1
-2.173154,-0.418316,1
-1.040617,-0.711608,1
-1.880863,0.254970,1
-2.341203,1.576059,1
-1.176525,0.069463,1
-1.346904,0.054847,1
-0.517829,-0.659952,1
-0.901314,-0.176719,1
-1.855587,-0.039257,1
-2.115169,0.404644,1
-0.774031,-1.956841,1
-2.020336,0.080671,1
-0.247731,-0.180359,1
-0.880160,-1.938659,1
-0.465197,1.092615,1
-2.218935,0.857850,1
-2.320507,1.106657,1
-2.297451,0.583983,1
-1.118339,0.148942,1
-1.714766,-0.439019,1
-1.154142,-0.309174,1
-0.962132,-0.243694,1
-1.823124,1.409164,1
-1.743601,-0.604974,1
-0.982732,-0.240065,1
-1.715408,0.154664,1
-1.861596,-1.010510,1
0.373554,-0.000279,1
-0.269938,-0.311445,1
-3.605204,1.017664,1
-0.489537,0.445238,1
-0.340178,-1.015831,1
-2.587194,0.793789,1
-1.565629,1.144537,1
0.252940,-0.610411,1
-1.417225,1.461243,1
-1.018101,0.314152,1
-0.918740,-0.668944,1
-1.280198,0.575387,1
-1.673063,-0.679185,1
-1.251386,-0.056220,1
-1.096192,0.994579,1
0.152911,0.697201,1
-1.122647,-0.326861,1
-2.529260,-0.800795,1
-1.892569,1.124678,1
-1.676932,1.005737,1
-2.039442,-0.113976,1
0.148898,1.630263,1
-0.415084,-1.083500,1
-0.752017,0.125837,1
-0.963004,-0.138829,1
0.805726,-1.721424,1
-1.097731,0.806873,1
-0.673707,-0.109236,1
-0.665493,0.472278,1
-1.161356,-1.326889,1
-0.947089,0.223879,1
-2.185606,1.004820,1
-2.357449,0.440550,1
0.870192,0.885106,1
-2.008023,0.553891,1
-0.599043,-0.287906,1
-2.322521,-0.796016,1
-0.570164,0.167122,1
-0.140403,1.100321,1
-0.424185,-0.213890,1
0.071682,0.303597,1
-1.995059,1.084681,1
-2.644205,-0.994556,1
-0.640890,0.463683,1
-0.431777,1.138328,1
-0.806324,0.002371,1
-2.426605,0.444122,1
-0.625469,-1.042201,1
-1.622081,0.211159,1
-2.007066,-0.700200,1
-1.039636,0.458366,1
-1.188547,-0.332777,1
-1.680639,0.947918,1
-1.265284,-0.559768,1
0.096341,-0.339843,1
0.598363,-0.012960,1
-1.745517,-0.400599,1
-0.808973,0.287951,1
-1.544744,0.435672,1
-0.304287,1.602300,1
-1.395096,0.529510,1
-1.208718,0.354577,1
-0.621797,-1.303144,1
-1.635733,-0.160601,1
-0.893476,0.383429,1
-0.997771,-0.444066,1
-0.904832,-0.851120,1
-0.788486,-0.920516,1
-1.221492,-0.340736,1
-1.056123,0.420941,1
-1.162239,0.611382,1
0.781878,-0.236888,1
-0.739962,0.151705,1
-0.119291,0.191616,1
-0.314936,-0.976047,1
-1.237097,-0.912580,1
-2.106059,-1.378463,1
-0.710146,0.497699,1
-1.455903,0.797575,1
-0.388880,-0.479821,1
-0.998646,-1.037186,1
-1.072489,-0.944637,1
-1.121729,-1.174212,1
-2.124760,0.965280,1
-0.316702,-0.469810,1
-1.133724,0.489892,1
-0.149735,-0.240816,1
-1.542310,-0.226670,1
-1.270735,-0.356819,1
-2.720600,0.439137,1
-0.572966,0.199713,1
-2.257398,0.049674,1
-1.348364,-0.373111,1
-0.613969,-0.330816,1
-1.930416,0.411288,1
-1.161611,0.188450,1
-0.273787,-0.274119,1
-0.455914,-0.202810,1
-0.208963,-0.590745,1
-0.564027,-0.823755,1
0.002567,-0.148737,1
-1.781556,-0.335195,1
-1.095309,-0.309774,1
-0.765184,-0.569661,1
0.040081,-0.684003,1
-1.000535,0.096354,1
-0.461613,-0.021576,1
-0.587123,0.092972,1
-0.886980,0.027483,1
-0.654027,0.159225,1
-1.053038,-0.744792,1
-1.362137,0.182140,1
-0.456007,-0.237349,1
-0.913462,0.864255,1
-0.494792,-0.962125,1
-3.043272,0.386872,1
-1.550325,1.343937,1
-0.958351,0.871112,1
-0.876279,0.595782,1
-2.269130,0.044846,1
-0.689896,1.113297,1
-1.152604,-0.020290,1
-0.795446,-1.002768,1
-0.379538,1.018142,1
-1.636998,0.023347,1
-0.801254,0.163641,1
-1.035971,1.295212,1
-0.359213,1.582176,1
-0.068136,0.158986,1
-1.293375,-0.510189,1
0.210126,-1.370000,1
-0.273353,-1.404655,1
-1.161069,-0.202433,1
-0.853105,-0.133834,1
0.257604,0.596277,1
-1.193675,0.246650,1
-0.427845,1.212893,1
-0.467646,-0.170415,1
-1.033673,-0.177951,1
-1.074070,0.492011,1
-1.471426,-1.259162,1
0.107612,-0.431170,1
-1.092515,-0.761947,1
-0.810203,0.259857,1
-0.985067,0.275809,1
-0.084499,-0.727660,1
-1.653100,0.915793,1
-1.164404,-0.339244,1
-1.085758,0.090048,1
-0.542061,1.266412,1
-1.914131,-0.394520,1
0.443323,-0.014809,1
-1.403108,1.355623,1
-1.052250,0.835275,1
0.432302,0.045574,1
-1.588825,1.770016,1
-1.816020,-0.486667,1
-1.108045,0.941380,1
-0.911222,0.242651,1
-3.750671,0.956932,1
-0.982812,-1.005205,1
-1.345734,0.091380,1
-1.454071,-0.394428,1
-0.436271,0.943202,1
-0.236085,0.261767,1
-1.071604,-0.434217,1
1.004125,-0.103398,1
-1.570671,-0.443669,1
-0.990694,-0.149032,1
-0.560928,-1.674723,1
-0.893333,-1.016859,1
-1.432843,0.643991,1
-0.982692,0.042038,1
-0.874533,0.870945,1
-1.189384,1.126435,1
-1.145379,1.496513,1
-0.777836,-1.463564,1
-1.584360,-0.970526,1
-2.685385,-0.317179,1
-1.700185,0.337673,1
-1.219499,-0.758413,1
-1.053836,0.875274,1
-1.261387,-0.134564,1
0.895280,-0.467402,1
-1.768462,0.870488,1
-0.010897,-0.215498,1
-2.029736,-0.306476,1
-1.259369,-0.476505,1
-2.121300,-0.030478,1
-1.887563,-0.208451,1
-0.203493,-0.758045,1
