0.187384,0.637839,0
2.004818,1.154682,0
1.905243,0.872522,0
1.373319,0.124041,0
1.600792,0.068943,0
0.325445,0.238124,0
0.416255,0.530411,0
0.615430,0.917141,0
-0.245750,-0.335707,0
2.424339,0.564152,0
1.472306,-1.197204,0
0.647406,0.044985,0
1.282750,0.145321,0
2.277067,0.107744,0
1.714072,0.513139,0
1.109980,0.180430,0
1.019562,0.495283,0
0.397100,-0.815390,0
2.539872,0.606293,0
1.139814,-0.032451,0
1.597052,0.651286,0
0.562105,-0.534760,0
0.750292,-0.488343,0
1.414726,-1.457874,0
1.230859,0.595309,0
1.904497,0.263788,0
0.086434,-0.654440,0
0.943686,0.121787,0
0.759052,0.431766,0
1.669152,-0.170457,0
1.547355,-0.182359,0
1.791811,-0.712543,0
3.346602,0.578583,0
0.059911,-0.599482,0
0.619958,0.367280,0
1.265825,1.551697,0
0.731820,-1.559043,0
0.657559,0.020138,0
1.857179,-1.147327,0
1.890741,0.790819,0
0.656511,1.089355,0
1.548812,1.112254,0
0.310887,-1.428564,0
1.572707,0.716122,0
1.829023,0.599324,0
0.085627,-0.175664,0
1.209186,0.548401,0
1.118613,-0.795234,0
0.641423,-0.797814,0
1.732582,0.090718,0
1.720330,0.943020,0
1.740192,0.013909,0
0.994088,-0.882373,0
-0.017889,-0.466798,0
0.656005,1.309827,0
0.724238,-0.060395,0
0.453327,-0.694369,0
1.912092,-0.735332,0
-0.342265,0.749591,0
1.284367,0.872105,0
-0.099579,0.008396,0
1.211278,0.171089,0
1.796439,-0.311756,0
2.222827,0.264123,0
1.546072,0.087113,0
0.693284,-0.554151,0
0.915584,-0.748812,0
-0.127785,0.097359,0
0.241803,0.798546,0
1.289406,0.760453,0
1.057129,-0.576333,0
-0.652959,-0.631541,0
-0.143182,-1.045278,0
1.254476,0.258209,0
1.124431,0.030230,0
2.589432,0.266888,0
0.499956,-0.382035,0
1.284487,1.236847,0
0.514002,-1.206001,0
3.363702,-0.050896,0
-0.562422,-0.922542,0
-0.241737,0.758648,0
2.652036,-0.257896,0
1.181347,-0.675554,0
0.585054,-1.325492,0
-1.219059,-0.788697,0
1.250652,0.520988,0
2.170334,-0.618333,0
-0.017161,-0.892261,0
1.429361,1.396633,0
0.456962,0.330467,0
2.135161,-0.440337,0
0.351899,1.699487,0
0.513261,0.269403,0
2.198163,0.698414,0
-0.121937,0.844201,0
0.973647,-0.452497,0
2.658194,-2.161192,0
1.432448,0.530576,0
0.737653,0.892070,0
0.869205,0.554511,0
0.952051,0.464213,0
0.187454,2.080217,0
1.328645,1.079243,0
0.845279,-0.110977,0
1.772145,0.245844,0
0.323944,0.215592,0
0.401424,0.339710,0
1.990779,-0.989596,0
2.466491,-0.238763,0
-0.523244,0.676342,0
1.797705,-0.242866,0
0.588873,0.557837,0
0.118849,0.410136,0
1.766599,0.726105,0
1.749905,1.847848,0
0.916589,-0.733535,0
-0.541483,0.026225,0
1.869201,0.421593,0
-0.762887,0.880130,0
2.728529,-0.744098,0
1.730129,0.328689,0
0.705235,-0.072003,0
-0.273507,0.044616,0
1.585963,-0.466519,0
-0.550832,0.514493,0
0.627342,-0.583622,0
0.688217,1.115247,0
-0.746349,-1.075348,0
1.433260,-0.007388,0
1.962361,1.467562,0
1.327589,-0.480991,0
1.627653,-0.671580,0
-0.742539,0.159368,0
0.975394,-0.687473,0
1.078578,-1.172252,0
1.413102,0.151381,0
0.031414,0.478329,0
1.089286,1.075089,0
2.412221,0.224252,0
1.083740,-0.874262,0
1.742915,0.139817,0
-0.020038,-0.439986,0
0.284656,0.313770,0
1.280172,1.793106,0
-0.140457,0.910184,0
2.500769,-0.543866,0
1.472718,-0.842745,0
0.160002,2.444412,0
0.246765,-0.659587,0
0.964835,1.798397,0
1.463214,-0.195741,0
1.362777,0.626835,0
0.806679,-0.096106,0
1.438863,-0.725989,0
1.270235,0.494743,0
1.219130,-0.804202,0
-0.477955,0.526559,0
1.316475,0.165106,0
1.805815,-0.874969,0
1.535032,-1.234255,0
1.495432,-1.523972,0
2.035780,-0.430514,0
0.554646,0.118640,0
0.274648,0.510168,0
0.475833,-0.019949,0
2.049420,-0.418069,0
1.631829,0.095406,0
1.805183,-0.515808,0
2.340922,0.488705,0
0.596246,0.600546,0
0.711004,-0.261712,0
1.838019,-0.175702,0
1.034413,-0.180567,0
0.847277,-0.014546,0
-0.232931,0.583801,0
1.356849,0.015759,0
0.880614,-0.605590,0
1.236824,0.644733,0
0.852568,0.012047,0
0.478965,-0.034040,0
1.885829,0.719281,0
1.247919,1.834698,0
2.008350,-0.615722,0
0.426625,-1.677764,0
0.596063,-0.915818,0
1.297823,-0.230103,0
0.671978,1.542138,0
2.556539,-1.213419,0
0.021964,-1.898590,0
-0.501344,-0.563804,0
0.870575,0.280967,0
1.332432,-0.787892,0
1.492643,0.240377,0
0.529649,0.051595,0
1.691590,-0.156335,0
1.447402,-1.015761,0
1.149117,-0.605534,0
0.456223,0.052516,0
1.449384,-0.093307,0
0.828314,0.380595,0
-0.635481,0.025660,0
-0.482470,-0.334222,0
1.066855,-0.586527,0
1.287906,0.988888,0
0.446973,0.008790,0
0.317340,0.712839,0
1.305035,0.304401,0
0.751815,-0.357814,0
1.937337,-0.120259,0
1.571408,-0.644098,0
1.312362,0.584997,0
1.123624,-0.640533,0
1.982884,1.297588,0
0.245764,0.415756,0
0.481599,0.382467,0
0.900912,-0.701329,0
0.000047,-0.500301,0
-0.141201,-0.378402,0
0.962908,0.206853,0
1.659887,0.301826,0
0.926766,0.755270,0
0.771695,-0.438329,0
1.396120,0.620550,0
0.244664,-0.220726,0
1.196902,0.190154,0
0.051293,-0.743642,0
-0.397954,-0.135170,0
1.665798,-1.027749,0
0.958576,-0.241305,0
2.495381,-0.004761,0
1.040719,-1.044798,0
0.036544,0.002532,0
1.141089,1.186743,0
1.225641,0.102231,0
0.523190,-0.128408,0
1.525352,0.096753,0
0.712401,-0.530595,0
1.489924,-1.829943,0
1.011272,0.065087,0
1.422075,0.386147,0
0.481790,-0.079783,0
1.511935,0.109614,0
2.894483,0.146666,0
0.988758,-0.387398,0
0.337676,1.509248,0
0.134752,0.399961,0
2.721513,0.468237,0
0.730572,0.824425,0
1.662201,-1.796219,0
0.221430,0.278779,0
0.862623,-0.581750,0
0.449907,0.598458,0
0.474317,0.199383,0
1.755604,1.244881,0
2.003656,0.366945,0
0.847040,-0.019998,0
1.993376,0.071182,0
0.323548,0.056705,0
0.743379,-0.647202,0
0.431041,1.465557,0
2.272375,-0.832361,0
0.591714,0.514911,0
0.242736,-0.532990,0
1.528141,0.116812,0
1.125053,-0.356016,0
0.119913,-0.057155,0
1.652436,-1.638172,0
1.747246,0.470833,0
1.666783,-0.484130,0
0.078284,1.336628,0
0.278903,-0.105808,0
1.235760,-1.492043,0
0.350795,0.467438,0
-0.107158,-1.809829,0
0.871074,1.340541,0
0.420673,-0.014876,0
2.661884,0.155008,0
1.698093,-0.097418,0
-1.025122,-0.096318,0
2.583277,0.070405,0
0.308857,1.424157,0
0.352227,-0.168384,0
0.420511,0.124836,0
1.866850,1.082880,0
1.915593,0.110186,0
1.003841,-0.573530,0
1.315507,1.063750,0
0.633792,0.259160,0
0.232900,0.643536,0
1.319306,0.867074,0
2.698831,1.285405,0
0.530550,-0.283332,0
1.646709,-0.039421,0
1.037526,-0.010942,0
1.546321,-0.467299,0
1.593389,-0.047398,0
-0.130630,-0.390564,0
1.481960,0.485639,0
0.963046,-0.983903,0
1.219333,1.414915,0
0.374257,-0.291855,0
-0.487529,0.966434,0
1.336250,-0.594873,0
0.839372,-0.516732,0
2.827855,0.505546,0
0.705385,-0.376795,0
1.014214,0.787555,0
1.336887,-0.231190,0
0.607472,-0.646798,0
1.023101,-2.129401,0
0.150683,1.161762,0
1.805908,-0.283504,0
-0.202180,-0.486757,0
1.043653,-0.114581,0
0.806513,-1.507175,0
1.401104,-0.832805,0
-0.537203,-0.185920,0
0.923484,-0.130913,0
1.535382,0.851949,0
0.057959,-0.839285,0
0.989233,-0.209350,0
0.366805,-0.359455,0
0.643942,1.259382,0
1.608510,0.075940,0
1.084937,0.144653,0
-0.175687,0.593431,0
0.347260,1.248794,0
1.005042,0.146880,0
0.163447,-1.283433,0
1.139830,1.086790,0
0.220918,-1.205680,0
0.353503,0.418584,0
1.361616,-0.553741,0
0.609555,0.369710,0
0.492959,0.511379,0
1.806382,-0.036980,0
0.721295,-0.164895,0
1.442220,-0.015956,0
1.586696,-1.823406,0
2.128631,0.081101,0
0.845868,-0.339261,0
0.953526,0.396187,0
2.012593,-0.515925,0
2.098103,0.351921,0
0.093666,-1.073354,0
2.233002,0.480862,0
-0.090167,0.247281,0
0.503247,-0.949861,0
0.154283,0.573682,0
1.103965,-0.859297,0
0.399850,0.482237,0
0.485128,-1.159706,0
0.557837,-0.000862,0
0.518988,1.075385,0
1.682847,0.123072,0
2.308553,-0.559415,0
1.440432,-0.168340,0
1.855795,0.484135,0
1.290199,-0.230448,0
0.645235,0.762932,0
0.346410,0.939029,0
1.673692,0.111508,0
1.530889,-0.203204,0
0.599599,0.672737,0
0.438365,-2.154758,0
1.818490,0.121881,0
-0.504993,-0.221827,0
1.935463,1.062573,0
1.300813,1.107816,0
0.960948,0.602430,0
1.087201,0.004899,0
0.602507,1.287420,0
1.476362,0.747167,0
0.801250,-0.197363,0
-1.223003,1.295695,0
1.990920,0.079563,0
0.496137,1.338167,0
-0.243249,-1.280530,0
1.159467,0.399974,0
0.328285,1.117442,0
0.359382,-0.006807,0
1.128898,-1.333549,0
1.402517,0.459362,0
1.584535,1.596475,0
1.536908,-0.416767,0
1.210459,-0.225402,0
1.007514,0.185259,0
1.754577,-1.389497,0
0.415941,1.101216,0
1.739196,0.899215,0
0.428242,1.655801,0
0.064902,0.101613,0
0.727674,-0.330369,0
0.924110,0.067707,0
0.264353,-0.562798,0
0.502400,1.233581,0
2.069955,-0.567966,0
-0.047473,-0.850839,0
1.049051,-0.232704,0
0.515923,1.438125,0
2.377977,-0.818255,0
1.477998,-0.170796,0
0.837189,1.142800,0
1.887670,0.907794,0
0.181341,1.010677,0
0.912881,-0.956576,0
0.145272,-0.077698,0
0.759764,0.178112,0
1.603221,-0.735005,0
0.425277,0.447009,0
0.490723,0.347993,0
0.447726,-0.942508,0
0.670038,-0.862781,0
1.275602,0.310394,0
1.604171,-1.147949,0
1.456541,0.132731,0
0.793422,-1.683165,0
0.828377,0.053097,0
1.278896,0.587134,0
-0.118083,0.678525,0
2.247002,0.961979,0
-0.897819,0.604179,0
-0.276683,0.377661,0
0.116457,-0.604186,0
1.325880,-0.521246,0
0.530745,0.324893,0
2.144379,-0.890690,0
2.125079,0.794118,0
1.027479,0.055523,0
0.564807,1.704889,0
0.133283,-0.540025,0
1.210469,0.136615,0
-0.589975,-0.366090,0
2.362830,-1.038634,0
-0.121826,0.554970,0
0.920362,-0.978590,0
2.166351,0.323253,0
1.976792,1.511369,0
0.669305,-0.545760,0
0.525579,0.446811,0
2.029512,1.657023,0
1.087464,1.448232,0
0.552200,0.304962,0
0.905127,0.267143,0
2.270849,-0.519148,0
1.841721,1.328534,0
0.297257,1.575750,0
1.281437,-0.873009,0
1.027608,-0.557222,0
1.351660,0.422005,0
1.092963,-0.845129,0
0.323948,-0.639947,0
2.078512,0.850436,0
1.545245,0.843899,0
0.786156,-1.102741,0
0.671208,-0.629351,0
1.276358,0.263590,0
0.141932,0.330459,0
1.660411,0.322942,0
-0.159949,0.095086,0
2.545647,-1.062979,0
2.220980,-1.898149,0
0.061580,0.555124,0
0.331617,0.918289,0
-0.016513,0.534300,0
0.971553,0.523468,0
0.740145,0.991106,0
-0.863169,-0.658831,0
2.097798,-0.554854,0
1.276412,1.270817,0
0.818522,0.217301,0
1.871555,0.199342,0
2.019474,1.483998,0
0.263406,1.208659,0
2.479101,-0.437417,0
0.582606,0.415700,0
1.312499,-0.947967,0
0.547436,-1.805544,0
2.236269,1.128617,0
2.120425,-0.284949,0
1.174928,0.401000,0
1.884486,0.270904,0
1.941076,0.937029,0
0.281202,-0.068955,0
1.441605,0.969721,0
0.628931,-0.157249,0
0.939959,0.137888,0
-0.183050,-0.274707,0
1.804571,-1.137131,0
1.174228,-1.497795,0
1.407767,-0.136844,0
0.326207,-1.518490,0
1.088370,0.322528,0
1.536781,-1.710183,0
0.483939,0.370095,0
1.038759,0.515021,0
0.395318,-0.070560,0
1.934513,-1.342211,0
0.629993,-1.986377,0
1.100415,-0.784052,0
2.432466,-0.499506,0
0.614743,0.846611,0
1.161368,-0.343899,0
2.369074,-1.162352,0
1.524127,-1.074903,0
1.463370,1.910357,0
2.661835,-2.001212,0
1.416704,-0.190894,0
1.570024,1.247565,0
-0.381577,0.318175,0
0.473946,0.185626,0
1.449414,0.453274,0
1.951778,0.418834,0
1.531922,0.626332,0
0.919884,-0.087607,0
1.254949,-0.082416,0
1.081014,0.926886,0
0.156563,1.064354,0
1.568962,-1.149496,0
0.362426,-0.197222,0
1.544920,0.446664,0
1.037723,-0.266929,0
-0.889248,-0.213293,0
1.888640,0.888202,0
1.560614,0.395404,0
1.485729,-1.538551,0
1.628789,0.028578,0
0.534192,-0.674177,0
-1.100435,0.957937,0
1.213536,0.662840,0
1.262408,-0.377976,0
1.287874,-0.551326,0
1.326410,-0.125659,0
1.455943,-0.838250,0
2.412724,-1.291016,0
1.776465,-0.901695,0
1.756950,-0.920981,0
0.970274,0.113769,0
1.203961,-0.900648,0
1.095364,0.139389,0
-0.242773,-0.447776,0
0.961083,0.823786,0
2.338078,-0.228709,0
-0.127456,-0.151165,0
0.530961,-0.209362,0
0.491917,-1.486272,0
0.815768,-0.223077,0
0.833114,-0.014181,0
0.600653,1.269319,0
-0.346753,1.038613,0
1.497350,-0.592757,0
-0.213156,0.627041,0
0.585872,-0.445074,0
1.477758,0.583880,0
0.542445,-1.162223,0
0.846264,0.789600,0
1.112330,0.898232,0
1.400450,-0.996086,0
1.756737,1.293665,0
-0.726566,0.674886,0
0.650733,-1.304431,0
1.908647,-0.551790,0
0.544815,-0.424126,0
1.016320,-0.058628,0
-0.183028,0.084121,0
-0.438197,0.197975,0
0.880590,-0.170410,0
1.430588,0.751224,0
0.726643,-0.254612,0
1.240342,1.361955,0
0.982913,0.089295,0
0.293493,1.125976,0
2.382350,0.586061,0
2.303395,-0.780871,0
0.726395,1.059038,0
0.701849,0.291344,0
-0.120334,1.098078,0
1.961746,-0.106607,0
1.156059,0.960247,0
0.265368,-0.770928,0
1.057766,-0.390848,0
1.953215,0.690699,0
2.451839,1.216017,0
0.942330,1.838851,0
1.834066,-0.190598,0
1.803842,0.618987,0
-0.114318,0.589336,0
1.195094,0.158871,0
0.731687,0.305454,0
0.307601,0.586640,0
2.270608,0.412681,0
2.100139,-0.158718,0
-0.212048,0.894870,0
2.241973,0.221404,0
0.150095,1.708632,0
1.298595,-1.238197,0
2.130462,-0.432628,0
1.439820,-0.806181,0
-0.236078,0.143476,0
0.910008,0.892488,0
1.573625,-0.028739,0
0.333037,1.255430,0
1.412528,0.100755,0
1.883546,-0.210989,0
0.768696,0.049404,0
1.047071,1.045008,0
0.343148,-0.483354,0
1.000268,1.311735,0
0.874368,-0.660370,0
0.121250,-0.101255,0
2.229131,-0.361181,0
0.892083,-1.178455,0
3.031687,-1.265725,0
-0.291200,-1.797625,0
2.323339,-0.791931,0
1.190664,-0.206840,0
1.848189,0.597787,0
1.451911,-0.737017,0
1.404605,0.843192,0
1.070568,-0.291357,0
0.573360,-0.021046,0
0.737223,-0.109553,0
1.601753,3.333238,0
1.997494,-0.351532,0
2.234174,0.055346,0
1.753841,-0.366204,0
2.137485,-0.128258,0
0.432979,-0.778788,0
2.275179,0.175503,0
1.322574,0.651752,0
1.138368,0.529203,0
1.262685,0.229228,0
1.186844,0.390699,0
1.784448,0.299113,0
1.080879,2.586011,0
0.638620,0.357285,0
2.339598,-0.006525,0
-0.022012,-0.382136,0
0.748976,-0.233259,0
0.464851,-0.623623,0
0.647723,0.661856,0
1.592831,1.505656,0
0.848435,0.141437,0
0.854792,0.478867,0
0.225517,0.075721,0
1.500578,0.314954,0
0.191289,1.114076,0
1.928476,0.713447,0
0.950161,0.071667,0
1.039081,0.388786,0
2.529494,0.501943,0
1.053690,-0.467502,0
2.059027,-0.437195,0
1.488755,0.401835,0
0.001590,-1.057261,0
0.954202,-1.441354,0
0.512375,0.905088,0
0.654794,0.144049,0
0.123091,-0.033976,0
1.986472,-0.412937,0
0.857842,-1.650818,0
1.445223,-0.410054,0
0.355918,-0.294175,0
0.317398,0.388173,0
0.324620,-1.002157,0
-0.785404,-0.079891,0
1.183863,0.900419,0
1.170298,-0.452874,0
1.799184,0.112881,0
2.428968,-0.718081,0
1.097828,-0.355071,0
0.439452,-0.154370,0
0.558270,-1.688746,0
1.298000,-0.134267,0
0.510784,-0.997648,0
0.969690,0.305158,0
0.039338,0.656707,0
1.210181,-0.797761,0
0.852101,0.615505,0
0.471876,0.780054,0
1.602222,-0.185064,0
1.471699,-0.491889,0
0.450487,0.620358,0
0.032265,-0.229379,0
1.837836,0.209172,0
1.544783,-0.509366,0
-0.388787,0.508271,0
1.032225,0.978407,0
1.435983,1.400516,0
0.799380,0.175833,0
1.792869,-0.912534,0
0.525506,0.536801,0
0.952291,0.809424,0
1.156378,-0.355551,0
0.525508,0.438898,0
0.847477,1.019439,0
1.227431,-1.120625,0
-0.096504,-0.824666,0
0.722435,0.653927,0
0.813490,0.755668,0
0.357988,0.186915,0
1.292920,-1.039549,0
2.716274,-1.027841,0
0.348943,0.160657,0
1.209716,-0.551203,0
1.684213,0.735029,0
0.637378,0.135291,0
0.797792,0.975169,0
1.280501,-0.215786,0
1.625924,-0.164109,0
2.053312,0.342321,0
1.204124,-0.837951,0
0.365758,0.100265,0
1.518275,-0.320783,0
0.648167,0.323782,0
1.183392,-0.322410,0
1.854249,1.137109,0
0.604089,0.058604,0
1.810881,-0.781055,0
1.339968,-2.311993,0
-0.266520,0.054367,0
1.112683,0.085222,0
0.161943,0.547329,0
1.317117,-1.043374,0
0.523779,0.477081,0
-0.329948,-0.390818,0
0.971525,-0.315761,0
0.534871,0.461574,0
2.475844,-1.161400,0
2.826096,1.040857,0
2.431061,0.186116,0
-0.604288,1.286127,0
2.839178,-1.485337,0
1.907224,1.111012,0
0.422449,0.118803,0
1.280257,-1.277868,0
1.964889,0.331226,0
1.032053,-0.438226,0
1.567375,0.233746,0
-0.075977,0.108686,0
1.769393,-0.522322,0
0.559324,-0.412833,0
-0.096819,0.753594,0
0.886182,-0.964106,0
0.540730,-0.904232,0
-1.078979,-1.223139,0
-0.366534,-0.181522,0
0.083664,-0.150609,0
1.228152,0.211840,0
1.627600,1.219796,0
1.188928,-1.616874,0
1.224654,0.197038,0
0.822335,-1.070396,0
2.008400,0.604328,0
0.860660,-0.030023,0
1.543555,0.609162,0
1.732619,-0.668460,0
1.528486,-0.186423,0
1.281482,-0.216917,0
0.444160,0.275252,0
0.377723,-1.771884,0
-0.132789,-0.512780,0
0.864808,0.222001,0
1.867508,-0.197232,0
0.238715,0.797509,0
0.590922,0.828420,0
0.365269,-0.752748,0
2.259495,-0.860077,0
0.704861,-0.032732,0
0.918665,-0.670976,0
0.240533,-1.041054,0
-0.070082,0.804660,0
1.828913,0.135461,0
2.351019,-0.456327,0
1.056183,0.473255,0
2.713997,-0.294572,0
2.463589,-0.307307,0
0.635018,1.415669,0
0.522228,0.040505,0
1.262173,0.648191,0
0.549474,0.617173,0
2.226559,-0.339125,0
1.379201,-0.325548,0
0.525293,-0.055233,0
0.139485,1.450958,0
1.773231,-1.431991,0
2.267242,-0.520332,0
0.985999,-0.283214,0
1.512977,-0.292431,0
1.843461,-0.969049,0
0.205886,-0.886681,0
1.811230,0.274478,0
2.019931,-1.042670,0
0.299453,0.858908,0
0.902327,0.126560,0
0.169353,0.546024,0
1.307832,-0.325602,0
1.960220,-1.313986,0
1.192666,0.492513,0
-0.550540,0.029321,0
1.794028,-0.801982,0
-0.160726,-0.011705,0
0.312815,0.177166,0
1.005306,-0.442446,0
0.143931,-0.374338,0
1.163864,0.016647,0
0.495591,0.799037,0
2.196051,-1.631627,0
1.512677,-0.241504,0
2.670409,0.990511,0
1.093012,-0.425444,0
1.059214,0.188826,0
0.811733,-1.295022,0
0.950590,-0.169023,0
0.866441,0.422376,0
1.490769,-1.289448,0
1.118082,0.285420,0
-0.021093,0.726356,0
0.438385,-0.210963,0
0.282945,0.586067,0
0.341401,0.614798,0
1.351225,0.386911,0
0.486765,-0.545109,0
1.926480,0.376365,0
1.648927,0.386989,0
-0.031552,-0.673162,0
-0.406402,-0.096411,0
2.878265,-0.392079,0
1.726223,-1.137317,0
0.806882,-1.056526,0
1.075923,-0.293064,0
1.013794,1.426305,0
1.264257,-1.935754,0
-0.199085,-0.376888,0
1.720133,0.026979,0
0.352015,-1.035953,0
0.875436,0.636100,0
1.422628,0.501538,0
1.326453,0.728521,0
0.427390,-0.504331,0
0.070759,-1.764360,0
0.569796,-1.139895,0
0.990079,-0.081861,0
-0.495293,-0.447693,0
0.773235,-0.009241,0
0.962388,-0.268093,0
0.649109,0.649848,0
0.997209,-1.172295,0
2.806927,-0.206247,0
0.499124,1.684613,0
1.815973,0.361423,0
0.557842,-0.171953,0
0.294484,0.128772,0
0.593185,0.338474,0
1.640644,0.045542,0
2.120640,-1.438937,0
1.128395,-1.672683,0
-0.808936,0.946475,0
-0.211081,0.225727,0
0.731535,-1.425274,0
1.734622,0.751016,0
1.082852,-0.174189,0
1.012210,0.500270,0
0.656616,-1.669349,0
1.955107,-0.566373,0
0.001094,0.165610,0
1.003464,-0.022283,0
1.713372,0.770337,0
1.279704,-0.591243,0
1.230471,0.943934,0
1.274315,0.235226,0
0.526098,0.861677,0
-0.988290,-1.101467,0
1.532997,-0.616731,0
1.143668,1.561748,0
1.083855,1.051014,0
1.337229,-0.825946,0
1.546336,-0.586989,0
1.619262,-0.304806,0
-0.857152,-0.414705,0
1.969693,0.924279,0
1.156047,-0.255605,0
1.539744,-0.545165,0
-0.476070,0.692693,0
1.790729,-0.202976,0
0.258337,0.205739,0
1.937259,0.409590,0
2.236833,0.586624,0
1.822740,-0.928723,0
0.763068,0.849581,0
1.513428,-0.177471,0
0.216267,0.064170,0
1.653255,-1.221083,0
1.416256,0.324780,0
0.779258,-0.282049,0
0.958504,0.850690,0
0.590286,1.554695,0
1.123559,-0.264208,0
0.023115,-0.858438,0
1.469130,0.832302,0
1.526056,0.830146,0
1.884441,0.210342,0
1.046226,-0.530904,0
1.934773,-0.890332,0
1.219322,-0.000530,0
0.567829,-0.332661,0
1.618321,-0.464683,0
0.957898,0.622514,0
2.301838,-0.087140,0
0.966904,-0.012824,0
-0.194451,0.068753,0
0.914956,-0.022440,0
1.947515,-0.587972,0
1.538697,-0.745294,0
2.129356,0.868207,0
0.226355,1.231573,0
0.204005,-0.943469,0
1.014277,-0.896059,0
0.904354,-0.448891,0
1.615301,-1.044200,0
1.291612,0.208571,0
0.690937,-0.638694,0
0.946759,-0.107580,0
1.838531,-0.089736,0
0.617855,0.488584,0
2.479780,-1.075258,0
1.655621,-0.062652,0
1.352655,0.808248,0
1.437263,-0.731587,0
0.236675,-0.988046,0
1.110949,-1.467505,0
1.696834,0.050320,0
2.089553,1.255331,0
0.450920,0.379708,0
-0.049902,0.746794,0
1.486174,-0.470355,0
0.915604,0.037519,0
-0.017687,0.755264,0
1.734215,1.033382,0
-0.054901,0.334514,0
0.530478,0.575331,0
0.648587,0.356501,0
-0.031209,0.673933,0
0.948013,0.684657,0
0.486037,1.113757,0
2.178940,-0.328017,0
1.067589,-0.632513,0
2.385092,0.841190,0
0.841844,-0.298360,0
0.379849,0.236762,0
1.531099,0.594341,0
1.606741,0.493437,0
1.847639,0.436678,0
1.761893,1.344509,0
0.366575,0.233227,0
3.038084,0.299409,0
0.828356,1.107218,0
1.125553,0.090470,0
2.697895,-0.189110,0
1.757048,-0.806525,0
1.244047,0.751890,0
1.000089,0.694080,0
0.575088,0.775430,0
1.898719,-0.322469,0
2.525613,-0.486012,0
1.980172,0.931282,0
2.059572,-0.460448,0
0.889451,1.159358,0
0.295205,0.284373,0
1.349864,-0.265686,0
1.726549,-0.251781,0
1.116093,-0.075968,0
1.708481,0.190758,0
0.508015,-1.796656,0
2.586842,0.139507,0
0.097712,1.046185,0
2.725215,0.945322,0
0.188490,0.795936,0
-0.199341,-0.115068,0
1.117914,0.485137,0
0.480820,0.226064,0
1.573122,-0.240188,0
0.447856,-0.311203,0
1.438039,1.667408,0
0.241912,-0.838446,0
0.614870,-1.712639,0
0.966456,0.789340,0
1.071387,-0.091819,0
0.961229,1.022078,0
0.961932,0.799640,0
-0.003818,1.562524,0
1.933216,-0.750208,0
-1.423166,-0.406754,0
-0.446598,-0.382067,0
2.314422,-0.285072,0
1.678064,-0.867427,0
1.545741,0.836307,0
0.777791,0.609713,0
0.782879,-0.213275,0
-0.416749,0.302291,1
-1.900069,-0.579712,1
-0.669194,0.153813,1
-0.876739,0.624335,1
-2.059473,0.166849,1
-1.075812,0.303989,1
0.360361,1.123076,1
-0.408786,1.052699,1
-0.592404,0.443156,1
-1.813639,0.043509,1
-0.235558,-0.943815,1
-0.405300,-1.031198,1
-2.100615,1.447716,1
-1.761703,1.426700,1
0.096445,0.464158,1
-1.252955,0.274236,1
-1.220587,0.599235,1
-0.816708,-0.147697,1
0.072944,-1.231891,1
-0.803072,0.879438,1
-0.785953,-0.845059,1
-1.441172,-0.365167,1
0.625463,-1.086370,1
-0.933874,0.057177,1
-1.058395,-0.352792,1
-1.240144,-0.161457,1
-1.561354,-0.139153,1
-0.563650,0.793784,1
0.240345,1.260679,1
-1.059211,0.410141,1
-1.958773,-0.580592,1
-1.130790,0.524761,1
0.809920,-0.856068,1
-1.091978,0.880549,1
-1.728420,-0.499100,1
-1.698734,-0.385688,1
-1.371865,0.221098,1
-1.831848,0.019558,1
-1.811250,-0.554939,1
0.063394,0.846879,1
-1.119793,0.373966,1
-0.870740,-0.643729,1
-0.908898,-0.825666,1
-0.703703,0.941183,1
0.217565,0.596868,1
0.545517,-0.628943,1
-1.134614,-1.218092,1
-0.635285,0.197973,1
-0.211284,-0.428973,1
0.139284,-0.733818,1
0.434006,-0.637252,1
-0.553928,0.001955,1
-0.653884,0.354024,1
-1.281411,-1.296597,1
-0.677946,-0.830665,1
0.045503,-0.076272,1
-1.187328,1.607384,1
-0.025427,-1.064797,1
-1.488976,-0.269310,1
-0.473145,0.167239,1
-1.293854,-0.384356,1
-0.891342,0.062539,1
-1.102957,-0.610067,1
-0.404559,-0.012823,1
-0.866474,1.942775,1
-1.880832,0.248167,1
-1.127470,0.554032,1
-0.136332,0.965380,1
0.040359,-0.255857,1
0.633876,0.467398,1
-0.025266,-0.658848,1
-2.184470,0.512283,1
-0.234187,0.241867,1
-1.819921,0.162956,1
0.007865,-0.408491,1
-0.104970,0.738604,1
-0.663601,0.453720,1
-2.333574,0.668860,1
-0.651695,0.747318,1
-1.796700,-0.316850,1
-1.404751,-0.465098,1
-1.247067,-0.776581,1
-1.114098,-0.566827,1
-1.570750,-0.404815,1
-1.431094,-0.475994,1
-0.969290,-0.424750,1
-0.633631,0.712754,1
-0.915787,-0.302228,1
-1.005505,1.527821,1
-1.091681,0.713864,1
-1.396549,0.772931,1
-0.861279,0.411198,1
-0.647577,0.791656,1
-1.079312,0.987640,1
0.311611,0.697559,1
-1.707268,-0.194483,1
-0.963480,-0.461714,1
-0.122330,0.535764,1
-0.189225,-0.447700,1
-0.211905,-0.483967,1
-0.983156,0.113463,1
0.191603,-1.668284,1
0.286892,-0.222132,1
-0.268905,0.464579,1
-1.595079,-0.355361,1
-1.633127,1.167939,1
-1.309017,-0.426624,1
-1.013233,-0.233587,1
-2.575959,-0.700209,1
-0.947068,-0.641614,1
-0.377398,-0.075663,1
-0.653201,-0.800475,1
-0.742360,1.095134,1
-0.362397,-0.359493,1
0.076996,0.079211,1
-1.187627,0.239211,1
-2.586493,-0.056416,1
-1.254065,0.981864,1
-0.695821,0.478147,1
-2.065377,0.485305,1
-1.425280,0.238446,1
-1.087824,-0.223075,1
-2.063125,-0.801592,1
-1.510347,-0.647713,1
-3.017322,-0.613626,1
-0.986820,-1.502146,1
-0.774866,1.324672,1
-0.872681,0.169472,1
-2.446434,-0.335558,1
-0.516574,-0.523183,1
-1.436439,1.918453,1
-1.847634,0.482106,1
-0.161578,-0.987359,1
-1.433589,0.038781,1
-1.236995,-0.385618,1
0.668832,-0.074435,1
-0.623242,-0.164126,1
-0.156057,-2.183563,1
0.371539,-0.622385,1
-0.976669,1.843946,1
0.467554,0.262707,1
-0.714234,0.754236,1
-1.655802,-0.405212,1
-0.919824,-1.693003,1
-1.720751,-0.119287,1
-1.873999,1.097606,1
-0.735265,0.849000,1
-0.581839,0.752195,1
-0.748469,0.107302,1
-1.194556,-0.525024,1
-0.459147,-0.621860,1
-1.245087,1.021743,1
-1.211671,-1.205298,1
-2.235935,0.282498,1
-1.967435,0.576167,1
-1.376297,1.144319,1
0.292438,-0.352529,1
-0.007389,0.511514,1
0.452456,0.210632,1
-2.021520,0.711775,1
-0.669158,-0.221544,1
-1.322935,-0.012907,1
-0.385563,-0.072452,1
-0.560349,-0.309007,1
-0.602748,-0.598510,1
-1.427560,0.492694,1
0.137798,1.088850,1
-2.250342,0.000102,1
-0.248635,-1.219776,1
-0.718539,-0.257915,1
-0.572358,0.607068,1
-0.749669,-0.521320,1
0.027792,-0.142428,1
-0.511040,-0.062074,1
-1.228237,-0.428237,1
-2.174964,-1.406271,1
-1.670982,-0.386991,1
-0.841927,0.725059,1
-0.881596,0.028889,1
-1.115273,-1.779735,1
-0.761871,0.986532,1
-1.423806,1.081593,1
1.155855,-1.381912,1
-0.345823,-0.879063,1
-1.217477,-1.225451,1
-0.344746,0.301280,1
-1.242177,-0.539269,1
-1.374073,0.024709,1
-1.997255,0.029245,1
-0.702918,0.026628,1
-0.922076,0.332652,1
0.254899,-0.243170,1
-0.467696,-1.907315,1
-1.984666,0.014336,1
-0.143269,-0.191060,1
-1.193109,-0.371806,1
-0.945683,0.099219,1
-0.913805,0.600134,1
-2.047150,-0.895104,1
-0.540171,-1.390855,1
-0.724733,0.009320,1
-1.088981,-0.625434,1
-1.693332,-0.607963,1
-1.455267,0.859602,1
-0.759277,1.164595,1
-0.459979,-0.016855,1
-1.420907,0.321339,1
-1.113684,0.878909,1
-1.537577,0.167077,1
0.224291,-0.412110,1
0.030882,0.110813,1
-1.058282,0.308186,1
-1.725584,0.331803,1
-0.977655,0.087585,1
0.441504,-0.013448,1
-1.135253,0.748857,1
-0.250570,1.144066,1
-2.085585,-0.388510,1
-1.559980,-0.560386,1
0.128376,-0.111767,1
-1.602721,1.337486,1
-0.840971,0.266183,1
-1.425608,-1.240973,1
-1.291877,-0.780493,1
-0.165066,-0.863243,1
-1.495739,0.170015,1
-1.432341,-0.171906,1
-2.206428,-0.249035,1
-0.482293,-1.097125,1
-0.977496,-0.388497,1
-1.178288,1.355556,1
-1.373890,0.623341,1
-0.981545,-0.027523,1
-1.245859,-0.516638,1
-1.888209,-0.010214,1
-2.619123,0.459401,1
-0.321956,-1.578683,1
-2.029809,0.001762,1
-1.253714,-0.306089,1
-0.890835,0.367156,1
-2.289268,-0.612787,1
-1.779427,0.311970,1
-1.860464,0.130677,1
-0.770994,-0.050150,1
0.939007,0.779576,1
-1.887380,-1.356858,1
-0.935577,1.351776,1
-1.029464,-0.542989,1
-1.425878,-0.523413,1
-0.662896,0.156705,1
-1.233123,0.588674,1
-1.273435,0.264565,1
-0.850344,1.037007,1
-1.106838,0.892199,1
-0.901171,-0.042939,1
-1.015683,-0.779484,1
-1.537093,-0.558912,1
-1.143785,-1.397554,1
-1.762785,0.181907,1
-1.463908,-0.002100,1
-1.599671,0.279942,1
-1.130439,0.294187,1
-1.878479,1.023926,1
0.173631,1.542835,1
-1.308239,-0.686677,1
-2.739699,-0.541130,1
-0.755464,-0.093690,1
-2.004353,0.589880,1
-1.174252,-0.861660,1
-0.598120,0.673876,1
-1.666893,0.192274,1
-0.565745,-0.432796,1
-0.905959,-0.572863,1
-2.532589,0.239961,1
-0.441739,-0.922975,1
-1.096744,0.358075,1
-1.008049,-0.377085,1
-1.945804,0.105881,1
-0.974908,-0.477537,1
-2.018742,0.277839,1
-0.719254,0.388034,1
-1.307973,-0.044788,1
-0.177286,-0.163547,1
-1.822265,0.098037,1
-1.393209,0.419101,1
0.277753,0.604796,1
-1.731344,-0.450605,1
-0.970181,1.655541,1
0.003220,-0.077477,1
-0.699741,-0.065351,1
0.591907,0.595208,1
-0.086088,0.601646,1
-1.428795,-0.578601,1
-0.757979,-0.647591,1
-0.932590,-1.049089,1
-2.298050,0.247922,1
-0.937711,0.031188,1
0.256170,1.451745,1
-0.999123,0.036736,1
0.783290,-0.005627,1
-0.857959,0.810653,1
-1.709137,-0.065520,1
-1.059902,-0.712532,1
-1.319829,-0.058067,1
-1.589001,-0.154687,1
-0.773642,1.950849,1
-1.795037,-1.053742,1
-1.776724,0.398402,1
-0.021722,0.566277,1
-1.856284,1.004281,1
-1.089905,-0.646226,1
-0.417162,0.285281,1
-1.647673,0.845197,1
-1.339628,-0.888786,1
-1.041968,0.184802,1
-2.033087,-0.090764,1
-0.821418,0.482499,1
0.089468,-1.209375,1
-0.095055,-1.218662,1
-1.641497,0.491553,1
-0.283977,-0.402618,1
-0.398713,-0.180623,1
0.129746,0.151123,1
-1.422868,-0.603981,1
-0.274480,-0.687010,1
-0.596085,0.422406,1
0.120367,1.226489,1
-2.457798,0.705072,1
-0.503739,0.835391,1
-1.671149,0.543499,1
-2.580082,0.371108,1
-0.584531,0.176257,1
-1.443954,1.363288,1
-1.093652,0.484869,1
-0.478529,-0.003370,1
-0.497722,0.531446,1
-0.544384,-0.752294,1
-0.713171,0.092535,1
-1.336194,0.032032,1
-1.634636,-0.178365,1
-1.093609,-1.814815,1
-0.865063,1.474138,1
-0.788729,-0.488750,1
-0.053792,0.145752,1
-2.718474,-0.522001,1
-2.132246,-1.185549,1
-0.800628,-0.574377,1
-2.862208,-0.112740,1
-2.481007,0.149557,1
-1.094135,0.112387,1
-1.594008,-0.234029,1
-1.437794,-0.104603,1
-0.545510,0.231889,1
-1.916185,-1.124854,1
-0.657156,0.504164,1
-0.163114,0.199258,1
-0.801888,0.313314,1
-1.248379,0.612159,1
-1.126874,-0.070649,1
-1.477401,-0.306064,1
0.279737,-1.089533,1
0.287260,1.336111,1
-2.059790,-0.718857,1
-1.108061,0.982113,1
-1.144253,0.246202,1
-1.809625,-0.885355,1
-0.303356,0.049932,1
-1.224492,0.398746,1
-0.037491,0.407734,1
-1.162243,-0.167093,1
-1.297228,-0.223328,1
-0.345835,-0.652314,1
-0.215653,0.338737,1
-0.589626,0.286813,1
-2.499552,1.576654,1
-1.137529,0.183599,1
-1.640453,0.547737,1
-0.841167,0.899618,1
-0.615581,-0.248030,1
-1.128500,2.000177,1
0.025818,-0.180787,1
-2.256817,-0.146243,1
-0.388728,0.511127,1
-0.821913,-0.320585,1
-1.786330,0.393938,1
-0.824491,0.106553,1
-1.052433,-0.962370,1
-0.342785,-0.318554,1
-1.252965,-0.087103,1
-0.280023,0.104513,1
-1.209958,-0.518330,1
-0.856794,0.618710,1
0.542034,0.247987,1
-0.075773,-0.738795,1
-0.131867,0.582187,1
-0.674903,0.737764,1
-0.454380,0.117726,1
-0.802595,0.011198,1
-1.328079,-1.044727,1
-0.990449,-0.539989,1
-0.603064,0.241070,1
-0.594747,-1.308778,1
-2.035234,0.392064,1
-1.471248,-0.302705,1
-0.334787,0.756207,1
-1.410831,-0.563529,1
-0.752286,-0.519640,1
-0.514183,0.137139,1
-0.066288,-0.399443,1
-0.591706,0.796252,1
-0.693097,0.493390,1
-0.549091,0.277785,1
-0.597580,-0.830124,1
-1.301708,-0.872637,1
-2.197511,-0.063209,1
-1.530776,-0.095719,1
1.140598,-0.688158,1
-0.704335,0.193945,1
-0.706421,0.469775,1
-1.210751,-0.466586,1
-1.917760,1.223230,1
-1.674251,-0.266212,1
-1.337644,0.141358,1
-2.364434,-0.601713,1
-1.182204,-0.297764,1
0.420227,0.307425,1
-2.947440,0.345763,1
-0.201306,-1.706631,1
-0.647944,0.224513,1
-2.028955,-0.978693,1
-1.661278,-0.345104,1
-0.590959,-0.214716,1
-0.721937,-0.658356,1
-0.907134,0.348292,1
-0.652050,-0.586497,1
-0.745935,0.907940,1
-1.842544,-0.244308,1
0.924544,-0.559107,1
-2.117261,-1.067414,1
-0.273632,1.015178,1
-0.741241,-0.633384,1
-0.772635,0.630172,1
-1.629153,-1.101110,1
-1.359575,-0.550601,1
-2.749891,0.461090,1
-1.862664,1.073005,1
-2.416344,-0.650042,1
-1.037274,-0.530953,1
-1.868758,-0.004683,1
-1.695621,0.535807,1
-0.140998,0.314686,1
-2.140874,0.702176,1
0.652173,0.520798,1
-0.648801,-0.718258,1
-2.039073,-1.119392,1
-0.372755,1.489809,1
-1.821204,-0.112525,1
-0.307310,0.964419,1
-0.201576,-0.266651,1
0.572873,-0.443951,1
-0.865180,0.254430,1
-1.079825,1.081414,1
-0.998799,0.012591,1
0.661297,0.418542,1
-0.658692,-0.874639,1
-0.201894,0.297027,1
-0.932683,-0.133962,1
-1.450502,-1.120077,1
-2.228945,0.740211,1
-1.083209,1.716807,1
-2.223643,0.431348,1
-1.309450,-1.040342,1
-1.127648,-0.199333,1
-0.744245,-0.428314,1
-1.469728,1.172589,1
-2.591723,-0.477454,1
0.507920,-0.835703,1
-0.585113,0.336353,1
-0.838552,-0.399485,1
-1.373093,-0.100209,1
-1.383550,-0.329419,1
-1.836223,0.527813,1
-2.267967,-0.039393,1
-0.961495,0.163072,1
-1.287568,-0.948293,1
-1.058255,-0.639354,1
-0.681561,-1.096683,1
-1.430615,-3.429101,1
-1.273149,0.421999,1
-0.432279,-0.863705,1
0.774004,1.121801,1
-1.229311,-0.784358,1
-0.352327,-0.619402,1
-1.082319,-0.758099,1
-0.866589,0.533930,1
-1.466811,0.025698,1
-0.021188,-0.614531,1
-1.241924,1.668837,1
-1.415353,-0.753674,1
-2.160744,0.324303,1
-1.432660,0.560655,1
-0.947491,-0.107623,1
-1.182249,1.221330,1
-1.154837,-0.675839,1
-0.569776,0.987553,1
-1.843858,0.746660,1
-1.118522,-0.752967,1
-2.572487,1.441249,1
-0.527402,-0.117481,1
0.109101,-0.224621,1
-1.080075,0.374771,1
-0.816053,0.908393,1
-1.111782,1.283067,1
-0.041068,1.238080,1
-1.825065,-1.809534,1
-0.895371,1.172049,1
-1.158139,0.836147,1
-0.655202,-1.775685,1
-1.133760,-0.531095,1
-1.610850,-0.044701,1
-0.548962,-1.349087,1
-1.520676,1.444292,1
-1.853435,0.798562,1
0.037047,-0.661837,1
-0.554953,0.723198,1
-1.308706,1.286063,1
-1.341574,-1.377506,1
-1.110440,-1.142082,1
-0.546955,1.449579,1
-0.827017,0.293793,1
-1.224066,-0.289116,1
-0.749670,-1.052235,1
-0.669746,-0.850389,1
-1.185623,0.641161,1
-1.395969,-0.644420,1
-1.249751,1.001370,1
-0.857470,2.002978,1
-1.205849,-0.247674,1
-0.835760,0.884314,1
-0.983404,0.696171,1
-0.494483,0.627017,1
-2.104460,0.306264,1
-0.327523,0.110386,1
-0.972144,-1.359483,1
-1.398782,-0.128810,1
-1.700243,-0.585890,1
-1.517813,0.676462,1
-1.527206,-0.100779,1
-1.241443,-0.248853,1
-1.515604,0.788125,1
-1.247006,0.396399,1
-1.413745,0.970778,1
-1.138141,1.212722,1
-0.554095,-1.204662,1
-1.211643,0.489634,1
-2.364619,1.539766,1
-1.942505,0.884102,1
-0.624278,1.574881,1
-1.094947,0.263105,1
-0.979712,-1.256243,1
0.127584,0.716461,1
-1.589938,-0.782747,1
-1.710552,0.241808,1
0.202077,-0.246160,1
-1.116207,0.785209,1
0.067320,0.996674,1
-1.047387,0.162205,1
-0.989091,0.974519,1
-1.029210,0.218134,1
-0.022450,0.496405,1
-2.428611,-1.006943,1
0.455177,0.162751,1
-1.041162,0.652942,1
-0.380039,-0.894622,1
-1.499393,-0.741842,1
-1.851533,0.272822,1
-1.014161,-1.281468,1
-0.349488,-0.060178,1
-0.668963,-1.710467,1
-2.364582,0.791858,1
-0.698968,-0.446234,1
0.335551,-0.507255,1
-2.140339,-1.129008,1
-0.688433,-0.511984,1
-0.817443,-1.723006,1
-1.453058,-0.726783,1
-2.294863,-0.361380,1
-1.319202,-1.270193,1
-0.955630,0.781216,1
0.627491,-0.361756,1
-1.441980,-0.245871,1
-0.761731,0.863672,1
-0.494083,-0.492885,1
-1.828296,-0.912286,1
-1.893531,1.274862,1
1.038269,0.445584,1
1.748732,1.045114,1
0.312162,-0.116919,1
-1.038991,0.833627,1
-1.650550,0.070045,1
-1.344410,0.287311,1
-2.073846,1.218164,1
-0.398857,-0.095070,1
-1.095603,0.129031,1
0.813100,0.816300,1
-0.020864,-0.865011,1
-0.874336,-1.045321,1
-1.465469,1.641871,1
-1.628569,0.276642,1
-1.097507,-0.566229,1
0.145048,-0.205935,1
-0.956304,-1.128915,1
-1.116391,-0.657371,1
-0.273099,-0.013540,1
-0.227919,-0.602633,1
-2.243181,-1.146923,1
-0.813201,-0.959976,1
-1.635879,-0.056552,1
0.448811,1.279081,1
-2.089644,-0.461454,1
-1.680589,0.461888,1
-0.433426,-1.051922,1
-0.419986,1.067089,1
-2.565455,-0.423838,1
-1.010142,0.482308,1
-1.839045,1.094724,1
-0.671185,1.040151,1
-1.919667,1.954710,1
-2.031579,0.064234,1
-0.327900,1.168332,1
-0.608188,-0.133372,1
-0.399396,0.542089,1
0.652340,1.290412,1
-1.831983,1.358596,1
-0.831354,-0.387635,1
-0.935088,-0.311731,1
-1.145757,1.128922,1
-0.973946,0.545231,1
-1.573354,-0.142440,1
-0.989916,-0.813289,1
0.343008,0.793223,1
-0.131891,-0.444081,1
-1.811853,0.087006,1
-0.703761,-0.407376,1
-0.481371,-0.674954,1
-0.887489,-0.554606,1
-0.367434,0.210838,1
-1.694995,1.012011,1
-0.260225,1.159549,1
-1.780226,-0.011208,1
-1.818079,-0.308947,1
-1.240624,2.068968,1
-1.569242,0.588975,1
-0.964058,-0.117917,1
-0.897427,-0.280796,1
-1.952021,0.574103,1
-1.524216,-0.142456,1
-0.547679,-0.352963,1
-1.843827,0.565883,1
-1.248496,0.964663,1
-1.491185,-0.679331,1
0.050669,-0.540509,1
-1.573902,-0.818265,1
-1.067482,0.669247,1
-1.234671,0.286740,1
-1.573158,0.137097,1
-2.466946,0.297796,1
-0.591325,-1.688517,1
-1.172468,-0.410911,1
-2.030051,-0.340946,1
-1.173233,0.252979,1
-1.556989,0.942097,1
-2.345761,-0.414413,1
-2.176591,-0.216460,1
0.248841,-0.458927,1
-0.622046,0.422505,1
-0.724413,0.225305,1
-2.324744,-0.030619,1
-0.946387,0.245588,1
-1.429785,-0.038314,1
-1.119621,0.840956,1
-0.954549,-0.222144,1
-1.886592,-1.004757,1
-0.957014,0.331495,1
-2.118764,1.702265,1
-2.478395,0.539326,1
0.250060,-0.694682,1
-1.440462,-0.303204,1
-1.627575,0.596781,1
-0.941230,-0.062457,1
-1.586114,-0.519250,1
0.379037,0.015432,1
0.569894,-0.258070,1
-0.254782,1.524170,1
-0.804243,0.235357,1
-0.475158,-0.413905,1
-1.321985,1.266635,1
-0.845219,-0.276872,1
0.229297,-0.068332,1
1.181619,-0.147353,1
-0.644862,0.928641,1
-1.341235,0.298144,1
-0.214137,0.497947,1
-0.618615,0.341843,1
-0.387867,0.430480,1
-2.293596,-1.312061,1
-1.096010,-0.521739,1
-2.058000,0.518937,1
-1.098707,-0.504654,1
-0.451055,-0.601275,1
-1.456184,1.043104,1
-2.134573,-0.000520,1
-0.426564,-0.027803,1
-0.610274,-0.429685,1
-2.041656,-0.215199,1
-1.928760,0.437484,1
-0.799833,-0.209533,1
-0.304183,0.004659,1
-1.126442,-0.050370,1
-0.552547,-0.077500,1
-1.075291,-0.180437,1
-1.992146,-0.829027,1
0.083296,-0.435213,1
-1.163379,0.284324,1
0.080708,0.005459,1
-1.081372,0.424117,1
-0.663154,0.637270,1
-1.798969,0.005159,1
-1.044865,-0.989157,1
-0.564395,-0.268813,1
-0.811218,-0.624257,1
-1.446949,-0.769466,1
-1.267168,-0.754395,1
-1.988814,-0.610636,1
-1.446698,0.183382,1
0.042639,0.520906,1
-0.880507,0.131715,1
-0.802157,0.835071,1
-1.048691,0.529264,1
0.885598,0.084543,1
-1.953838,-0.550018,1
0.605553,0.322103,1
-1.076379,-0.917569,1
-0.273159,-0.449869,1
-0.405008,1.168084,1
-1.308664,0.231671,1
-2.177310,2.125962,1
-1.809818,-1.182789,1
-0.667702,-1.433021,1
-0.473737,-0.154007,1
-0.905857,0.505873,1
-0.205955,1.222714,1
-0.275012,0.633682,1
-1.666006,-0.866457,1
-0.519524,0.751798,1
-1.655562,0.366095,1
-1.406379,0.028414,1
-2.288636,0.740024,1
-0.811292,-0.520204,1
-0.198689,2.005983,1
-0.867656,0.542060,1
-0.783229,-0.339099,1
-1.753680,0.817613,1
-1.375684,-0.730275,1
-1.217403,0.092130,1
-0.600932,0.006537,1
-1.244959,0.010947,1
-0.684483,1.126549,1
-1.106466,-0.553989,1
-1.251513,1.784147,1
-1.458053,-0.273414,1
-2.354323,1.099540,1
-1.679126,0.515391,1
-1.044742,0.792782,1
-0.656220,-1.006666,1
-0.758029,0.415390,1
-1.456014,-0.014105,1
-2.329291,0.422165,1
-0.251776,-0.917330,1
-2.600600,-0.891241,1
-0.114246,0.031477,1
-1.323097,0.171277,1
-1.051368,-0.735530,1
-0.783070,1.042025,1
-1.065777,-1.378361,1
-0.637956,-1.378778,1
0.081805,-0.432850,1
-0.739735,0.991155,1
-1.036856,0.423368,1
-0.402259,0.212476,1
-2.266789,-0.623408,1
0.130556,-0.674511,1
-1.813803,1.092740,1
0.158016,0.349629,1
-1.797993,-0.455700,1
-1.541191,0.925579,1
-1.519952,0.264388,1
-0.452384,-0.294449,1
-0.525498,0.474993,1
-0.841640,0.323133,1
-1.395891,-0.034668,1
-0.545934,-0.640053,1
-1.957060,-0.561751,1
-1.143372,-0.179546,1
-1.349065,0.550398,1
-2.011628,1.410238,1
-1.517285,0.183631,1
-1.112157,0.535994,1
-0.615810,0.470549,1
-1.998820,-1.217722,1
-0.760969,0.867016,1
-1.477949,1.634243,1
-1.291898,0.091904,1
-1.151130,0.320792,1
-0.622746,1.362950,1
-0.719855,-0.418911,1
-1.727389,0.492461,1
-0.689546,0.476312,1
-2.575864,-0.548867,1
-0.978843,1.156945,1
-0.183296,0.059819,1
-0.745928,0.156227,1
-0.044629,-0.108835,1
-0.134268,-1.279321,1
-1.204219,-0.822916,1
0.423499,0.188130,1
-0.845428,0.498661,1
-0.315018,-1.487842,1
-0.886558,0.706184,1
-2.142335,-1.371082,1
-0.472713,-1.368768,1
-2.078335,-0.412875,1
-0.157056,-0.444477,1
-1.140362,-0.297559,1
-0.490972,-0.033807,1
-2.279596,-0.058045,1
-0.804311,-0.388214,1
-1.570343,0.224781,1
-1.417894,0.297395,1
-0.541853,1.683401,1
-0.089519,1.634577,1
-1.300781,0.748225,1
-1.052495,-0.225193,1
-0.610272,-0.165087,1
-1.159804,-0.047148,1
-1.793088,-1.577273,1
-0.507864,0.335211,1
-2.915525,0.679140,1
-1.918827,-0.494368,1
-0.761209,-0.267415,1
-2.369583,0.302362,1
-2.056169,0.901037,1
-0.636605,-0.749839,1
-0.168282,1.054327,1
-1.723787,0.853531,1
-1.254332,0.066982,1
-1.995735,0.311155,1
-1.601363,0.580222,1
-2.914377,-0.162508,1
-0.611929,-0.602909,1
-0.827531,0.371840,1
-1.750136,-1.691580,1
-0.435459,-1.092020,1
-1.894538,1.007838,1
-0.718040,0.356330,1
-0.769382,-1.090953,1
-2.041219,0.154393,1
-1.867521,-0.404748,1
-1.378233,-0.466863,1
-1.833423,-0.774798,1
-0.732944,0.355991,1
0.351282,1.186328,1
-1.651472,1.314546,1
-1.203520,-1.562161,1
-1.097840,0.251498,1
-1.424225,-1.184822,1
-0.832520,0.994142,1
-0.894325,-0.248579,1
-0.667058,0.556281,1
-0.184064,1.417992,1
-0.876668,0.687917,1
0.008715,-0.693794,1
-0.167454,1.016959,1
0.345621,0.318127,1
-1.307649,1.003011,1
-1.330286,-2.498600,1
-1.177754,0.093137,1
-1.059320,0.229507,1
-1.548139,-0.810745,1
-1.149216,0.616761,1
-1.263636,-0.584432,1
-1.860531,-1.281046,1
-1.386054,0.679093,1
-0.797599,0.401732,1
-0.163024,-0.244730,1
-0.978099,-0.626038,1
-0.054780,-0.154001,1
-0.022264,-0.070554,1
-0.830454,-0.460345,1
-1.647841,-1.486544,1
-2.640619,-1.992091,1
0.233129,-1.548757,1
-0.417464,-0.467320,1
-0.332100,0.942926,1
-1.564586,0.824968,1
-0.992888,-0.835202,1
-1.922566,0.206397,1
-1.833584,0.878294,1
0.715085,-0.763628,1
-1.206513,-0.326331,1
-1.393100,1.652195,1
-0.170203,-0.095657,1
-0.723599,-2.122811,1
-0.839766,0.153145,1
-1.163626,-0.426128,1
-0.682105,0.327006,1
-0.888582,0.346079,1
0.468671,-0.373013,1
-0.999716,-0.369641,1
-0.883393,1.059482,1
-1.888573,0.405035,1
-1.382201,0.203728,1
-0.781243,0.403046,1
-1.605146,0.465925,1
-0.776778,0.007442,1
-2.095944,-0.826187,1
-0.846667,-0.867374,1
-1.090845,-0.800572,1
-0.886480,-0.216798,1
-1.269959,1.237940,1
-1.228102,-0.128758,1
-0.201927,-0.948879,1
-1.083168,-0.427563,1
-1.583971,0.197906,1
-1.148990,1.247648,1
-1.857065,1.393654,1
-0.475916,-0.574158,1
-1.502633,-1.397775,1
-2.306913,2.212461,1
-2.109286,-0.534122,1
-2.130599,-1.069157,1
0.424517,-2.423489,1
-2.701225,-0.183923,1
-1.158604,0.184602,1
-1.083485,1.286719,1
-0.887630,0.210904,1
-0.127255,1.121460,1
-0.469716,0.577568,1
-0.541260,0.315979,1
0.559807,-0.379824,1
-0.898339,0.672186,1
0.335277,-0.129184,1
-0.616004,0.051408,1
-1.714439,-0.190375,1
-0.389678,0.506164,1
1.520658,-0.455019,1
-1.458154,2.201976,1
-1.446206,-0.143994,1
0.264064,1.590587,1
-0.894039,1.532092,1
-0.703911,-0.248644,1
-0.700259,-0.569737,1
-1.271106,-0.002925,1
-1.114758,1.596071,1
-0.103066,0.379422,1
-1.610659,0.055228,1
-1.846886,-0.135959,1
-2.420126,0.466299,1
-0.261153,-1.543839,1
-1.154974,1.620126,1
0.087828,0.949976,1
-0.666835,-0.132764,1
-1.380231,0.797261,1
-1.758880,-0.065810,1
-0.418403,1.391500,1
-0.865089,-0.964539,1
-1.413602,-0.503733,1
-1.140046,1.189500,1
-0.479172,-0.792869,1
-0.318429,1.004811,1
-1.264056,1.181629,1
-1.454979,-0.386837,1
-0.837560,-0.619493,1
1.528913,-0.347266,1
-0.869830,-0.147916,1
-0.326799,1.163018,1
-1.012929,0.699371,1
-1.643516,0.931399,1
-0.220789,0.182499,1
-0.628694,0.441777,1
-1.470269,-0.257591,1
-1.057032,0.956430,1
-1.458013,-1.214680,1
-0.512711,-0.244475,1
-1.139425,1.467313,1
-1.913627,-1.821514,1
-1.241432,0.072027,1
-1.978588,0.716335,1
-1.593102,-0.588360,1
-0.726462,0.597460,1
