-2.117145,-0.585819,-0.336885,0.690184,-1.186873,0
1.427776,-0.081800,-1.122860,-0.677707,0.030344,0
0.901762,3.360245,1.257090,0.475659,1.283079,0
1.476766,-2.226897,2.181070,-0.429384,0.923790,0
-0.788846,0.691437,-0.714709,-1.486398,1.161177,0
-0.873502,-1.430643,0.703659,-2.182901,-0.882832,0
-0.402849,1.944493,-3.994766,-4.849815,2.127757,0
2.288691,-4.050684,-1.954204,-0.535414,-1.924252,0
0.060848,-0.985329,-0.046959,1.194819,-0.692719,0
-0.750065,3.128423,-2.257719,0.914326,0.720702,0
1.576202,-0.273758,1.858351,-1.064328,-3.101558,0
0.345230,0.114149,1.382631,-0.048319,0.650614,0
1.460560,2.237009,0.415425,-3.193748,-2.909056,0
1.299913,-0.259521,-2.074996,1.204556,0.438724,0
1.395311,-3.633862,1.924664,-0.622722,0.372134,0
1.740089,0.022125,-0.543313,0.589629,-0.045253,0
-2.014534,1.575552,-0.238359,-3.482274,2.139907,0
3.888741,2.344610,-1.415459,-0.601724,1.651111,0
-0.100431,-1.357904,2.942649,2.495875,-4.764094,0
0.252031,-0.669439,-1.219185,0.929481,2.715460,0
-0.783401,0.699015,-0.749232,0.126989,-0.669285,0
-2.658648,-0.779888,-3.131704,2.000732,-0.713977,0
1.487312,-2.429445,2.012531,-0.502425,3.651497,0
-1.124969,-0.969828,0.923227,2.713430,-0.633861,0
2.050462,0.187694,-0.556836,2.240231,-2.700597,0
1.888603,-0.370809,2.620087,1.982702,0.877786,0
0.413229,-5.113688,1.455640,5.300437,-3.308747,0
0.751772,-2.017097,-2.085305,-0.549411,0.347162,0
0.480201,-0.974585,-2.935689,-0.040149,-0.015710,0
2.562833,-1.901647,1.295431,-2.175217,-3.303339,0
1.846387,2.948961,5.051140,-0.055033,0.470538,0
-2.865814,-1.476598,-2.012651,1.877099,2.065493,0
2.241870,-1.411450,-4.918421,0.224780,-1.088659,0
1.819029,-0.040820,1.855826,1.740422,2.460160,0
1.703066,1.285776,2.732504,1.763721,2.499458,0
1.444170,1.615643,-1.151756,3.189220,0.778431,0
-3.007403,-5.389381,-2.329429,-3.365822,-0.408315,0
2.477049,2.822237,-0.446783,1.925144,-0.163451,0
2.852367,1.786493,2.872714,-1.814571,-0.140203,0
-0.093443,-1.678111,0.223826,2.828274,-1.353139,0
0.016941,-1.969812,0.954842,1.258795,-0.776209,0
0.991373,-2.030543,-2.673492,-3.377709,1.455985,0
0.013340,-0.872398,-0.973254,0.240036,-1.425245,0
-3.498565,-2.592216,-3.620832,-2.325963,2.734195,0
-0.740110,-0.962387,2.575850,-3.467508,0.879995,0
2.929660,1.241107,0.918693,-2.142244,1.293497,0
-1.154538,1.563105,2.997684,-0.679377,-2.282063,0
2.754189,4.318551,0.827742,1.335495,0.066371,0
3.327233,0.731741,-0.817261,2.698412,-1.316999,0
1.627277,-1.510399,0.206945,3.648582,0.688091,0
-0.449854,0.102758,1.700964,2.662569,2.455849,0
1.500515,0.672356,-3.486066,2.354708,2.162298,0
-3.014188,0.984686,-0.003323,2.987762,0.244850,0
0.196721,-0.534225,1.735155,-1.825974,-0.791731,0
-0.031878,2.277428,-0.216396,2.401827,-2.773444,0
3.635675,-2.668089,2.263592,-1.858428,0.141588,0
2.033063,2.285253,-1.516862,-0.887321,1.478895,0
0.118925,-0.824219,-0.089731,-4.316240,-2.554907,0
-1.911356,-0.364169,0.047933,-1.773372,-0.274737,0
0.411434,1.379803,2.831409,-0.175856,-1.479426,0
0.246065,-0.104321,0.018786,3.572651,0.012394,0
1.048538,2.945052,-0.011971,7.716707,3.075373,0
-0.459006,0.082769,-0.752815,-4.295919,0.168816,0
-3.158125,-2.201608,-1.047793,-2.912403,-0.609393,0
-5.585571,-0.028684,-3.024246,-1.004973,-2.127207,0
1.505825,-1.092516,1.888367,-0.693133,-2.655313,0
2.259192,-1.671608,3.091441,-2.739397,-0.096174,0
-0.859277,-0.336926,-3.300361,2.152565,-0.924684,0
0.284191,1.335286,4.552669,-3.340350,0.138645,0
1.502286,-1.729361,0.669246,0.874129,-3.822264,0
2.967478,1.019344,-0.112437,-0.330285,-1.457863,0
4.430389,-0.040243,-3.225614,-0.911697,-0.292164,0
0.974148,-1.348350,1.387115,-2.249281,-1.580729,0
3.451161,-0.395609,-0.732767,1.527439,0.079919,0
-2.692129,3.152361,-2.217362,-3.136470,1.057316,0
0.417694,-0.140079,3.757667,3.163418,0.282791,0
2.824216,2.413312,3.008381,-1.608376,2.705137,0
2.364088,1.979823,-1.863329,0.125712,3.508947,0
1.103119,-2.114850,3.149115,-2.785442,1.714304,0
2.348395,-3.976857,2.529760,-4.201421,-1.683826,0
1.542290,3.920344,6.550972,2.363582,-0.385451,0
1.502424,0.877766,-0.319376,0.772335,1.269279,0
-1.791803,1.022792,-0.681374,-0.301619,2.838220,0
-0.017668,-2.359052,-2.482407,-0.320692,-0.750122,0
-0.037317,-2.953498,3.260221,0.201674,1.034481,0
-1.271760,-2.762175,-1.148605,1.082478,2.225753,0
1.099571,2.206852,-0.240583,0.989376,0.986758,0
3.405214,-2.556640,0.283041,0.516922,0.203163,0
3.674127,2.240007,-0.983124,-0.355675,-3.419905,0
2.909439,-3.646101,0.944815,1.494780,0.905724,0
1.090969,-0.819158,0.392637,1.498619,1.898010,0
1.783404,3.164621,-0.950511,0.034681,0.938957,0
3.798500,0.256625,-1.016416,1.643046,3.356451,0
2.562587,2.223331,0.814024,1.080530,-3.026402,0
-0.783336,-0.187761,-0.319952,1.115736,-1.697369,0
0.338690,1.258468,2.010245,-0.243652,-1.877536,0
1.475412,0.825367,-2.096382,-0.758796,2.254520,0
1.103330,0.302444,-0.906246,-0.482903,-1.101591,0
0.636495,-3.181656,0.360445,-1.192083,0.806273,0
-1.539828,-1.606216,1.535851,2.538520,1.063578,0
0.329754,-3.319356,-1.734141,-0.505809,1.528407,0
5.360839,0.174679,1.977684,4.043522,2.658215,0
2.298227,1.852558,3.577986,1.327208,1.265865,0
1.414533,-2.460989,1.386667,-1.823458,1.228018,0
2.075327,1.814152,2.591614,3.193750,2.011627,0
-0.844580,0.705956,1.704711,-1.698089,-1.112064,0
-1.313065,3.183712,-1.000173,-2.176966,3.472057,0
4.323592,-2.163143,-3.183744,-1.479983,-2.178681,0
1.485989,-1.958153,-0.288945,1.349127,-2.078057,0
-0.979229,-3.622292,-3.646672,3.179987,-1.393824,0
-2.192830,0.743004,0.087343,3.400327,-3.674310,0
0.258192,-0.788517,0.707741,-3.034764,1.548965,0
1.365567,-0.114460,-1.997004,3.402290,2.359154,0
3.867205,1.240585,-1.396960,1.329737,0.156214,0
0.551131,0.903159,-0.272354,2.857296,0.746288,0
0.502907,-3.001740,0.495502,-0.208972,2.523930,0
0.515582,1.186960,4.671324,0.335766,-1.590394,0
-0.419758,-3.363728,2.240171,2.123701,1.421654,0
1.227199,-3.900613,1.886803,1.030540,2.743982,0
1.662975,-0.594090,-1.427494,2.926014,-2.826974,0
-0.118483,0.832101,1.747313,0.619747,-3.341539,0
2.157117,-1.774218,0.736543,1.086687,-0.806905,0
2.250316,-1.107656,3.936996,-3.022406,3.036024,0
0.506785,2.239767,0.832571,1.419907,1.217341,0
-0.069478,2.188457,1.308617,1.901975,2.073265,0
0.236600,4.201435,-0.183472,2.269288,-1.218996,1
-0.575308,0.073397,-0.755070,2.140492,-0.083340,1
0.119765,1.328086,1.544009,-3.554016,-0.423428,1
-0.540611,-0.528962,-0.169970,1.357604,-0.587735,1
-4.410932,0.943503,0.038005,2.031267,-2.199898,1
1.476057,-0.348662,1.361814,-0.429082,-0.058822,1
-3.341187,1.510891,-0.061458,-1.639155,-2.092048,1
2.306429,-0.250935,-3.435326,-0.724289,-0.625120,1
-2.976806,3.515340,1.573221,1.370438,-1.284788,1
2.255033,0.374560,-1.775294,0.031193,-0.859300,1
2.512527,-0.835701,2.274213,1.195019,-2.926635,1
-0.316593,-1.964792,2.399145,-0.598748,-5.421022,1
-3.125216,-1.240011,-1.999988,0.932752,2.404376,1
-0.025031,-0.291625,-1.133204,-1.903551,-1.115170,1
3.555630,-0.783423,3.595080,1.741495,2.111029,1
1.923614,-0.204593,0.767964,3.166248,-0.845590,1
-1.646699,1.338430,-1.249672,3.697181,2.673148,1
-4.942404,-2.192523,-0.043453,0.293870,2.508697,1
1.604860,-1.392550,3.471227,1.893316,0.742345,1
0.465364,-0.795228,1.382944,2.584511,1.349873,1
-0.773713,3.300068,-0.946419,-1.334997,-1.942321,1
-1.420700,-0.074588,0.328791,-0.363694,0.093597,1
-2.252452,0.975410,0.057811,-0.762077,-0.580873,1
-1.926702,0.076805,1.637544,-1.834637,-0.599462,1
2.689078,-0.914745,2.946373,-0.281848,0.470962,1
-0.473086,-2.977782,2.581525,1.109720,-2.454116,1
-1.927042,0.254997,-1.289165,0.107651,-2.996743,1
-3.139159,2.624903,-0.402735,-0.156351,3.700306,1
0.570941,-2.954709,1.317812,-0.046663,-0.192593,1
0.722654,-3.212646,0.035519,-0.331641,-0.465332,1
-0.644665,1.309093,-0.468871,0.914480,0.641092,1
-2.687020,0.298680,2.368992,0.761652,-2.383098,1
-0.809023,-0.096384,-0.436264,3.728436,0.905638,1
-4.917647,-2.003856,2.362024,0.382691,2.288941,1
-1.788680,-2.015210,-0.872936,4.476905,-0.774146,1
-3.040934,-2.864197,-3.667983,1.162873,2.789471,1
-0.160830,4.111153,-0.310878,-1.324796,3.328850,1
0.262262,-4.499941,2.685656,1.121559,1.804009,1
0.358132,1.653961,1.576299,1.026297,2.809988,1
-3.139922,-1.284239,-2.782598,-1.177616,2.515760,1
-2.274581,1.803342,-1.335281,0.425653,-0.229084,1
-1.598010,1.709852,-0.801614,-1.565108,-1.548103,1
-1.503227,-0.250463,1.455860,0.784736,-1.384678,1
-0.238381,0.699330,-1.804458,-2.072483,-1.012597,1
-1.720939,-1.622219,2.355475,0.652886,0.759696,1
-3.970653,2.820757,0.074995,-1.015355,-4.649858,1
0.033361,-3.798719,-1.740149,0.707921,-0.898842,1
-2.078432,1.413652,0.755416,-1.991297,-0.554056,1
-3.100413,2.020307,-3.953038,-3.271361,-3.026852,1
-0.314943,-1.582033,-1.596677,-2.137368,3.708825,1
-0.776931,-2.372938,-0.680529,2.833786,-1.143014,1
-0.826528,-3.612495,2.265080,-0.284895,1.083317,1
2.433935,-0.145720,-0.463009,3.891177,1.875926,1
-0.256763,-1.001517,0.754228,-3.384169,-0.337297,1
-3.631902,-1.155657,-1.681985,-3.766231,1.153921,1
-6.051974,-1.120214,-4.965487,-1.603243,-1.649383,1
-1.818978,1.497787,-0.231083,0.981722,-1.507227,1
-0.097614,-5.887761,-2.108840,0.460929,4.386722,1
2.016586,2.860513,2.611227,-0.241413,-2.348624,1
-1.130039,-1.916994,-2.203278,0.837862,-3.187975,1
-1.551753,-1.404017,0.306835,0.977124,0.699869,1
1.009791,-3.397938,-0.419695,-0.332926,-1.911453,1
-0.832616,-1.698959,-0.856925,1.886284,1.303841,1
-0.691563,1.914030,0.903952,-2.170880,1.015000,1
0.150715,-0.851974,1.728567,-0.487686,1.950044,1
2.874526,-1.927893,-1.367930,-0.354803,3.320751,1
-1.055384,1.683969,3.811117,-0.500862,0.983391,1
1.344302,4.688805,-1.404308,-2.111738,1.067255,1
-4.097169,-0.118267,-0.715798,-2.171666,-0.942480,1
0.490644,-0.762442,-1.506844,0.214018,-1.743001,1
-1.429865,0.845737,0.974045,3.177928,-2.097609,1
3.368955,2.313947,0.480021,1.189507,2.317887,1
-3.162365,-1.186362,0.471034,-0.912672,0.737029,1
0.083412,3.621339,0.483944,-0.929361,1.445880,1
0.617968,-2.372741,0.500427,0.359969,2.838257,1
-2.654398,2.844549,-2.726293,2.351187,3.986427,1
-2.596233,-2.384923,0.165702,0.362176,-2.335782,1
2.283972,-1.211905,-1.284551,0.091492,2.717885,1
-2.707651,2.021616,-2.791762,-1.640903,-2.451035,1
-1.182527,-2.370448,0.888399,1.981398,-0.885832,1
-1.901911,1.167541,-3.036070,-1.185620,-2.311529,1
0.899704,-0.560372,3.464355,-0.218685,1.992517,1
0.941537,-2.104023,-0.918480,-1.081068,5.651234,1
-0.259369,3.344584,0.974517,-0.323298,-2.353977,1
-1.050813,-1.124856,0.923244,-3.205825,-1.813737,1
-2.224941,-1.417118,-0.484372,1.773083,1.530042,1
-1.471647,-2.760117,1.361442,-1.138484,1.778312,1
0.692675,-0.595794,0.840567,-3.210668,-2.480371,1
-0.417724,1.692780,-2.594539,2.504820,-0.517201,1
0.394112,0.452882,-2.805722,-0.660151,-0.994607,1
2.029453,-0.180212,1.460831,2.710980,0.435344,1
-2.197739,-0.475103,2.136711,3.242325,0.296350,1
-2.144204,-1.635345,-0.420990,1.032007,2.501080,1
-4.310546,-1.148781,0.071920,-0.519442,2.090923,1
-2.106790,1.333025,0.898703,-4.865428,0.813774,1
-1.279567,0.524278,2.123170,3.044815,0.567379,1
1.193455,4.222296,0.375719,1.662388,0.864241,1
-1.448905,0.201722,-0.247344,4.929703,0.665436,1
-3.224526,1.361150,-3.119946,2.472835,-0.459957,1
-2.137124,2.457437,1.637053,0.901557,1.090130,1
-4.565846,-1.126753,3.226923,1.743849,0.645289,1
1.395201,1.773520,1.815514,-0.245169,0.745511,1
-4.314138,-1.579095,-0.194571,1.177721,-1.541189,1
2.287411,1.647553,0.463124,-0.246611,-3.369734,1
-0.508684,-1.173333,-3.413505,-1.756142,-0.340091,1
-1.231781,-0.760610,1.307642,4.706532,-3.517926,1
2.005634,0.725138,1.207542,5.793147,-3.012969,1
-0.034445,-1.711176,-1.519405,3.155275,-2.862944,1
-2.424005,-0.806547,2.422171,0.340944,-1.861623,1
-4.304638,0.656887,-4.347133,-0.074179,-2.148800,1
-0.445541,0.657858,-0.691931,-0.804725,-0.502819,1
-0.990675,2.681207,-0.373966,-0.012328,-3.158341,1
-5.602880,-0.212554,1.381714,0.532562,-2.206643,1
-1.535213,-1.886766,0.234026,-1.193274,0.711646,1
-4.019810,1.465964,0.582343,1.375617,2.686862,1
-1.461344,0.727935,-3.312139,0.331111,2.445061,1
-1.633165,-1.564783,1.495911,0.392387,-0.093789,1
-2.807757,0.205652,-2.358776,-0.301425,3.956240,1
-2.617929,1.286387,-1.330545,-1.488720,-1.720631,1
-2.905922,2.538482,1.046767,-2.652569,-0.991531,1
-2.770041,1.433043,1.421318,4.846575,-1.835746,1
1.319623,-0.720071,-2.196914,-1.212982,-0.718102,1
3.642571,-1.686148,0.762453,-0.042347,-4.280953,1
0.013638,1.238379,-1.874168,-0.682617,-1.008785,1
-4.544468,-0.032472,1.600218,-0.358566,-2.330573,1
