1.035740,0.211999,1.798794,0.904764,-1.880496,0.914358,0.303320,-1.033548,-0.563892,0.867084,-0.255572,0.099836,-0.982822,-0.365895,0.792275,1.832048,0
1.438683,-0.244591,0.996601,0.563761,0.409175,1.097116,0.812618,-0.301903,-1.163335,-0.067911,0.531898,-0.759838,0.433678,-0.559241,-0.559991,0.529464,0
1.587252,-0.739998,-0.721392,0.551825,-0.445488,-0.752263,-0.335542,-0.400633,0.449682,0.019564,0.243865,1.414649,-0.484594,0.669448,1.357752,0.436365,0
1.252774,0.194927,-0.877709,0.408168,0.000814,-0.523861,0.180260,-1.570833,0.615656,0.437232,-0.274812,-1.022372,0.410995,-0.753619,-0.056047,0.081319,0
0.771143,0.678193,0.469290,0.887161,-1.134206,0.545715,-1.064318,1.457599,-0.714615,0.494935,-0.593446,-0.750691,-0.541899,-0.593645,0.073442,-0.038644,0
0.724024,-0.724534,0.181487,1.041352,0.889024,-0.482237,0.671738,-0.339429,-0.575080,-0.563702,-0.392981,-0.122701,0.618541,0.386246,1.365017,-0.381425,0
0.991309,0.884557,0.441205,-0.419350,0.880635,0.214607,1.352681,1.237772,-0.420278,0.211501,0.002032,0.533926,0.031236,0.330011,0.144290,-1.464990,0
2.916547,0.991084,0.039226,-0.473705,-1.184617,-0.732927,-0.498646,0.467893,-0.357479,0.952404,0.630412,-1.074974,0.079396,-0.436980,0.558251,-0.076743,0
1.587632,0.341615,1.103637,-0.388002,-0.065518,1.838404,0.574050,1.937884,-1.209176,0.632376,0.122662,-0.052241,-0.777752,-0.550364,-0.547617,-2.012814,0
0.452914,0.155678,1.951808,-1.790478,0.735392,-0.149409,-0.343318,-0.412008,1.479019,0.985149,-0.929496,-0.311026,-0.238215,-0.815401,1.061713,-0.271851,0
1.086643,0.566324,-0.402918,0.477624,1.158840,-1.710442,-0.226350,-1.344298,-0.704136,0.125687,1.407984,0.264452,-0.937408,-0.380998,0.669448,-0.589985,0
2.072063,-0.173382,0.791885,0.412962,-0.569668,-0.150290,-0.006869,-0.017992,0.204218,0.476680,-0.992836,0.396798,0.608574,0.164282,1.668857,0.189042,0
-0.185221,0.715894,0.887916,-0.726335,0.086474,-0.313878,-1.435540,0.591501,0.238961,0.244634,0.231765,-0.828354,0.260567,0.632607,-1.860296,-0.060418,0
1.200783,-2.252091,-0.413910,-0.711474,0.041633,0.319144,1.085251,0.160834,0.229394,0.762056,-0.061384,-0.022378,-0.514004,-0.377488,1.443504,-1.277797,0
-0.571792,-0.119300,0.336933,0.712703,0.231960,1.075380,-0.300165,-0.218085,-0.865921,-0.373292,-0.002794,-0.216689,-0.669905,-0.396823,0.271930,0.483185,0
2.422731,-0.125110,0.322087,-1.042446,0.024276,-0.140420,-0.227111,-0.571602,0.352741,-0.518270,1.029463,-0.632558,-0.929750,-0.365816,0.314655,-0.231175,0
0.642163,-0.599403,0.069244,-0.184821,0.122474,1.498703,-0.083959,0.639248,-0.064730,-0.218062,0.440004,-0.587907,0.242585,0.481524,-0.334775,0.492344,0
1.636134,-0.749990,0.039232,-0.598358,-0.364327,0.852819,0.481483,0.996723,-0.438569,0.273029,1.665301,0.224801,1.295814,0.262908,-0.151295,0.935839,0
1.578221,-0.073464,-0.614041,0.580956,-0.369040,-0.094508,-0.458783,-0.443535,0.497991,0.412760,-2.188053,-0.013886,-1.629373,-0.052235,-0.539036,-0.181139,0
-0.500354,0.941407,1.544329,-0.519526,-0.923225,0.001583,-2.624085,0.227304,0.380909,0.710808,-0.745775,-0.907672,-1.077472,0.553446,1.444618,-0.320724,0
1.065461,-0.108790,-0.205046,0.887574,-1.093155,0.129746,-0.763177,-0.176211,0.323523,1.414054,0.484432,0.494730,0.063628,-0.734891,0.761348,-0.114059,0
0.116549,0.511866,0.146244,-1.270605,1.141978,0.795673,0.681205,-1.029680,0.710980,0.902931,-0.338633,-0.648528,1.382357,-0.540194,-0.164528,-0.157713,0
1.357115,-0.328775,-1.214817,0.530893,0.081354,-1.550460,-0.757849,0.500838,-0.122452,0.850442,-0.798199,0.570740,-0.079229,-1.599663,0.533997,-0.078462,0
1.785293,0.687017,0.303439,0.036223,-0.326830,0.455384,0.759563,0.246518,0.805952,-0.262595,-0.894473,0.636116,0.154445,-0.086312,0.942329,-0.650599,0
-0.422606,-0.274868,-0.497231,1.043103,0.473859,0.537324,0.390074,-1.551159,-0.082094,-1.100765,-0.946392,-0.263921,1.740909,1.602200,-1.849419,1.718664,0
0.540288,0.142493,1.551799,-0.101436,-1.383847,0.226817,0.914832,-0.100490,-0.657597,-0.431254,-0.766015,0.377775,-0.304298,-0.441984,0.556775,0.266094,0
1.767123,0.079370,0.408556,-1.630430,-1.239161,1.818237,-1.089371,-0.176773,0.422445,-0.690225,0.271227,1.282519,-0.256808,0.800624,-1.773421,-0.790632,0
0.433411,1.314512,-0.959074,0.532062,-0.261044,-0.489081,-0.752803,-0.398391,-0.327501,0.151522,-0.341097,-0.642533,-1.464123,1.067824,-0.890249,-1.275932,0
0.353291,-0.123396,-0.631430,-0.168398,0.177329,-0.597008,0.708587,-0.580564,1.156109,-1.083262,0.777592,-0.403514,0.223238,-0.060080,0.699491,0.524915,0
-0.652702,-0.471714,-1.044456,-0.172395,0.008325,-1.052938,0.386213,2.107744,-0.079718,0.138325,-0.620992,-1.321389,0.969679,-0.899594,-0.274818,-0.400965,0
0.973840,-1.148885,1.156455,-0.043278,-0.520983,1.231348,-0.894359,-0.085092,-1.117446,-0.728507,0.239657,0.858238,0.191892,-0.606056,-0.259403,0.147028,0
0.281558,1.081926,-0.586320,0.590612,0.638735,0.610558,1.008169,-0.505451,-0.849633,-0.412598,-0.257137,-1.176612,0.301416,0.112249,0.916691,0.500408,0
2.553519,0.149315,-0.369352,0.291424,-0.654710,0.455983,-0.305429,-1.310764,0.339081,-0.123511,-0.181223,0.808057,0.774450,-0.240691,-1.340206,-0.770535,0
1.003335,0.667846,-0.091271,-0.019215,-0.303162,-0.530689,-1.942068,-0.574922,-0.718539,1.326742,1.776600,0.210601,0.179144,-1.305823,-0.632800,0.167640,0
0.122518,-0.095095,0.177820,-0.153284,1.021011,-0.971649,0.593796,0.703377,-0.481300,-0.494796,-1.263594,-1.612754,-0.425043,-0.542706,-0.462785,1.857208,0
1.372028,-0.454112,-0.615465,0.414188,-0.733434,-0.746250,-1.971251,-0.297840,1.073210,-0.918679,-0.704774,1.176515,-0.344716,1.404365,-0.409293,0.167819,0
0.387474,-0.979224,0.757152,-1.809326,1.517055,0.930204,-0.908589,-0.245910,0.203256,-0.588941,-0.335948,0.137476,-0.752240,-0.710985,-0.545761,-0.310044,0
0.454398,0.866633,0.038517,0.759313,0.739513,1.730502,-0.604023,-1.698967,0.682947,-0.454242,0.581492,-0.252387,1.648765,-0.184454,0.006782,-0.257759,0
1.901411,0.781118,1.173128,0.471989,-0.291790,-0.471877,-0.740202,-0.364952,-0.189384,1.109569,0.714052,-0.677123,0.294406,-0.395638,-0.280869,-0.212880,0
1.613069,1.313754,0.117339,0.043379,-0.615623,1.320091,-1.405016,-0.163828,-0.176708,-0.905169,-0.772900,-0.381835,-0.907613,1.074503,0.230138,-0.293563,0
0.726131,-0.578551,0.200891,-1.098099,-0.112888,-0.087224,-0.297377,0.406327,-0.033431,-0.503606,-0.353744,0.776273,-0.118300,-0.638802,0.460517,1.050602,0
0.034290,0.188434,2.041664,-1.073294,-0.565456,0.465874,-0.612268,-1.117770,-1.236871,-0.880187,0.163184,0.693175,-0.130084,1.534657,0.517272,0.220714,0
0.757594,-0.392856,0.236932,0.248322,-0.063520,1.271772,0.506735,0.238969,-1.594862,-0.228702,-0.650340,0.100981,-0.782112,-0.350086,0.607709,-0.691214,0
-0.063719,-0.279739,0.450257,-1.367841,1.232048,-1.476671,0.161945,-0.469771,-0.741911,-1.556787,-1.118391,0.812309,1.295865,0.447429,-0.306858,0.226732,0
2.428549,0.513609,0.364135,-0.543775,0.562091,0.213111,-0.648835,-0.423118,-0.245628,-0.674627,-0.818471,0.522632,0.285467,-0.684844,-0.680668,-0.245394,0
0.572068,-0.300046,0.458946,-0.059313,-0.455605,-0.744596,-1.285610,-0.684562,-0.359537,-0.174828,0.143595,0.119807,0.386142,0.271584,0.901969,1.648324,0
1.832297,-1.233003,0.414172,1.466617,-0.635974,1.689481,-1.325384,0.196390,-0.253254,1.156754,0.658798,0.425156,-0.459120,0.975335,0.056348,0.485116,0
2.523283,-1.169304,-0.165677,0.012359,0.415554,1.067025,0.238571,-0.240141,0.251970,0.648373,0.129313,-0.744198,0.123776,0.590870,1.296926,0.426425,0
1.480860,0.566774,0.432111,0.417015,0.082742,0.235543,2.194645,-1.264056,-0.944139,1.119640,0.344183,0.068201,-0.244316,0.321705,-0.115599,-0.807776,0
0.207926,0.029180,-0.210853,0.137853,0.067456,-0.743997,-0.794900,0.558740,1.096226,-1.116821,-0.074167,0.821477,-0.223701,0.178815,0.997470,-0.428452,0
0.539698,-2.350511,-1.080779,0.608208,0.978046,-0.361846,0.373033,-0.363351,-0.304511,0.446782,0.004806,-0.201815,0.031060,-0.826915,-0.004045,1.295588,0
0.315553,-1.000249,0.288693,-0.793593,-0.943979,-0.540340,-0.006626,0.018671,0.190230,-0.921923,-0.257481,0.164394,-0.007028,-0.638740,0.676782,0.741589,0
0.573584,-0.464795,-1.027762,-1.168275,-0.186198,0.461898,-1.152846,-0.163174,0.169545,0.460603,-0.055536,0.542852,-0.104314,1.205861,1.071090,-0.000570,0
3.219493,-0.690971,1.398597,-1.515281,-0.162835,1.690622,0.355306,0.331353,-1.728260,1.339947,0.797599,0.484149,-0.417049,1.222220,-0.950737,-1.332727,0
0.376104,-0.074095,0.821509,-0.096411,0.059634,0.106614,-0.134957,0.125075,-1.833406,-0.207813,0.007170,0.341259,-0.653069,0.819040,0.721300,-0.101377,0
0.692418,1.122656,0.407392,-0.698863,-0.568208,0.769942,0.481104,0.617970,-0.408412,-0.054845,0.457479,-0.276141,0.333283,-0.849759,-0.582402,0.750681,0
0.521855,0.446991,-0.580745,1.042476,-1.123171,-0.676499,1.373994,-0.712856,-0.980051,0.317451,-0.952197,0.207915,-0.385764,-0.080272,-0.556701,1.675137,0
0.682690,0.660532,1.661174,-0.273616,-0.450402,-0.556430,0.595747,-0.623383,-0.906682,0.640599,-0.406821,1.146438,0.826688,0.757817,0.006905,0.371598,0
2.238517,0.012774,1.418590,-0.261307,0.669029,0.120519,-0.371638,-0.778901,0.294623,0.409107,0.260317,0.452924,0.706471,-0.243512,-1.365408,-0.253784,0
0.558979,-0.250110,-0.179483,-0.251464,-0.702616,0.454880,-0.818031,-0.060504,-1.056371,-0.565084,1.131462,0.773498,1.059847,0.356851,-0.222569,0.433067,0
0.745300,-0.295708,0.260029,-0.831724,0.380894,-0.777392,-0.295424,-0.350438,-0.725678,-1.394523,0.200881,-0.746368,-0.320994,0.794117,0.278474,0.592936,0
1.186827,-0.220969,-0.271148,1.294704,0.135751,-0.146231,-0.051882,0.202161,-1.234247,-0.291020,-0.460598,0.703056,-0.931157,-0.205129,-1.149116,-0.760628,0
2.931044,0.447237,0.019181,0.971400,-0.757097,-1.535771,0.152682,0.980439,-1.042664,-0.810967,-1.375238,0.279975,0.737426,0.739738,-1.589454,-0.258654,0
0.639861,-0.610320,0.299992,-0.495059,0.669314,-0.142105,1.190772,0.097507,-0.705995,1.021098,0.268791,0.430516,0.839691,0.727959,-1.251778,0.943199,0
0.573960,0.601661,-0.095876,0.627850,-0.312751,-0.235600,0.153216,0.216632,0.464887,1.956261,-0.079921,0.468213,-1.625637,-0.199418,0.595618,-0.032475,0
0.937733,1.064574,0.560118,0.607877,0.944338,0.001283,0.432106,-0.488487,-0.172990,0.262318,0.038378,0.562979,0.662998,-0.771404,0.659635,0.421353,0
1.472347,-0.856963,0.357594,1.591177,0.226979,0.222732,0.108760,-0.378339,-0.281989,0.121376,0.493764,-0.259795,-1.226069,0.398944,-0.510428,1.897996,0
1.731595,-0.196595,1.034297,0.631812,-0.138869,0.150001,0.262293,0.308829,-0.040290,0.606516,-1.229107,-0.162158,0.504860,0.426107,-0.202317,-1.388559,0
1.243780,-0.014655,-0.555543,-0.153652,1.479667,-1.798843,-0.057993,-0.415526,0.175428,-0.515585,1.490639,-0.195084,0.435759,-0.325989,-0.435203,-0.261362,0
0.368221,-0.598854,0.064214,1.116437,-0.399504,-0.644567,0.304940,0.782388,-1.097329,-0.851383,0.229404,-2.055088,-0.486620,-0.894065,0.984433,0.388811,0
0.734862,-1.388415,-0.566508,-0.484592,-0.776360,0.674443,0.408579,-0.672705,1.281625,0.742265,0.301879,0.285305,0.834015,-0.054956,1.059127,0.679951,0
2.594994,0.240352,0.893605,-0.210115,-0.276947,-0.141484,0.430130,-0.525050,-0.038059,-0.150190,0.060147,-0.437662,-1.004918,-1.366246,-0.633414,-1.188195,0
1.742441,0.337511,0.000030,-0.302048,-0.096382,0.540617,0.901164,0.700649,-0.420208,-0.580642,0.503174,0.698256,-0.625977,-0.196903,-0.298192,-0.073919,0
0.690046,-0.741486,-0.675690,0.486078,0.073521,0.465498,-1.065717,-1.870660,0.750436,0.632890,0.022704,-1.229074,-0.106851,-0.354165,0.370108,1.729884,0
1.389766,0.308433,1.772432,-0.122108,-0.790938,0.818005,0.335498,1.338945,-0.506992,-1.065634,0.119697,-0.126719,0.752090,0.901622,-0.073630,0.194667,0
0.286551,0.168247,-1.603569,0.350546,-0.185163,-1.162260,0.840474,-0.141778,-1.449245,0.576515,-0.585942,-0.003044,1.408349,-1.616515,0.501946,-0.670358,0
1.396644,0.357819,0.233034,0.896960,-1.108931,0.727973,0.218777,-0.742484,0.598469,-1.373880,-0.916355,-0.133658,0.319037,-0.433552,-1.223691,0.022402,0
0.754348,-1.383109,0.786930,-1.599046,0.150704,0.391845,0.565681,0.261389,-0.013892,0.358432,0.136768,0.220932,0.317842,-0.089151,-0.513827,0.556210,0
2.134596,-0.541419,-0.400523,1.009461,-0.958901,-0.209878,1.841149,0.895448,-0.496469,0.211343,0.034563,-1.142040,-0.558089,0.165004,0.315726,0.234071,0
1.999166,0.829364,0.885584,1.663603,-0.860609,0.261638,1.430974,-0.416405,1.767512,0.974639,-1.376323,1.017996,-0.912027,-0.462200,0.381793,0.880941,0
0.905467,-0.949037,0.373656,0.520843,-0.206128,-0.039324,-1.758881,1.951896,1.599075,-0.674519,0.216655,0.533538,-0.806934,0.442203,-1.116084,0.804468,0
1.721507,-0.066635,-0.617964,-2.530613,0.806889,-1.099995,0.411719,0.189574,0.919433,0.674658,0.837916,-0.970055,-0.218213,1.378363,-0.336717,-0.880767,0
1.766970,-0.340656,-0.030058,-0.446766,0.385986,0.526986,-0.142970,-1.015387,0.090753,0.371550,-0.435482,-2.280265,0.554628,-0.196685,-0.350811,0.303039,0
0.594978,-0.259831,-0.860685,-0.039240,0.399229,0.551836,-0.781851,-1.111025,0.581639,0.520364,1.336317,0.473946,-0.189131,1.524415,0.343534,-0.531999,0
1.418558,0.338386,-1.145861,-0.590271,0.258665,1.371696,-0.327116,1.076401,-2.249631,-0.130979,-1.159916,-0.162890,-0.348581,-0.861497,0.391450,0.838118,0
-0.805977,1.096140,-0.491302,1.377185,0.664358,0.107689,-0.570681,-0.318021,-0.114403,-0.281092,0.332973,0.998496,0.194371,0.255142,0.340309,-0.772115,0
-0.887261,-0.981752,0.120396,1.104190,0.844443,1.975284,-0.719630,0.592146,0.368157,0.053927,-0.471422,0.501668,0.189574,-0.820303,-0.097745,-2.856838,0
-1.005652,-0.823580,0.851994,1.785696,-0.578462,0.364628,0.196612,0.748767,-0.605050,0.322413,-0.679889,-1.680284,0.285918,1.010841,0.075171,-1.643941,0
0.458399,0.181505,0.085950,-0.926898,0.512542,-0.349324,-0.146742,0.262511,-0.905223,0.358407,-0.426266,0.652128,-0.692396,0.583688,0.078310,-0.455392,0
2.020964,-0.736815,-0.474874,-0.236745,-0.799647,-0.156343,-0.166879,0.026377,0.071743,-1.025980,-0.999995,0.695790,1.438407,0.565227,-1.244498,0.700119,0
0.203334,0.692989,0.584305,-0.733731,-0.495246,-0.972461,1.142989,0.356828,0.058690,-0.662052,1.618028,-0.478984,-0.076239,-0.412334,0.096268,-0.374503,0
-0.802733,-0.273563,-1.308562,-0.372537,-1.153470,-0.284990,1.168275,-1.151712,-0.469231,0.360864,0.638521,-1.152322,-0.101710,-0.145393,0.340763,-0.483665,0
2.230759,0.237941,-1.003390,0.551813,0.834733,-0.132101,-0.656682,0.412749,0.674635,-0.474753,0.055885,-2.149623,1.857430,-1.456587,-0.469823,0.696193,0
0.434270,-0.192099,-0.821308,-0.775892,0.313597,-0.152706,-0.945015,1.321782,-0.049175,-1.960904,0.683345,-0.281869,0.251890,-0.833548,-0.074482,0.182868,0
0.727723,-0.029529,0.325984,1.064671,0.756219,0.021827,-0.384910,-0.688101,-0.286988,0.499399,0.354265,0.218805,-0.504701,0.266371,0.241161,-0.511991,0
2.186298,1.270133,0.014109,0.543826,1.561137,0.771919,0.453514,0.519169,-1.015797,0.443766,-1.001508,0.109839,0.081186,-0.661590,1.796192,-0.888672,0
1.233928,1.316320,-0.591770,-0.360322,-0.246809,-0.648136,1.723673,0.270521,-0.557482,0.388471,-1.364474,0.568497,0.445163,0.831049,-0.655627,-0.174834,0
2.875587,-1.448699,-0.148881,-0.894895,-1.006423,-0.813280,0.274513,-0.497488,0.620821,1.196659,0.761486,-0.696198,-0.402217,0.203961,0.970820,0.606444,0
0.415214,-0.829408,-0.859691,-0.323609,-0.240005,0.470799,-0.873896,-0.923845,0.515788,1.584621,-1.354881,-0.557982,-0.252749,0.795582,0.176133,0.503451,0
0.372037,-1.598726,-1.073903,0.216397,-1.242382,0.733350,0.033781,0.234380,0.445351,-1.336902,-0.171703,-0.401825,-0.184228,0.023852,-1.680391,-0.728022,0
2.726436,0.100277,-0.609740,-0.518155,0.578569,-0.717396,0.102203,1.326748,-2.707251,0.381869,0.902858,1.449126,-0.698466,0.166164,0.632069,0.729017,0
1.424463,-0.346361,-0.181103,-0.237934,1.805483,0.164520,1.921322,0.514599,1.231480,1.162053,-1.034311,-0.548181,1.494915,-0.141070,-0.005104,-0.563991,0
0.219108,-0.374408,-0.057705,-0.828621,1.400758,-0.936134,0.149737,0.772075,0.961621,0.074049,0.053565,0.173352,0.100196,0.784651,-0.605227,-1.001305,0
0.564188,-0.194991,-0.541298,-1.146708,-0.004369,0.200908,0.916137,0.691717,-0.307506,-1.151608,0.664490,-0.119028,-0.442657,-0.795992,-0.939092,-1.741846,0
-0.491292,0.702406,0.222538,0.466583,-0.594953,0.020143,-0.550714,0.837667,0.205510,0.309490,1.312712,0.440861,-0.338007,-1.198165,-0.266110,-1.253547,0
2.369586,-0.699907,-0.029313,-0.432498,-0.097806,-0.863771,0.419315,-0.007548,0.255347,-0.517265,-0.450765,0.346318,-0.759207,1.673765,0.189228,-0.158463,0
0.253868,1.530549,-0.565185,-0.260673,1.449306,0.863003,-1.018590,0.096011,0.725135,1.568889,-1.462808,-0.291605,-0.580553,-0.967381,-1.152771,-1.027607,0
0.366177,0.487404,0.262851,-0.237235,-0.229821,-0.354312,0.876364,0.216513,0.633523,-1.278854,0.057007,-1.079218,0.093781,0.487297,-1.754146,0.464511,0
1.489119,-0.024346,0.026449,-0.860696,-0.313158,0.699593,-0.194483,-0.482461,0.168645,-1.348143,0.025272,-1.035868,-0.304866,0.603579,0.959004,-0.636413,0
0.999412,0.222788,-0.013984,0.889969,-0.598837,-1.218798,0.459526,-0.230090,-0.262608,-0.769941,-0.107772,0.265235,-0.212366,-0.317673,-0.812273,1.547928,0
1.351150,1.651550,0.382149,-0.836730,0.599337,0.449552,-0.925774,0.939706,0.064541,0.494608,0.756390,0.548465,-0.361398,-0.749842,0.942384,0.450099,0
2.101559,-1.785174,0.122455,0.357452,-0.817280,-1.136357,0.466070,-1.719565,0.739880,-0.845393,0.042706,-0.459801,0.306159,-0.637640,0.096385,0.716940,0
0.709456,0.197670,-0.290738,1.278486,-0.083244,0.131850,-0.259002,-0.298889,0.619101,0.301909,0.799599,-1.179579,0.215064,0.741382,-0.599558,1.014682,0
0.803771,0.530905,-0.410197,0.760708,0.425674,0.555209,0.334467,0.363432,-1.127989,-1.176065,0.082089,1.308231,0.833568,-0.113683,-0.934989,0.054173,0
1.391319,0.133060,0.059612,-0.303815,1.389677,-0.432334,0.574819,0.525613,-0.167130,0.286279,-1.437465,0.393680,1.364424,1.267569,-1.191350,-0.395183,0
1.920827,0.006617,-0.526687,0.178425,-1.249672,1.114269,1.821445,-0.692222,0.475904,0.355867,-0.111699,0.278684,-0.836542,0.028192,0.631785,0.160667,0
1.323135,-0.456414,-0.423269,0.755926,-0.680879,0.496821,-0.734541,0.078132,-0.033808,-0.391720,-0.156829,-0.754894,1.222206,-1.784374,-1.114967,1.265250,0
0.190927,-0.298313,-0.120060,-0.532594,-0.541618,1.304598,0.404676,0.210693,0.223770,0.085219,0.278355,-0.807960,0.055986,-0.048198,-0.867829,-1.215251,0
-0.896741,0.623908,0.662102,0.757042,1.021063,0.195406,0.750805,0.216733,0.916595,0.663898,0.095453,-1.914191,-0.193760,-2.009507,-2.065165,-0.013811,0
0.160200,-0.208662,1.575758,0.139932,-0.666432,-1.041673,-0.493776,0.010190,0.018872,0.995239,2.212394,-1.180373,-0.382746,0.681936,-0.673506,0.410124,0
0.416360,-1.374397,0.325230,-0.084146,-1.290415,-0.035076,0.005082,-0.781071,-0.819462,-0.707362,-0.767338,-1.280059,0.690221,-1.016672,-0.278700,0.174185,0
0.500412,0.077546,0.609664,-0.282778,-1.180146,0.548504,0.697950,-1.098389,0.392399,-1.053885,-0.543046,-0.081246,1.412600,1.236376,-0.562810,-0.478984,0
1.840940,0.462498,-0.069499,-1.097081,0.701130,0.283765,0.662957,-1.914539,0.100217,0.174988,0.752749,-0.202558,-0.469964,-0.174361,-0.666501,1.240419,0
0.276021,-1.919566,-0.102948,0.196198,-0.105345,0.113464,-0.231464,-1.384975,1.868690,0.249597,0.288046,-0.087525,-0.431291,-0.307154,-0.813323,-0.812677,0
0.404766,-0.242842,0.514440,-0.908285,1.039355,-0.438002,0.768040,-0.036105,1.654148,-0.608670,1.797667,1.230521,0.555173,-0.284363,-0.009062,-1.086290,0
-1.215456,-1.321479,0.226224,-0.207739,-0.883550,-0.950335,-0.906227,0.084555,-0.153183,0.369462,0.058042,0.390126,-0.467289,-0.073198,0.307564,0.467775,1
-1.020344,1.172922,-0.272675,0.428331,-0.040304,1.266350,-1.741806,0.214977,0.280531,0.016083,-0.238057,0.183790,-0.896509,0.293304,1.209008,-0.718828,1
-0.546829,0.809339,-0.799139,0.898530,0.762658,-0.759714,0.784798,-0.433799,0.451870,1.471718,-1.366474,1.319645,0.416323,0.050210,0.275108,-0.297244,1
-2.111207,1.555182,-1.030392,0.974021,-0.009617,-0.410275,0.950999,-1.783134,-0.882992,0.301344,-0.172060,1.155077,-0.367162,0.346879,0.982180,0.511916,1
-2.435129,-0.037947,0.799264,1.050234,-0.281850,1.047725,-0.261894,-0.029872,0.281571,0.963979,0.134904,0.886650,0.225162,0.578271,-0.046455,0.334828,1
-1.456773,0.085105,0.317062,0.522161,-1.243655,-0.024971,-0.693266,0.368884,-0.213213,-0.372821,-0.880101,0.101118,-0.228247,0.316931,-0.123212,0.491663,1
-0.955854,-0.220911,0.176752,0.385019,-0.256475,-0.234333,-0.283591,1.574544,-0.214825,0.246469,-1.142103,-0.492598,-0.533629,-0.620651,0.596600,0.170551,1
-1.488855,0.020590,0.116572,1.480366,-0.141289,1.106928,-0.330774,-0.219114,0.056264,-0.283976,-0.616089,-0.075417,0.035033,0.126541,-0.353904,-0.050987,1
0.502077,-0.097282,0.976002,0.296328,-0.472891,-1.795633,-0.025767,-0.362162,1.075283,-0.612974,-0.493000,0.171864,0.008838,0.247902,1.235059,0.102216,1
-2.204848,1.713874,0.909891,0.404276,-0.820557,-0.376132,0.375979,0.386675,0.435554,0.160436,-0.432672,-0.007410,0.510203,-1.269188,0.978013,0.138064,1
-1.924214,0.196854,-0.957758,0.187708,0.185339,-0.990885,-0.201859,-1.353117,0.417837,0.160917,-1.317184,-1.023415,0.813558,0.361850,0.884840,-1.377568,1
-2.269014,0.473179,-0.394674,-0.023417,0.502425,-0.138403,0.583385,-0.511250,0.308795,-0.111705,0.451705,0.205266,0.105256,-0.122040,-0.307791,-0.156561,1
-1.427730,-0.337547,-0.043476,-0.071572,0.060760,-1.124717,0.357604,-0.869489,-0.387679,-0.429896,1.549281,-0.880137,0.800249,-0.454972,1.084900,-0.903185,1
-1.190454,-1.059920,-0.227797,1.004738,-0.276664,-0.333679,0.821200,1.351610,0.775047,-0.073837,0.816593,-0.098321,0.467260,-0.255982,-0.703323,1.070167,1
-1.530567,1.370045,-0.117495,0.087680,0.508094,-0.674985,-0.940797,-1.933665,-0.494947,0.340660,0.078087,0.496984,-0.435996,-0.599811,0.404197,-0.374446,1
-2.267426,0.214595,-0.324298,0.667391,0.066143,-0.608432,0.471796,0.099316,0.855642,-0.007101,-0.209201,0.187643,-1.366447,-1.299967,0.402338,0.847728,1
-1.422480,0.092280,-0.416386,0.066402,0.132801,0.801232,-0.158780,-0.196096,0.000855,0.133002,0.702900,0.906039,-1.234896,1.098344,-0.951352,0.625815,1
-1.459861,0.652363,0.322991,-0.534664,-0.249664,-0.006431,-0.644361,-0.596147,1.589175,0.321058,0.148652,0.566501,0.234410,-1.001652,1.863137,-0.382963,1
0.360346,0.139904,1.122840,-1.457954,-0.719167,0.821341,-0.724172,-0.301469,0.749272,-0.449442,0.357507,0.339947,-0.718496,-0.496711,-0.380985,0.195755,1
-1.666892,-1.683813,0.223355,0.765264,0.024883,-0.757872,-0.064311,0.217767,-0.842921,1.282213,-0.919980,0.714415,0.234615,0.189096,-0.402483,1.201446,1
-1.754579,-0.231268,-1.110243,-0.247319,-0.208896,-1.230001,-0.414965,-1.222431,0.751199,-1.880849,-0.166066,-0.251197,0.739717,-0.641903,-0.031923,-0.524461,1
-0.334450,1.811292,0.367370,0.802908,1.199962,-0.367194,-0.856218,-0.661267,1.214036,-0.920006,0.325452,-0.491851,-0.516292,1.678704,0.328571,0.468834,1
-0.200207,-0.131593,-0.260112,-0.090297,-0.877864,0.569728,-0.236502,0.200691,-0.826868,-0.618177,0.224468,0.189707,-0.287437,-0.395210,0.500278,0.910380,1
-2.614595,-0.740818,-0.420281,-2.323308,-1.384905,-0.052522,0.780214,-0.851041,0.343714,0.120430,1.494343,1.026950,-1.875219,-0.359363,-0.358891,-0.560157,1
-1.139670,0.842000,0.276883,0.178393,2.212545,0.969723,-0.058580,0.015548,0.372731,-0.834898,-0.412359,0.141301,-0.379319,-0.155724,-0.513036,-1.469221,1
-1.326417,0.913885,-0.389231,-1.753063,0.407494,-0.244744,-0.747566,-2.040276,-1.387927,-1.307868,0.245942,1.138547,0.082995,0.058043,-0.339013,0.014114,1
-0.993505,0.049312,0.812337,0.156611,-0.418316,0.352336,0.064054,0.182117,-0.216326,-2.094646,0.810334,0.250874,0.177378,-0.140725,-0.202304,-0.724859,1
-1.682141,0.087001,-0.543381,0.881256,0.705736,0.958380,1.843175,1.259308,-1.406074,-0.333501,-0.039037,1.639949,-0.874976,-1.295575,0.056706,0.944802,1
-1.619827,0.649987,-0.502560,0.384431,-0.020221,0.458948,-1.000445,-0.428754,1.911797,0.051383,0.491954,0.081478,1.374034,1.311238,1.144447,0.466489,1
-0.315554,-0.592316,-0.252342,0.050569,-0.189911,0.919128,0.873556,1.370970,0.284076,0.255508,-0.365949,-0.709690,2.057969,-0.020979,0.640743,-0.995575,1
0.636415,0.614852,-0.052362,0.993613,-0.985877,-0.394909,0.374582,-0.145727,-0.710927,-0.037391,-0.289712,0.796108,0.144589,-1.334034,-0.665584,1.201844,1
-2.157407,0.050402,0.095890,-0.698663,-0.220697,-0.995986,0.418838,-0.513848,-0.514008,0.018020,0.032883,2.004959,-0.000774,-0.810974,0.507276,-1.183897,1
-0.152571,0.507520,0.803240,0.111354,-0.019129,0.471859,-0.160531,0.040199,-0.005816,0.302686,0.964070,-0.482909,-0.198486,0.651745,-0.066826,0.337872,1
-0.894926,-0.041573,-0.537723,-0.633367,-1.204469,-0.153966,-0.578841,-0.145937,0.144352,-1.175601,1.377113,0.427140,-1.213537,0.210447,-0.514246,-0.012228,1
-1.338465,-0.977764,-0.292640,-0.854200,-0.190941,1.013463,1.710337,-0.132866,0.445462,-0.970576,0.611551,-1.916129,0.285417,0.943511,0.706810,0.394818,1
-1.526668,-0.616993,0.954324,-0.264361,-1.564943,-0.422133,-0.622010,2.285086,-0.645844,0.646998,-0.332076,0.226243,-1.587757,-0.888074,-0.591867,0.612548,1
0.013120,0.424646,-0.120712,-0.033212,-1.244910,0.469557,-0.656905,-1.218395,-0.086992,0.117606,0.066984,0.393898,-1.714166,-0.039428,-0.820584,0.383394,1
-0.543067,1.255360,-0.735420,0.554075,-0.404800,0.644278,-0.538882,-0.521090,-1.310806,0.404787,0.231523,-0.394003,-0.770275,0.294417,-0.028744,-0.399943,1
-0.526509,0.163137,-0.365788,0.822608,-0.722437,-0.810212,0.607644,2.359020,0.388077,0.228648,-1.154790,0.688413,1.073815,0.356530,-0.155878,1.058903,1
-1.687497,-1.297430,0.042693,0.507499,0.169263,1.463349,-0.290794,-0.716125,0.920171,0.755676,0.648938,0.008553,-0.826596,0.314945,-0.871955,-0.076763,1
-0.966657,-0.479558,-1.088049,-0.086360,-0.021874,-0.988979,0.653805,0.786392,0.703769,-0.978008,0.696153,-0.635404,-0.647586,-0.602725,1.648762,0.365311,1
-2.475662,0.432152,0.307726,0.050403,0.939634,-0.197957,-0.053819,0.174825,-1.128309,1.159341,0.464579,-1.218076,-1.043197,-0.830102,0.042132,0.352802,1
-1.316247,-0.519943,0.292767,0.427643,-0.622063,0.116697,-0.499593,0.852339,-0.242553,-1.234211,0.469155,-0.134004,-0.070191,-0.588000,0.492369,1.060689,1
-1.514485,0.417499,-0.326371,0.052891,-0.686559,-0.243582,-1.434800,0.622616,-0.901200,-1.156885,-1.109908,0.168620,-0.611246,1.394348,-1.025777,-0.502478,1
-0.907450,0.798148,1.122477,-0.034691,-0.999587,-0.903331,-0.465053,-0.112010,1.060185,1.466186,-0.462934,0.840163,0.849807,-0.044246,0.557781,-1.018455,1
0.553698,-0.977029,0.314924,0.953283,0.917847,1.778532,-0.832951,0.266712,-0.973141,1.087713,-0.465828,-1.196049,-0.133244,0.993228,-0.941255,-0.102872,1
-1.860989,0.354856,0.562293,0.216227,1.086339,-0.692769,-0.373791,0.915066,-0.939893,-0.457399,0.868448,-0.984951,0.382223,-0.176076,-0.427917,0.798038,1
-0.649450,-0.315403,-0.292291,-0.725281,1.008562,-0.126950,0.965316,-1.775597,-0.720145,-0.782216,1.522968,-1.333539,-0.037102,0.279199,-0.772832,-0.157662,1
-1.714841,0.216007,1.496023,0.328374,0.158207,0.304532,-0.969943,1.412808,-0.015321,-0.184840,-0.808816,0.428879,-0.081595,-0.630988,0.470530,0.167381,1
0.022902,-0.049334,-0.538046,-0.481183,0.153479,0.991194,0.587545,-0.222427,0.369159,-0.774183,-0.227540,1.226260,0.156292,0.038751,-0.754806,-0.409051,1
-1.874564,-0.931263,0.825499,-0.381828,-0.549362,-0.425893,0.893083,0.084012,-0.078548,0.316122,0.029625,0.284938,-0.689040,1.192221,-0.096114,0.054775,1
-0.883251,0.079499,-0.323531,-0.316754,0.699814,-0.433712,-1.379105,-1.079848,0.722478,1.342473,-1.904537,0.764164,0.520410,0.939138,-0.343891,1.248290,1
-0.108087,0.897302,-0.048572,0.108456,-0.103851,0.687867,-1.011812,0.176866,0.507776,0.432992,-0.356796,0.464551,-0.176322,1.778960,0.635391,0.032568,1
0.306227,1.567030,0.197700,0.787548,-0.034059,0.337474,-1.715312,1.113559,0.214209,-0.340755,0.723373,0.989947,0.231023,-0.214100,-0.716839,0.663296,1
-0.155118,0.034066,-1.325217,-2.007077,-1.606395,0.121789,-0.877318,-0.297532,-0.261115,-0.208715,-1.381066,0.648619,0.453942,-0.683262,-0.773661,0.116307,1
-2.176862,0.396174,0.706476,-0.868041,0.754312,0.718245,0.112870,0.380760,-0.257493,0.507791,-0.061704,-0.033567,0.274570,0.254461,-0.488677,-0.299347,1
-1.742467,0.653709,0.130616,-0.969580,-0.553492,0.101039,-0.491441,-0.312952,-1.133430,1.313195,0.976808,-1.176888,0.213302,-0.726589,-0.001558,-0.059053,1
-1.128078,-0.275532,1.679849,0.797739,-0.817122,0.791041,1.262161,0.290245,-0.413769,0.519475,0.689704,0.489238,-1.323140,0.467446,-0.050305,-1.080544,1
-0.491202,-0.076804,0.514234,-0.097737,-0.469470,-1.439377,0.270365,0.511054,-0.394274,-0.416698,0.878797,0.213680,0.311707,-0.208884,-0.104257,1.362420,1
-0.619958,-1.283426,0.751864,-0.562712,1.628284,0.670499,-0.055069,0.385840,1.154781,1.195544,-1.207534,0.542269,-0.754251,-1.670822,-0.171478,-0.261015,1
-2.588003,-0.256405,-0.366756,-0.020665,-0.516620,1.287748,-0.436059,-1.138607,0.105421,0.511147,1.251724,-1.648278,0.818722,1.403077,-0.903050,0.751048,1
0.551890,-0.586403,-0.059337,0.062758,-1.168056,-0.882440,-1.563517,-0.115004,0.906388,1.007236,0.993890,-0.208680,0.530731,0.587364,-0.340931,0.777459,1
-0.668634,-0.050163,-0.683018,1.001552,1.149346,1.918550,-1.622672,0.234171,1.207020,0.130286,0.726119,0.220528,-0.529895,0.122886,-0.005594,-0.691936,1
-0.730507,-1.287681,-0.426248,-0.171712,0.740472,0.951486,-0.385567,0.560288,0.119880,-0.220972,-1.305127,-0.702125,-0.173631,1.046640,0.395029,-0.077445,1
-1.342302,-0.139482,-0.609147,0.964758,0.086685,1.558713,1.757164,0.112951,0.209090,-0.290409,0.756011,0.101169,-0.628631,-1.326188,-1.419533,0.645135,1
-0.682335,-0.019516,-0.477309,0.028790,0.063555,0.169956,-0.772644,0.465494,0.352905,1.309539,-0.130064,0.054104,0.494915,0.829890,0.270297,0.406497,1
-0.661726,-0.135849,-0.746295,-0.096678,-0.104820,-0.767733,1.155430,-0.044327,-0.162710,0.386138,0.986055,0.677322,-0.058967,0.277574,-0.588937,-1.746857,1
-1.239738,-0.613369,0.375571,-1.503328,0.011668,1.572486,0.771583,-1.081843,-1.264450,-0.208994,0.063602,-0.130158,0.637270,-0.431865,-0.132001,-0.129405,1
-1.985677,0.436334,0.984884,0.821497,-1.092129,0.298891,0.125457,-0.288444,1.393813,-1.613032,-0.526857,-0.087889,0.761367,-0.550307,-0.370830,-0.932927,1
0.205441,0.964365,-0.525079,-0.476471,1.372455,-0.605458,0.755785,-0.176185,-0.118472,-0.351534,1.090187,-0.603400,0.613345,0.083925,-0.714426,-0.910748,1
-1.283714,-1.441578,-0.601102,0.074685,-0.232956,-0.630199,-0.546972,0.556598,-0.231590,0.727446,-0.299139,-0.473708,0.306127,0.329568,0.331941,-0.547202,1
-0.665985,1.289855,-0.246568,0.131877,0.595455,-0.225226,-0.178906,-0.857431,-0.206701,0.231054,0.123611,0.671390,0.304662,0.488630,0.494702,0.437939,1
-1.145865,0.008107,0.251994,1.025482,0.837106,-1.003528,-1.132047,-0.078938,0.244254,-0.957177,-0.129990,0.060180,-0.474823,-1.958531,0.270506,0.691228,1
0.126941,1.170059,-1.060934,-0.333932,1.024512,1.345753,0.404704,-0.231151,-0.304881,0.265356,-0.517908,-0.693565,0.146541,-0.216180,-0.586058,0.768791,1
0.093812,0.148244,0.470041,1.206039,0.351526,0.636348,-0.055697,-1.018268,-0.861588,0.978516,0.205856,0.417910,-1.334567,-0.725800,-0.183985,0.240416,1
-1.818433,0.372720,-0.494468,0.630363,-0.577269,-0.886743,-0.067055,0.359269,-0.633772,-0.390242,-1.406516,-0.125640,1.123062,0.104769,0.924008,0.460472,1
-1.240340,0.232756,0.610121,-0.041779,-0.951502,-0.454373,0.548170,-0.198979,-0.076836,-0.842697,-0.522890,-0.407391,1.288226,0.205179,2.221622,-1.070967,1
-0.586586,-1.384154,0.155707,0.126419,0.701114,-0.113710,-0.279242,-0.015115,0.739652,0.755761,-0.531609,0.270767,-0.226553,0.111952,-1.188871,1.121175,1
-1.352913,0.810450,-1.302423,1.080092,0.597415,0.695230,0.165764,-0.031254,1.166237,-0.026675,-0.113667,1.302270,-0.388623,-0.443774,0.307394,1.505086,1
0.651703,-0.192612,1.745495,0.488240,0.411893,-1.255479,0.185626,-0.073457,1.560508,-0.017740,-0.877200,1.145939,1.619282,-0.649015,1.176439,-0.875914,1
0.061296,0.607165,-0.744869,-0.204997,-0.745759,-0.050899,0.890360,0.871258,0.502603,0.039151,0.745216,0.031812,0.515299,-0.306697,-0.780429,-0.505301,1
-1.546994,-0.140644,1.608378,-0.982574,-0.079790,0.531659,0.982738,0.257123,0.303447,-0.826040,-0.339211,-0.479619,0.720901,-0.852854,-0.094464,0.592825,1
-2.274501,-0.850710,0.896177,0.003113,1.796164,-1.363285,0.719674,0.489036,0.363746,0.684536,-0.854414,-0.833786,-0.118870,0.448513,-0.097976,0.473245,1
-1.627734,-0.098070,-0.657954,-1.918931,0.004086,0.157809,-0.701045,0.367818,0.690258,-0.539593,0.204446,-0.861075,-0.127411,0.046076,0.653925,0.704489,1
-1.673943,0.086748,0.468858,-1.676009,-0.663403,0.072196,0.985492,-0.459625,-0.169252,-0.080678,0.183447,1.599717,0.616333,0.582318,-0.948461,-1.099398,1
-2.735615,-0.632100,0.703793,-1.877516,-1.365539,0.711259,-0.087725,-1.444466,-1.087714,2.408344,-1.811903,0.059180,-0.610891,-1.262278,-0.166044,-0.816570,1
-1.597288,-0.318554,-0.841240,-0.719987,0.344924,-0.798438,-0.045964,-0.148197,-1.557382,1.081024,-0.638151,0.494898,0.741192,1.077718,-0.357529,-1.738095,1
-0.112559,0.370013,-0.048814,-0.973152,0.970165,-1.440660,0.545726,2.132287,0.252018,0.896748,-1.190873,-0.518554,1.283087,-1.377369,0.812550,1.722751,1
-2.346134,-0.488550,0.012834,-0.061131,-1.133744,-0.327263,0.073960,-1.075645,1.149073,1.820627,-0.209228,-0.655332,0.164774,0.811753,-0.273895,0.709896,1
-0.632053,0.912831,1.710277,0.133431,1.414156,0.011456,-0.782082,0.740926,0.560405,1.353537,1.150706,0.796406,0.807625,-1.546760,-0.191785,-0.180853,1
-0.907473,0.110555,-0.251904,-0.121605,-0.736252,0.892191,0.407840,0.164891,0.080301,-1.088363,1.144992,0.873094,0.473078,0.952821,-1.231752,-1.000503,1
-1.224600,-0.345175,-1.366211,0.099653,0.671771,1.352561,0.133838,0.338484,0.662007,1.030627,0.811126,0.747272,-1.473861,0.655933,0.398591,1.169857,1
-1.043707,0.882837,-0.482379,-0.354667,1.264349,-0.151329,-0.302018,-0.852327,-0.614109,-0.851495,1.621677,1.084888,-1.459561,-0.305104,0.609017,-1.944672,1
-1.694671,-0.651628,0.828429,-0.213588,0.098720,-1.208328,-0.557568,0.126889,-0.639027,-1.083985,0.051084,1.018838,-0.767749,1.156521,0.703241,-1.197279,1
-1.480878,0.226226,-1.681474,0.855753,0.038437,-1.712323,0.100849,-0.210229,-0.724784,-0.113491,0.422202,0.527828,0.775506,0.092218,-0.709806,0.256918,1
0.632862,-0.086573,0.037758,0.599064,0.179136,-0.095728,-1.470823,-0.099520,0.264580,-0.445863,0.369533,-0.068083,-0.945267,0.285716,-0.699515,0.351362,1
-0.814613,-0.321241,-1.456114,-0.592117,1.860993,-0.839913,1.228364,-0.003278,-0.061841,-0.471860,-0.078735,0.340759,1.538499,0.071867,0.060341,0.822839,1
-0.958694,1.657085,-1.356827,0.116827,-0.546658,0.692943,0.814102,0.160875,-0.930109,-2.095649,0.865763,0.384658,0.710031,-0.107901,-0.034221,0.722609,1
-0.984399,-1.097330,-0.026347,0.320429,0.062168,1.613316,-1.650640,-0.801463,-0.326973,-0.000937,1.056569,1.181709,0.308284,-1.305254,-0.288796,-0.732150,1
-1.146429,1.013144,0.775938,-0.659686,-0.118652,0.637026,-0.416820,0.717381,0.024536,-0.180205,0.595028,0.402250,-0.242733,0.650102,-0.177381,-0.261492,1
-1.072869,0.059274,0.996943,-0.307206,0.201515,-0.345854,0.548453,-0.465109,-1.428260,-1.060768,0.827574,-0.290386,0.504835,-0.179348,1.027345,0.337678,1
-1.469932,-0.549677,-0.002481,1.145249,0.002400,-0.181167,-1.236296,1.971478,1.771336,0.121258,-0.597769,-0.689768,-0.864325,0.175698,0.278039,-0.080348,1
-1.431297,0.688283,0.525176,0.084294,0.394416,-1.023193,-0.082377,-0.367011,0.901270,-1.079190,0.917461,0.026749,0.878481,0.103121,-0.276869,-1.049600,1
-1.105132,0.778225,-0.554556,1.270484,0.840617,1.768254,-0.938196,0.206481,0.446070,1.689317,-0.245848,0.299202,0.442493,0.032834,1.021673,-0.917257,1
-1.554902,0.196125,-0.262349,-0.936685,-0.406510,0.226033,1.308367,-0.161185,0.562757,0.854137,1.768547,-0.228518,0.742322,-1.226336,0.718486,-0.503169,1
-0.361341,0.493586,-1.119849,0.290167,-1.040126,-0.171618,0.004618,-0.795137,0.237284,-0.046433,-0.945959,-1.038129,0.434663,-1.238635,0.711993,0.887624,1
-1.909184,-0.037874,-1.115694,0.567376,-0.867397,0.726094,0.028387,0.550406,-0.057938,-1.054776,0.743272,0.945891,0.199716,-0.582829,-0.311438,1.219784,1
-1.532176,0.329984,0.331242,-0.070937,-0.431266,0.829566,1.015841,0.069278,-0.305674,-1.264510,0.647653,-0.296307,0.460276,-0.251688,-0.700434,0.112078,1
-0.412285,0.789603,-0.734003,0.450599,-0.061333,0.564912,0.560382,0.057519,0.341664,0.409503,-1.140084,-0.134122,0.853856,0.275701,0.065687,0.162144,1
-1.253765,0.693238,0.071465,0.070809,0.316968,-0.838856,0.537220,0.377286,0.637640,-0.995288,0.534758,0.168290,1.388899,0.113587,-0.340505,-0.320367,1
-0.660511,0.304505,-0.306267,0.403364,0.017044,0.282279,0.114235,1.114712,-0.195601,-0.945386,0.129349,-1.316708,1.390744,0.673987,0.446185,0.187099,1
-0.245700,1.394403,0.857413,1.479047,-0.308157,-0.634430,-0.057124,0.536982,-0.225047,-0.409540,-0.119352,0.446416,-1.435527,-0.963784,0.136913,-2.248883,1
-0.891708,1.059359,-0.818745,0.107431,1.322222,1.874120,1.476057,0.160008,0.202775,-0.612049,-0.214066,-0.219016,1.950022,0.093331,-0.497604,-0.494264,1
-2.145063,-0.516896,0.371573,-1.605045,0.884850,0.907850,-0.661852,0.073899,0.145907,-0.786365,-0.994770,1.758282,0.095691,0.766888,1.119504,0.877109,1
-1.484297,0.748531,0.768227,-0.544037,-0.461859,0.949543,-1.250353,-0.395852,1.647463,1.622598,-0.845007,-0.983353,0.301963,-0.742165,-0.396813,0.265508,1
-0.908292,0.437536,0.384039,-0.744701,0.809216,0.597500,0.308314,0.467545,-0.367101,0.005793,-0.285105,-1.584435,-0.111917,0.197901,-0.412692,-0.312587,1
-0.629274,-1.190697,-0.019248,0.081218,0.508286,-0.309766,-1.061760,-0.660237,-2.374805,-0.706135,-0.262749,-0.197442,1.424615,-0.329527,0.642580,1.567221,1
0.252988,1.723194,0.762300,-0.313845,0.171124,0.559198,-0.271358,-0.854519,-1.054497,0.635367,-0.587874,-0.152088,0.564378,-0.353885,0.059924,-0.417776,1
-0.478013,-0.726983,0.695981,-0.424587,0.904930,-1.626359,0.091306,0.173174,0.194928,-0.362874,0.125022,0.447334,-0.465881,-0.410097,-0.375676,-0.501278,1
-2.078231,1.237067,-0.543259,0.421338,0.053360,0.003452,1.204804,0.409409,0.493451,1.569249,1.071326,0.986318,0.477427,-0.019744,-0.536553,0.870857,1
-1.547071,-1.152079,0.275572,0.512228,0.153039,0.241598,0.013176,-0.223573,-0.968776,-0.739637,-1.235133,0.625936,-0.232983,-0.026948,-0.165528,-1.500203,1
-1.373498,0.714504,-1.517891,0.335094,-0.477457,0.078074,0.395190,-1.372251,0.520849,-0.208199,0.013310,-0.234548,-0.035375,0.670880,0.701779,0.416431,1
-1.446323,0.537457,0.745584,0.750067,1.783952,-0.065316,-1.772368,0.177621,-0.892708,-0.226749,0.906571,-1.031249,0.326672,-1.757885,-0.190210,0.310581,1
-1.080297,0.296119,0.209090,-0.623672,2.044484,-1.549682,1.274849,0.628191,-0.180933,-0.483961,-1.559874,0.006712,0.602524,1.812248,-1.803760,-0.210248,1
-2.234767,-0.205672,-1.160919,-0.292728,0.740176,-0.273132,0.841723,-0.254125,-0.289551,-0.067055,0.219436,-0.565843,-0.289732,0.027811,0.171281,-0.252291,1
