2.653835,-1.134100,0
0.834073,0.233926,0
1.043469,-1.003816,0
0.776032,1.321264,0
0.503071,0.542837,0
0.197611,0.399162,0
0.209182,-1.208574,0
1.192920,-1.177744,0
1.710631,-0.273692,0
-0.092568,1.116023,0
-0.611044,-0.507772,0
0.370873,-1.172047,0
1.712649,-0.566850,0
1.164853,0.187978,0
0.235667,-0.283363,0
-0.071700,0.056192,0
1.058353,-0.919355,0
1.603047,0.390509,0
1.533244,0.621920,0
0.732855,-0.274156,0
0.888343,0.855680,0
0.437761,0.030607,0
0.848459,-0.561893,0
2.624291,-0.676683,0
0.651761,0.433963,0
2.078778,0.296217,0
1.220354,-0.481539,0
-0.583014,0.099768,0
1.795880,-0.226056,0
1.280576,-0.512219,0
0.428141,0.568957,0
1.837344,0.122899,0
0.460604,0.027720,0
1.009393,-0.512969,0
0.735155,0.215605,0
1.090400,-0.016023,0
0.253422,1.092931,0
-0.065500,0.923801,0
1.658468,0.162389,0
0.285082,0.115423,0
0.654659,0.464795,0
1.051848,1.192227,0
0.908567,-0.240065,0
1.142329,1.132553,0
0.044817,-0.435505,0
0.492296,-1.364331,0
0.473568,0.108401,0
0.926374,-0.094665,0
-0.288811,-0.643893,0
0.391337,0.270726,0
1.710855,1.235891,0
1.662888,0.842803,0
0.338669,0.789362,0
1.707243,-0.835781,0
1.365136,0.098142,0
1.264282,0.619611,0
0.554753,0.068246,0
1.890482,-0.769094,0
0.165483,-1.729339,0
1.133034,-0.558624,0
0.090109,-0.200809,0
2.099657,0.153261,0
0.888612,0.222830,0
1.795479,0.863270,0
0.498106,0.785855,0
0.976247,0.207451,0
-0.442822,0.079669,0
1.593941,0.216723,0
0.743378,-1.359260,0
1.885216,0.011544,0
0.378577,-0.111071,0
1.474941,0.559453,0
1.967557,0.435240,0
1.596534,-1.614658,0
1.040562,-1.195853,0
1.008279,-0.633698,0
1.014975,-0.888356,0
1.952914,-0.451205,0
0.446576,0.624100,0
2.713040,1.097543,0
1.306166,-1.005141,0
0.688251,0.514618,0
-0.070265,0.255966,0
0.773220,1.610624,0
1.842114,-0.361236,0
1.155505,0.085679,0
0.890508,0.719241,0
0.383132,-0.318196,0
0.841449,-0.070319,0
0.470436,0.399364,0
1.255919,0.345392,0
0.126165,-0.219522,0
0.069165,-0.691222,0
1.554511,0.487322,0
0.873722,0.257904,0
1.629547,1.363405,0
1.278533,-0.201106,0
2.828145,-0.040796,0
0.875895,-0.140287,0
1.046601,-0.057849,0
1.294050,-0.488886,0
0.966441,-0.264096,0
1.390594,-1.187533,0
2.181631,-0.127855,0
1.450576,1.277778,0
1.974965,0.237437,0
1.600958,0.868077,0
0.945637,-0.698034,0
0.519410,-0.876979,0
-0.763047,-0.563503,0
1.101604,-0.213610,0
0.968816,0.641268,0
0.966046,0.945640,0
0.650943,-0.841369,0
0.140928,-0.362667,0
1.029753,0.225443,0
-0.260985,0.141897,0
1.115021,-1.853395,0
1.717835,-0.306675,0
-0.148078,-0.008259,0
1.974567,-1.249312,0
0.658193,-0.845141,0
0.507807,-0.094644,0
0.513576,0.896070,0
0.869728,-0.230906,0
1.238430,-0.217694,0
2.026518,-0.955665,0
-0.114012,-0.393034,0
1.522991,0.688778,0
-0.746692,0.655236,0
0.694726,0.529660,0
1.355796,-1.033818,0
0.196684,-0.324126,0
-0.784882,-0.986951,0
2.001683,1.064255,0
1.759732,0.477493,0
1.458547,-0.137770,0
0.280901,0.278774,0
-0.180374,0.066862,0
0.763113,-1.016750,0
0.398802,0.275767,0
0.777047,1.362602,0
0.361468,-0.161660,0
0.898135,0.050860,0
1.362769,0.265383,0
0.198882,0.172660,0
0.207984,-0.135450,0
0.616724,-1.170089,0
1.511673,0.450515,0
0.784799,0.775090,0
1.925450,0.189395,0
-0.344202,0.309676,0
0.850276,0.279895,0
0.441978,1.104089,0
-0.245117,0.356485,0
1.559675,-0.415331,0
0.979011,0.455242,0
1.386086,-0.567393,0
2.009645,0.814264,0
1.044800,-0.155301,0
0.092146,-0.279834,0
2.032461,0.578114,0
-1.568998,0.246785,0
2.071397,0.236534,0
1.293054,-0.198582,0
1.140515,-0.006722,0
0.048022,-0.117661,0
0.746705,0.047752,0
0.627537,-0.293599,0
1.998584,-0.176403,0
1.220200,-0.463068,0
1.834097,0.998960,0
2.078706,0.177290,0
0.665187,-0.700912,0
-0.586320,-0.982116,0
-0.799962,-0.707757,0
-0.122963,-0.601855,0
0.450136,1.144676,0
-0.130812,-0.200975,0
1.576659,1.050277,0
0.160739,0.875151,0
1.564916,0.476714,0
2.282244,-0.491655,0
1.160300,0.961327,0
1.417595,1.120359,0
1.955059,-0.348796,0
-0.101719,0.523903,0
2.615239,-0.015378,0
2.572969,1.179240,0
2.241416,-0.328226,0
-0.395524,-0.557264,0
0.257887,-0.926987,0
1.618306,0.703710,0
1.501410,-0.640227,0
0.630104,-0.124285,0
-0.221521,-1.761305,0
-0.311387,-0.746917,0
0.783834,-0.032072,0
-0.084929,1.286608,0
0.271264,-0.933972,0
0.913095,-0.093570,0
1.331849,-0.436403,0
1.432911,-1.055928,0
1.848059,0.306185,0
1.111808,-0.220142,0
2.645581,-1.621393,0
1.177828,0.033898,0
-0.085939,-0.584634,0
0.383824,-0.809134,0
0.620550,-0.281914,0
0.700778,-0.125251,0
1.329223,0.534580,0
1.139524,0.049462,0
1.520533,-0.138397,0
1.423426,0.607335,0
2.310956,-0.260400,0
-0.159229,-0.350564,0
1.012012,-0.202528,0
0.705312,-1.844265,0
-0.062310,0.284549,0
1.704355,0.460504,0
-0.481457,0.160166,0
1.091395,0.225192,0
1.641279,0.614599,0
1.413773,-1.167685,0
-0.213774,-0.135152,0
0.534339,0.083557,0
0.779924,0.560548,0
-0.218393,0.340023,0
0.926959,0.451620,0
0.441635,-0.657555,0
0.672394,0.976458,0
0.544044,0.216388,0
3.137672,0.222201,0
1.307348,0.404560,0
1.767284,0.018319,0
1.987442,-1.861167,0
1.512362,1.319542,0
0.096903,0.914718,0
-0.111561,-1.111880,0
1.445669,-0.115214,0
1.504396,0.533069,0
2.408944,-1.281144,0
2.284526,1.497219,0
1.714571,-0.812186,0
0.827982,0.192086,0
-0.665355,0.020653,0
0.883324,-0.412243,0
1.622522,-0.026951,0
1.085220,0.277918,0
1.404904,-0.291990,0
1.259684,-0.070311,0
0.409815,1.235753,0
2.044490,0.051303,0
1.727161,0.346845,0
1.860890,-0.480271,0
0.770908,-0.428704,0
1.082742,-0.047055,0
1.827049,0.075330,0
1.095449,-0.523367,0
1.479196,-0.309064,0
0.707470,1.001544,0
1.274328,0.261320,0
0.710485,-0.575804,0
-0.009714,-0.442847,0
1.556215,0.542094,0
1.378605,-0.887298,0
0.035941,0.718345,0
0.082098,-0.494758,0
1.433197,0.225959,0
0.939522,0.312163,0
1.378114,-0.250212,0
0.815746,0.323092,0
0.051263,0.051775,0
1.425376,-0.963385,0
0.906056,0.781322,0
1.199943,0.262867,0
0.008108,-0.744882,0
0.386088,0.204746,0
0.928765,-0.170319,0
1.885586,0.481424,0
0.089464,0.294547,0
0.572209,-2.490571,0
1.122563,-0.290008,0
2.895673,0.247092,0
0.924399,-0.866327,0
1.296613,-0.550535,0
1.928447,0.866933,0
1.101816,0.155759,0
1.971629,-0.703788,0
1.687262,-0.897429,0
-0.355858,0.663665,0
0.590460,0.185871,0
1.669929,-1.134564,0
0.471086,-1.012318,0
2.680681,0.227132,0
1.501786,-0.277783,0
0.751142,0.035320,0
0.108093,0.120978,0
0.396347,-0.356757,0
0.735359,0.704095,0
0.912344,-0.229397,0
0.328203,0.925105,0
1.120353,0.089182,0
0.253533,0.712716,0
0.344883,0.914134,0
0.959297,1.468597,0
0.917199,-0.327730,0
1.098644,0.920692,0
1.522913,-0.347605,0
0.676176,-1.088109,0
1.451354,-0.051238,0
2.506239,0.408435,0
0.820673,-0.484464,0
0.277381,0.726620,0
1.064709,0.047147,0
0.598623,0.514983,0
0.638476,-0.197950,0
2.041842,-0.564977,0
0.191076,1.854638,0
0.496166,0.923267,0
0.372378,-0.461535,0
-0.583651,1.616080,0
1.375854,1.631392,0
1.308954,-0.499709,0
0.795799,1.478937,0
2.583085,0.285079,0
2.290704,-0.328960,0
1.850705,0.327258,0
0.303255,0.697315,0
1.800610,-0.289257,0
1.334710,0.498863,0
2.256285,0.522321,0
0.430833,-2.214465,0
1.251771,0.078639,0
1.560336,0.016242,0
2.485008,0.017843,0
0.392318,-0.795163,0
1.095117,-0.077247,0
0.158669,0.226087,0
2.993037,0.322847,0
0.336426,0.368868,0
0.843822,-0.625962,0
1.054148,-0.047087,0
0.534049,0.445432,0
2.182455,1.087457,0
0.606961,-0.393457,0
1.149066,0.054914,0
-0.511768,-0.905344,0
0.355039,0.161344,0
-0.290636,0.093485,0
2.429739,-1.040519,0
1.335237,-0.847759,0
0.680404,0.232534,0
1.198591,0.351587,0
1.576298,-0.853757,0
1.697440,-0.186445,0
1.734796,1.023098,0
0.949223,-0.664115,0
0.491005,1.168924,0
2.885812,-0.560724,0
1.012650,0.202212,0
1.416166,-0.851449,0
0.482650,0.888526,0
0.746682,0.109431,0
2.131425,-0.169695,0
0.441494,-0.656589,0
1.044504,0.186911,0
-0.092952,-0.183702,0
0.754520,-1.284741,0
1.584700,-0.885164,0
1.587237,0.566423,0
1.304474,-0.041198,0
-0.091244,-0.285626,0
1.178975,-0.179777,0
0.474984,0.711591,0
0.550948,0.730281,0
1.623837,0.335454,0
1.176875,-0.454528,0
2.418783,0.225453,0
0.192585,0.192050,0
2.180541,0.114244,0
0.113790,-0.878656,0
0.453121,0.449280,0
1.076862,0.029264,0
2.697669,-1.492598,0
1.377802,-0.359895,0
1.134275,1.518192,0
0.838496,0.524931,0
1.144203,1.052461,0
0.778085,-0.599328,0
1.360140,-1.975882,0
2.950288,0.612408,0
1.675358,0.720492,0
0.479194,-0.496270,0
0.888151,0.106500,0
0.983780,1.433482,0
0.807486,-0.123032,0
0.407683,-0.545334,0
-0.561292,-0.688469,0
0.298344,0.945275,0
0.555156,-0.224309,0
-0.004444,0.015681,0
1.800186,-0.460041,0
0.523041,-0.284004,0
1.459606,-0.299468,0
1.141164,1.612404,0
0.807542,-0.422106,0
0.697684,-0.036893,0
1.121257,-1.525014,0
2.818843,0.400497,0
0.783728,-0.380403,0
1.750425,-0.941186,0
1.928678,0.783432,0
0.206579,-0.372524,0
0.334622,0.659503,0
0.739305,0.608455,0
1.082016,-0.318640,0
1.325390,0.291544,0
0.167717,-0.723020,0
0.134504,-1.092863,0
0.731716,1.337232,0
0.759777,-0.368463,0
-0.352985,1.091462,0
-0.906722,-0.395107,0
0.320211,-0.833456,0
0.791794,0.841449,0
0.967201,-0.601784,0
0.434388,0.019180,0
0.880017,1.829198,0
1.157376,-0.922655,0
0.397919,1.022953,0
2.180971,0.736479,0
1.116226,-1.402851,0
1.878854,-0.016458,0
1.720839,1.203997,0
1.105508,-0.748891,0
1.074961,-0.644312,0
0.274935,0.257929,0
0.874969,-1.104696,0
2.240835,-0.701255,0
1.208807,-0.526022,0
0.924607,0.877310,0
1.733009,0.007406,0
1.212334,-0.316552,0
1.800908,-1.614898,0
1.294132,-0.455635,0
0.414576,-0.654560,0
2.489680,-0.027081,0
1.970987,-1.647819,0
1.114244,0.542200,0
-1.850043,-0.056323,0
2.913596,0.123831,0
1.676061,-1.299505,0
1.347702,-0.812883,0
2.166800,0.281010,0
0.902872,1.161096,0
1.231941,0.029103,0
-0.333681,0.294048,0
1.016928,0.404136,0
1.185458,1.144198,0
2.627970,0.702237,0
0.756181,-0.169332,0
0.212652,-0.433914,0
0.051575,-0.180568,0
1.678756,-0.125216,0
1.538456,0.598375,0
-0.656322,-0.614623,0
1.489823,-0.009554,0
-0.697252,0.615304,0
1.429186,-0.360079,0
1.059803,-0.172523,0
0.631646,1.336976,0
0.317907,0.155116,0
0.635530,1.066617,0
1.381186,-1.313923,0
1.612035,-0.224600,0
2.364375,-0.243504,0
1.773880,-0.007621,0
1.261124,-1.010269,0
0.390362,-1.145918,0
2.613691,-1.839112,0
0.512161,-0.120662,0
1.547677,1.064229,0
0.773015,-0.086268,0
2.911099,0.432320,0
1.534494,0.237662,0
1.392755,-0.657925,0
0.511935,-0.010595,0
1.039119,-0.762610,0
2.357694,0.991068,0
0.887739,0.915455,0
1.213527,-0.415031,0
0.242536,1.201825,0
0.904603,-0.436662,0
2.183632,0.665884,0
0.963070,-0.050739,0
-0.157524,-0.791866,0
-0.197683,1.208167,0
-0.060523,-0.776855,0
1.432793,0.255675,0
1.373052,-0.303835,0
0.897211,0.407625,0
0.456422,-0.456741,0
2.138638,0.072280,0
1.895259,0.181517,0
1.564915,-0.048093,0
0.082649,0.570807,0
0.710543,-0.101345,0
1.374771,-0.763755,0
2.136764,0.203922,0
1.939509,0.604337,0
1.264857,-0.296385,0
-1.240328,0.375355,0
-0.243176,-1.318714,0
2.470926,-0.415433,0
0.263734,-0.304754,0
2.310639,-0.039052,0
0.616136,-0.834703,0
1.532578,-0.004654,0
-0.208135,0.768997,0
2.537635,0.016998,0
0.949779,0.256109,0
1.619567,-0.559116,0
2.062001,-0.583375,0
1.264930,0.653249,0
0.286657,-0.956881,0
1.141470,-1.628213,0
0.937141,0.788836,0
-0.096760,-0.054853,0
0.387959,0.955067,0
1.603165,-0.967845,0
1.786703,-0.414325,0
2.254917,-0.618380,0
1.420263,-0.026827,0
0.711432,0.179631,0
0.031834,-1.225440,0
0.661977,0.597277,0
0.940195,-0.487205,0
0.793711,-0.984408,0
-0.452598,-0.309596,0
0.800520,-0.235912,0
-0.480092,-1.155798,0
1.046383,-1.131288,0
2.052025,0.960093,0
1.739083,0.552825,0
1.310938,-0.536489,0
0.759296,0.365170,0
1.445299,-0.635477,0
1.244328,-0.426733,0
1.354970,0.163356,0
2.014381,1.114572,0
1.382094,-0.807387,0
0.069962,-0.129115,0
2.082424,0.466154,0
-0.043176,-0.531874,0
0.956279,0.113640,0
0.303101,-1.383531,0
0.711623,-0.329820,0
0.814898,0.407963,0
2.547775,0.077390,0
1.715854,0.522332,0
1.513323,-0.046747,0
1.269212,-1.031163,0
1.176600,0.463475,0
1.283064,0.060150,0
1.785118,0.554591,0
1.161635,-1.123344,0
1.457494,0.307340,0
-0.178271,0.014397,0
1.461037,0.690794,0
1.238557,-0.473897,0
0.617477,1.869076,0
0.002918,-0.283455,0
-0.422467,-0.550414,0
0.959954,-0.153639,0
2.142742,-0.957299,0
0.523838,1.252325,0
1.863262,-0.143507,0
1.110936,-0.655378,0
0.327510,-0.616462,0
0.787574,0.909798,0
1.686741,0.241972,0
-0.252709,0.347453,0
2.283842,0.260341,0
0.815567,-0.440357,0
0.083439,-0.573538,0
1.542213,0.296863,0
0.545459,1.800415,0
2.088248,-1.172826,0
1.880652,0.684993,0
1.581465,0.141788,0
-0.105585,-0.044172,0
1.895827,-1.272995,0
2.563102,-1.355516,0
1.445502,-0.812753,0
-0.673933,-0.757252,0
0.536921,-0.832565,0
1.006800,-0.488912,0
1.581210,1.786635,0
0.659661,0.559179,0
-0.246485,-0.409033,0
0.707911,-0.336304,0
0.205410,0.751778,0
1.054060,0.253109,0
1.686985,0.245793,0
0.834893,1.524970,0
0.863095,-0.513954,0
1.791883,0.167870,0
1.827819,0.042801,0
2.105369,0.259794,0
0.698304,-0.411857,0
-0.091383,1.141534,0
1.750230,0.124720,0
1.529706,-0.305815,0
1.798809,0.362893,0
1.986918,-0.315721,0
-0.041281,1.129417,0
2.250688,0.281635,0
0.284273,-1.200745,0
2.054139,0.561459,0
1.063645,-0.641054,0
0.626609,-0.182107,0
2.577327,-0.401433,0
0.863456,-0.554814,0
-0.364764,0.091614,0
2.826785,-1.056760,0
0.114115,-0.623856,0
0.646126,-0.219559,0
0.746491,-1.584917,0
1.795079,0.325159,0
1.886056,0.038781,0
1.180324,0.837326,0
1.660409,-0.699530,0
1.583155,-0.116078,0
0.204649,-0.203455,0
1.510415,-1.396187,0
1.235441,-1.053015,0
1.041985,0.619390,0
0.542722,0.750685,0
1.349653,0.148576,0
1.253954,-1.278044,0
0.581424,0.699455,0
-0.403172,-0.141498,0
-0.299331,1.094588,0
1.147388,0.504354,0
-0.027929,-0.605089,0
0.467742,-1.868766,0
1.616370,-0.778277,0
0.797616,0.254491,0
1.665906,-0.145085,0
1.950978,0.174808,0
-0.136668,-0.469131,0
-0.086317,1.459503,0
1.667554,-1.277155,0
1.023110,-0.833539,0
-0.159268,1.038944,0
0.835978,0.649162,0
2.510776,-0.028664,0
1.982689,-0.585997,0
-0.391139,-0.190666,0
2.923418,0.467783,0
-0.556299,0.975133,0
1.607064,1.362441,0
1.227128,-0.385038,0
0.972045,1.597599,0
1.239043,0.918425,0
1.635853,0.674254,0
1.330163,-0.869873,0
1.020664,0.055073,0
1.114801,0.073413,0
2.027764,1.450837,0
0.856792,0.393945,0
1.498792,-0.115411,0
1.314051,0.064755,0
0.902202,0.770975,0
1.208565,1.529617,0
0.954342,-0.752892,0
0.089326,-0.495252,0
2.113422,-0.783917,0
1.526081,-0.048591,0
0.942042,0.265837,0
0.573512,-0.429764,0
0.595373,0.058484,0
0.027486,0.626054,0
1.555590,0.723918,0
0.867492,-0.115658,0
0.003008,0.764499,0
0.750420,-0.161675,0
1.670710,-0.176578,0
1.273041,0.612781,0
0.252615,-0.091481,0
0.854224,0.224010,0
-0.136506,0.583948,0
0.237310,0.256851,0
1.342919,-0.599188,0
2.738773,0.443789,0
1.536290,-2.097571,0
-0.120984,-0.149847,0
0.885295,0.423206,0
0.626336,0.791416,0
1.304695,0.407803,0
-0.391135,-0.783945,0
0.867265,-0.954970,0
0.672233,-0.185036,0
0.127845,-0.204129,0
0.839667,0.744899,0
1.095129,1.109116,0
0.544399,-0.289473,0
0.570795,-0.127650,0
-0.056622,0.030345,0
0.962953,-0.204361,0
1.229246,0.103243,0
0.624493,-0.014536,0
1.610250,0.460641,0
2.195826,0.726540,0
1.750941,0.243546,0
-0.493480,-2.111190,0
-0.032246,0.428894,0
-0.198390,0.042574,0
-0.304202,-0.430470,0
0.760275,1.600544,0
1.103105,-0.486885,0
1.379783,1.027409,0
2.053454,0.726131,0
1.750684,-1.470269,0
1.913653,0.402284,0
0.295612,-0.576552,0
0.490077,1.007423,0
0.987499,-0.887474,0
1.041338,0.634610,0
-0.202320,-1.329923,0
-0.262353,0.199719,0
0.284948,-0.130751,0
0.360903,1.001651,0
0.722596,0.045128,0
1.133127,0.948797,0
0.468256,0.573476,0
0.176885,0.350181,0
1.333144,-0.944943,0
1.431581,-0.463056,0
0.977922,0.197305,0
-0.271727,0.331346,0
1.233204,0.508911,0
0.565493,-0.283771,0
1.010357,-0.256456,0
1.265098,-0.386419,0
0.351047,0.805808,0
0.489128,0.853357,0
1.471246,-1.312454,0
0.501093,-0.513189,0
1.475870,0.309121,0
0.227530,0.275407,0
2.659791,-0.285518,0
0.979528,-0.643505,0
1.302388,-1.528718,0
0.895829,0.639588,0
0.280211,1.067593,0
0.423324,-0.086833,0
1.246878,-0.665248,0
2.064793,-0.363641,0
1.641057,-0.415107,0
1.214518,-0.418889,0
1.039398,-0.367472,0
0.488039,0.230143,0
1.133348,-1.051412,0
0.985830,-0.486196,0
0.630398,0.638001,0
0.519202,-0.439087,0
0.032508,0.923338,0
0.763896,1.513869,0
0.650316,-0.161431,0
2.272145,0.082072,0
1.265847,1.115103,0
0.619812,-0.768225,0
1.966891,-0.645675,0
-0.221039,0.165437,0
-0.160861,0.401230,0
0.059459,-2.085381,0
2.186379,0.385735,0
-0.336764,-0.352680,0
0.561230,-0.574768,0
1.012910,-0.402840,0
0.644779,-0.035159,0
1.238504,1.167063,0
1.735057,0.488120,0
0.455555,-0.064627,0
1.023898,0.226837,0
1.028375,0.868505,0
0.238964,-1.054574,0
0.732984,-0.862184,0
-0.467487,-0.365091,0
-0.258610,-0.301716,0
1.254346,-0.504501,0
1.418625,-0.313137,0
-0.079669,0.148751,0
-0.555879,-0.145547,0
1.010723,0.102765,0
0.435725,-0.339649,0
1.064622,-1.030680,0
1.442472,0.973706,0
-0.086554,0.396572,0
1.479447,0.820180,0
0.864208,0.605799,0
1.755047,0.402249,0
0.854191,-0.930568,0
1.023771,-0.061447,0
0.584342,1.292293,0
0.405649,0.293601,0
0.105254,-0.368207,0
1.398496,-0.279240,0
0.593345,-0.308283,0
0.955573,-1.377698,0
1.480359,0.619565,0
1.664555,-1.162282,0
0.979084,-0.207138,0
1.116934,-0.661524,0
0.606174,-1.801442,0
3.012298,-0.873293,0
2.183222,-0.396684,0
1.655738,-0.705470,0
1.587933,-0.246119,0
1.824683,-0.933280,0
1.407610,-0.453152,0
1.867013,0.954192,0
1.324668,-0.655448,0
-0.123311,-0.954225,0
0.399358,-0.199126,0
1.174798,2.271832,0
1.177412,0.464989,0
1.035473,0.577304,0
1.119691,-1.423666,0
1.561056,0.228433,0
1.851706,0.759735,0
2.363125,0.865520,0
2.116706,-0.318240,0
0.096778,-0.545629,0
2.684432,0.586549,0
1.816607,-0.073076,0
1.273927,1.070158,0
0.589505,0.466408,0
1.686048,-0.767958,0
1.068626,-0.543919,0
0.135868,0.780924,0
1.275250,0.653570,0
0.687922,0.470094,0
2.147126,-0.523376,0
1.985024,1.881281,0
1.237493,0.147739,0
1.367831,0.765915,0
-0.343573,-0.306169,0
1.290195,0.068902,0
1.469221,-0.494178,0
1.501012,-0.331860,0
0.424889,0.061939,0
1.129180,-0.691980,0
1.704173,-0.293842,0
0.136030,-0.452265,0
0.414209,-0.724817,0
0.060079,0.203176,0
1.053840,-0.895191,0
0.644897,-0.628134,0
0.528382,-0.349073,0
1.312705,-0.689345,0
0.698166,-0.210855,0
1.075898,-0.253620,0
1.839416,-1.774277,0
2.759524,-1.117750,0
0.414368,-1.281998,0
0.592066,-0.897766,0
2.229228,-0.927240,0
0.948774,0.022774,0
1.509722,-0.527127,0
3.093312,1.244157,0
0.005281,1.001684,0
1.673376,0.499627,0
1.831936,0.591512,0
0.394581,1.758775,0
1.638563,-0.459402,0
0.634635,-0.545779,0
1.273372,-0.344191,0
1.667291,0.703605,0
-0.052960,0.367807,0
0.058468,-0.104253,0
0.502620,-0.272699,0
0.702140,-0.171949,0
-0.520284,-1.126125,0
1.156376,-0.519420,0
2.890814,0.356757,0
0.890128,0.874460,0
2.322821,-0.276121,0
0.907610,-0.274260,0
1.593285,-0.064103,0
0.944993,0.359520,0
-0.133405,0.397122,0
1.342707,-1.092139,0
0.878237,0.417252,0
1.634043,-1.661700,0
0.860575,-0.733622,0
1.860305,-0.107000,0
0.797489,0.250808,0
1.701868,-0.003585,0
0.143776,-0.966863,0
1.680443,-0.341505,0
0.562224,0.692426,0
1.148929,0.560902,0
0.950524,-1.252377,0
-0.559043,0.075267,0
2.079148,0.762162,0
-0.294514,0.175438,0
1.455702,1.009054,0
0.552959,-0.066463,0
0.413068,-0.044680,0
2.105240,0.973664,0
0.438548,0.337414,0
1.066234,-1.083053,0
1.709167,-0.289711,0
0.982417,1.155955,0
-0.395427,-0.777705,0
-0.294895,-0.227464,0
1.557619,0.688203,0
1.107464,0.602310,0
-1.482406,-0.724337,0
0.420118,-1.054034,0
0.854992,-0.138407,0
0.084377,-0.099436,0
1.505130,0.957504,0
1.311599,-0.890399,0
-0.183004,-0.964125,0
2.453310,0.445908,0
0.002280,0.183173,0
1.068746,-1.732211,0
1.719458,-0.270666,0
1.974442,0.973141,0
1.410998,-0.909279,0
0.580861,-0.501284,0
0.248247,1.066146,0
1.477254,-0.196483,0
1.181456,-1.004223,0
-0.316413,-1.700830,0
0.743813,-1.207871,0
-0.885130,-0.014008,0
0.288127,0.281783,0
0.144897,0.459387,0
2.118251,0.594315,0
0.147078,-0.789646,0
0.024790,0.574379,0
-0.011281,-0.239269,0
1.254926,0.857052,0
2.059568,-1.128164,0
1.314303,-0.531658,0
2.125974,0.242455,0
0.937784,-0.109774,0
1.074658,-0.291417,0
2.265463,0.017224,0
0.808264,0.964935,0
-0.878045,-1.316523,0
1.700173,-0.933735,0
1.837453,0.610784,0
2.104374,1.607520,0
0.621136,0.976598,0
0.806680,0.704336,0
1.433143,0.288308,0
1.580607,-0.475502,0
0.430411,0.815320,0
0.942474,-0.012533,0
-0.419631,-0.525311,0
0.865143,0.550959,0
1.431826,1.609462,0
1.320584,1.207962,0
0.692957,1.724395,0
-0.194031,-1.103351,0
1.102432,-0.052443,0
0.283367,-0.484630,0
2.950529,0.273178,0
0.463691,-1.377995,0
0.444802,0.050676,0
2.474548,0.375234,0
1.519428,0.952918,0
0.313907,-0.099037,0
1.210127,-0.026356,0
1.743829,1.252491,0
1.046349,-0.270220,0
0.499423,-0.018555,0
0.539346,0.466053,0
0.156108,0.896576,0
0.814691,0.064565,0
2.113277,1.064790,0
0.663154,-0.632061,0
2.372633,-1.128305,0
0.830215,-0.639062,0
1.042422,0.764087,0
0.725154,0.881089,0
1.079906,-0.501583,0
-0.183692,-1.195927,0
1.559804,-1.753519,0
3.208992,0.610891,0
1.123272,-0.383122,0
1.254709,0.898479,0
2.030644,-0.697960,0
-1.121027,1.930280,1
-1.650760,0.072112,1
-0.823573,0.296864,1
-1.371386,-1.047263,1
-1.099989,0.718443,1
-0.974856,1.331705,1
-0.273113,-1.526323,1
-0.916865,1.719666,1
-2.450918,0.078234,1
-1.196621,0.556433,1
-0.134196,-0.523212,1
-1.312450,0.890829,1
0.254648,-0.945326,1
-0.093837,-0.185501,1
-0.614257,-0.837377,1
-1.124974,-0.210491,1
0.408082,0.412228,1
-1.621913,1.206768,1
-0.717274,-0.241046,1
-0.342999,-1.404559,1
-0.934741,-0.675024,1
-0.614481,-1.677878,1
-1.463542,0.624108,1
-1.362834,-1.024039,1
-2.236938,-1.144922,1
-0.883769,0.823375,1
-0.750377,-0.128759,1
-0.819975,0.031756,1
-1.030365,-0.025014,1
-0.256872,0.252837,1
-0.189478,0.599028,1
-2.093866,-0.181570,1
-1.070186,-0.162318,1
-0.591671,-0.117835,1
-0.418675,-0.651782,1
-1.781916,-0.782609,1
-2.431489,-0.510102,1
-1.123371,-0.587167,1
-1.929801,-0.193535,1
-0.338788,-0.507242,1
-1.610643,-1.251769,1
-1.424673,1.038862,1
0.227304,-0.659961,1
-0.641344,0.326311,1
0.240844,-0.784355,1
-1.764982,-0.090090,1
-1.752829,-0.445870,1
-1.096279,0.011616,1
-1.136911,0.293530,1
0.023885,0.910592,1
-1.563376,1.166651,1
-2.339888,-0.118930,1
-0.693518,-0.118072,1
-0.500929,0.495888,1
0.458792,-0.538139,1
-0.849675,-0.309877,1
-1.646339,0.732231,1
-1.657633,-1.470968,1
-2.523349,1.134875,1
-1.461203,-0.804773,1
-1.493466,-0.752379,1
-1.208954,-0.578703,1
-2.335400,0.114884,1
0.996954,-1.175302,1
-1.109357,-0.036019,1
-0.392037,-0.036247,1
0.066146,0.484112,1
-1.067704,-0.295412,1
-0.035253,-0.631570,1
-1.979184,1.437474,1
0.340908,-0.736092,1
-0.799521,0.803371,1
-1.063558,-1.257995,1
-1.076186,-1.100116,1
-1.542713,0.452948,1
-1.679671,0.078010,1
-1.464190,0.844547,1
0.583391,0.522610,1
0.382250,0.024989,1
-1.899859,0.094518,1
-2.163704,0.271452,1
-1.425426,-0.333139,1
-1.180155,-0.244904,1
-2.594536,-0.856456,1
-1.507783,0.203501,1
-1.481658,0.255552,1
-1.564576,-1.739446,1
-0.992930,-0.384234,1
-0.248907,0.570794,1
-1.595025,-0.438282,1
-1.996697,0.443340,1
-0.701169,0.748397,1
-0.632082,0.376252,1
-0.937921,0.694706,1
-1.365024,0.608178,1
-1.103961,0.583801,1
-1.010000,0.102932,1
-1.879380,0.975989,1
-1.034560,0.166503,1
-0.994962,0.380911,1
-0.047308,0.745749,1
-1.878859,-1.125607,1
-0.762881,0.327248,1
-1.360389,1.038086,1
-0.991510,1.116157,1
-2.207726,0.079632,1
-2.800565,0.224697,1
-0.206671,0.915255,1
-2.056657,-0.606848,1
0.216202,-0.893393,1
-0.783645,-1.493970,1
-2.610109,-0.499621,1
0.027403,0.291694,1
-0.553428,0.232961,1
-1.334231,-0.646179,1
-0.378175,0.173485,1
-1.072037,0.634993,1
-0.655256,0.521462,1
-1.012881,1.395950,1
-0.523175,-0.750684,1
-1.333489,-2.719975,1
0.695289,1.001727,1
-0.526421,-1.021694,1
-0.598681,-0.119184,1
-1.219256,-0.209192,1
0.092019,-0.501769,1
-1.561079,0.794440,1
-0.936548,1.402290,1
-1.017254,-0.394456,1
-1.643032,-0.764692,1
-1.063098,0.781699,1
-0.576571,-0.266466,1
-1.058591,0.069035,1
-0.121440,0.238580,1
-0.720284,0.267818,1
-1.704881,-0.134928,1
-0.197281,1.761204,1
-0.739102,1.260075,1
-0.611784,-0.294151,1
-0.525821,-1.027561,1
-1.162149,0.189754,1
-1.475822,0.147356,1
-1.351040,-1.113909,1
-0.447117,-0.253787,1
-1.648052,0.248032,1
-1.527846,-0.690149,1
-1.762873,-0.001149,1
-0.730952,0.832245,1
-0.018192,0.446059,1
-0.374439,1.376164,1
-1.904558,0.885409,1
-1.066734,0.383718,1
-0.084947,-0.018150,1
-1.068140,-0.262573,1
0.234254,0.413059,1
0.392589,0.386261,1
-0.519898,0.215271,1
-1.328158,1.029231,1
-1.609695,-1.122431,1
-0.666661,-1.041584,1
-1.364182,-0.060228,1
-1.006036,0.615320,1
-0.432824,0.086163,1
-2.652513,-0.840568,1
-0.618917,-0.256572,1
-1.375659,-0.127169,1
-1.500040,-0.836426,1
0.512379,-0.724493,1
-2.035846,0.106968,1
-0.339429,-1.355932,1
-1.799917,0.864187,1
-1.200310,0.692795,1
-0.946372,0.596938,1
-2.044357,-0.358879,1
-1.258961,-0.382967,1
-0.777134,-0.307626,1
-0.292325,-0.063467,1
-0.033819,-1.103002,1
-1.362047,0.240231,1
-0.650602,-0.674762,1
0.485952,1.053187,1
-0.751652,-0.440160,1
-0.784364,-1.089288,1
-0.238133,0.745569,1
0.037947,-0.935380,1
-0.984982,-0.204196,1
-0.028659,-0.116940,1
-2.031487,0.673582,1
-1.089717,-0.145528,1
-0.256436,-0.301852,1
-1.383851,-0.207607,1
-0.278783,0.758884,1
-0.742842,0.431737,1
-2.062076,1.186983,1
0.024542,0.328944,1
-0.225312,-1.482858,1
-0.757654,-0.522145,1
-1.876864,0.794054,1
-1.737255,0.698714,1
-2.178196,-0.083543,1
-1.270101,-0.493176,1
-1.680268,0.496904,1
0.319395,-1.340983,1
0.438856,-0.409470,1
0.259227,-0.604752,1
-1.678787,-1.007528,1
-1.472985,-0.803990,1
-0.891768,-0.572755,1
-0.862676,-0.272880,1
-2.069176,0.064196,1
-2.210503,-0.830934,1
-0.659003,-0.063777,1
-0.480371,0.320888,1
0.319021,-0.291374,1
0.624783,0.090775,1
-1.356394,0.557263,1
-0.718343,-0.335349,1
-1.612158,-0.303038,1
-1.535725,-1.038321,1
-1.537900,-0.411263,1
0.875306,-0.039889,1
-1.358469,-0.185601,1
-0.857131,-0.472752,1
-0.747337,0.411651,1
-2.616247,-1.397543,1
-1.201836,0.378270,1
-0.763942,-0.558387,1
0.510993,-1.001288,1
-1.366528,-0.185460,1
-0.585927,-0.821983,1
-0.372127,0.616032,1
-2.074878,-0.300105,1
-1.280544,0.461756,1
-1.651466,-0.463349,1
-3.256811,0.428899,1
-1.212097,0.740130,1
-0.877654,0.406495,1
-0.841461,-0.708572,1
-0.605093,-0.075997,1
-1.574090,0.375771,1
-0.657813,-1.145601,1
-1.561026,1.939398,1
0.631473,-0.588224,1
-2.091793,-0.209559,1
-1.043578,0.061784,1
-1.971686,-0.485696,1
-0.352616,-0.960773,1
-1.878386,-0.347270,1
-0.593325,-0.356601,1
-1.969086,0.245254,1
-1.204721,0.746955,1
-2.345840,0.259386,1
-1.945811,0.232715,1
0.414198,0.552393,1
-0.915141,-0.353088,1
-1.159444,-0.021944,1
-1.985639,0.776097,1
-0.510200,0.948560,1
-0.532704,-0.463842,1
-0.754071,0.336148,1
-2.562239,0.153530,1
-1.637030,-0.541569,1
-0.022789,0.332877,1
-0.698154,0.536562,1
-1.370180,-1.036830,1
-2.109955,0.379645,1
0.037182,-0.473731,1
-0.975168,-1.036031,1
-1.591388,0.100080,1
-1.512338,0.296833,1
-1.721648,-0.810835,1
-1.059067,-0.052552,1
-1.122185,0.855260,1
-0.452754,2.080996,1
-0.799571,0.022850,1
-1.633903,-1.974605,1
-0.533712,-0.994597,1
-0.507610,-0.210627,1
0.402251,-0.389851,1
-0.583692,1.171751,1
-0.837071,0.710307,1
-2.917645,-0.799254,1
-1.509044,-0.669084,1
1.445022,1.432143,1
-0.172924,1.419499,1
0.658090,1.222599,1
-1.249928,-0.540391,1
-1.465367,-1.298249,1
-1.094226,-0.391162,1
-0.855942,0.042739,1
-0.601929,-0.590280,1
-0.892200,1.411264,1
-0.101804,-1.172316,1
-1.920133,-1.339436,1
-0.587205,-0.982968,1
-2.206544,-0.274069,1
-2.426339,0.338694,1
-0.215659,-1.097318,1
-0.568354,-0.434496,1
-1.017315,0.033207,1
-0.863239,0.750980,1
-0.810646,0.508496,1
-1.355143,1.435664,1
-0.520531,0.035408,1
-2.301266,-0.396011,1
-0.762122,0.631752,1
0.047390,0.001404,1
-1.883529,0.015644,1
-0.846161,0.503340,1
-0.934021,1.197396,1
-1.848627,-0.035199,1
-1.336831,1.185552,1
-1.284961,0.355001,1
-1.857004,-0.137065,1
-1.427416,0.562432,1
-1.351446,-0.193192,1
-1.204349,-0.067177,1
-0.989422,1.214136,1
-1.504254,0.018710,1
-0.977144,0.041632,1
-2.005577,-0.123182,1
-1.290397,-0.366968,1
-2.654624,0.217315,1
-1.881185,0.239356,1
-1.353532,0.266899,1
-0.652226,-1.522348,1
-0.432747,-1.243663,1
-1.050855,0.211510,1
-1.208039,-0.839002,1
-0.960626,0.680741,1
-0.830788,0.500522,1
-2.016460,-0.108029,1
0.292660,0.134341,1
-1.994025,1.116330,1
-0.453292,-0.850540,1
-1.332566,0.953380,1
-0.190814,-0.409221,1
-1.772831,0.201095,1
-0.805511,0.693211,1
-2.610017,1.034590,1
-0.999475,-0.508555,1
-1.944751,-0.984782,1
-1.076169,0.470892,1
-2.097360,-0.186993,1
-0.194844,-0.121527,1
0.263846,-0.801678,1
-0.251518,0.135943,1
-0.178747,-0.369624,1
-1.658472,0.122865,1
-0.870389,0.016155,1
-2.389769,0.960731,1
-0.696664,0.668277,1
-0.646812,0.485279,1
-0.195618,-0.493809,1
-0.913198,-1.754201,1
-2.189680,0.111756,1
-0.800973,1.032215,1
-2.226818,0.087722,1
-0.942340,0.430412,1
-0.237576,-0.493959,1
-0.662607,-0.056752,1
-1.078333,0.149503,1
-1.612676,0.531422,1
-0.932468,-0.585364,1
-0.467475,0.961862,1
-1.884292,-1.187671,1
-0.113575,-0.105098,1
-2.032919,-0.361761,1
-0.265532,-0.538093,1
-1.183660,0.009725,1
-1.203545,-0.896662,1
-0.900871,-0.264397,1
-2.439465,-0.646838,1
-0.679437,-0.503265,1
-0.008629,0.962239,1
0.360579,-0.261892,1
-1.104534,-0.260553,1
-0.429389,0.157964,1
-1.095961,1.385814,1
-1.752618,-0.563857,1
-1.894501,1.189382,1
-1.940361,0.443478,1
-1.985580,-0.026788,1
-0.743112,-0.273821,1
-0.243076,-0.319834,1
-0.876342,-0.390510,1
-0.549435,-0.452015,1
-0.976975,-1.155741,1
-0.074605,0.398806,1
-1.858108,1.053784,1
-1.530266,-1.592313,1
-1.319364,0.354411,1
-2.053729,1.765488,1
-0.987432,0.507616,1
-1.794914,0.808654,1
-0.897940,-0.571771,1
-1.947682,0.402603,1
-1.194564,-0.127148,1
-0.281692,0.055166,1
-1.016302,0.412545,1
-0.037490,0.206403,1
-1.703113,-0.133328,1
-1.890041,1.058886,1
-0.422485,0.629153,1
-0.753250,0.337595,1
-0.785018,-1.421814,1
-0.338228,0.589392,1
-0.991508,-0.828131,1
-1.926287,-1.481218,1
-0.749936,-0.474931,1
0.724665,1.213510,1
-1.554796,-0.313281,1
-1.004653,0.246251,1
-1.760886,0.201271,1
-0.618648,1.176851,1
-2.270003,0.308743,1
-0.696582,-0.235275,1
-2.092889,0.829892,1
-1.590266,-0.910310,1
-1.417635,0.665758,1
-0.542273,0.067216,1
-0.797307,-0.216021,1
-1.430584,0.885344,1
-2.213402,-0.031948,1
-0.646252,-1.219151,1
-1.274116,-0.693642,1
-0.660602,0.364032,1
-0.644832,0.977056,1
-1.058699,-1.038477,1
1.236568,0.304235,1
-1.887194,0.187090,1
-0.659286,-0.517087,1
-1.498236,0.568287,1
-0.851400,0.656950,1
-0.664258,-0.586419,1
-0.776038,1.051373,1
1.483554,-0.526281,1
-0.146201,0.810395,1
-1.573748,0.998956,1
-1.716218,0.203485,1
-0.982150,-1.415846,1
-1.352629,0.327611,1
-0.410692,0.032324,1
-2.460528,0.453026,1
-1.153921,-0.153268,1
-0.444811,-2.473895,1
-1.181035,-0.417832,1
-1.246495,-0.352117,1
-2.381920,0.139524,1
-1.261936,-0.445736,1
-0.279698,-0.541036,1
-1.141741,-1.149709,1
-0.869704,-0.108100,1
-0.636425,0.275698,1
-1.490784,0.578426,1
-0.735230,1.141479,1
-1.539335,-0.323879,1
-1.674078,-0.019334,1
-0.763473,0.330368,1
0.333585,1.059549,1
-1.144465,0.305290,1
-2.746735,1.445564,1
-0.767625,0.844057,1
-0.577099,-1.253728,1
-0.536637,-0.101589,1
-0.890521,-0.762459,1
-0.469935,0.141420,1
-0.499882,-1.034606,1
-1.932869,0.176335,1
-2.672635,-1.277982,1
-2.514212,-0.356788,1
-1.091690,0.954481,1
-1.211648,1.258357,1
-1.425131,1.133360,1
0.431260,0.298302,1
-0.324065,0.071345,1
-1.728042,0.054450,1
-0.703907,-0.283045,1
-0.828973,-0.066939,1
-0.786683,-0.008871,1
-1.274146,-0.975971,1
0.010501,-0.076534,1
-1.118286,-1.010113,1
-1.766813,2.377787,1
-1.215963,-0.074369,1
-1.194875,-0.480338,1
-1.686707,0.052266,1
-1.616784,-0.337059,1
-0.880027,1.841177,1
-1.139094,0.248616,1
0.815668,0.518600,1
-1.057065,0.206858,1
-1.080268,-0.886714,1
-0.008114,1.444376,1
-2.177112,0.251757,1
-0.037485,-0.309216,1
-1.091887,0.409954,1
-0.967503,-0.063096,1
-0.513268,-0.958647,1
-0.208470,-0.024004,1
-1.519333,-0.815837,1
0.070318,-0.348012,1
-2.083307,1.193781,1
-1.525737,0.910747,1
-2.424928,0.645333,1
-1.175650,0.255842,1
-1.581619,0.699269,1
-1.938315,-0.082337,1
-1.494067,1.343974,1
-0.115303,-0.807067,1
-0.856712,-0.865489,1
-0.822670,1.813528,1
-0.244790,1.123225,1
-0.672258,-0.457655,1
-1.413549,0.745068,1
-1.213428,-0.634424,1
-0.575730,1.000423,1
-1.168808,0.838423,1
-0.603689,-0.895820,1
0.623983,-0.927250,1
-1.088608,0.316169,1
-0.898539,-0.599614,1
-1.075190,1.048999,1
-2.217911,0.449693,1
-1.385808,1.305612,1
-0.610644,-0.360915,1
-1.044479,-0.202314,1
-1.979395,2.424874,1
-1.416664,0.296783,1
-0.227857,0.378350,1
0.115809,-0.239437,1
-1.436902,-1.036204,1
-0.304921,0.156633,1
-0.171180,-0.658342,1
-1.040663,-1.640251,1
0.134511,0.080436,1
-1.504760,1.674631,1
-0.862164,-0.767619,1
-2.006845,0.148911,1
-0.371596,0.287329,1
-1.359451,-1.269527,1
-2.198436,-0.135693,1
-1.090510,0.011261,1
-1.645377,0.234294,1
-1.751637,0.112839,1
-2.256185,0.511080,1
-0.954869,-0.936711,1
-2.147017,-0.452948,1
0.504672,0.593611,1
-1.125126,-1.320380,1
-1.321138,-0.430608,1
-0.498427,0.330546,1
-0.970140,-0.232714,1
-1.133910,-0.502775,1
-1.480675,0.542223,1
-1.273959,-0.657549,1
0.989351,0.194225,1
-0.511613,0.904863,1
-0.563622,1.203967,1
-1.857730,0.354405,1
0.708724,-0.685947,1
-0.596967,0.118656,1
-1.036722,-0.056941,1
-2.082224,-1.569411,1
-1.017080,0.887065,1
-0.832616,-0.545944,1
-1.562810,-0.605169,1
-0.161433,0.337625,1
-0.441198,-0.266287,1
0.330113,1.932235,1
-0.968216,0.120244,1
-1.444544,0.267256,1
-1.399066,0.228954,1
-2.283298,0.975753,1
-0.707108,0.233637,1
-2.009633,0.766081,1
-0.752051,0.650572,1
-1.267460,-0.008948,1
-1.099713,1.668158,1
-1.095793,0.794586,1
-1.628922,0.515163,1
-1.909180,-1.603282,1
-3.255288,1.168218,1
-0.180355,1.073004,1
-1.894465,1.280514,1
-0.103543,0.691339,1
-2.009927,-0.113042,1
-1.367741,0.890057,1
-1.067379,-0.109915,1
-1.170264,0.498579,1
-2.234350,-0.039547,1
-2.008934,-0.510077,1
0.412711,-0.581313,1
-1.340397,-1.003921,1
-1.925285,1.415068,1
-0.303010,0.371254,1
-0.672084,-0.157193,1
-2.309206,0.028934,1
-2.163855,-0.430090,1
-2.308514,0.991003,1
-0.906129,-0.413981,1
-1.488391,-0.776938,1
-0.138299,0.306038,1
-1.098419,0.674810,1
-1.273734,-0.578297,1
-2.186151,-0.129707,1
-1.341772,0.329860,1
-2.085552,-0.042274,1
-0.602179,-0.243991,1
-0.992985,-0.054606,1
-1.334070,0.044692,1
-1.808081,1.192123,1
0.033611,-0.608067,1
0.044414,-0.118259,1
-0.055823,-0.626184,1
-1.823107,0.341807,1
-0.405059,0.303288,1
0.359898,-0.225535,1
-0.840470,-0.441073,1
-2.279470,-0.585220,1
-0.619647,-0.993181,1
-1.616700,0.732658,1
0.016882,-1.216040,1
-1.794289,0.335075,1
-1.113278,0.219786,1
-0.774535,0.163914,1
-0.380423,0.494202,1
-1.007884,0.746764,1
-0.867890,-1.576571,1
-1.195817,0.173876,1
-0.339932,0.933408,1
-1.168834,-0.844722,1
-1.027236,2.235975,1
-0.784535,-0.359152,1
-0.736341,0.612962,1
-0.849968,-0.594200,1
-2.204174,0.747099,1
-0.497480,-0.170563,1
-2.067215,0.399520,1
-1.163459,-0.522245,1
0.326237,-0.974381,1
-0.879315,-0.107438,1
-0.889899,-0.409318,1
-1.131763,-0.219898,1
-0.404331,-0.648891,1
-2.123176,-0.127819,1
-2.164002,-0.573155,1
-0.792008,-0.700456,1
-0.781970,-0.435794,1
-0.274086,-1.148554,1
-0.987030,-0.289029,1
-2.388020,-0.692240,1
-1.924124,-0.040955,1
-0.640674,-1.299416,1
-0.458118,0.213471,1
-0.608562,-0.128958,1
-2.995846,0.736775,1
-1.331146,1.850770,1
-0.758172,-1.097197,1
-1.817405,-0.334211,1
-0.516198,-0.947186,1
-0.076929,0.417455,1
-2.654582,-0.038043,1
-0.705922,-0.863024,1
-0.370450,1.659897,1
-0.603723,-0.293866,1
0.035332,-0.462678,1
-0.004930,0.136790,1
-0.886187,-0.557627,1
-1.530484,0.956963,1
-1.146724,0.305878,1
-0.556619,0.173475,1
-1.416522,0.005678,1
-0.889962,1.326847,1
-0.561419,-1.071379,1
-0.265546,0.300064,1
-1.353679,-0.883806,1
-0.123311,1.341034,1
-0.529624,-0.105485,1
-2.201661,-0.296633,1
-0.044260,0.858328,1
-1.150362,1.339304,1
-0.913059,0.525903,1
-0.754407,0.310003,1
-1.304760,0.764556,1
0.240719,0.643789,1
-2.177149,-1.940998,1
1.171034,0.026284,1
0.536348,1.592510,1
-1.715894,0.902888,1
-0.983505,0.146436,1
-0.578035,-0.019442,1
-2.027860,0.144928,1
-1.458663,-0.785884,1
-1.047891,1.100275,1
-1.715121,-0.160818,1
-1.078457,0.107793,1
-0.923520,-0.255239,1
-1.205693,0.111495,1
-1.565285,0.243632,1
-2.249327,-0.823199,1
-0.275203,-0.836427,1
-1.682437,-0.360299,1
-0.921207,-0.135619,1
-0.275715,0.678272,1
-2.119570,1.094572,1
-0.694193,0.672935,1
-1.212333,0.728034,1
-1.424082,1.063646,1
-0.799340,-0.138733,1
-0.445483,1.585030,1
-1.833341,-1.431491,1
-1.614171,0.389085,1
-0.752593,0.826288,1
-0.609110,-0.200438,1
-0.514727,-1.009646,1
-1.312866,0.424658,1
-0.479389,-0.019573,1
-1.276016,-0.258115,1
-2.009147,-0.197508,1
-0.424325,-0.612303,1
-0.523533,-1.569074,1
0.755930,0.800093,1
-2.250834,1.067871,1
0.646380,-1.574956,1
-0.926594,0.596929,1
-0.446974,0.244593,1
-1.391371,0.317756,1
-0.474720,0.185081,1
-1.462355,-0.212515,1
-0.399488,-1.444499,1
-2.459069,0.104596,1
-1.288179,-0.586294,1
-0.665497,-0.664849,1
-0.893973,0.790307,1
-0.528864,-0.461190,1
-0.224564,-0.109565,1
-2.237990,1.059318,1
-1.435304,-1.347590,1
-0.765911,-0.133957,1
-0.896108,0.362674,1
-0.170161,-0.334852,1
-0.994963,0.173934,1
-1.670472,0.048458,1
-1.948295,-0.462571,1
-0.615288,0.853908,1
0.548526,-0.393393,1
-1.481262,-0.461160,1
-2.136711,-1.011505,1
-1.668645,0.406471,1
-0.759620,-0.552912,1
-1.557754,0.170971,1
-0.306903,0.117919,1
-2.199324,-1.155391,1
-1.684157,-0.545326,1
-0.023250,-0.230264,1
-1.615777,0.114220,1
-0.804848,0.277831,1
-1.709938,1.332003,1
-1.899534,-0.013530,1
-1.671196,0.301322,1
-0.040357,-0.930438,1
-1.611641,0.755310,1
-0.537051,-1.519563,1
-0.144143,0.122973,1
-0.931723,0.666815,1
-1.591842,-0.800621,1
-1.657376,0.121820,1
-1.960332,-0.286253,1
-2.157970,1.363278,1
-1.641361,0.083797,1
-2.213410,0.576566,1
-0.616302,0.546474,1
-0.830853,1.714752,1
-0.971513,-0.146193,1
-1.897209,0.505000,1
-2.253232,0.630961,1
-2.118828,-0.461831,1
-1.548628,0.360742,1
0.373026,0.261691,1
-1.071373,1.210815,1
-0.080991,0.493350,1
-0.017947,0.879995,1
-2.704539,0.029313,1
-2.118546,-1.484477,1
-0.944658,-0.245613,1
-1.565366,-0.102016,1
0.590892,-1.169422,1
-1.226315,0.647577,1
-0.430355,-1.484169,1
-0.385895,0.269871,1
-1.793517,-0.110576,1
-1.444649,-1.211319,1
0.103531,0.454227,1
-0.748845,0.782729,1
-0.700808,-0.118776,1
-1.332100,-0.016107,1
-0.662483,0.819900,1
-1.544598,-0.231851,1
-0.051250,-0.483707,1
-1.241756,-0.427413,1
-1.902890,-0.500299,1
-0.829370,-0.091057,1
-1.923301,2.037854,1
-1.738134,0.384847,1
-1.099024,0.612080,1
-1.066297,0.544472,1
-1.106246,-0.485675,1
-1.552455,-0.554653,1
-0.250246,-0.750618,1
0.420514,0.713584,1
-2.048722,-0.523604,1
-0.678901,0.147673,1
-0.709618,-0.173308,1
-1.110329,0.594982,1
-1.654650,-0.074615,1
-1.167099,-0.767366,1
0.621973,0.840391,1
-1.309248,1.213577,1
-0.747061,-0.863978,1
-1.829836,0.807319,1
-0.806279,-0.209506,1
-2.797307,-0.449225,1
-2.259804,0.525597,1
-1.346686,-0.762312,1
0.396358,0.053042,1
-2.767805,-0.405201,1
-0.375844,0.213996,1
-1.323174,-0.389725,1
-1.666283,-0.304644,1
-0.167683,0.774824,1
-0.584103,-0.419144,1
-0.512861,-0.705612,1
-0.979934,-0.322682,1
-0.570096,0.633643,1
-1.542531,0.021932,1
-0.105386,0.549460,1
-0.816047,0.406637,1
-1.562653,0.849169,1
-0.843847,0.929745,1
0.700145,0.806963,1
-0.086468,-0.945656,1
0.416363,-0.227270,1
-0.977641,-0.850750,1
-1.247033,-0.913250,1
-0.892176,-0.697485,1
-0.042284,0.283431,1
-3.193294,-1.200025,1
-1.787967,-1.621819,1
-1.196997,-0.302054,1
-1.843505,-0.528005,1
-2.499268,-0.354345,1
-1.258284,-0.000149,1
-1.141608,0.087383,1
-1.298470,0.035719,1
-2.278658,-0.421690,1
-1.996266,-0.583327,1
-1.219107,0.414273,1
-0.476321,-0.057565,1
-1.144017,0.040479,1
-0.535296,0.578046,1
-0.436466,-0.593643,1
-0.456333,-0.033157,1
-0.571626,0.007963,1
-0.558932,0.000874,1
-0.670279,0.821080,1
-0.426679,0.093011,1
0.335163,-0.914714,1
-0.611459,1.078470,1
-1.653870,1.020441,1
-1.326446,-0.735040,1
-0.744250,-0.168967,1
-1.191332,1.327920,1
-1.251169,-0.554533,1
-1.314433,0.435678,1
-1.887447,0.501909,1
-0.923884,0.766780,1
-1.433028,1.413072,1
0.957493,0.561979,1
-2.432271,0.367387,1
-0.081663,0.423251,1
-1.525388,-0.065265,1
-0.264481,-1.471957,1
-3.741732,-0.404533,1
-0.260943,-0.085818,1
-0.443439,1.284003,1
-0.682921,-0.453558,1
-1.667328,0.571883,1
-0.867372,-0.306498,1
-0.870822,-0.934038,1
-1.990836,0.713985,1
1.133170,-0.221444,1
-0.654872,-0.442653,1
-1.379815,0.381995,1
-0.489478,0.211939,1
-1.801941,0.366256,1
-1.015674,-0.250490,1
-0.424514,-0.622472,1
-1.895487,0.993434,1
-1.468601,1.240186,1
-0.766722,0.265090,1
-1.889440,-0.381883,1
-2.418362,1.133907,1
-1.705787,-0.408692,1
-0.064393,-0.098579,1
-1.313760,-0.238355,1
-0.512985,1.074933,1
-1.032632,0.315621,1
-1.713680,0.829010,1
-0.367467,-0.435878,1
-1.493376,0.755124,1
-0.821304,-1.686670,1
-1.355548,-0.481747,1
-1.612628,0.562613,1
-1.433740,0.162495,1
-1.580031,-0.661433,1
-0.484478,-0.703887,1
-0.305837,0.173868,1
-1.139950,-1.603259,1
-0.815789,0.536855,1
-2.803245,0.201468,1
-1.470530,1.311659,1
-2.071571,1.324527,1
-0.417543,1.152379,1
-0.893423,0.513315,1
-1.458563,0.336214,1
-2.017986,-0.279691,1
-1.234740,-0.305541,1
-3.287934,0.772843,1
0.429175,-0.465775,1
-0.499568,0.424078,1
0.299201,-0.897262,1
-1.647435,0.254466,1
-0.838020,-0.724106,1
-0.117848,-1.226605,1
-1.525933,1.036466,1
-1.087250,-0.226588,1
-2.123682,1.880928,1
-1.174055,1.393593,1
-2.065900,0.833542,1
-1.219810,-0.436000,1
-0.178115,-0.288954,1
-0.511506,0.531350,1
-2.114046,-0.130385,1
-0.538065,0.319247,1
-1.185698,-0.440203,1
-0.692973,-0.082420,1
-1.552290,-1.493529,1
-0.003208,-0.933765,1
0.320691,-0.121272,1
-1.320170,1.916184,1
-0.477469,0.353888,1
-1.182440,-0.653026,1
-0.823017,-1.095731,1
-1.384970,-1.487415,1
-1.054892,0.190689,1
-1.409646,0.570046,1
-0.625059,-0.874289,1
-0.089671,0.140177,1
-1.796390,-0.335889,1
-1.445273,-0.486027,1
-0.493004,0.543446,1
-1.880431,-0.439313,1
-1.886550,0.938978,1
-0.244428,0.275326,1
-1.073313,0.487745,1
-0.533886,0.274686,1
-0.746002,-0.629593,1
-0.211760,-0.005931,1
-0.721561,1.210280,1
-1.622328,1.182496,1
-0.325935,-0.339752,1
-1.730034,0.462317,1
-0.239793,0.511515,1
-1.554047,-0.318239,1
-1.880466,-0.258595,1
-0.816760,0.066621,1
-0.823242,-0.415342,1
-0.726479,0.868369,1
-1.032078,-0.636072,1
-1.249648,0.579183,1
-1.910321,-0.020476,1
-1.381901,-1.108522,1
-0.868017,-0.167270,1
-0.954282,-0.104551,1
0.217976,0.270224,1
-0.336760,0.243673,1
-1.147636,0.273962,1
-0.531968,-0.250666,1
0.377212,-0.857874,1
-0.719304,-0.307107,1
-0.450531,0.546311,1
-1.289559,-0.824576,1
-1.893325,-0.419409,1
-1.053983,-1.517111,1
0.216226,0.619758,1
-1.062067,0.490690,1
-2.367543,-1.332537,1
-1.085155,0.716434,1
-1.885542,0.649442,1
