5.087727, -1.595207, 6.109646, 7.231417, -2.992100, -2.464699, 5.831234, -5.146863, 0.029047, -1.235828, -7.151491, 0.007708, 4.269062, 1.524252, -2.745510, 2.806362, 11.431780, -4.015841, -1.223360, -0.959995, 1.291632, -2.005869, 4.746380, -1.690027, 3.334858, -1.565943, 0.335209, 2.976439, 3.326611, 2.710470, 0.790983, 5.421333, 1 
7.113640, 2.898983, 3.028341, -6.381658, -1.441053, -5.260176, 3.720615, 6.944281, 8.556490, 0.634451, -5.638876, -2.716478, 1.336256, -5.328815, 1.255640, 5.543661, 2.309637, -7.068128, 2.526997, -1.944271, 1.235531, -0.681023, -0.110493, 8.779600, -2.083920, -3.398127, 0.847778, -2.255671, 6.188221, -1.873791, 3.862083, 5.219004, 1 
-0.392218, 0.171017, 0.341208, -1.054693, -4.102648, 3.922144, -4.254341, -1.711136, -1.326210, 4.055233, -5.607177, 1.532459, -4.554741, 6.730515, 4.876425, -5.043232, -3.329576, 4.676989, 3.785152, 0.481260, -1.690247, 5.531406, -5.063390, 1.738573, 1.701256, 0.859087, -0.524757, 0.470215, -2.730026, 2.879183, 6.129631, 2.906015, 1 
0.171473, 1.537567, -0.647635, 12.870375, 0.686180, -9.719768, 0.110067, 1.624779, 4.403173, -1.498571, 4.240147, -4.469580, -4.198063, 2.052395, 3.137127, 4.785372, 3.868925, 10.658075, 0.828285, 1.514334, 2.089268, 1.962349, 3.196648, 5.350803, 3.301851, -1.623844, 5.035831, 2.903940, -0.787956, 2.220892, 2.269274, -2.197649, 1 
-1.759745, -9.387015, -0.282511, 6.737514, -2.817743, -1.187803, 2.135752, -1.511763, 5.934942, 5.615030, 0.626192, 9.626911, -1.278166, -1.924976, 3.263853, -0.629501, 1.867601, 4.241587, 5.455603, 3.812677, 1.111359, 6.254261, 7.160103, 1.852663, 7.660740, -3.318565, 0.224022, -1.055676, 5.693022, -1.736000, -0.570414, -1.706930, 1 
2.898029, 3.324495, -1.045340, -0.206024, 0.839153, 6.516563, -4.837429, -3.450701, 2.733891, 8.485956, -3.619865, -0.791447, 2.270023, -0.353493, 3.022253, -1.939032, 2.298931, -0.267309, 3.540823, 4.178284, -3.723310, 1.815622, -2.404684, -2.426723, -13.395843, 1.250891, 2.279577, -2.923943, 10.032890, 2.473274, 3.111895, 5.846739, 1 
2.513786, 2.004120, 2.690886, 5.578863, -3.343485, -9.459192, 8.128248, -0.467018, 5.329233, -1.073782, 0.467291, 3.663153, 8.718987, 3.097643, 1.626949, 5.738699, 6.280674, 3.209955, 6.925999, -2.134005, 5.251461, 5.264011, -7.853265, 5.193579, 7.878319, 5.031528, -1.690111, -0.931284, 8.783449, 12.241369, -8.430416, -1.564905, 1 
-0.933241, -2.981926, 4.025129, -0.808035, 1.699539, 2.060791, -1.613409, 1.025047, -1.398041, 2.261898, 1.801098, 5.104370, -0.357170, -6.368435, -5.602741, 1.903957, -1.453211, -2.939896, 9.964792, -1.421581, -2.877357, 1.884098, -0.301397, 3.285900, -7.370831, -3.218849, 1.671232, -12.607007, -2.263880, -3.755655, 2.199617, 1.500521, 1 
-0.772636, -0.217720, -0.244780, -4.190027, -1.459137, 1.473513, 1.132658, -4.229759, -3.150993, 3.953726, 8.088711, 5.513466, -2.174978, 3.973652, 1.082867, 1.737465, 3.361557, 2.057840, 2.119875, 0.505987, 2.036066, -4.205217, 0.429596, -5.688830, -6.026663, 7.068644, -0.049299, 1.725428, -1.399540, -0.978117, 6.113949, 2.848742, 1 
0.460438, -3.373253, 5.663023, 2.963327, -4.767223, -0.800642, -7.273569, 4.375212, 5.483421, 12.430929, -2.109083, -0.210375, 6.273876, 1.783709, 2.333551, 0.146694, 3.005136, 3.569529, 0.044329, 4.336908, 1.533550, 3.167213, 2.430273, -8.444494, 0.399927, 1.832409, 3.075727, 2.557013, -6.753291, 2.311033, 2.490499, -1.597929, 1 
0.992510, 6.449347, -0.958559, -8.054789, -5.586875, 9.042521, -0.340986, 4.824657, -0.750761, -6.925531, 1.752438, -10.420968, -0.299738, 8.080856, 2.705923, 7.905357, 5.515305, -1.040842, 5.080997, -3.056990, -5.924647, 7.925957, 2.213955, 3.000532, 8.084574, 10.418953, 7.018568, -9.385444, 2.660748, 4.050137, 0.165232, 5.979813, 1 
13.385889, 1.544106, 6.194269, 4.695503, -2.979893, -0.422142, 6.188002, 3.903166, 0.494844, 0.739624, 1.333048, 4.928102, 6.331833, -3.062120, 0.053734, -1.426939, 2.412785, -3.802111, -4.241707, 5.701893, -7.431697, -4.355326, 4.288219, 8.714104, 0.744078, -5.486650, -3.272968, 1.799837, 8.553455, 1.296854, 0.493608, 2.086906, 1 
6.331465, 9.530218, 1.386375, 1.263538, 2.061689, 2.069185, 1.859396, -0.482801, -1.659079, 6.197258, 8.919821, 1.673517, -2.928713, -3.933685, 3.584721, -2.818178, 4.819483, 5.346941, 2.163515, -3.499590, 1.900063, 3.062515, 0.314487, -4.252741, -2.635771, 4.640133, -6.021332, 4.341322, 5.517370, 12.243990, -1.085579, -2.698868, 1 
-1.120031, -1.782429, 1.213074, 3.552229, -5.351299, 2.763609, -3.178932, -2.833418, 7.920181, -0.313070, 7.618402, 1.496193, -0.152096, -2.183245, 0.300396, 11.277182, -2.261839, -1.067919, 3.641546, -0.650415, -0.375446, -0.529894, 1.085705, 2.465294, 4.186384, -1.283234, -4.514534, 4.133471, 2.671621, 6.652225, 0.270927, -6.370111, 1 
-8.669791, 6.290394, -1.052565, 15.233885, 1.407270, 2.885637, -3.423626, 6.765547, -3.840523, 13.738146, 8.971024, 3.087639, -0.477785, 3.871738, -5.381656, 7.015478, -4.743870, -1.129301, -0.550741, -3.397076, -5.607416, -2.322975, 5.116959, 1.433653, 1.910738, 2.448404, -3.330639, 2.482849, 2.258104, -0.326847, 2.233034, 4.362795, 1 
-2.978668, 4.866049, -7.405430, 3.180832, 1.340481, 4.880341, 8.137482, 7.612614, -3.235115, 6.896105, -0.099834, -5.666031, 2.041937, -3.431860, -5.727322, 3.415531, 11.146246, 1.243385, 4.443071, -0.539131, -10.633667, 1.994019, -0.146173, -0.113724, 2.794083, 3.050806, 7.432339, -2.924831, -3.000410, -0.727242, -4.031044, 4.481283, 1 
2.719364, -1.943092, 7.804892, -0.009594, 1.064156, -0.800934, 2.659948, -3.122166, -6.392845, 6.709307, 2.009321, 9.614664, -4.201834, -1.561897, -0.651491, 8.233301, -0.137043, -3.608307, 2.223175, -1.749178, -0.960262, -1.933367, -1.150410, 2.055248, 1.580809, -4.356554, -2.032852, -2.496017, -4.834450, -1.457451, 7.485960, 2.058489, 1 
-7.882947, 1.144272, 3.434807, 5.409121, 7.145464, -1.889458, 7.701649, 2.420759, -3.799557, 9.508226, -3.436550, 1.939434, 1.183090, -1.294386, 4.530752, -2.487236, 1.509563, 3.988964, -0.831783, 10.347904, 3.577635, 5.346598, 0.662546, -1.248014, 3.304777, -5.986959, 6.788771, -6.288635, -5.543421, -1.478407, -3.226637, -4.185631, 1 
-2.254547, 5.930321, 3.188803, -3.890083, 0.490486, 6.177816, 3.425711, -3.404947, 5.874516, 13.501879, -1.146517, 0.835587, -0.611872, -2.125616, 2.797712, 4.937386, 3.838575, -1.789509, 1.869356, -1.015408, -1.589489, -5.542983, -3.552675, 0.985947, 2.890739, -1.914700, 2.973398, 0.907860, 2.796860, 0.369923, -3.196301, 1.018366, 1 
-4.970581, 1.851025, -4.138245, 5.236256, -1.380838, -6.332659, -0.761921, -0.273911, -8.041527, -5.071135, 2.572536, 7.897242, 0.703318, 1.629669, -0.525019, -0.159069, 8.265652, 1.820684, 0.210537, -1.349400, 9.475393, 6.959459, -0.921251, 1.629684, -0.251139, 4.568981, -0.584002, 2.167948, -3.485464, -1.838249, 5.419014, 2.631554, 1 
-5.076287, 6.780149, -1.130119, 3.119667, -2.787685, -2.117928, -3.459017, -0.887466, 0.191416, 6.660849, 6.164930, -1.481733, 3.526461, -6.640838, 2.428207, -4.140526, 1.001001, 3.465052, -4.530636, -6.714934, 0.144812, 1.573593, 3.812391, -3.461916, 10.584173, -4.189205, -0.116127, 3.348278, 1.757074, 0.500549, 5.455444, 0.001198, 1 
0.312105, -3.558577, 6.460058, -1.046425, -5.615903, -2.530886, 1.401869, 4.031193, 4.952108, 2.081749, 4.957981, 1.614422, -2.755440, 9.134083, -2.602598, 5.415676, 2.173824, 0.934502, -0.222507, 3.950165, -0.064100, -0.407042, 8.771139, -1.753033, 1.659412, -1.045414, -2.487127, -2.176798, -6.486524, -0.193068, -2.815901, 1.223330, 1 
2.379177, 1.345350, 0.632967, -2.551222, -0.774933, -0.170448, -5.353319, 3.538870, -1.393522, 1.407803, -10.216516, 6.982534, 3.752123, 8.841301, 8.281269, 1.486401, -0.079525, -3.449043, -5.428390, 3.402287, 3.345554, -0.427639, -2.236908, 0.586798, -2.508776, -0.149076, 1.723408, 1.870239, -2.153868, -5.944640, 3.935307, 1.073217, 1 
-1.722363, -2.113319, 5.360748, -0.484997, 4.120712, 5.223589, 11.610327, 5.798843, 7.127768, -0.306019, -1.110409, 5.486597, 3.947071, 0.284010, 6.245857, 10.450705, -2.432678, -1.356644, 7.323050, 2.337006, 4.590591, -1.526888, 3.736719, 7.020180, -1.488459, -6.671945, 1.007103, -2.081102, -3.036179, 1.658321, 5.042519, -1.703152, 1 
-0.954191, 6.948307, 2.866816, 2.230852, 3.104004, 3.964001, 3.829227, 7.992182, -3.010010, -5.638359, -6.355811, -8.510014, -8.910130, 4.093489, -4.821074, 2.043369, 4.833721, 4.360264, -4.460550, -2.219395, 3.940380, 3.956490, 4.300665, -5.257751, -5.533424, 7.262018, 5.126091, -3.597038, -0.992632, -1.096601, 1.034985, -1.175442, 1 
-7.575497, -0.322826, 6.069199, -1.414885, -8.017594, 8.301561, -2.359610, 0.887133, -6.402759, 3.999245, 2.622828, 2.258183, 10.070694, -3.139051, -4.871239, -1.852106, 2.152187, -4.729977, 1.284151, -1.068357, 4.212519, 6.066450, 1.453375, 2.207111, -4.462908, 2.718601, 1.301470, 0.057838, 2.904062, -4.934361, -2.133471, -0.266037, 1 
0.275679, 3.615368, 0.672947, 3.989685, 0.246933, -1.747725, 1.817932, -7.746783, 6.233593, 0.532328, -9.360335, 5.961260, -5.135808, 4.136122, 1.874018, 1.780926, 6.293453, 3.451958, -0.888580, -0.203960, 0.356436, 0.904142, 3.365582, -5.655304, 3.502754, -4.287594, 4.651320, 5.595989, 4.230938, 0.015429, 3.075428, -0.972067, 1 
0.497417, -1.571184, 7.134892, 6.309156, -2.882317, -3.352108, 1.128738, 0.488321, 4.249556, -2.464687, 0.641277, -3.837442, 1.986502, -4.470884, -0.571306, 9.247047, 1.833714, -2.502140, -9.971545, 3.939775, -4.192467, 10.281471, -2.289806, -0.338751, 2.901400, -4.101826, 6.218822, 2.863522, -1.508036, 8.498112, 5.186317, 1.009691, 1 
2.300680, -7.781679, 2.867346, -5.397454, 0.495003, -2.394539, -1.592514, -2.725382, 0.836493, 2.311434, 0.464256, -1.345720, -1.034008, -2.427212, 1.457731, 0.249496, -1.211132, 0.963400, -0.580357, 4.061283, 2.248882, 1.224468, 11.162905, 4.812956, 6.413336, 5.194263, 9.953630, -1.124222, -1.369688, -3.490707, 9.235561, 2.416185, 1 
-1.129953, -2.418585, -0.982965, 0.468691, -4.589235, -4.886175, 4.185080, 6.887896, 0.128731, -4.053265, 1.766117, 0.816835, 4.164412, -2.943487, -4.108526, 0.068531, 3.575136, -6.710819, -0.731579, -4.271362, -2.069578, 1.960665, -7.501462, -0.668615, 1.953138, -0.289139, 10.735657, 0.016581, 2.722765, 9.040953, 2.649050, 0.011772, 1 
-4.204020, 9.251907, -5.921794, -0.638659, 4.739321, 2.023842, 1.996391, 9.961630, 6.818005, 1.636536, 0.934662, 8.552097, 3.529245, 2.781448, 6.357437, 3.087662, -2.787954, -1.313030, -0.242132, -1.186300, -0.283030, 5.849455, 3.049482, 1.298872, 9.274836, -0.754950, -4.398064, 0.335382, 1.578577, 1.937887, 4.311264, 5.331497, 1 
-0.336872, -1.752630, -0.841000, 5.659636, 1.039616, 0.679310, -1.354174, -4.034830, -3.143045, -1.011614, -3.542469, -0.169434, 1.289715, 2.758097, 4.835047, 8.396133, 8.259830, 1.291613, 6.239395, -2.428324, 0.105165, 1.027176, 3.680763, 7.684994, 2.560244, -0.631002, -1.341576, -2.186760, -0.117346, 0.693739, 4.648474, -4.255173, 1 
0.470818, 1.578732, -8.410908, -5.106152, 10.487175, 4.054070, 6.203794, -0.781181, 7.355087, 1.071230, 0.898308, 2.898252, 7.188137, -3.425520, 5.862873, -3.384726, -2.127892, 5.072042, 2.519503, -1.532846, -8.483461, 4.542442, 0.530949, 1.097116, -3.757917, 0.877872, 5.291254, -0.412043, -2.315067, 6.400972, 3.756884, -1.055012, 1 
-1.785873, 8.762129, -4.680357, -1.116758, -0.115126, 6.671913, 3.729551, 2.609009, 3.636621, 0.909279, -10.033506, 4.774513, -6.213983, 1.283531, 2.606760, 6.954397, 6.037621, -8.643969, -0.316853, -9.760366, 3.208155, -9.358644, -0.236361, 3.624823, -1.298513, 1.935043, 1.926546, -4.033585, -6.843873, 6.072903, 2.333286, -0.891279, 1 
6.350725, 9.117918, -1.654707, -1.627691, -1.466372, -3.109194, 0.286306, -1.481874, -3.680822, 1.833727, -2.363241, 6.841139, -2.665075, 1.817863, 0.831841, -8.182989, 6.350328, 8.993004, 1.901188, 5.936699, 3.253271, 2.817154, 7.297466, 5.922550, 5.178690, 5.539490, -2.214050, -0.370634, -4.622646, 4.394138, 0.648375, 5.390205, 1 
3.680670, -0.182030, -8.443015, 0.030058, 2.014669, 4.182190, 4.068483, -2.064156, 0.497444, -4.516743, 4.646479, 6.186306, -2.127872, -6.650935, 4.431644, 5.646725, 1.586742, 6.976034, -2.763416, 2.442551, -6.311012, 2.604786, -5.345436, 0.097317, 1.579578, -0.017782, 1.136581, -4.944983, 7.685530, -1.301439, 10.341640, -2.092037, 1 
-0.600201, 2.973616, -0.174875, 9.535988, 0.714943, -0.596581, 0.375101, 5.785286, 3.584831, -3.199524, 3.413483, -0.680893, -2.630493, -7.482473, 4.990107, 2.611908, 2.120209, 1.094934, 3.398661, -3.919935, -6.871885, 4.698877, -3.404972, 2.760498, -1.447363, -0.308947, -0.945734, 3.186867, -0.345177, -1.483711, -0.786850, 0.332258, 1 
1.027439, 9.701677, 12.149538, 1.985298, -2.964691, 10.705751, -0.140663, 9.366734, 1.581175, 1.217607, -3.979370, 3.184151, -7.116266, 10.537611, 2.413584, -8.752114, -1.229090, -1.096867, 2.723356, 0.271376, -8.349884, 5.900135, 0.183741, 9.343496, -8.805630, -0.467257, -2.778910, 8.020361, 1.774004, 3.189880, 3.289124, 1.625195, 1 
-0.962303, -0.331465, -5.424539, 7.599094, -1.507324, 6.628216, -1.105225, -1.202984, -0.229177, 4.744429, 8.484678, -7.386119, 2.930990, 0.622084, -4.874781, -3.051767, -1.383778, 3.155792, 4.328960, -3.276417, -0.100807, -4.250717, -5.125625, 2.187178, -8.023466, 6.751968, 8.548780, 3.611872, 12.106741, 8.542780, -3.336826, -5.037579, 1 
-1.592253, 1.209478, 9.244577, 5.423336, -4.074036, 2.911358, 2.170832, 5.986242, 1.140743, 0.142466, 3.335573, -3.418442, 3.752542, 2.728006, -9.788257, -2.341345, 1.662848, 5.890957, -4.062344, 1.137381, -4.399929, -3.137978, -2.237709, 4.769434, 0.501423, 4.047510, 6.739637, 4.931463, -1.675457, 7.232578, 5.718102, 4.420738, 1 
3.010021, -3.465284, 6.675955, 2.082766, -2.730165, -10.876143, 5.183214, -1.760450, -1.753902, 3.061651, 2.939114, 3.079367, 3.179987, 1.470682, -1.617582, 2.521652, 7.323870, -0.319921, -3.144953, -3.731329, 6.530495, 5.188337, 2.186285, -1.629610, -2.072271, 3.806358, 3.667746, -1.097042, 0.063583, 1.800161, 0.929152, -0.671007, 1 
1.404049, -6.716299, 1.704983, -0.847889, 0.231754, 5.573608, -1.081415, -4.299847, -2.952925, 7.870108, -1.228651, 4.831652, -0.384430, 1.652613, -1.009703, 7.331268, -5.483489, 0.793018, 8.825766, -1.958374, -3.219194, 2.552414, -1.088675, 5.758682, 3.913290, -0.527258, 1.198086, -0.316084, -3.746553, -0.180918, -0.053701, 1.450876, 1 
-0.658319, -1.002522, -2.801926, -4.299877, 4.499586, -5.168430, 1.492201, 11.773256, 0.882782, 4.868422, 6.569057, 5.213863, -7.188242, -0.255741, 1.330547, 5.953568, 3.467955, 7.362234, -2.104639, 5.406914, 3.067869, 1.406334, 3.972021, -6.897959, 4.132128, -0.320383, -0.047123, 1.067671, 0.925585, -6.527700, 2.485889, 8.171837, 1 
-7.114582, 1.332693, 0.763422, -1.807632, -0.826359, -3.135740, 2.258446, 3.640806, 3.512089, 1.089985, 0.457390, -1.091852, 6.720381, 1.001432, 5.471514, -4.053417, 1.371378, 8.413683, 1.254036, 7.318810, 6.343636, 4.403732, 6.456285, -2.213266, 3.966625, 3.503580, 4.608406, -5.159290, 1.587215, 3.557871, -0.821159, -2.105190, 1 
6.908796, 3.743254, 1.831409, -4.751532, -3.140221, 1.574873, 1.693563, -0.759703, 8.393385, -3.615286, -7.523808, 1.924072, 0.457386, 1.873280, -1.569874, 4.608175, -1.821672, 7.274912, 5.127922, 5.273125, 1.915190, 2.448814, 7.022461, 0.245195, -0.204830, 6.509851, 4.484755, -2.622297, 5.002443, -0.148920, -2.075138, 3.246469, 1 
2.682346, 4.735273, 1.797436, 0.033871, 9.044258, -3.293428, 4.268898, -0.987232, -4.157244, -0.468929, 4.292696, 6.681202, -5.802735, 2.301706, -3.377237, 0.774538, 3.960712, 2.981855, 1.766973, 2.224024, 11.045046, 6.477438, 5.012609, -1.481503, -3.691444, -3.772982, 8.801754, -1.424829, 2.589132, 2.625694, -2.489471, 3.927336, 1 
-0.679474, 2.583338, -0.343346, 5.059092, 6.543173, 0.006390, 0.138790, 6.331667, 4.476114, 4.303625, 1.844492, 2.777374, 1.221048, -0.422050, -1.000961, -4.940044, 3.137634, -0.211012, -5.370115, 1.596176, 0.235594, 2.614698, -3.562948, 3.432497, -4.698404, -1.476837, 2.199873, 1.445982, 1.902809, 7.668430, -3.096886, 2.154564, 1 
-8.678946, 6.025198, 1.364071, 1.929962, -1.844017, -1.296076, -8.154803, 7.490896, 0.880161, 5.949789, 0.987534, 9.001913, -3.654245, -5.104010, 1.131060, 3.069082, 0.836769, 6.030025, -5.771432, 6.967077, 3.933037, 4.267263, 9.316132, -4.087082, 3.432434, -2.066856, 1.346008, 5.940363, 3.671955, 0.729546, 2.827160, 16.472551, 1 
-8.642370, -2.780182, 1.701372, 2.912546, -1.762592, -4.712723, 5.124590, 0.431595, 10.668995, -3.005203, 5.429523, -3.264231, 4.304688, 4.180595, 0.441324, 1.919682, -2.971987, -9.990096, 1.920609, -2.822550, -0.694818, 2.222424, 2.413231, -0.564775, 8.440813, -3.263824, -3.326590, 3.748991, -0.620897, -3.996925, 1.316164, -7.662054, 1 
-2.678162, -4.016924, 8.705877, 0.154715, -6.146857, -4.234554, -7.584366, -1.119162, 8.645111, 2.114573, -0.242950, 6.692232, 1.134041, 2.122337, -2.326525, 7.360910, 2.598036, 10.894333, 4.096535, -2.424885, 1.318663, -0.876431, 3.670515, 4.012297, 2.816807, -2.403852, -0.656055, -0.961628, 1.929140, -0.941862, 3.786625, 6.743132, 1 
-2.874441, 1.978165, 6.570547, 2.055044, 2.071671, 4.514046, 5.947863, -1.869656, -5.905780, -0.150272, -6.160453, 2.004478, -0.325367, 0.401493, -2.852606, 5.908493, 0.859596, -1.680990, -4.447010, -1.105803, -2.005974, 2.447374, -3.603996, -0.253349, -5.659855, -2.896481, -4.063843, 0.811806, -9.409607, -5.858918, 3.136322, 1.576094, 1 
-2.127367, 2.619053, 4.556187, -2.344995, 4.652943, -5.553277, -2.305407, 0.310780, 6.791597, 2.058889, -4.980537, 10.034519, 1.616653, -0.141176, 3.538898, 2.018482, 1.853334, -4.623083, 2.114086, 5.775476, 7.644579, 16.833868, 6.402800, -3.373678, 1.627998, 5.210106, -1.386698, 0.167982, -9.551201, -2.965055, 4.464190, -3.969694, 1 
1.998060, -1.839611, 3.450586, 4.635811, 3.255980, -0.857618, 1.086660, -1.852730, -3.358950, 1.508438, 1.077616, -6.290508, -1.986082, -3.248913, 1.866732, 11.426638, -5.041828, -5.212546, -6.026965, 0.570330, 2.208963, -2.601276, 2.013269, 1.978317, -2.874153, 3.755699, -1.849779, 7.115807, -0.342403, -0.383530, -0.438568, 2.659893, 1 
7.678331, -4.844011, -4.226706, 4.539860, -1.470505, 4.847113, 0.296080, -0.506124, 3.509630, -2.921579, -1.846888, 1.866295, 0.609877, 3.289606, -3.631676, 0.997356, -5.267583, -2.664047, -0.691967, 4.164234, -0.268003, 0.518644, 5.152727, -0.509308, 4.126406, 0.509687, -3.288540, -0.649090, 0.726105, -0.196629, -6.975278, -1.990166, 1 
1.237738, -0.395632, 10.226442, 2.826864, 4.534058, 1.339378, 9.055998, 4.270344, 2.337898, 11.302610, -5.456676, -1.565918, -0.247570, 0.290678, -6.074737, -0.341362, -1.122087, 6.098492, 0.114515, 5.718199, 2.281832, -0.168486, -4.059185, -0.028345, -6.024306, 3.486300, 8.073597, 6.058327, 3.646128, 0.151642, -3.349611, 1.316174, 1 
-0.676332, -1.179543, 2.093336, 5.160831, -0.872887, 1.932945, -6.232565, 4.541225, 4.959770, 4.819382, 5.027403, 2.622623, 3.120441, -1.796793, -0.592739, -1.452860, -1.251959, -5.087663, 0.251209, 5.703621, 1.346085, 5.791893, -4.741295, 5.022966, -3.011271, -2.814119, 0.831139, -5.639329, 2.460802, 3.213467, 2.470226, 0.070108, 1 
7.793510, 0.798334, 9.361797, 0.041941, 5.734838, 6.390827, 7.043869, 3.693501, 1.722115, -1.472534, 8.665222, -1.018904, 1.334463, 2.307770, -4.708546, 4.084955, 9.077114, -6.609094, -3.628244, 3.827950, 3.830751, -1.966404, 1.297115, 1.178030, 7.987715, -1.727846, 3.925781, -0.558775, 3.704685, 9.148691, 6.429060, -2.434711, 1 
1.020617, 1.164848, 3.838892, 6.114290, 6.202892, -0.590199, -6.176517, -0.351994, 9.645296, -1.961044, 1.404768, -1.346796, -5.759179, 5.194647, 1.314825, -2.405924, 8.052216, -1.894011, 2.611757, 4.728680, -3.148010, 6.789625, -0.214304, 1.615490, -7.488916, 6.014627, -0.235439, 3.331663, 4.387621, -1.093245, -0.223368, -3.912670, 1 
-0.172934, -0.462872, 3.147806, 2.497931, -1.479837, 7.068592, -2.361563, 4.272503, -2.780899, -3.250387, 4.373297, -1.550377, -4.248163, 2.471666, 5.837683, 4.330231, 1.976276, 6.184793, -6.493532, -3.425510, -9.649334, -2.976501, 0.034069, 9.075003, 1.595566, 7.899971, -9.046795, 7.252127, -5.473655, -2.417376, 1.009260, -3.443409, 1 
-5.801701, -5.083633, -0.304382, -0.863552, 2.447165, -1.221067, -0.742731, 9.291212, -3.762180, 1.637760, 0.618242, 4.446646, 4.183945, 0.414501, 3.670656, -7.343238, -4.048628, 1.738253, 0.211967, 3.597176, -5.695900, 5.196333, -1.916735, 0.481291, -3.001673, 3.211782, -1.335571, -1.734674, -5.694199, -1.755295, 1.164402, 9.011091, 1 
-0.279119, 2.424871, 2.114548, 4.048929, -0.635674, 3.733255, -5.169371, 0.794664, -0.530952, -6.525625, 6.581774, -4.984426, 1.850988, 1.480789, -3.194427, 6.415089, 3.047955, -5.997793, 3.968279, -0.091412, 9.691753, -9.055089, 3.513840, -1.305723, 1.249390, 1.656397, 1.731232, -0.498512, 7.148367, 2.187889, -4.140566, -0.909197, 1 
-4.348780, 0.035164, 3.770025, 0.089231, -3.193155, 6.140127, 1.764412, 1.485138, 1.517178, 4.453215, -2.241432, -1.209297, -1.809036, -4.447477, 2.678322, 9.885712, 2.173008, -5.166941, 4.359804, -2.194971, 1.338594, 0.526642, -4.134226, 3.016567, -4.594744, 5.400934, 4.705132, 3.348057, 3.474562, 5.105021, 5.633842, 1.194233, 1 
-6.131542, 7.708902, -0.458157, -1.062977, 1.016550, 8.066442, 0.888887, -5.506816, -2.447887, 4.991680, 5.865294, -1.180553, 6.845652, -2.263945, 3.235479, 4.825487, -0.348959, -1.421051, 2.207348, 0.226484, 6.527044, 1.183722, 1.187561, 3.742123, 10.846577, 7.144726, 2.898262, 5.130421, 0.937906, -8.922869, -8.689547, 6.769995, 1 
-2.964462, 3.352331, 2.346138, 10.296270, 5.415630, 8.247156, 0.282360, 4.693829, 1.878633, -0.851557, -0.252550, 1.138460, 7.143019, -0.943825, 2.334305, -4.224449, 5.731604, 5.347775, -3.954731, -4.116671, 1.945549, -2.321321, -0.029039, 9.824289, -5.400529, -2.686247, 2.886133, 9.751892, 4.208019, -4.557098, 0.196348, 5.308264, 1 
-1.233051, -5.040924, 1.590782, 8.074076, 1.137148, 2.302155, 0.438313, 3.959969, -3.173141, 2.509920, -7.082081, 0.122370, -2.983139, 4.385056, -6.516097, -3.017107, -2.587011, -1.128441, 0.869579, 3.418957, 8.728004, 0.058687, -8.589501, 1.321043, 2.376362, 0.883516, 0.633476, 0.385798, 2.971331, -1.272379, -2.750563, -0.957552, 1 
0.151068, -3.576166, 1.548965, -2.583736, -2.573259, -2.973091, -4.094929, -5.382456, 1.493065, -2.189304, 0.099392, -3.647844, 7.646112, -1.732372, 6.516661, -2.514067, 6.293180, -1.646921, -1.466902, 0.031443, -2.108946, -8.038382, 5.690258, 2.979849, -1.214697, -2.487217, 6.649965, -0.487894, -2.085257, 6.039204, 3.435524, 5.435051, 1 
5.419588, 4.516418, -0.203602, 6.007267, -2.687761, -0.728064, 2.233562, 0.527285, -3.962427, 13.439573, -3.074699, -2.254395, 5.763668, 2.674770, 5.307983, 2.254345, 9.668943, 2.839363, 3.440798, 0.835760, -2.109190, 2.424583, -1.174612, 2.156034, -2.339643, 0.502571, -9.396973, -0.638758, -0.393948, 14.481539, 0.296997, 6.831657, 1 
2.883364, 5.269970, 3.416403, -6.978858, -4.905855, -2.761450, 0.000004, 7.965744, 6.801317, 9.985741, -1.357931, -1.926708, -0.764740, 2.701653, -2.235062, -2.964823, -1.491123, -1.442858, -0.455786, 1.954157, -2.094221, -0.049774, 1.733728, 3.522348, -2.891048, 1.289537, 3.541296, 5.802326, 1.149193, -0.888689, 2.733690, 9.520868, 1 
8.096317, -0.621891, 2.814953, -1.464016, 1.782930, 5.562180, 3.774916, -7.008984, 4.847277, -7.118362, 1.772772, 6.572720, -5.350944, 2.647028, -3.708866, -9.965313, 3.617508, 2.417719, -0.636511, 17.889982, -4.522638, 3.814018, 8.894133, -6.042754, 8.987841, -0.235521, 1.120897, 6.824726, -3.609293, -4.010942, 1.842056, -1.934912, 1 
-0.926926, -0.004959, 3.592339, -4.900438, -12.070953, -7.053903, 3.076698, -0.734560, 2.280348, 1.492958, -0.877731, -1.123753, 2.958599, 0.021559, 2.864815, 4.565699, -1.056286, -7.586933, 0.181198, -3.526752, -0.217756, 1.206734, -3.727728, -1.422848, 2.834200, -1.450176, 2.869186, 4.550461, 4.961166, 0.791719, -2.415340, 1.540588, 1 
-3.211380, 1.121614, 2.262321, 1.014923, -8.304784, -3.599726, -2.726725, -0.858288, 7.091608, 4.364914, -2.527493, -4.968517, 4.939135, 5.593824, -6.764999, 3.278978, 8.472197, -2.579895, 10.473328, 4.978331, 1.422049, -0.251427, -7.889590, 2.668213, 6.687609, -2.874418, 2.701246, 10.535316, 10.989286, 1.924547, -4.395908, -0.381569, 1 
0.671099, 5.113949, -4.821402, -5.469504, -2.766729, 2.862434, -2.713905, -2.184401, 6.959150, -2.802544, 4.475304, 2.134853, 1.975353, -1.393583, -3.820734, -1.969522, 0.377953, 1.758856, -6.266724, 0.511953, -3.393553, -2.015310, 0.748337, -10.292563, -6.417071, -0.644184, -3.852798, -6.346467, 1.142445, 3.102306, -2.258410, 0.740219, 1 
0.210428, -2.387842, 2.925707, 5.494360, -2.458750, 6.058479, 1.287987, 0.981117, -2.819912, 2.916136, 8.650852, -6.348361, -1.853138, -6.244016, -8.451536, -3.667280, -7.900348, 7.134501, 1.716778, -2.729866, -3.469513, 1.671309, 2.355450, 6.712431, -3.207542, 4.086628, -2.926830, -1.895571, 2.493658, 3.166929, 3.179146, 3.208914, 1 
4.169142, 3.793816, 2.008179, -3.955538, 5.533871, -1.297991, -6.182900, 2.690144, 0.017900, 6.445299, -0.210928, 5.571192, -3.345091, 2.820387, -1.208691, -0.076683, -0.572294, -9.676674, 0.382318, 0.328541, -3.823587, 5.327869, 5.508978, -0.960144, 8.402008, -5.223409, 1.022104, 2.954741, -2.565210, 0.206001, -3.551205, -1.225082, 1 
0.235435, 0.562628, -1.711998, -5.262718, -2.072561, 6.884146, 4.442198, -8.315987, 0.799774, -1.401661, 2.736488, 0.219313, 1.288073, 1.157190, 2.004751, -3.422663, 7.396763, 3.889084, -3.979246, 8.832708, -0.461664, 4.458378, 1.895367, -3.366085, 5.242579, 3.348358, -3.052439, -0.012859, -6.091257, -2.637838, -0.693260, 9.149786, 1 
5.513449, 6.690582, 11.911188, 1.568153, -3.188696, -4.061174, -1.756636, 9.852161, 3.772095, -1.168016, 3.190044, 0.379961, 6.933739, 11.435015, 7.686579, 2.927124, 4.678682, 2.118731, 2.303171, 9.429815, -0.371780, 5.479643, -1.439224, 1.681900, 7.957716, -0.208591, -2.294580, 9.354113, 6.420862, -5.246782, 0.432884, 1.123358, 1 
-4.952391, -7.864434, 4.127205, -0.869980, 5.722210, 0.278349, 5.801325, -0.255630, 5.338650, 2.700993, 0.157877, -0.314861, -4.877180, -2.848911, 10.426907, 5.499109, -4.042265, -2.350208, 4.580944, 1.790529, -5.312661, 3.517000, -4.334743, 0.824970, -1.946295, 4.451359, -7.032693, -4.331860, -0.217152, 3.462944, 1.368275, 4.582850, 1 
-5.103051, 6.741676, 2.890781, -1.163525, -2.508591, -2.402866, 0.112448, -2.257093, 4.702772, 3.418026, -0.468817, -0.299694, -1.432167, 1.006878, 5.685938, 5.326900, -1.822897, 5.002634, 2.191021, 1.995197, 0.760269, 0.939709, 3.664595, 3.224583, -6.420140, 4.725424, 2.671707, -3.738987, 3.736509, 0.394264, -3.618723, 13.088675, 1 
-7.028697, 0.720179, -1.602459, -8.239557, 2.268902, -5.723713, -4.149818, 2.967655, 2.558327, 6.022049, -4.787891, -1.183092, -6.059274, -7.437939, -2.694719, -3.537952, 0.598526, 0.512621, 5.607824, -2.965670, 0.253361, 2.008202, 1.951279, -3.217796, -5.285202, -4.059299, -5.498823, 0.166744, -3.811911, 6.424152, -1.133856, 2.313761, 1 
1.993914, -5.762878, 1.866512, 8.258623, 2.941805, 0.222366, 4.752295, -1.793629, 6.280401, 0.461504, 0.456970, 6.973923, 8.076550, 0.384224, 3.641020, 6.386318, -3.278776, 3.052450, 4.351841, -1.538418, 2.342701, 7.941099, 3.883142, 13.271849, 1.081442, -7.790503, 4.049246, 1.586931, 5.578323, 1.631302, -4.284163, -1.051868, 1 
-1.270510, -3.400061, 3.737041, 8.268980, -1.718098, 4.094906, 2.694483, 3.412924, -0.589771, 7.134157, 6.707594, 6.275850, 0.025253, 0.801445, 9.307089, -1.501154, 1.246559, -5.134680, -2.672419, -1.094078, -2.736012, 1.945810, -5.800865, -5.559828, 2.002979, 0.965096, 13.984167, 0.769009, -7.210673, 2.835775, 4.617149, -1.028185, 1 
2.947569, 0.149965, 1.731674, 2.060564, 0.641287, 7.621347, 1.318184, -0.587984, 0.534494, -12.045221, 12.395449, 3.749168, 1.727577, -1.240566, 3.682575, 5.339287, -3.129015, -1.477982, 11.169893, 3.169958, -4.063133, 6.339218, 7.674812, 6.831820, 0.736212, 5.092028, 8.964804, -2.206402, 5.142513, 0.279356, 8.666046, -0.561132, 1 
4.769344, 1.990284, -2.324364, 2.323484, 0.937689, -5.956138, 3.117212, -0.710369, 10.182474, -0.641922, 2.243666, -1.447952, -0.271198, -4.352375, 0.853804, -4.966013, 2.728075, 6.391563, 5.730528, -6.323405, -3.116777, 1.436703, 5.456615, 4.781073, -3.714275, 3.086603, -2.991579, 9.519634, 0.530607, -2.159475, 6.808790, 2.490639, 1 
-0.945179, 0.270594, -5.504865, -3.504042, 4.588121, 5.891031, -2.158611, 4.219425, -3.228664, -4.246178, 2.971613, -0.675600, 0.029737, 1.586660, -5.062301, 8.067858, 5.162962, -4.718462, -1.691471, 6.826052, 7.104870, -2.880409, -4.639156, -2.361843, 4.916639, -1.341839, -3.063616, 6.219902, -5.118370, 10.157091, -1.538639, 2.292171, 1 
4.247011, 0.097410, -1.850515, 1.364281, -4.115494, -2.944889, 4.191679, 3.221750, 7.818377, 4.225151, -1.943945, 2.943161, 1.668676, 5.652603, 0.098351, 0.180767, 2.436367, 8.348145, 1.318506, 4.854324, 1.624777, 3.812420, -5.282894, 3.700832, 7.948235, -1.190533, -2.074331, 1.646757, 6.406084, 2.186104, 5.072844, 3.631880, 1 
0.450640, -2.047878, -8.152594, 2.273699, -2.364695, -2.361450, 0.807941, -1.747561, 1.971813, -5.855704, 0.375366, 4.467531, -0.498545, 6.826988, 3.552486, 5.887890, 10.516857, 6.490141, -2.897268, 3.535353, -7.099365, 1.080809, 3.996283, -0.538214, 6.164314, 3.284405, -2.917562, 0.396769, -8.202896, -1.353613, 6.651752, 6.306253, 1 
-6.816108, 0.193516, -5.733736, -4.806858, -2.080256, -7.652077, -3.591242, 1.555595, -0.508469, -2.477474, 0.394421, 6.435482, 2.997694, -1.834417, -4.558760, -2.478102, -1.197540, 2.372555, -3.102039, -0.227560, -7.447116, 0.730114, -8.552273, -0.561653, 3.276337, 7.439074, -2.664228, -3.878139, -0.294651, 1.270878, 5.688372, 4.518196, 1 
3.488583, 0.251272, -2.500280, -0.435434, 4.529522, -0.909948, -0.993149, -0.442554, -0.415146, -2.917744, -6.409325, 1.524765, 0.616846, 5.171169, 0.131968, 4.118351, -3.472111, 9.671574, -4.082756, -5.652205, 0.984074, 4.781260, -4.117664, 5.081188, 5.314833, 0.709934, 1.259726, 10.167810, 7.816425, -4.374105, -1.171759, -3.791172, 1 
5.767118, 0.838223, 6.103275, -1.089544, 1.566868, -8.016392, 5.548716, -10.020144, 2.654297, 2.633278, 0.879036, -0.387566, 2.445580, -0.804308, 4.461758, 3.404484, 6.255285, -0.840389, 4.072134, 4.388321, 0.110710, 1.068354, 7.725870, 1.158995, -0.213142, -2.275057, 1.777878, -3.313772, -0.499073, -2.586636, 1.962496, 0.691216, 1 
2.375021, 9.021528, -1.321644, -2.290283, 2.936163, -12.065932, -0.842793, -3.543758, 4.297697, 10.207607, 1.331999, 2.300285, -0.694508, 0.824923, 4.562340, -1.472927, -1.816952, 2.446280, 4.450268, 4.452845, -2.444710, 1.150644, 3.175356, 4.311050, 0.098429, 3.556484, 6.432583, 5.726036, 4.908493, -5.602949, 5.771040, -1.475668, 1 
0.925016, -1.739197, 0.367102, 6.724604, -2.300348, -4.570642, -1.412628, 2.115479, -0.000919, -1.354464, -5.339793, 7.382427, 1.891626, 1.517559, -1.646017, -3.314732, 1.996746, 5.089758, 3.452835, 1.676836, -1.245026, 0.814550, 2.133209, 2.256609, 4.135082, 4.845558, -4.629824, 4.500957, -2.884939, 12.930357, 3.355360, 0.160786, 1 
3.183737, 4.299599, 0.901890, -4.228416, 2.374189, -1.925095, 0.486427, 4.652403, 6.947821, -3.941778, 3.262302, 5.187899, -0.832850, -1.184057, -1.641424, 5.259863, 8.609186, -1.529299, 1.795698, 4.098091, -1.493464, -0.749336, 4.965433, -1.622162, -8.090740, 3.842937, 7.624130, -0.565180, 3.004803, 1.884680, 0.744526, 5.948715, 1 
2.537682, -0.044779, 7.520920, -2.898785, 4.134977, -3.498974, 8.671621, 2.743290, -3.095110, -10.260250, 2.931734, 4.714724, 2.769836, -3.936455, 1.045395, -7.687723, 2.093044, 6.024591, -0.880991, -8.081510, -3.524469, 5.932173, -1.931540, 3.570408, 6.418224, -2.320372, 4.422337, -0.765068, 2.061161, -3.452892, -0.627989, 1.131420, 1 
1.231771, 9.552233, -4.325867, 6.692703, 8.232025, 1.646770, 3.616695, -4.400599, 1.488590, -3.631367, 2.944679, -0.335964, 1.414356, 3.937506, -3.087841, 4.724413, -3.747969, 1.409767, -1.301456, 6.029135, 4.393751, -2.729347, 9.330685, 5.976654, 0.421579, 3.552324, -1.025585, 6.486464, 1.232613, -7.244089, 5.815529, -1.059534, 1 
6.401361, 11.725451, -4.626968, 0.493034, -0.167730, -2.969351, -10.556961, -1.856918, -2.602329, -5.718584, -0.891813, 3.558359, -1.818609, 7.273123, 3.293261, 3.218395, 7.671679, 3.722790, 4.430971, 0.399021, -0.003733, 0.231686, 6.358423, 1.096670, -0.165627, 0.069691, -5.131136, 6.890947, 2.491266, 3.234348, 5.380980, 4.273842, 1 
-2.560076, -0.463110, 1.285927, -2.607988, -8.337173, 7.194672, 7.874987, -3.773369, 8.698256, -2.964453, -1.755474, 2.675379, -6.014305, -0.707199, -1.712446, 1.571625, 2.038605, 8.661577, -1.435230, -2.306929, -1.562023, -1.378031, -1.675711, 0.426979, -0.390104, -8.528665, -2.305674, -3.519211, 4.803524, 1.612143, -3.817543, 3.909544, 1 
1.893433, -2.614843, 3.880217, 4.058802, 4.099907, 6.235420, 2.194540, 0.256413, 5.932356, 1.506977, 4.521122, 0.369663, -0.707836, 2.994967, -1.543907, 0.647882, 7.742662, -0.916550, 2.085859, 4.025881, -0.264677, -0.242949, 3.586168, 1.256411, 4.777477, 3.200647, 6.784155, 2.432806, 0.099865, -0.804981, 12.024412, 12.454115, 1 
-4.030989, 2.357855, 4.952501, -6.056182, 3.113413, 0.759382, 3.371861, -1.494884, 4.522583, 3.145693, -2.656666, 4.986446, 1.407894, 2.915586, -2.863136, 5.884300, 1.860785, -2.654890, -2.628740, -2.794481, 3.282339, -0.142551, 4.559525, 5.900335, 3.835703, -0.848320, 8.559795, -1.096676, 8.611700, -3.811134, 11.776693, -5.817195, 1 
2.498045, -2.799940, 0.946146, 1.235924, 7.682461, 2.816845, 9.381271, -0.446459, 1.285303, -5.041407, -3.814505, 6.832006, -3.016026, -0.028841, -2.183039, 8.642355, 1.024000, 1.794172, -3.985111, 0.660027, 0.039906, 0.778797, -2.053602, -6.705842, -3.887611, -7.404684, -0.137135, -1.192324, 6.607069, 4.644781, -6.518269, -3.266268, 1 
0.782648, -1.086580, -8.244229, 6.338318, 7.226038, -4.299532, 1.302982, 5.451065, 4.722275, 4.193478, -3.497807, -3.200365, -0.595654, -3.365595, 7.155319, 12.150785, 3.626396, -6.308512, 6.524530, -2.302649, -0.719864, 6.559374, -4.428205, 0.004663, 4.823692, -2.905756, -1.430618, 4.196634, 3.569334, -4.513712, -3.280161, 3.395397, 1 
1.572695, 6.839483, 3.415903, 5.305550, -1.397011, 1.117069, 3.980440, -0.269442, -3.126287, -1.044043, -3.401230, -0.142923, -6.426409, 3.896763, 2.706825, 6.117750, -2.205370, 0.015444, -2.974447, 4.768072, 4.771265, 1.927170, 0.576721, 0.015799, -1.893208, 3.922224, -7.106181, -1.547564, -5.662868, 3.352365, 2.192867, 2.633402, 1 
-0.828976, 5.013632, -0.155529, -3.002176, 0.979082, -0.439501, 3.297113, -0.388580, -1.824411, 3.096603, -4.384579, 0.996195, -2.127598, 4.156847, 1.992327, 8.752131, -10.618833, 8.394735, 3.489195, 2.176514, 7.461346, -1.030128, -5.890092, 0.659378, 5.722898, -3.515745, -0.471241, 2.513195, -1.790398, -7.751475, -0.053276, -2.005991, 1 
-1.078701, 0.652393, 4.155283, 3.217625, 3.876648, 1.736082, -3.527849, -1.835764, 5.182837, 3.980289, 5.960508, -11.769831, 0.567682, 6.050806, -6.302371, -4.909092, -3.211512, 0.776091, -2.343115, -0.210114, -1.483204, -0.436802, 0.614950, -4.887266, -1.731867, 8.157232, 3.451153, -0.479650, -0.208904, -0.171206, -1.029451, -0.401165, 1 
1.544802, 1.134844, -3.565939, 4.271593, -0.393143, -2.802862, 10.285608, 3.552521, -0.515938, 1.381306, -2.812618, -3.032732, 1.546467, 8.155636, 5.253477, 1.948877, 3.020575, 0.052944, 5.764301, -0.160500, -5.250954, 2.909399, -3.230398, -8.634478, -6.777922, -1.476328, -0.397318, 4.203354, -2.536308, -3.914526, 1.964546, 1.653759, 1 
1.776321, -1.111364, 2.516315, -4.018419, 0.971540, -2.274534, 0.086613, -0.751633, -0.277998, -4.240057, 2.469479, -0.657436, -3.290667, -6.739341, 3.400446, 3.702196, 2.500839, -3.224903, 5.611010, 2.632175, -0.491127, 2.791590, 9.485371, 2.583006, 4.666922, 4.880161, 6.118216, 0.433084, 0.352961, 0.186420, 0.869246, 2.818678, 1 
3.552340, 2.028070, 3.443804, -8.125327, 1.452917, 0.921230, 2.030262, 5.723125, 2.505692, 1.999140, 4.275696, -8.764045, 0.163403, 6.379606, 1.463997, 6.251200, 2.083576, -4.375311, 11.334902, 1.852877, -7.885973, -1.321823, 1.716890, -2.539555, 4.935070, -2.184576, -3.554470, 4.871861, -2.123075, -7.657437, 4.776230, 5.129978, 1 
-4.171282, 4.729343, -8.028996, -1.532583, 4.697432, -10.662292, 2.505314, -2.524618, 5.625242, -3.509071, 0.995115, 5.481300, -2.920429, 6.936314, -2.979366, 2.953203, -1.048109, 1.966101, 2.789255, -0.484978, 1.401522, -0.376490, 0.281666, -4.709478, 1.187737, 7.628546, 10.620159, -1.426477, 2.816908, 2.526066, 9.793596, -5.485909, 1 
7.083889, 5.314884, 0.360758, 12.684172, 1.821976, 4.259335, 1.953896, -0.533768, -0.593170, 2.887707, 8.406609, 0.297226, 12.573652, -0.664368, 5.821375, -1.724733, 1.299017, 5.941002, -2.493532, 4.124462, -1.488199, 4.167749, -0.141411, -4.103636, -3.724247, 7.007215, 9.384033, -2.192995, 9.125965, -0.671406, -10.456769, -8.394955, 1 
-0.404314, -0.050808, -2.696133, -2.091591, 3.958937, -2.268238, 3.850002, 4.198767, -0.416019, -0.507986, 0.633379, 4.916037, 1.514444, 6.481962, -2.520111, -0.764395, 7.550457, 2.439064, -1.094673, 2.647264, -1.682026, 7.641731, -4.036591, 4.547825, -6.116439, -1.837732, -0.603609, 11.332380, 1.781279, -6.254953, 0.824640, 0.010984, 1 
-1.298491, 1.762411, 2.777784, -1.383268, 3.940086, 3.601614, -9.452855, -2.449684, 2.643955, 0.852341, 0.190035, -5.438664, 4.523846, 1.159815, 3.778265, 4.790358, -1.702242, -0.133286, -1.544468, -1.985044, 2.239609, -3.099895, 4.426880, -1.416702, 10.645441, 3.818823, 4.728926, 3.357321, -1.880562, -6.381744, 5.884148, 1.834232, 1 
-0.536482, 6.302755, 1.506495, 2.632980, 5.478725, -7.282384, 0.627052, 1.458174, -7.782301, -0.936144, 6.367453, -2.524315, 9.437922, 1.614489, -3.022736, -2.195171, 4.155540, 1.585770, 1.094189, 12.424967, 7.085060, 7.549313, 2.180954, 11.856756, -1.071693, 1.024902, 2.952002, -1.708561, -1.748960, 9.003967, 5.395853, 0.918213, 1 
4.451569, -9.212217, 0.559240, -3.465660, 2.123770, 0.081427, -3.452023, 6.992828, -1.213469, -3.347990, 10.386374, 7.669022, -1.753365, -1.706474, -4.799881, 8.852386, 2.419683, -6.866177, 8.533381, -0.633781, -1.545534, -7.256497, 3.005289, 0.682667, -0.062140, 3.359447, 1.062580, -1.100964, 4.957027, 1.729252, 2.261322, -3.077280, 1 
2.536131, -8.124804, -1.647293, -0.348352, 7.359922, -0.997238, -5.735327, 1.839336, -1.115788, 6.316992, -4.448616, 3.001236, 2.033560, 3.429857, 7.157160, 2.310789, 5.800438, 6.147446, 4.689234, -0.008968, 0.914717, 5.714754, 10.244867, 1.988251, 3.352226, 2.996424, 4.554918, 5.481094, 0.365496, 0.081102, 1.872149, 1.647247, 1 
-0.867392, -1.626644, 1.928514, 9.078747, -1.747898, 9.250326, 7.919279, 2.101484, 1.496618, -1.862413, 3.944456, -1.244463, 1.166979, 3.360271, 1.302517, -1.274366, -4.188519, -0.796352, -0.530882, 3.057947, 0.401390, 2.220829, 5.636547, 1.306364, 1.332827, -3.785316, 3.230141, 1.523478, -1.338888, -1.243052, -1.422976, 1.579960, 1 
-4.300657, -2.189360, -2.593283, 0.271812, 6.480145, 0.940395, 6.794376, -2.182793, -1.246042, 2.187479, -0.906136, 7.311609, 9.312609, 5.444441, 3.051847, -8.133858, 9.189787, 0.546125, -2.026619, 1.703884, 3.082266, -0.447626, -3.333334, 2.974091, -4.352402, -0.461119, -0.632174, 3.221285, 4.964727, -1.440542, 8.573380, -3.982450, 1 
4.412867, 5.859531, 8.187096, 1.465090, -6.197527, -5.493460, 5.203754, 8.060194, -1.647867, -1.157017, 0.852016, -7.718318, 3.938923, -1.204004, 8.157013, 1.416412, -9.621739, -3.538895, 3.874235, 5.313082, 6.746008, -4.728287, 6.978798, 4.153397, 0.307289, 2.135160, 2.179981, 7.213133, 0.301273, 8.174107, -2.807756, -0.476967, 1 
-2.169333, -1.990532, 7.613487, 1.758255, 1.491688, 2.888075, -1.277645, 2.108379, 0.690037, -3.684803, 0.386005, -3.669355, 9.922379, 3.326822, 0.164110, 4.760584, -4.568701, -5.302798, 2.175074, 5.686613, 4.491566, 1.995035, -0.712488, -1.251165, 6.683826, 3.164284, -2.203339, 2.062984, -3.137571, -3.884251, 12.204752, 5.006975, 1 
-0.901701, 1.071196, -2.189188, 4.653690, 10.338957, 1.993824, 4.174871, -3.020548, 1.092764, -4.129305, 2.301914, 6.117212, 1.322977, 6.281990, 4.613844, 2.921499, -8.600685, 3.170893, 0.973438, 0.834322, -8.097610, 2.106081, 2.043720, -0.699804, 7.017776, 4.787449, -2.175274, 10.083349, 4.884367, 2.176813, 3.888622, -3.598843, 1 
-7.260218, 2.999300, 8.458183, -2.535069, -6.970601, -3.749813, 7.570648, 3.653025, 0.516647, 2.836916, -0.473482, -0.671165, 1.572945, -0.864796, 9.713367, -3.215979, 2.020557, 0.417570, 4.382761, -8.800315, 5.274855, 2.696924, 2.551807, 3.631397, 3.368700, 0.972231, 3.606518, 6.836874, 3.934710, 0.819393, -1.409243, 2.082125, 1 
0.902075, 4.672287, -4.783619, 1.437857, 2.450199, 2.430681, 1.162161, 2.685703, -4.827122, -6.122902, -4.629827, 7.060829, 1.965546, -0.445185, 9.188280, 1.760071, 4.289772, 0.221502, -2.485750, 1.012085, 2.783783, -0.909046, 8.689121, -2.016016, 5.656734, -4.484426, 0.618322, 0.156363, -8.049874, -5.762923, 0.351385, 0.011196, 1 
-1.404051, -4.519865, 9.224760, -1.995157, 6.890690, 2.513525, 3.227001, -2.805817, -0.187298, 3.777370, 1.674500, 3.825180, -4.623775, 1.803295, -0.317486, 2.240746, 0.317938, 1.150833, -3.435791, -5.781442, 0.916960, -7.824203, 7.582109, 4.800520, 4.083864, -8.791821, 8.700249, -0.739065, -2.932505, 11.524515, -2.545895, -3.619814, 1 
0.706036, 0.829275, 3.620499, 2.038038, 2.144810, -0.260513, 0.101210, 4.744646, 8.036238, -1.924088, -6.984232, 2.891340, -2.698538, 2.047409, -4.903809, 6.623617, -3.568336, 1.544764, -0.464783, 9.209089, 2.823027, -6.108366, 6.352251, -8.604060, 0.124191, 0.689285, -2.782001, 2.561115, 0.274754, -14.615995, -2.932707, 2.797886, 1 
0.524237, -1.269215, 4.045092, 7.596354, -2.722897, 2.771315, -1.805862, 5.143173, 0.894611, 1.743309, -0.302439, -2.014313, 0.993830, -6.279925, -3.705408, 4.280724, 0.519011, -4.536512, -1.998758, -10.166438, -3.393089, 7.672613, 1.456617, 3.205727, -7.469234, 4.878559, -0.226776, -5.064556, 3.669008, 3.083294, 4.969429, -7.818760, 1 
2.920391, 1.340485, 2.114023, -0.491962, 0.030100, -4.660761, -2.212860, 5.258261, 3.405504, -1.223091, 1.955179, 2.998480, -4.189806, 1.297228, 4.888008, 2.043224, 1.620821, -3.066277, 2.359070, 5.345140, 6.799555, 5.457283, -1.339499, -2.884792, 4.043959, -1.113569, 6.207550, 5.916479, -1.265285, 9.173717, -1.601301, -1.833473, 1 
-2.351330, 4.725206, 6.488379, 5.037115, 6.564861, 3.653601, 1.181772, -10.961188, 0.195673, -3.702047, -3.703163, 1.229553, -2.938347, 2.650951, 1.097742, -2.510281, -2.873011, 0.286585, -2.155310, 8.706732, -6.545579, -2.218534, 7.743099, 0.078348, -3.835491, -1.952158, 5.558865, -0.355757, 5.283676, 13.666983, 0.019741, 14.642210, 1 
3.087727, -3.595207, 4.109646, 5.231417, -4.992100, -4.464699, 3.831234, -7.146863, -1.970953, -3.235828, -9.151491, -1.992292, 2.269062, -0.475748, -4.745510, 0.806362, 9.431780, -6.015841, -3.223360, -2.959995, -0.708368, -4.005869, 2.746380, -3.690027, 1.334858, -3.565943, -1.664791, 0.976439, 1.326611, 0.710470, -1.209017, 3.421333, 0 
5.113640, 0.898983, 1.028341, -8.381658, -3.441053, -7.260176, 1.720615, 4.944281, 6.556490, -1.365549, -7.638876, -4.716478, -0.663744, -7.328815, -0.744360, 3.543661, 0.309637, -9.068128, 0.526997, -3.944271, -0.764469, -2.681023, -2.110493, 6.779600, -4.083920, -5.398127, -1.152222, -4.255671, 4.188221, -3.873791, 1.862083, 3.219004, 0 
-2.392218, -1.828983, -1.658792, -3.054693, -6.102648, 1.922144, -6.254341, -3.711136, -3.326210, 2.055233, -7.607177, -0.467541, -6.554741, 4.730515, 2.876425, -7.043232, -5.329576, 2.676989, 1.785152, -1.518740, -3.690247, 3.531406, -7.063390, -0.261427, -0.298744, -1.140913, -2.524757, -1.529785, -4.730026, 0.879183, 4.129631, 0.906015, 0 
-1.828527, -0.462433, -2.647635, 10.870375, -1.313820, -11.719768, -1.889933, -0.375221, 2.403173, -3.498571, 2.240147, -6.469580, -6.198063, 0.052395, 1.137127, 2.785372, 1.868925, 8.658075, -1.171715, -0.485666, 0.089268, -0.037651, 1.196648, 3.350803, 1.301851, -3.623844, 3.035831, 0.903940, -2.787956, 0.220892, 0.269274, -4.197649, 0 
-3.759745, -11.387015, -2.282511, 4.737514, -4.817743, -3.187803, 0.135752, -3.511763, 3.934942, 3.615030, -1.373808, 7.626911, -3.278166, -3.924976, 1.263853, -2.629501, -0.132399, 2.241587, 3.455603, 1.812677, -0.888641, 4.254261, 5.160103, -0.147337, 5.660740, -5.318565, -1.775978, -3.055676, 3.693022, -3.736000, -2.570414, -3.706930, 0 
0.898029, 1.324495, -3.045340, -2.206024, -1.160847, 4.516563, -6.837429, -5.450701, 0.733891, 6.485956, -5.619865, -2.791447, 0.270023, -2.353493, 1.022253, -3.939032, 0.298931, -2.267309, 1.540823, 2.178284, -5.723310, -0.184378, -4.404684, -4.426723, -15.395843, -0.749109, 0.279577, -4.923943, 8.032890, 0.473274, 1.111895, 3.846739, 0 
0.513786, 0.004120, 0.690886, 3.578863, -5.343485, -11.459192, 6.128248, -2.467018, 3.329233, -3.073782, -1.532709, 1.663153, 6.718987, 1.097643, -0.373051, 3.738699, 4.280674, 1.209955, 4.925999, -4.134005, 3.251461, 3.264011, -9.853265, 3.193579, 5.878319, 3.031528, -3.690111, -2.931284, 6.783449, 10.241369, -10.430416, -3.564905, 0 
-2.933241, -4.981926, 2.025129, -2.808035, -0.300461, 0.060791, -3.613409, -0.974953, -3.398041, 0.261898, -0.198902, 3.104370, -2.357170, -8.368435, -7.602741, -0.096043, -3.453211, -4.939896, 7.964792, -3.421581, -4.877357, -0.115902, -2.301397, 1.285900, -9.370831, -5.218849, -0.328768, -14.607007, -4.263880, -5.755655, 0.199617, -0.499479, 0 
-2.772636, -2.217720, -2.244780, -6.190027, -3.459137, -0.526487, -0.867342, -6.229759, -5.150993, 1.953726, 6.088711, 3.513466, -4.174978, 1.973652, -0.917133, -0.262535, 1.361557, 0.057840, 0.119875, -1.494013, 0.036066, -6.205217, -1.570404, -7.688830, -8.026663, 5.068644, -2.049299, -0.274572, -3.399540, -2.978117, 4.113949, 0.848742, 0 
-1.539562, -5.373253, 3.663023, 0.963327, -6.767223, -2.800642, -9.273569, 2.375212, 3.483421, 10.430929, -4.109083, -2.210375, 4.273876, -0.216291, 0.333551, -1.853306, 1.005136, 1.569529, -1.955671, 2.336908, -0.466450, 1.167213, 0.430273, -10.444494, -1.600073, -0.167591, 1.075727, 0.557013, -8.753291, 0.311033, 0.490499, -3.597929, 0 
-1.007490, 4.449347, -2.958559, -10.054789, -7.586875, 7.042521, -2.340986, 2.824657, -2.750761, -8.925531, -0.247562, -12.420968, -2.299738, 6.080856, 0.705923, 5.905357, 3.515305, -3.040842, 3.080997, -5.056990, -7.924647, 5.925957, 0.213955, 1.000532, 6.084574, 8.418953, 5.018568, -11.385444, 0.660748, 2.050137, -1.834768, 3.979813, 0 
11.385889, -0.455894, 4.194269, 2.695503, -4.979893, -2.422142, 4.188002, 1.903166, -1.505156, -1.260376, -0.666952, 2.928102, 4.331833, -5.062120, -1.946266, -3.426939, 0.412785, -5.802111, -6.241707, 3.701893, -9.431697, -6.355326, 2.288219, 6.714104, -1.255922, -7.486650, -5.272968, -0.200163, 6.553455, -0.703146, -1.506392, 0.086906, 0 
4.331465, 7.530218, -0.613625, -0.736462, 0.061689, 0.069185, -0.140604, -2.482801, -3.659079, 4.197258, 6.919821, -0.326483, -4.928713, -5.933685, 1.584721, -4.818178, 2.819483, 3.346941, 0.163515, -5.499590, -0.099937, 1.062515, -1.685513, -6.252741, -4.635771, 2.640133, -8.021332, 2.341322, 3.517370, 10.243990, -3.085579, -4.698868, 0 
-3.120031, -3.782429, -0.786926, 1.552229, -7.351299, 0.763609, -5.178932, -4.833418, 5.920181, -2.313070, 5.618402, -0.503807, -2.152096, -4.183245, -1.699604, 9.277182, -4.261839, -3.067919, 1.641546, -2.650415, -2.375446, -2.529894, -0.914295, 0.465294, 2.186384, -3.283234, -6.514534, 2.133471, 0.671621, 4.652225, -1.729073, -8.370111, 0 
-10.669791, 4.290394, -3.052565, 13.233885, -0.592730, 0.885637, -5.423626, 4.765547, -5.840523, 11.738146, 6.971024, 1.087639, -2.477785, 1.871738, -7.381656, 5.015478, -6.743870, -3.129301, -2.550741, -5.397076, -7.607416, -4.322975, 3.116959, -0.566347, -0.089262, 0.448404, -5.330639, 0.482849, 0.258104, -2.326847, 0.233034, 2.362795, 0 
-4.978668, 2.866049, -9.405430, 1.180832, -0.659519, 2.880341, 6.137482, 5.612614, -5.235115, 4.896105, -2.099834, -7.666031, 0.041937, -5.431860, -7.727322, 1.415531, 9.146246, -0.756615, 2.443071, -2.539131, -12.633667, -0.005981, -2.146173, -2.113724, 0.794083, 1.050806, 5.432339, -4.924831, -5.000410, -2.727242, -6.031044, 2.481283, 0 
0.719364, -3.943092, 5.804892, -2.009594, -0.935844, -2.800934, 0.659948, -5.122166, -8.392845, 4.709307, 0.009321, 7.614664, -6.201834, -3.561897, -2.651491, 6.233301, -2.137043, -5.608307, 0.223175, -3.749178, -2.960262, -3.933367, -3.150410, 0.055248, -0.419191, -6.356554, -4.032852, -4.496017, -6.834450, -3.457451, 5.485960, 0.058489, 0 
-9.882947, -0.855728, 1.434807, 3.409121, 5.145464, -3.889458, 5.701649, 0.420759, -5.799557, 7.508226, -5.436550, -0.060566, -0.816910, -3.294386, 2.530752, -4.487236, -0.490437, 1.988964, -2.831783, 8.347904, 1.577635, 3.346598, -1.337454, -3.248014, 1.304777, -7.986959, 4.788771, -8.288635, -7.543421, -3.478407, -5.226637, -6.185631, 0 
-4.254547, 3.930321, 1.188803, -5.890083, -1.509514, 4.177816, 1.425711, -5.404947, 3.874516, 11.501879, -3.146517, -1.164413, -2.611872, -4.125616, 0.797712, 2.937386, 1.838575, -3.789509, -0.130644, -3.015408, -3.589489, -7.542983, -5.552675, -1.014053, 0.890739, -3.914700, 0.973398, -1.092140, 0.796860, -1.630077, -5.196301, -0.981634, 0 
-6.970581, -0.148975, -6.138245, 3.236256, -3.380838, -8.332659, -2.761921, -2.273911, -10.041527, -7.071135, 0.572536, 5.897242, -1.296682, -0.370331, -2.525019, -2.159069, 6.265652, -0.179316, -1.789463, -3.349400, 7.475393, 4.959459, -2.921251, -0.370316, -2.251139, 2.568981, -2.584002, 0.167948, -5.485464, -3.838249, 3.419014, 0.631554, 0 
-7.076287, 4.780149, -3.130119, 1.119667, -4.787685, -4.117928, -5.459017, -2.887466, -1.808584, 4.660849, 4.164930, -3.481733, 1.526461, -8.640838, 0.428207, -6.140526, -0.998999, 1.465052, -6.530636, -8.714934, -1.855188, -0.426407, 1.812391, -5.461916, 8.584173, -6.189205, -2.116127, 1.348278, -0.242926, -1.499451, 3.455444, -1.998802, 0 
-1.687895, -5.558577, 4.460058, -3.046425, -7.615903, -4.530886, -0.598131, 2.031193, 2.952108, 0.081749, 2.957981, -0.385578, -4.755440, 7.134083, -4.602598, 3.415676, 0.173824, -1.065498, -2.222507, 1.950165, -2.064100, -2.407042, 6.771139, -3.753033, -0.340588, -3.045414, -4.487127, -4.176798, -8.486524, -2.193068, -4.815901, -0.776670, 0 
0.379177, -0.654650, -1.367033, -4.551222, -2.774933, -2.170448, -7.353319, 1.538870, -3.393522, -0.592197, -12.216516, 4.982534, 1.752123, 6.841301, 6.281269, -0.513599, -2.079525, -5.449043, -7.428390, 1.402287, 1.345554, -2.427639, -4.236908, -1.413202, -4.508776, -2.149076, -0.276592, -0.129761, -4.153868, -7.944640, 1.935307, -0.926783, 0 
-3.722363, -4.113319, 3.360748, -2.484997, 2.120712, 3.223589, 9.610327, 3.798843, 5.127768, -2.306019, -3.110409, 3.486597, 1.947071, -1.715990, 4.245857, 8.450705, -4.432678, -3.356644, 5.323050, 0.337006, 2.590591, -3.526888, 1.736719, 5.020180, -3.488459, -8.671945, -0.992897, -4.081102, -5.036179, -0.341679, 3.042519, -3.703152, 0 
-2.954191, 4.948307, 0.866816, 0.230852, 1.104004, 1.964001, 1.829227, 5.992182, -5.010010, -7.638359, -8.355811, -10.510014, -10.910130, 2.093489, -6.821074, 0.043369, 2.833721, 2.360264, -6.460550, -4.219395, 1.940380, 1.956490, 2.300665, -7.257751, -7.533424, 5.262018, 3.126091, -5.597038, -2.992632, -3.096601, -0.965015, -3.175442, 0 
-9.575497, -2.322826, 4.069199, -3.414885, -10.017594, 6.301561, -4.359610, -1.112867, -8.402759, 1.999245, 0.622828, 0.258183, 8.070694, -5.139051, -6.871239, -3.852106, 0.152187, -6.729977, -0.715849, -3.068357, 2.212519, 4.066450, -0.546625, 0.207111, -6.462908, 0.718601, -0.698530, -1.942162, 0.904062, -6.934361, -4.133471, -2.266037, 0 
-1.724321, 1.615368, -1.327053, 1.989685, -1.753067, -3.747725, -0.182068, -9.746783, 4.233593, -1.467672, -11.360335, 3.961260, -7.135808, 2.136122, -0.125982, -0.219074, 4.293453, 1.451958, -2.888580, -2.203960, -1.643564, -1.095858, 1.365582, -7.655304, 1.502754, -6.287594, 2.651320, 3.595989, 2.230938, -1.984571, 1.075428, -2.972067, 0 
-1.502583, -3.571184, 5.134892, 4.309156, -4.882317, -5.352108, -0.871262, -1.511679, 2.249556, -4.464687, -1.358723, -5.837442, -0.013498, -6.470884, -2.571306, 7.247047, -0.166286, -4.502140, -11.971545, 1.939775, -6.192467, 8.281471, -4.289806, -2.338751, 0.901400, -6.101826, 4.218822, 0.863522, -3.508036, 6.498112, 3.186317, -0.990309, 0 
0.300680, -9.781679, 0.867346, -7.397454, -1.504997, -4.394539, -3.592514, -4.725382, -1.163507, 0.311434, -1.535744, -3.345720, -3.034008, -4.427212, -0.542269, -1.750504, -3.211132, -1.036600, -2.580357, 2.061283, 0.248882, -0.775532, 9.162905, 2.812956, 4.413336, 3.194263, 7.953630, -3.124222, -3.369688, -5.490707, 7.235561, 0.416185, 0 
-3.129953, -4.418585, -2.982965, -1.531309, -6.589235, -6.886175, 2.185080, 4.887896, -1.871269, -6.053265, -0.233883, -1.183165, 2.164412, -4.943487, -6.108526, -1.931469, 1.575136, -8.710819, -2.731579, -6.271362, -4.069578, -0.039335, -9.501462, -2.668615, -0.046862, -2.289139, 8.735657, -1.983419, 0.722765, 7.040953, 0.649050, -1.988228, 0 
-6.204020, 7.251907, -7.921794, -2.638659, 2.739321, 0.023842, -0.003609, 7.961630, 4.818005, -0.363464, -1.065338, 6.552097, 1.529245, 0.781448, 4.357437, 1.087662, -4.787954, -3.313030, -2.242132, -3.186300, -2.283030, 3.849455, 1.049482, -0.701128, 7.274836, -2.754950, -6.398064, -1.664618, -0.421423, -0.062113, 2.311264, 3.331497, 0 
-2.336872, -3.752630, -2.841000, 3.659636, -0.960384, -1.320690, -3.354174, -6.034830, -5.143045, -3.011614, -5.542469, -2.169434, -0.710285, 0.758097, 2.835047, 6.396133, 6.259830, -0.708387, 4.239395, -4.428324, -1.894835, -0.972824, 1.680763, 5.684994, 0.560244, -2.631002, -3.341576, -4.186760, -2.117346, -1.306261, 2.648474, -6.255173, 0 
-1.529182, -0.421268, -10.410908, -7.106152, 8.487175, 2.054070, 4.203794, -2.781181, 5.355087, -0.928770, -1.101692, 0.898252, 5.188137, -5.425520, 3.862873, -5.384726, -4.127892, 3.072042, 0.519503, -3.532846, -10.483461, 2.542442, -1.469051, -0.902884, -5.757917, -1.122128, 3.291254, -2.412043, -4.315067, 4.400972, 1.756884, -3.055012, 0 
-3.785873, 6.762129, -6.680357, -3.116758, -2.115126, 4.671913, 1.729551, 0.609009, 1.636621, -1.090721, -12.033506, 2.774513, -8.213983, -0.716469, 0.606760, 4.954397, 4.037621, -10.643969, -2.316853, -11.760366, 1.208155, -11.358644, -2.236361, 1.624823, -3.298513, -0.064957, -0.073454, -6.033585, -8.843873, 4.072903, 0.333286, -2.891279, 0 
4.350725, 7.117918, -3.654707, -3.627691, -3.466372, -5.109194, -1.713694, -3.481874, -5.680822, -0.166273, -4.363241, 4.841139, -4.665075, -0.182137, -1.168159, -10.182989, 4.350328, 6.993004, -0.098812, 3.936699, 1.253271, 0.817154, 5.297466, 3.922550, 3.178690, 3.539490, -4.214050, -2.370634, -6.622646, 2.394138, -1.351625, 3.390205, 0 
1.680670, -2.182030, -10.443015, -1.969942, 0.014669, 2.182190, 2.068483, -4.064156, -1.502556, -6.516743, 2.646479, 4.186306, -4.127872, -8.650935, 2.431644, 3.646725, -0.413258, 4.976034, -4.763416, 0.442551, -8.311012, 0.604786, -7.345436, -1.902683, -0.420422, -2.017782, -0.863419, -6.944983, 5.685530, -3.301439, 8.341640, -4.092037, 0 
-2.600201, 0.973616, -2.174875, 7.535988, -1.285057, -2.596581, -1.624899, 3.785286, 1.584831, -5.199524, 1.413483, -2.680893, -4.630493, -9.482473, 2.990107, 0.611908, 0.120209, -0.905066, 1.398661, -5.919935, -8.871885, 2.698877, -5.404972, 0.760498, -3.447363, -2.308947, -2.945734, 1.186867, -2.345177, -3.483711, -2.786850, -1.667742, 0 
-0.972561, 7.701677, 10.149538, -0.014702, -4.964691, 8.705751, -2.140663, 7.366734, -0.418825, -0.782393, -5.979370, 1.184151, -9.116266, 8.537611, 0.413584, -10.752114, -3.229090, -3.096867, 0.723356, -1.728624, -10.349884, 3.900135, -1.816259, 7.343496, -10.805630, -2.467257, -4.778910, 6.020361, -0.225996, 1.189880, 1.289124, -0.374805, 0 
-2.962303, -2.331465, -7.424539, 5.599094, -3.507324, 4.628216, -3.105225, -3.202984, -2.229177, 2.744429, 6.484678, -9.386119, 0.930990, -1.377916, -6.874781, -5.051767, -3.383778, 1.155792, 2.328960, -5.276417, -2.100807, -6.250717, -7.125625, 0.187178, -10.023466, 4.751968, 6.548780, 1.611872, 10.106741, 6.542780, -5.336826, -7.037579, 0 
-3.592253, -0.790522, 7.244577, 3.423336, -6.074036, 0.911358, 0.170832, 3.986242, -0.859257, -1.857534, 1.335573, -5.418442, 1.752542, 0.728006, -11.788257, -4.341345, -0.337152, 3.890957, -6.062344, -0.862619, -6.399929, -5.137978, -4.237709, 2.769434, -1.498577, 2.047510, 4.739637, 2.931463, -3.675457, 5.232578, 3.718102, 2.420738, 0 
1.010021, -5.465284, 4.675955, 0.082766, -4.730165, -12.876143, 3.183214, -3.760450, -3.753902, 1.061651, 0.939114, 1.079367, 1.179987, -0.529318, -3.617582, 0.521652, 5.323870, -2.319921, -5.144953, -5.731329, 4.530495, 3.188337, 0.186285, -3.629610, -4.072271, 1.806358, 1.667746, -3.097042, -1.936417, -0.199839, -1.070848, -2.671007, 0 
-0.595951, -8.716299, -0.295017, -2.847889, -1.768246, 3.573608, -3.081415, -6.299847, -4.952925, 5.870108, -3.228651, 2.831652, -2.384430, -0.347387, -3.009703, 5.331268, -7.483489, -1.206982, 6.825766, -3.958374, -5.219194, 0.552414, -3.088675, 3.758682, 1.913290, -2.527258, -0.801914, -2.316084, -5.746553, -2.180918, -2.053701, -0.549124, 0 
-2.658319, -3.002522, -4.801926, -6.299877, 2.499586, -7.168430, -0.507799, 9.773256, -1.117218, 2.868422, 4.569057, 3.213863, -9.188242, -2.255741, -0.669453, 3.953568, 1.467955, 5.362234, -4.104639, 3.406914, 1.067869, -0.593666, 1.972021, -8.897959, 2.132128, -2.320383, -2.047123, -0.932329, -1.074415, -8.527700, 0.485889, 6.171837, 0 
-9.114582, -0.667307, -1.236578, -3.807632, -2.826359, -5.135740, 0.258446, 1.640806, 1.512089, -0.910015, -1.542610, -3.091852, 4.720381, -0.998568, 3.471514, -6.053417, -0.628622, 6.413683, -0.745964, 5.318810, 4.343636, 2.403732, 4.456285, -4.213266, 1.966625, 1.503580, 2.608406, -7.159290, -0.412785, 1.557871, -2.821159, -4.105190, 0 
4.908796, 1.743254, -0.168591, -6.751532, -5.140221, -0.425127, -0.306437, -2.759703, 6.393385, -5.615286, -9.523808, -0.075928, -1.542614, -0.126720, -3.569874, 2.608175, -3.821672, 5.274912, 3.127922, 3.273125, -0.084810, 0.448814, 5.022461, -1.754805, -2.204830, 4.509851, 2.484755, -4.622297, 3.002443, -2.148920, -4.075138, 1.246469, 0 
0.682346, 2.735273, -0.202564, -1.966129, 7.044258, -5.293428, 2.268898, -2.987232, -6.157244, -2.468929, 2.292696, 4.681202, -7.802735, 0.301706, -5.377237, -1.225462, 1.960712, 0.981855, -0.233027, 0.224024, 9.045046, 4.477438, 3.012609, -3.481503, -5.691444, -5.772982, 6.801754, -3.424829, 0.589132, 0.625694, -4.489471, 1.927336, 0 
-2.679474, 0.583338, -2.343346, 3.059092, 4.543173, -1.993610, -1.861210, 4.331667, 2.476114, 2.303625, -0.155508, 0.777374, -0.778952, -2.422050, -3.000961, -6.940044, 1.137634, -2.211012, -7.370115, -0.403824, -1.764406, 0.614698, -5.562948, 1.432497, -6.698404, -3.476837, 0.199873, -0.554018, -0.097191, 5.668430, -5.096886, 0.154564, 0 
-10.678946, 4.025198, -0.635929, -0.070038, -3.844017, -3.296076, -10.154803, 5.490896, -1.119839, 3.949789, -1.012466, 7.001913, -5.654245, -7.104010, -0.868940, 1.069082, -1.163231, 4.030025, -7.771432, 4.967077, 1.933037, 2.267263, 7.316132, -6.087082, 1.432434, -4.066856, -0.653992, 3.940363, 1.671955, -1.270454, 0.827160, 14.472551, 0 
-10.642370, -4.780182, -0.298628, 0.912546, -3.762592, -6.712723, 3.124590, -1.568405, 8.668995, -5.005203, 3.429523, -5.264231, 2.304688, 2.180595, -1.558676, -0.080318, -4.971987, -11.990096, -0.079391, -4.822550, -2.694818, 0.222424, 0.413231, -2.564775, 6.440813, -5.263824, -5.326590, 1.748991, -2.620897, -5.996925, -0.683836, -9.662054, 0 
-4.678162, -6.016924, 6.705877, -1.845285, -8.146857, -6.234554, -9.584366, -3.119162, 6.645111, 0.114573, -2.242950, 4.692232, -0.865959, 0.122337, -4.326525, 5.360910, 0.598036, 8.894333, 2.096535, -4.424885, -0.681337, -2.876431, 1.670515, 2.012297, 0.816807, -4.403852, -2.656055, -2.961628, -0.070860, -2.941862, 1.786625, 4.743132, 0 
-4.874441, -0.021835, 4.570547, 0.055044, 0.071671, 2.514046, 3.947863, -3.869656, -7.905780, -2.150272, -8.160453, 0.004478, -2.325367, -1.598507, -4.852606, 3.908493, -1.140404, -3.680990, -6.447010, -3.105803, -4.005974, 0.447374, -5.603996, -2.253349, -7.659855, -4.896481, -6.063843, -1.188194, -11.409607, -7.858918, 1.136322, -0.423906, 0 
-4.127367, 0.619053, 2.556187, -4.344995, 2.652943, -7.553277, -4.305407, -1.689220, 4.791597, 0.058889, -6.980537, 8.034519, -0.383347, -2.141176, 1.538898, 0.018482, -0.146666, -6.623083, 0.114086, 3.775476, 5.644579, 14.833868, 4.402800, -5.373678, -0.372002, 3.210106, -3.386698, -1.832018, -11.551201, -4.965055, 2.464190, -5.969694, 0 
-0.001940, -3.839611, 1.450586, 2.635811, 1.255980, -2.857618, -0.913340, -3.852730, -5.358950, -0.491562, -0.922384, -8.290508, -3.986082, -5.248913, -0.133268, 9.426638, -7.041828, -7.212546, -8.026965, -1.429670, 0.208963, -4.601276, 0.013269, -0.021683, -4.874153, 1.755699, -3.849779, 5.115807, -2.342403, -2.383530, -2.438568, 0.659893, 0 
5.678331, -6.844011, -6.226706, 2.539860, -3.470505, 2.847113, -1.703920, -2.506124, 1.509630, -4.921579, -3.846888, -0.133705, -1.390123, 1.289606, -5.631676, -1.002644, -7.267583, -4.664047, -2.691967, 2.164234, -2.268003, -1.481356, 3.152727, -2.509308, 2.126406, -1.490313, -5.288540, -2.649090, -1.273895, -2.196629, -8.975278, -3.990166, 0 
-0.762262, -2.395632, 8.226442, 0.826864, 2.534058, -0.660622, 7.055998, 2.270344, 0.337898, 9.302610, -7.456676, -3.565918, -2.247570, -1.709322, -8.074737, -2.341362, -3.122087, 4.098492, -1.885485, 3.718199, 0.281832, -2.168486, -6.059185, -2.028345, -8.024306, 1.486300, 6.073597, 4.058327, 1.646128, -1.848358, -5.349611, -0.683826, 0 
-2.676332, -3.179543, 0.093336, 3.160831, -2.872887, -0.067055, -8.232565, 2.541225, 2.959770, 2.819382, 3.027403, 0.622623, 1.120441, -3.796793, -2.592739, -3.452860, -3.251959, -7.087663, -1.748791, 3.703621, -0.653915, 3.791893, -6.741295, 3.022966, -5.011271, -4.814119, -1.168861, -7.639329, 0.460802, 1.213467, 0.470226, -1.929892, 0 
5.793510, -1.201666, 7.361797, -1.958059, 3.734838, 4.390827, 5.043869, 1.693501, -0.277885, -3.472534, 6.665222, -3.018904, -0.665537, 0.307770, -6.708546, 2.084955, 7.077114, -8.609094, -5.628244, 1.827950, 1.830751, -3.966404, -0.702885, -0.821970, 5.987715, -3.727846, 1.925781, -2.558775, 1.704685, 7.148691, 4.429060, -4.434711, 0 
-0.979383, -0.835152, 1.838892, 4.114290, 4.202892, -2.590199, -8.176517, -2.351994, 7.645296, -3.961044, -0.595232, -3.346796, -7.759179, 3.194647, -0.685175, -4.405924, 6.052216, -3.894011, 0.611757, 2.728680, -5.148010, 4.789625, -2.214304, -0.384510, -9.488916, 4.014627, -2.235439, 1.331663, 2.387621, -3.093245, -2.223368, -5.912670, 0 
-2.172934, -2.462872, 1.147806, 0.497931, -3.479837, 5.068592, -4.361563, 2.272503, -4.780899, -5.250387, 2.373297, -3.550377, -6.248163, 0.471666, 3.837683, 2.330231, -0.023724, 4.184793, -8.493532, -5.425510, -11.649334, -4.976501, -1.965931, 7.075003, -0.404434, 5.899971, -11.046795, 5.252127, -7.473655, -4.417376, -0.990740, -5.443409, 0 
-7.801701, -7.083633, -2.304382, -2.863552, 0.447165, -3.221067, -2.742731, 7.291212, -5.762180, -0.362240, -1.381758, 2.446646, 2.183945, -1.585499, 1.670656, -9.343238, -6.048628, -0.261747, -1.788033, 1.597176, -7.695900, 3.196333, -3.916735, -1.518709, -5.001673, 1.211782, -3.335571, -3.734674, -7.694199, -3.755295, -0.835598, 7.011091, 0 
-2.279119, 0.424871, 0.114548, 2.048929, -2.635674, 1.733255, -7.169371, -1.205336, -2.530952, -8.525625, 4.581774, -6.984426, -0.149012, -0.519211, -5.194427, 4.415089, 1.047955, -7.997793, 1.968279, -2.091412, 7.691753, -11.055089, 1.513840, -3.305723, -0.750610, -0.343603, -0.268768, -2.498512, 5.148367, 0.187889, -6.140566, -2.909197, 0 
-6.348780, -1.964836, 1.770025, -1.910769, -5.193155, 4.140127, -0.235588, -0.514862, -0.482822, 2.453215, -4.241432, -3.209297, -3.809036, -6.447477, 0.678322, 7.885712, 0.173008, -7.166941, 2.359804, -4.194971, -0.661406, -1.473358, -6.134226, 1.016567, -6.594744, 3.400934, 2.705132, 1.348057, 1.474562, 3.105021, 3.633842, -0.805767, 0 
-8.131542, 5.708902, -2.458157, -3.062977, -0.983450, 6.066442, -1.111113, -7.506816, -4.447887, 2.991680, 3.865294, -3.180553, 4.845652, -4.263945, 1.235479, 2.825487, -2.348959, -3.421051, 0.207348, -1.773516, 4.527044, -0.816278, -0.812439, 1.742123, 8.846577, 5.144726, 0.898262, 3.130421, -1.062094, -10.922869, -10.689547, 4.769995, 0 
-4.964462, 1.352331, 0.346138, 8.296270, 3.415630, 6.247156, -1.717640, 2.693829, -0.121367, -2.851557, -2.252550, -0.861540, 5.143019, -2.943825, 0.334305, -6.224449, 3.731604, 3.347775, -5.954731, -6.116671, -0.054451, -4.321321, -2.029039, 7.824289, -7.400529, -4.686247, 0.886133, 7.751892, 2.208019, -6.557098, -1.803652, 3.308264, 0 
-3.233051, -7.040924, -0.409218, 6.074076, -0.862852, 0.302155, -1.561687, 1.959969, -5.173141, 0.509920, -9.082081, -1.877630, -4.983139, 2.385056, -8.516097, -5.017107, -4.587011, -3.128441, -1.130421, 1.418957, 6.728004, -1.941313, -10.589501, -0.678957, 0.376362, -1.116484, -1.366524, -1.614202, 0.971331, -3.272379, -4.750563, -2.957552, 0 
-1.848932, -5.576166, -0.451035, -4.583736, -4.573259, -4.973091, -6.094929, -7.382456, -0.506935, -4.189304, -1.900608, -5.647844, 5.646112, -3.732372, 4.516661, -4.514067, 4.293180, -3.646921, -3.466902, -1.968557, -4.108946, -10.038382, 3.690258, 0.979849, -3.214697, -4.487217, 4.649965, -2.487894, -4.085257, 4.039204, 1.435524, 3.435051, 0 
3.419588, 2.516418, -2.203602, 4.007267, -4.687761, -2.728064, 0.233562, -1.472715, -5.962427, 11.439573, -5.074699, -4.254395, 3.763668, 0.674770, 3.307983, 0.254345, 7.668943, 0.839363, 1.440798, -1.164240, -4.109190, 0.424583, -3.174612, 0.156034, -4.339643, -1.497429, -11.396973, -2.638758, -2.393948, 12.481539, -1.703003, 4.831657, 0 
0.883364, 3.269970, 1.416403, -8.978858, -6.905855, -4.761450, -1.999996, 5.965744, 4.801317, 7.985741, -3.357931, -3.926708, -2.764740, 0.701653, -4.235062, -4.964823, -3.491123, -3.442858, -2.455786, -0.045843, -4.094221, -2.049774, -0.266272, 1.522348, -4.891048, -0.710463, 1.541296, 3.802326, -0.850807, -2.888689, 0.733690, 7.520868, 0 
6.096317, -2.621891, 0.814953, -3.464016, -0.217070, 3.562180, 1.774916, -9.008984, 2.847277, -9.118362, -0.227228, 4.572720, -7.350944, 0.647028, -5.708866, -11.965313, 1.617508, 0.417719, -2.636511, 15.889982, -6.522638, 1.814018, 6.894133, -8.042754, 6.987841, -2.235521, -0.879103, 4.824726, -5.609293, -6.010942, -0.157944, -3.934912, 0 
-2.926926, -2.004959, 1.592339, -6.900438, -14.070953, -9.053903, 1.076698, -2.734560, 0.280348, -0.507042, -2.877731, -3.123753, 0.958599, -1.978441, 0.864815, 2.565699, -3.056286, -9.586933, -1.818802, -5.526752, -2.217756, -0.793266, -5.727728, -3.422848, 0.834200, -3.450176, 0.869186, 2.550461, 2.961166, -1.208281, -4.415340, -0.459412, 0 
-5.211380, -0.878386, 0.262321, -0.985077, -10.304784, -5.599726, -4.726725, -2.858288, 5.091608, 2.364914, -4.527493, -6.968517, 2.939135, 3.593824, -8.764999, 1.278978, 6.472197, -4.579895, 8.473328, 2.978331, -0.577951, -2.251427, -9.889590, 0.668213, 4.687609, -4.874418, 0.701246, 8.535316, 8.989286, -0.075453, -6.395908, -2.381569, 0 
-1.328901, 3.113949, -6.821402, -7.469504, -4.766729, 0.862434, -4.713905, -4.184401, 4.959150, -4.802544, 2.475304, 0.134853, -0.024647, -3.393583, -5.820734, -3.969522, -1.622047, -0.241144, -8.266724, -1.488047, -5.393553, -4.015310, -1.251663, -12.292563, -8.417071, -2.644184, -5.852798, -8.346467, -0.857555, 1.102306, -4.258410, -1.259781, 0 
-1.789572, -4.387842, 0.925707, 3.494360, -4.458750, 4.058479, -0.712013, -1.018883, -4.819912, 0.916136, 6.650852, -8.348361, -3.853138, -8.244016, -10.451536, -5.667280, -9.900348, 5.134501, -0.283222, -4.729866, -5.469513, -0.328691, 0.355450, 4.712431, -5.207542, 2.086628, -4.926830, -3.895571, 0.493658, 1.166929, 1.179146, 1.208914, 0 
2.169142, 1.793816, 0.008179, -5.955538, 3.533871, -3.297991, -8.182900, 0.690144, -1.982100, 4.445299, -2.210928, 3.571192, -5.345091, 0.820387, -3.208691, -2.076683, -2.572294, -11.676674, -1.617682, -1.671459, -5.823587, 3.327869, 3.508978, -2.960144, 6.402008, -7.223409, -0.977896, 0.954741, -4.565210, -1.793999, -5.551205, -3.225082, 0 
-1.764565, -1.437372, -3.711998, -7.262718, -4.072561, 4.884146, 2.442198, -10.315987, -1.200226, -3.401661, 0.736488, -1.780687, -0.711927, -0.842810, 0.004751, -5.422663, 5.396763, 1.889084, -5.979246, 6.832708, -2.461664, 2.458378, -0.104633, -5.366085, 3.242579, 1.348358, -5.052439, -2.012859, -8.091257, -4.637838, -2.693260, 7.149786, 0 
3.513449, 4.690582, 9.911188, -0.431847, -5.188696, -6.061174, -3.756636, 7.852161, 1.772095, -3.168016, 1.190044, -1.620039, 4.933739, 9.435015, 5.686579, 0.927124, 2.678682, 0.118731, 0.303171, 7.429815, -2.371780, 3.479643, -3.439224, -0.318100, 5.957716, -2.208591, -4.294580, 7.354113, 4.420862, -7.246782, -1.567116, -0.876642, 0 
-6.952391, -9.864434, 2.127205, -2.869980, 3.722210, -1.721651, 3.801325, -2.255630, 3.338650, 0.700993, -1.842123, -2.314861, -6.877180, -4.848911, 8.426907, 3.499109, -6.042265, -4.350208, 2.580944, -0.209471, -7.312661, 1.517000, -6.334743, -1.175030, -3.946295, 2.451359, -9.032693, -6.331860, -2.217152, 1.462944, -0.631725, 2.582850, 0 
-7.103051, 4.741676, 0.890781, -3.163525, -4.508591, -4.402866, -1.887552, -4.257093, 2.702772, 1.418026, -2.468817, -2.299694, -3.432167, -0.993122, 3.685938, 3.326900, -3.822897, 3.002634, 0.191021, -0.004803, -1.239731, -1.060291, 1.664595, 1.224583, -8.420140, 2.725424, 0.671707, -5.738987, 1.736509, -1.605736, -5.618723, 11.088675, 0 
-9.028697, -1.279821, -3.602459, -10.239557, 0.268902, -7.723713, -6.149818, 0.967655, 0.558327, 4.022049, -6.787891, -3.183092, -8.059274, -9.437939, -4.694719, -5.537952, -1.401474, -1.487379, 3.607824, -4.965670, -1.746639, 0.008202, -0.048721, -5.217796, -7.285202, -6.059299, -7.498823, -1.833256, -5.811911, 4.424152, -3.133856, 0.313761, 0 
-0.006086, -7.762878, -0.133488, 6.258623, 0.941805, -1.777634, 2.752295, -3.793629, 4.280401, -1.538496, -1.543030, 4.973923, 6.076550, -1.615776, 1.641020, 4.386318, -5.278776, 1.052450, 2.351841, -3.538418, 0.342701, 5.941099, 1.883142, 11.271849, -0.918558, -9.790503, 2.049246, -0.413069, 3.578323, -0.368698, -6.284163, -3.051868, 0 
-3.270510, -5.400061, 1.737041, 6.268980, -3.718098, 2.094906, 0.694483, 1.412924, -2.589771, 5.134157, 4.707594, 4.275850, -1.974747, -1.198555, 7.307089, -3.501154, -0.753441, -7.134680, -4.672419, -3.094078, -4.736012, -0.054190, -7.800865, -7.559828, 0.002979, -1.034904, 11.984167, -1.230991, -9.210673, 0.835775, 2.617149, -3.028185, 0 
0.947569, -1.850035, -0.268326, 0.060564, -1.358713, 5.621347, -0.681816, -2.587984, -1.465506, -14.045221, 10.395449, 1.749168, -0.272423, -3.240566, 1.682575, 3.339287, -5.129015, -3.477982, 9.169893, 1.169958, -6.063133, 4.339218, 5.674812, 4.831820, -1.263788, 3.092028, 6.964804, -4.206402, 3.142513, -1.720644, 6.666046, -2.561132, 0 
2.769344, -0.009716, -4.324364, 0.323484, -1.062311, -7.956138, 1.117212, -2.710369, 8.182474, -2.641922, 0.243666, -3.447952, -2.271198, -6.352375, -1.146196, -6.966013, 0.728075, 4.391563, 3.730528, -8.323405, -5.116777, -0.563297, 3.456615, 2.781073, -5.714275, 1.086603, -4.991579, 7.519634, -1.469393, -4.159475, 4.808790, 0.490639, 0 
-2.945179, -1.729406, -7.504865, -5.504042, 2.588121, 3.891031, -4.158611, 2.219425, -5.228664, -6.246178, 0.971613, -2.675600, -1.970263, -0.413340, -7.062301, 6.067858, 3.162962, -6.718462, -3.691471, 4.826052, 5.104870, -4.880409, -6.639156, -4.361843, 2.916639, -3.341839, -5.063616, 4.219902, -7.118370, 8.157091, -3.538639, 0.292171, 0 
2.247011, -1.902590, -3.850515, -0.635719, -6.115494, -4.944889, 2.191679, 1.221750, 5.818377, 2.225151, -3.943945, 0.943161, -0.331324, 3.652603, -1.901649, -1.819233, 0.436367, 6.348145, -0.681494, 2.854324, -0.375223, 1.812420, -7.282894, 1.700832, 5.948235, -3.190533, -4.074331, -0.353243, 4.406084, 0.186104, 3.072844, 1.631880, 0 
-1.549360, -4.047878, -10.152594, 0.273699, -4.364695, -4.361450, -1.192059, -3.747561, -0.028187, -7.855704, -1.624634, 2.467531, -2.498545, 4.826988, 1.552486, 3.887890, 8.516857, 4.490141, -4.897268, 1.535353, -9.099365, -0.919191, 1.996283, -2.538214, 4.164314, 1.284405, -4.917562, -1.603231, -10.202896, -3.353613, 4.651752, 4.306253, 0 
-8.816108, -1.806484, -7.733736, -6.806858, -4.080256, -9.652077, -5.591242, -0.444405, -2.508469, -4.477474, -1.605579, 4.435482, 0.997694, -3.834417, -6.558760, -4.478102, -3.197540, 0.372555, -5.102039, -2.227560, -9.447116, -1.269886, -10.552273, -2.561653, 1.276337, 5.439074, -4.664228, -5.878139, -2.294651, -0.729122, 3.688372, 2.518196, 0 
1.488583, -1.748728, -4.500280, -2.435434, 2.529522, -2.909948, -2.993149, -2.442554, -2.415146, -4.917744, -8.409325, -0.475235, -1.383154, 3.171169, -1.868032, 2.118351, -5.472111, 7.671574, -6.082756, -7.652205, -1.015926, 2.781260, -6.117664, 3.081188, 3.314833, -1.290066, -0.740274, 8.167810, 5.816425, -6.374105, -3.171759, -5.791172, 0 
3.767118, -1.161777, 4.103275, -3.089544, -0.433132, -10.016392, 3.548716, -12.020144, 0.654297, 0.633278, -1.120964, -2.387566, 0.445580, -2.804308, 2.461758, 1.404484, 4.255285, -2.840389, 2.072134, 2.388321, -1.889290, -0.931646, 5.725870, -0.841005, -2.213142, -4.275057, -0.222122, -5.313772, -2.499073, -4.586636, -0.037504, -1.308784, 0 
0.375021, 7.021528, -3.321644, -4.290283, 0.936163, -14.065932, -2.842793, -5.543758, 2.297697, 8.207607, -0.668001, 0.300285, -2.694508, -1.175077, 2.562340, -3.472927, -3.816952, 0.446280, 2.450268, 2.452845, -4.444710, -0.849356, 1.175356, 2.311050, -1.901571, 1.556484, 4.432583, 3.726036, 2.908493, -7.602949, 3.771040, -3.475668, 0 
-1.074984, -3.739197, -1.632898, 4.724604, -4.300348, -6.570642, -3.412628, 0.115479, -2.000919, -3.354464, -7.339793, 5.382427, -0.108374, -0.482441, -3.646017, -5.314732, -0.003254, 3.089758, 1.452835, -0.323164, -3.245026, -1.185450, 0.133209, 0.256609, 2.135082, 2.845558, -6.629824, 2.500957, -4.884939, 10.930357, 1.355360, -1.839214, 0 
1.183737, 2.299599, -1.098110, -6.228416, 0.374189, -3.925095, -1.513573, 2.652403, 4.947821, -5.941778, 1.262302, 3.187899, -2.832850, -3.184057, -3.641424, 3.259863, 6.609186, -3.529299, -0.204302, 2.098091, -3.493464, -2.749336, 2.965433, -3.622162, -10.090740, 1.842937, 5.624130, -2.565180, 1.004803, -0.115320, -1.255474, 3.948715, 0 
0.537682, -2.044779, 5.520920, -4.898785, 2.134977, -5.498974, 6.671621, 0.743290, -5.095110, -12.260250, 0.931734, 2.714724, 0.769836, -5.936455, -0.954605, -9.687723, 0.093044, 4.024591, -2.880991, -10.081510, -5.524469, 3.932173, -3.931540, 1.570408, 4.418224, -4.320372, 2.422337, -2.765068, 0.061161, -5.452892, -2.627989, -0.868580, 0 
-0.768229, 7.552233, -6.325867, 4.692703, 6.232025, -0.353230, 1.616695, -6.400599, -0.511410, -5.631367, 0.944679, -2.335964, -0.585644, 1.937506, -5.087841, 2.724413, -5.747969, -0.590233, -3.301456, 4.029135, 2.393751, -4.729347, 7.330685, 3.976654, -1.578421, 1.552324, -3.025585, 4.486464, -0.767387, -9.244089, 3.815529, -3.059534, 0 
4.401361, 9.725451, -6.626968, -1.506966, -2.167730, -4.969351, -12.556961, -3.856918, -4.602329, -7.718584, -2.891813, 1.558359, -3.818609, 5.273123, 1.293261, 1.218395, 5.671679, 1.722790, 2.430971, -1.600979, -2.003733, -1.768314, 4.358423, -0.903330, -2.165627, -1.930309, -7.131136, 4.890947, 0.491266, 1.234348, 3.380980, 2.273842, 0 
-4.560076, -2.463110, -0.714073, -4.607988, -10.337173, 5.194672, 5.874987, -5.773369, 6.698256, -4.964453, -3.755474, 0.675379, -8.014305, -2.707199, -3.712446, -0.428375, 0.038605, 6.661577, -3.435230, -4.306929, -3.562023, -3.378031, -3.675711, -1.573021, -2.390104, -10.528665, -4.305674, -5.519211, 2.803524, -0.387857, -5.817543, 1.909544, 0 
-0.106567, -4.614843, 1.880217, 2.058802, 2.099907, 4.235420, 0.194540, -1.743587, 3.932356, -0.493023, 2.521122, -1.630337, -2.707836, 0.994967, -3.543907, -1.352118, 5.742662, -2.916550, 0.085859, 2.025881, -2.264677, -2.242949, 1.586168, -0.743589, 2.777477, 1.200647, 4.784155, 0.432806, -1.900135, -2.804981, 10.024412, 10.454115, 0 
-6.030989, 0.357855, 2.952501, -8.056182, 1.113413, -1.240618, 1.371861, -3.494884, 2.522583, 1.145693, -4.656666, 2.986446, -0.592106, 0.915586, -4.863136, 3.884300, -0.139215, -4.654890, -4.628740, -4.794481, 1.282339, -2.142551, 2.559525, 3.900335, 1.835703, -2.848320, 6.559795, -3.096676, 6.611700, -5.811134, 9.776693, -7.817195, 0 
0.498045, -4.799940, -1.053854, -0.764076, 5.682461, 0.816845, 7.381271, -2.446459, -0.714697, -7.041407, -5.814505, 4.832006, -5.016026, -2.028841, -4.183039, 6.642355, -0.976000, -0.205828, -5.985111, -1.339973, -1.960094, -1.221203, -4.053602, -8.705842, -5.887611, -9.404684, -2.137135, -3.192324, 4.607069, 2.644781, -8.518269, -5.266268, 0 
-1.217352, -3.086580, -10.244229, 4.338318, 5.226038, -6.299532, -0.697018, 3.451065, 2.722275, 2.193478, -5.497807, -5.200365, -2.595654, -5.365595, 5.155319, 10.150785, 1.626396, -8.308512, 4.524530, -4.302649, -2.719864, 4.559374, -6.428205, -1.995337, 2.823692, -4.905756, -3.430618, 2.196634, 1.569334, -6.513712, -5.280161, 1.395397, 0 
-0.427305, 4.839483, 1.415903, 3.305550, -3.397011, -0.882931, 1.980440, -2.269442, -5.126287, -3.044043, -5.401230, -2.142923, -8.426409, 1.896763, 0.706825, 4.117750, -4.205370, -1.984556, -4.974447, 2.768072, 2.771265, -0.072830, -1.423279, -1.984201, -3.893208, 1.922224, -9.106181, -3.547564, -7.662868, 1.352365, 0.192867, 0.633402, 0 
-2.828976, 3.013632, -2.155529, -5.002176, -1.020918, -2.439501, 1.297113, -2.388580, -3.824411, 1.096603, -6.384579, -1.003805, -4.127598, 2.156847, -0.007673, 6.752131, -12.618833, 6.394735, 1.489195, 0.176514, 5.461346, -3.030128, -7.890092, -1.340622, 3.722898, -5.515745, -2.471241, 0.513195, -3.790398, -9.751475, -2.053276, -4.005991, 0 
-3.078701, -1.347607, 2.155283, 1.217625, 1.876648, -0.263918, -5.527849, -3.835764, 3.182837, 1.980289, 3.960508, -13.769831, -1.432318, 4.050806, -8.302371, -6.909092, -5.211512, -1.223909, -4.343115, -2.210114, -3.483204, -2.436802, -1.385050, -6.887266, -3.731867, 6.157232, 1.451153, -2.479650, -2.208904, -2.171206, -3.029451, -2.401165, 0 
-0.455198, -0.865156, -5.565939, 2.271593, -2.393143, -4.802862, 8.285608, 1.552521, -2.515938, -0.618694, -4.812618, -5.032732, -0.453533, 6.155636, 3.253477, -0.051123, 1.020575, -1.947056, 3.764301, -2.160500, -7.250954, 0.909399, -5.230398, -10.634478, -8.777922, -3.476328, -2.397318, 2.203354, -4.536308, -5.914526, -0.035454, -0.346241, 0 
-0.223679, -3.111364, 0.516315, -6.018419, -1.028460, -4.274534, -1.913387, -2.751633, -2.277998, -6.240057, 0.469479, -2.657436, -5.290667, -8.739341, 1.400446, 1.702196, 0.500839, -5.224903, 3.611010, 0.632175, -2.491127, 0.791590, 7.485371, 0.583006, 2.666922, 2.880161, 4.118216, -1.566916, -1.647039, -1.813580, -1.130754, 0.818678, 0 
1.552340, 0.028070, 1.443804, -10.125327, -0.547083, -1.078770, 0.030262, 3.723125, 0.505692, -0.000860, 2.275696, -10.764045, -1.836597, 4.379606, -0.536003, 4.251200, 0.083576, -6.375311, 9.334902, -0.147123, -9.885973, -3.321823, -0.283110, -4.539555, 2.935070, -4.184576, -5.554470, 2.871861, -4.123075, -9.657437, 2.776230, 3.129978, 0 
-6.171282, 2.729343, -10.028996, -3.532583, 2.697432, -12.662292, 0.505314, -4.524618, 3.625242, -5.509071, -1.004885, 3.481300, -4.920429, 4.936314, -4.979366, 0.953203, -3.048109, -0.033899, 0.789255, -2.484978, -0.598478, -2.376490, -1.718334, -6.709478, -0.812263, 5.628546, 8.620159, -3.426477, 0.816908, 0.526066, 7.793596, -7.485909, 0 
5.083889, 3.314884, -1.639242, 10.684172, -0.178024, 2.259335, -0.046104, -2.533768, -2.593170, 0.887707, 6.406609, -1.702774, 10.573652, -2.664368, 3.821375, -3.724733, -0.700983, 3.941002, -4.493532, 2.124462, -3.488199, 2.167749, -2.141411, -6.103636, -5.724247, 5.007215, 7.384033, -4.192995, 7.125965, -2.671406, -12.456769, -10.394955, 0 
-2.404314, -2.050808, -4.696133, -4.091591, 1.958937, -4.268238, 1.850002, 2.198767, -2.416019, -2.507986, -1.366621, 2.916037, -0.485556, 4.481962, -4.520111, -2.764395, 5.550457, 0.439064, -3.094673, 0.647264, -3.682026, 5.641731, -6.036591, 2.547825, -8.116439, -3.837732, -2.603609, 9.332380, -0.218721, -8.254953, -1.175360, -1.989016, 0 
-3.298491, -0.237589, 0.777784, -3.383268, 1.940086, 1.601614, -11.452855, -4.449684, 0.643955, -1.147659, -1.809965, -7.438664, 2.523846, -0.840185, 1.778265, 2.790358, -3.702242, -2.133286, -3.544468, -3.985044, 0.239609, -5.099895, 2.426880, -3.416702, 8.645441, 1.818823, 2.728926, 1.357321, -3.880562, -8.381744, 3.884148, -0.165768, 0 
-2.536482, 4.302755, -0.493505, 0.632980, 3.478725, -9.282384, -1.372948, -0.541826, -9.782301, -2.936144, 4.367453, -4.524315, 7.437922, -0.385511, -5.022736, -4.195171, 2.155540, -0.414230, -0.905811, 10.424967, 5.085060, 5.549313, 0.180954, 9.856756, -3.071693, -0.975098, 0.952002, -3.708561, -3.748960, 7.003967, 3.395853, -1.081787, 0 
2.451569, -11.212217, -1.440760, -5.465660, 0.123770, -1.918573, -5.452023, 4.992828, -3.213469, -5.347990, 8.386374, 5.669022, -3.753365, -3.706474, -6.799881, 6.852386, 0.419683, -8.866177, 6.533381, -2.633781, -3.545534, -9.256497, 1.005289, -1.317333, -2.062140, 1.359447, -0.937420, -3.100964, 2.957027, -0.270748, 0.261322, -5.077280, 0 
0.536131, -10.124804, -3.647293, -2.348352, 5.359922, -2.997238, -7.735327, -0.160664, -3.115788, 4.316992, -6.448616, 1.001236, 0.033560, 1.429857, 5.157160, 0.310789, 3.800438, 4.147446, 2.689234, -2.008968, -1.085283, 3.714754, 8.244867, -0.011749, 1.352226, 0.996424, 2.554918, 3.481094, -1.634504, -1.918898, -0.127851, -0.352753, 0 
-2.867392, -3.626644, -0.071486, 7.078747, -3.747898, 7.250326, 5.919279, 0.101484, -0.503382, -3.862413, 1.944456, -3.244463, -0.833021, 1.360271, -0.697483, -3.274366, -6.188519, -2.796352, -2.530882, 1.057947, -1.598610, 0.220829, 3.636547, -0.693636, -0.667173, -5.785316, 1.230141, -0.476522, -3.338888, -3.243052, -3.422976, -0.420040, 0 
-6.300657, -4.189360, -4.593283, -1.728188, 4.480145, -1.059605, 4.794376, -4.182793, -3.246042, 0.187479, -2.906136, 5.311609, 7.312609, 3.444441, 1.051847, -10.133858, 7.189787, -1.453875, -4.026619, -0.296116, 1.082266, -2.447626, -5.333334, 0.974091, -6.352402, -2.461119, -2.632174, 1.221285, 2.964727, -3.440542, 6.573380, -5.982450, 0 
2.412867, 3.859531, 6.187096, -0.534910, -8.197527, -7.493460, 3.203754, 6.060194, -3.647867, -3.157017, -1.147984, -9.718318, 1.938923, -3.204004, 6.157013, -0.583588, -11.621739, -5.538895, 1.874235, 3.313082, 4.746008, -6.728287, 4.978798, 2.153397, -1.692711, 0.135160, 0.179981, 5.213133, -1.698727, 6.174107, -4.807756, -2.476967, 0 
-4.169333, -3.990532, 5.613487, -0.241745, -0.508312, 0.888075, -3.277645, 0.108379, -1.309963, -5.684803, -1.613995, -5.669355, 7.922379, 1.326822, -1.835890, 2.760584, -6.568701, -7.302798, 0.175074, 3.686613, 2.491566, -0.004965, -2.712488, -3.251165, 4.683826, 1.164284, -4.203339, 0.062984, -5.137571, -5.884251, 10.204752, 3.006975, 0 
-2.901701, -0.928804, -4.189188, 2.653690, 8.338957, -0.006176, 2.174871, -5.020548, -0.907236, -6.129305, 0.301914, 4.117212, -0.677023, 4.281990, 2.613844, 0.921499, -10.600685, 1.170893, -1.026562, -1.165678, -10.097610, 0.106081, 0.043720, -2.699804, 5.017776, 2.787449, -4.175274, 8.083349, 2.884367, 0.176813, 1.888622, -5.598843, 0 
-9.260218, 0.999300, 6.458183, -4.535069, -8.970601, -5.749813, 5.570648, 1.653025, -1.483353, 0.836916, -2.473482, -2.671165, -0.427055, -2.864796, 7.713367, -5.215979, 0.020557, -1.582430, 2.382761, -10.800315, 3.274855, 0.696924, 0.551807, 1.631397, 1.368700, -1.027769, 1.606518, 4.836874, 1.934710, -1.180607, -3.409243, 0.082125, 0 
-1.097925, 2.672287, -6.783619, -0.562143, 0.450199, 0.430681, -0.837839, 0.685703, -6.827122, -8.122902, -6.629827, 5.060829, -0.034454, -2.445185, 7.188280, -0.239929, 2.289772, -1.778498, -4.485750, -0.987915, 0.783783, -2.909046, 6.689121, -4.016016, 3.656734, -6.484426, -1.381678, -1.843637, -10.049874, -7.762923, -1.648615, -1.988804, 0 
-3.404051, -6.519865, 7.224760, -3.995157, 4.890690, 0.513525, 1.227001, -4.805817, -2.187298, 1.777370, -0.325500, 1.825180, -6.623775, -0.196705, -2.317486, 0.240746, -1.682062, -0.849167, -5.435791, -7.781442, -1.083040, -9.824203, 5.582109, 2.800520, 2.083864, -10.791821, 6.700249, -2.739065, -4.932505, 9.524515, -4.545895, -5.619814, 0 
-1.293964, -1.170725, 1.620499, 0.038038, 0.144810, -2.260513, -1.898790, 2.744646, 6.036238, -3.924088, -8.984232, 0.891340, -4.698538, 0.047409, -6.903809, 4.623617, -5.568336, -0.455236, -2.464783, 7.209089, 0.823027, -8.108366, 4.352251, -10.604060, -1.875809, -1.310715, -4.782001, 0.561115, -1.725246, -16.615995, -4.932707, 0.797886, 0 
-1.475763, -3.269215, 2.045092, 5.596354, -4.722897, 0.771315, -3.805862, 3.143173, -1.105389, -0.256691, -2.302439, -4.014313, -1.006170, -8.279925, -5.705408, 2.280724, -1.480989, -6.536512, -3.998758, -12.166438, -5.393089, 5.672613, -0.543383, 1.205727, -9.469234, 2.878559, -2.226776, -7.064556, 1.669008, 1.083294, 2.969429, -9.818760, 0 
0.920391, -0.659515, 0.114023, -2.491962, -1.969900, -6.660761, -4.212860, 3.258261, 1.405504, -3.223091, -0.044821, 0.998480, -6.189806, -0.702772, 2.888008, 0.043224, -0.379179, -5.066277, 0.359070, 3.345140, 4.799555, 3.457283, -3.339499, -4.884792, 2.043959, -3.113569, 4.207550, 3.916479, -3.265285, 7.173717, -3.601301, -3.833473, 0 
-4.351330, 2.725206, 4.488379, 3.037115, 4.564861, 1.653601, -0.818228, -12.961188, -1.804327, -5.702047, -5.703163, -0.770447, -4.938347, 0.650951, -0.902258, -4.510281, -4.873011, -1.713415, -4.155310, 6.706732, -8.545579, -4.218534, 5.743099, -1.921652, -5.835491, -3.952158, 3.558865, -2.355757, 3.283676, 11.666983, -1.980259, 12.642210, 0 
