0.898124,-0.312284,-0.311715,-1.592937,0.249358,0.310701,-0.347294,-0.578411,0.620057,0.288657,0.526322,0.344302,-0.049715,0.628257,-1.016066,0.775675,-0.719004,0.823022,-0.199222,0.338789,0.794332,-0.218732,-0.005993,0.223502,-0.068648,0.369795,0.284376,1.415385,-0.362421,0.556564,2.190350,-0.438490,0
1.574859,-0.074156,0.641027,-0.469227,0.443757,0.017639,-1.150966,1.864309,0.761034,-0.236566,-0.329885,0.364051,0.291610,-0.434365,0.146614,-0.948556,0.473851,0.271734,-0.502460,0.411832,-0.619373,-1.061992,-1.354550,-0.034151,0.433009,-0.953573,1.023231,-0.978153,-1.428682,-0.064467,0.895403,-0.410135,0
1.222274,0.572601,-0.255987,0.059987,-0.111337,-0.699978,-1.138466,-0.112623,-0.517856,-1.402725,-1.003652,1.875662,1.361501,0.640617,-0.874912,1.154966,0.645581,-1.109321,0.295309,1.111622,0.402885,1.106495,0.180798,-0.655215,0.407581,-0.420684,1.020320,0.681082,0.567795,0.533111,1.301322,-0.572144,0
1.939905,-0.645030,-0.324925,-0.679331,1.474955,0.961583,0.981819,1.221286,-0.497833,0.377571,0.070114,0.242211,0.150416,-1.774815,-0.975310,-1.076752,1.292992,0.311121,-0.804000,0.060814,-0.604642,-0.121675,1.074956,-0.300081,-0.984835,0.486933,-0.384320,0.281056,0.564761,0.746724,0.088544,-0.033297,0
0.297791,0.384673,0.901657,0.499272,-1.100850,0.099858,0.174127,0.789886,-1.476167,-1.254803,0.264730,0.238948,-0.404671,0.960103,0.574263,0.713298,-0.103685,-0.162305,0.463362,0.125607,0.313149,1.027671,-0.478310,-0.887075,0.118490,0.033495,-0.289669,-0.192477,-1.045258,1.188378,-0.453269,-0.056741,0
-0.249017,-1.339303,0.554368,-0.416477,0.621199,-0.623887,-0.060751,-0.447751,0.281944,-0.700505,-0.058542,-0.474041,-0.150295,-0.016822,1.434634,0.779765,0.199762,0.396221,0.342002,1.550326,0.482319,0.843807,-0.663462,-0.211056,0.073303,0.616166,-0.436652,1.873719,0.182614,-1.457511,0.102621,-0.352703,0
0.764767,0.080672,0.923535,-0.107276,1.337322,1.960237,-0.643039,0.061590,-1.081668,-0.097985,0.208117,-1.240935,-0.501202,-0.625562,0.084312,-0.423010,-0.139357,-0.263184,-0.563992,0.196560,0.896898,-1.200284,1.262353,-0.301270,-0.275447,-0.203836,-0.449799,0.632602,0.204882,-0.701530,0.533434,0.858742,0
1.690025,0.673431,0.772005,-0.989845,-0.336048,-0.275327,-0.224826,0.523237,-1.726683,-0.198897,0.312769,-0.378069,0.917361,0.392345,0.024444,-0.273722,-1.281000,-1.012963,0.722676,0.359264,-0.497406,-0.169049,1.343046,-0.251742,-0.808455,0.471429,0.486531,-1.604518,-0.051964,-0.319731,0.219563,0.532249,0
0.572473,-0.346609,-0.806078,-0.331392,0.476498,1.067163,0.926009,0.583087,1.405774,0.595664,-0.043034,0.510019,-0.128022,-1.746626,0.200470,-1.385766,1.483296,0.637437,-0.401626,1.340828,0.199473,-0.089763,-0.785330,-0.369367,1.475454,0.216849,-0.065132,-0.957108,-0.993135,-0.428684,-0.101534,-0.808845,0
0.977301,-0.926327,0.004027,0.946634,-0.153018,1.230949,-1.996476,-1.550133,-0.584387,-0.572492,-0.534965,-0.166909,-0.134168,-0.419225,1.135251,0.157516,-0.386097,0.650855,-0.806677,-0.362825,0.854816,0.264030,-0.002959,-0.225789,-0.000618,0.557753,0.794597,-0.132967,0.028438,-0.565113,-0.944809,0.458608,0
0.782579,0.839123,-0.023096,0.172768,-0.568842,0.225812,-0.430485,-1.609559,-0.179205,1.172445,-0.468122,-1.399818,0.732500,-1.811091,0.112602,0.615796,0.585908,0.372216,-0.745281,-0.639001,-0.043391,0.075880,0.177864,-0.325263,-0.346720,-0.686563,0.439669,0.707638,-0.209890,0.911326,-0.620648,-0.357741,0
1.192159,-0.753616,-0.713288,0.211299,0.237315,0.509883,-0.145577,-0.521354,0.637489,-0.774881,-1.714633,-0.646195,0.585478,-0.708969,0.223552,0.741487,-1.217472,-1.538942,-1.147867,-0.845040,0.393836,-0.898450,0.999956,0.493936,0.200425,1.486383,-0.979578,-0.040795,0.914438,-0.670074,0.332021,0.316794,0
1.207262,-0.243409,0.365403,-0.169338,-0.673733,-0.365250,-0.494891,-0.446432,1.841571,-0.454695,-1.750759,-0.534227,-0.073453,1.189565,0.818520,1.057681,0.073437,0.271380,0.128061,1.400879,-0.289196,-0.308983,-0.049524,-0.626173,1.303643,-0.787536,-0.034783,0.136792,0.393371,-0.326408,1.138685,-0.579517,0
-0.587548,-0.184204,-0.340653,-0.212783,0.439051,1.364015,-0.750395,-1.221290,0.509196,0.620270,0.896843,-1.319364,1.159962,1.255298,-0.022435,0.663205,-0.496535,1.463633,1.380481,1.453543,0.140903,-0.949455,1.336176,-1.350201,1.700407,-0.527151,0.073153,-0.144334,0.137687,0.878970,-0.246716,0.454787,0
2.075135,-0.426148,0.474269,-0.041809,-0.624106,0.334597,0.688364,0.249963,-0.728174,-0.246691,-0.343442,0.018117,0.688523,0.637841,0.266493,-0.855601,-0.785343,-0.050515,-0.044595,0.115176,-0.822195,-0.061290,-1.299656,0.786937,0.851067,-0.463650,0.521304,-0.888571,-1.480280,-0.847696,-0.939639,-0.651804,0
1.418472,0.144816,0.125139,0.407815,-0.829259,-0.616375,0.188563,-0.072478,0.343797,0.748869,-0.557311,0.588436,0.584306,-0.440520,0.133322,-0.748590,-0.148623,0.501087,-0.517868,-1.019562,-1.800323,0.511606,-0.251763,-0.241545,0.154731,0.250895,-0.487254,-1.563357,0.720274,-0.252102,0.829974,0.306054,0
0.282819,-0.289647,0.645236,-0.482874,0.639263,0.801331,-0.203877,-1.356031,0.215849,1.269186,-0.650004,1.647259,-0.588649,1.404224,0.852819,0.069448,-0.072290,-1.521570,-2.162112,-0.237054,1.588926,0.099842,0.200010,-1.371435,0.365181,-0.287520,-1.409220,0.443425,0.284770,-0.320898,-1.063115,0.370285,0
1.027291,0.615722,0.412404,-1.349654,-0.892579,0.242666,-0.822400,-0.986203,0.241780,-0.008876,0.837993,1.323321,-0.076749,-0.234776,0.197957,-0.454962,-0.551801,-0.913472,0.044816,1.628604,0.899965,-0.929997,-1.323843,0.282775,-0.513166,0.533431,-1.674827,-0.577286,0.242730,-1.060335,1.073814,0.012250,0
0.947407,0.145128,0.934864,-0.069080,0.139152,0.054847,0.972237,0.088665,-1.013378,0.935817,2.060776,-0.546850,0.162784,0.900183,-0.836013,-1.337236,0.224695,2.141398,0.750364,-0.112785,0.881640,0.414636,1.545107,0.391055,0.091189,0.726529,0.288135,-0.029451,-0.155732,0.100197,-0.222583,-1.021437,0
1.114213,1.223414,0.272593,1.758127,-0.265330,0.710884,-1.155309,-0.505765,0.018221,0.605353,1.819501,-0.408703,0.313787,-1.329643,-2.112731,0.422097,0.658022,0.871983,-0.336213,0.294338,-0.155657,0.451849,-0.762825,0.821573,-0.039535,-0.198670,-0.681142,0.486330,-0.941093,-1.164420,-1.083800,-0.307741,0
1.303174,-1.186249,-0.320319,-1.201927,0.806239,-0.916213,-0.513780,0.373787,0.241954,0.011418,-0.622392,-0.251840,0.480999,1.566333,0.518873,0.153441,0.027246,0.084278,-0.291712,0.406764,-0.065012,-1.075960,-0.516793,0.638079,0.901974,0.482929,0.074915,0.117413,0.031698,-0.158570,0.140881,0.521507,0
-0.415230,1.133713,0.379287,0.484923,0.826594,0.547867,0.626395,-0.000622,-0.805670,0.028807,-0.598554,-0.900450,-0.679811,-0.443439,-0.104129,-1.261848,1.179235,0.446461,1.037432,-1.611111,-0.240488,0.129459,0.503666,-0.253188,0.784429,1.181335,-1.335902,-0.696877,0.912205,1.146075,0.614951,0.183416,0
-0.219458,0.285436,0.016560,1.759382,0.293738,-0.146590,-0.433580,-0.792350,0.687631,0.004588,-0.199992,0.152573,0.438934,1.373100,-0.263646,-0.921653,-0.041039,-0.927672,0.231034,-0.251027,0.181034,-0.241603,-0.257894,-0.454946,0.803091,2.044294,0.831095,0.638654,0.153252,-0.260533,0.171630,-0.882986,0
0.522378,-0.825980,-0.905368,-1.402801,0.327569,-0.604051,-0.271421,0.306730,-0.088190,0.684901,-0.401223,-0.368881,-0.349672,0.179373,0.483865,0.673951,-0.160101,0.542095,0.015036,0.818586,1.407958,-0.144078,0.986990,0.157962,-1.481354,0.911723,-0.498363,0.213096,-0.925002,-0.680558,-0.539889,0.413364,0
0.411134,-0.440042,0.617487,-1.569181,0.549617,-0.245472,0.284275,1.081846,-1.198381,-0.403015,0.825857,-0.113592,-0.720977,-0.471814,-0.511603,0.178450,-0.857340,-0.489523,1.204342,-0.916494,-1.639382,0.583682,-0.304463,0.320149,0.167983,-1.479029,-1.190053,0.350092,0.685904,0.221833,-1.268824,-0.895351,0
0.503667,-0.049061,1.651689,0.576807,-0.340293,-0.110590,0.892024,-0.097377,-0.976852,-1.550965,0.033278,0.261894,0.510149,0.577403,0.039945,-0.419625,-0.840316,0.519869,0.527991,1.165736,1.150376,-0.200258,-0.223939,1.999305,0.849693,0.704611,0.171252,0.595497,-0.589337,0.052777,-0.043690,-0.792179,0
0.446796,0.163405,0.676594,-1.168613,0.176975,-0.230972,0.123524,-0.492134,0.333862,0.869241,1.572870,0.426058,-0.426864,-0.413323,-0.428066,-1.076021,-0.124291,-0.752671,0.229125,0.430149,-0.512719,0.120693,-0.903137,-0.292341,0.046995,-0.078169,-1.344936,-0.523810,0.470180,-1.098951,-1.074093,-0.148220,0
0.892005,-0.505869,0.885609,-1.063123,-0.313976,-0.903460,0.885398,0.445059,0.712616,-0.192632,-0.553555,0.542938,0.684312,0.167917,-1.309721,-0.398800,0.233392,-0.189612,0.219630,0.567142,-0.077005,0.615107,0.388515,0.198512,-0.054364,-0.750786,0.269013,-0.547256,-0.513354,-0.332082,1.403801,0.318332,0
0.199003,-0.858806,-0.039283,-1.331049,0.650818,0.159312,0.094653,0.724876,0.306903,1.120372,0.227228,0.548260,0.310486,-0.010958,-0.141095,-1.318089,0.364612,-0.356967,0.300912,0.814661,0.668044,-1.454940,-1.011963,0.325528,1.829781,-0.751486,0.602805,0.390402,-0.052290,0.414728,0.084672,0.377698,0
1.078082,0.579041,0.769539,1.061502,1.254755,0.217237,-0.840455,0.132594,0.856803,-0.107977,-0.141538,0.204275,0.286576,0.573469,0.396163,0.681328,-1.127201,0.035061,0.245690,-0.180109,-0.320686,-1.491429,0.104775,-1.410481,-0.183389,0.012555,-1.093072,-0.855390,0.250798,-0.212727,0.254132,-0.323457,0
1.653515,-0.249227,-0.515972,-0.910027,-0.248579,0.891685,0.860856,0.382917,1.781892,-0.202298,-0.683740,1.413697,0.329231,0.376127,-0.289523,-0.588383,0.506814,0.215800,0.651365,0.616362,-1.123900,1.113084,0.794699,-0.281022,-0.118820,0.956383,0.721730,1.150529,-0.208633,0.782260,0.844147,-0.601824,0
0.397701,0.223134,1.154123,-0.832680,1.225536,0.046412,-0.748012,1.519607,-0.312117,-1.016371,1.918422,0.926665,0.467211,0.507391,0.100775,-0.623939,0.523155,0.779173,-0.145480,-0.438736,1.083776,-0.255183,-0.338471,0.946782,-0.080908,-0.126241,0.341261,1.155564,0.409596,-0.364310,-0.195118,-0.484429,0
0.716774,-0.119461,0.442552,-0.181996,-0.817088,-0.218868,-1.584824,-0.512887,0.052683,1.189714,0.644278,-1.480134,0.097523,-0.617914,0.193679,1.578374,-0.196542,0.271948,1.093553,-1.083273,1.083622,-1.203408,0.124888,-1.174303,0.844651,-1.372693,1.425043,1.081495,0.455956,-0.595164,-0.812811,-1.307184,0
0.651735,-0.468629,0.105366,1.429262,-0.241602,-0.262309,0.736697,0.744223,-0.393941,-1.998824,0.113058,-0.168784,0.467382,0.122032,1.189101,-0.309375,0.418127,-0.820994,0.366473,-0.909632,-0.549265,-1.203861,0.269129,1.813761,0.349809,-0.657773,-0.787142,0.666308,0.412625,0.069996,-0.971131,-0.444529,0
2.011317,-0.164919,1.388180,0.919928,-0.068956,0.247759,1.055436,0.493594,-1.380403,0.501079,0.774865,0.076863,0.764995,0.978112,-1.242947,0.657747,0.082388,-0.012994,0.768499,-0.305577,0.772892,-0.217623,-0.657910,-1.285573,-1.089304,1.778264,0.905031,0.230680,-0.273178,0.822929,-0.700440,-0.344873,0
0.432544,-0.287720,-0.054922,0.232011,-0.055761,-0.619450,-1.178915,-0.508205,-1.200131,0.013064,0.157334,0.063401,-1.221649,-0.022730,-0.153966,-0.828675,1.496209,0.913555,-0.680718,-0.226840,0.930719,-0.032645,1.309368,0.135790,0.544262,-0.050549,0.195678,-0.353361,-0.589587,-1.525435,0.382270,0.063375,0
-1.236584,-0.295171,0.036340,-0.176344,-0.068543,0.185635,0.066787,-0.333637,-0.941124,0.611644,-0.558537,-0.517785,0.870129,0.726020,0.462228,0.459687,-0.039734,-0.574460,1.764721,-1.106969,1.039344,-1.252767,0.559843,0.043667,-0.858299,1.500715,-1.102889,-1.289002,-0.133387,0.632088,0.386570,1.010024,0
-0.139660,0.157402,-0.223521,-0.035357,-1.198217,0.470041,-1.106833,-0.337173,0.237143,-0.207030,1.018011,0.502211,-2.390975,0.236721,1.329446,0.388225,-0.081191,1.108442,-0.598657,0.934631,1.371554,-0.266194,0.647032,0.163074,1.502245,0.645783,0.043892,0.890802,0.356032,-0.374310,0.512783,0.722186,0
0.345649,0.197932,-0.370542,0.202026,-0.239308,-0.468207,-0.793553,0.336750,0.052759,0.509566,0.551465,-0.888310,0.485622,1.034648,0.399539,0.772856,0.253654,-0.037166,0.245859,-1.127156,0.060051,-0.189555,-0.762082,-1.214374,0.909770,-1.459440,-0.093436,0.554810,1.051285,-0.061105,0.210754,1.090382,0
0.768620,-0.072757,0.252081,0.527765,-0.326036,-0.518651,0.706373,-0.649322,1.295367,0.552312,0.380413,-0.285763,-1.537979,0.704439,-1.413208,-0.183266,-1.846374,-0.276845,0.658692,0.203545,-1.109384,-0.288944,1.538859,1.310178,-0.248566,0.475532,-0.051167,-0.727002,-0.545861,-0.175885,-0.725627,0.221891,0
1.574515,1.068596,-0.328609,1.102142,-1.264295,0.094545,-1.770172,0.194150,0.041724,-0.683057,-0.216504,-0.037045,-0.645510,-0.625455,-0.022439,0.118887,0.790334,0.862675,-0.779046,-0.154312,-0.555623,0.002477,-0.282352,0.137169,-0.484457,0.515734,0.477567,-0.106607,-0.091095,-0.840412,-0.193393,0.979277,0
1.494210,-0.564041,1.364837,0.742804,0.508830,1.172694,-0.156766,-1.023149,0.791557,0.455322,1.408058,0.207107,0.329209,-0.932365,0.050616,-0.095420,0.070825,0.392302,-0.265073,-0.394444,0.989982,-1.076342,0.725977,-0.383263,-1.397235,0.562926,-0.956146,-1.635881,0.640313,-1.007737,0.899718,0.091252,0
0.976091,1.040115,-0.000363,-1.470350,0.018647,0.951197,0.672504,-0.824319,-0.294714,-0.630718,1.255471,-0.019231,-0.431045,-0.812182,-0.997367,-0.633070,-0.808200,-0.979708,0.268747,0.127809,-0.004245,0.109578,-0.248859,0.783392,-0.345268,0.466744,-0.469370,-1.497267,-0.090322,-0.974654,-1.522945,0.150653,0
0.438761,-0.579903,0.437721,0.080184,-0.839242,0.893623,1.973188,-0.127393,-0.447320,0.024998,0.727629,0.014053,0.547464,1.150573,0.394419,1.446114,-0.931978,1.489114,0.427950,0.107393,1.298848,-0.643797,-1.456192,0.679616,-0.379866,-0.018245,1.461317,-0.771260,-1.434669,-0.095323,0.328947,-0.109339,0
2.504285,0.249316,-1.105906,0.696298,-0.949570,-0.338314,0.726108,1.160698,-1.980418,0.373569,-0.394741,-0.964155,-0.184270,-0.834868,-0.169596,-0.368340,1.191180,0.479838,-0.630292,-0.563279,0.145792,-0.363775,0.875286,0.365412,0.551130,-0.910507,0.271684,-1.139049,-0.069613,0.762042,1.189600,2.522286,0
-0.428964,-0.242673,-0.332357,-0.391775,-0.265606,-0.648673,1.986489,-0.495760,-0.884550,-0.027325,-0.183220,-0.934060,-1.111320,-0.750704,0.048188,0.331556,-0.346447,1.797125,0.364791,-0.267751,0.916498,-0.295770,-1.153138,-0.551458,-0.516842,0.577014,0.494395,0.538353,-0.878185,0.525819,-0.162354,0.784146,0
1.469948,-1.859682,-1.442499,-0.512746,0.015839,0.010048,-0.228798,0.827235,0.254606,0.091734,0.207318,-0.946036,0.763405,-0.742208,-1.356202,-0.394022,-1.263747,0.073936,0.187150,0.167289,-0.115506,-0.901241,-0.599280,-0.675160,1.440593,0.348962,0.214637,0.442630,-1.360429,1.547033,-1.172224,-0.308848,0
0.201183,1.263697,0.335787,0.540568,1.011369,0.002603,-0.363736,-1.133036,1.076007,-0.443013,-1.512144,0.787554,-0.271529,-1.812048,0.586306,-0.627367,0.583365,0.123903,1.622657,-0.731369,0.293604,-1.147019,-0.554186,-0.645042,1.081232,-0.697228,0.113923,0.632332,-0.352498,-0.284632,-0.052028,1.264392,0
0.071675,0.373345,0.117621,0.157729,0.684414,0.148512,0.182717,0.608483,0.528691,-0.339051,0.289917,0.905535,-0.214671,1.528540,0.589340,0.654683,-1.063554,1.080537,-0.735680,-0.399910,-0.577744,-0.398500,-0.175467,-0.801899,-1.008858,0.234244,-0.865024,-0.684560,0.397106,-0.726241,-0.503632,0.280729,0
1.810374,0.126323,-0.188549,-1.094363,-0.263757,1.032677,0.041256,-1.099488,0.880446,0.627312,-1.577521,0.414481,1.116974,0.603756,-0.263546,1.298543,-0.031911,-0.008754,0.113432,-1.130158,-0.656480,-0.784537,0.069338,-1.036146,-1.244617,0.735935,0.458261,0.590377,1.450969,-0.063099,0.076664,0.892268,0
0.315962,1.192612,0.410097,0.707740,0.455996,0.484269,-0.524270,1.633044,-0.534896,-0.262713,-0.212533,0.475339,-0.538816,-0.413808,-0.706994,1.260117,-0.772349,-0.602313,-0.232654,0.577196,0.396502,-0.036589,-0.440065,-0.468292,1.473028,0.960267,0.039039,-1.404623,-0.128339,1.466203,0.472438,-0.934764,0
1.124945,-0.093842,-0.220873,-0.159563,0.451208,1.465637,-1.181689,-0.155431,-0.514588,-0.316627,-1.085570,-0.773553,-0.996158,0.264677,-0.852154,-0.543375,1.078338,-0.956190,-0.646887,-0.276564,0.871908,-1.587885,-0.961805,0.784325,0.291598,-0.117390,-0.034439,0.080961,-0.022580,0.976010,-1.560813,0.277414,0
-0.068009,0.796596,0.459875,0.292341,-0.010602,-0.602356,-0.115936,0.009214,-0.159897,-0.508190,0.931562,-0.161052,0.669085,-1.159132,-1.544308,0.460395,1.198230,0.571964,-0.598768,-2.496646,0.784165,0.000810,1.041181,1.342886,0.936395,-1.101973,-0.235533,0.958517,-0.223169,-1.113331,-1.538527,-0.873324,0
2.021961,-0.339961,-0.107324,0.888320,0.494710,-0.528898,0.440696,-0.673870,-0.555308,-1.139372,-0.376475,1.161703,-0.451224,0.607842,0.411339,1.705533,0.898894,0.268449,-1.638130,1.189079,0.753682,-0.267967,0.617001,-0.655439,-0.679197,-0.097928,0.860749,0.853894,0.013510,1.766619,-0.327680,-1.337660,0
1.504896,-0.998382,-0.213809,0.661878,-0.303499,0.647269,0.885354,0.360096,-0.932426,-2.268138,-0.441028,-0.044499,-1.312381,0.494342,0.628255,1.570265,0.067101,-0.517666,-0.473166,-0.771362,0.214516,0.702828,-0.163249,1.584395,-0.182854,0.267172,0.221483,0.781787,-0.050131,0.533708,0.348091,-0.458751,0
0.785108,0.094780,-0.480843,0.901273,-0.142689,-0.749290,1.044650,1.578094,-0.105286,-0.384249,0.071610,-0.210022,-0.077479,-0.283508,0.115205,-0.931212,-0.043394,-1.943253,0.305403,1.334270,-0.041945,1.724197,1.379008,-0.286279,-0.806813,0.457764,0.599444,-0.732847,-0.585095,0.347056,0.650967,-1.525393,0
0.757789,-0.220213,-0.238771,-1.140018,-0.179580,0.231824,-0.018814,0.094648,-0.256293,-0.175587,0.699979,1.084128,0.346102,-0.437059,-1.336062,-0.802361,-1.099801,-0.297422,-0.407520,1.680852,0.426409,0.740637,0.913576,1.188074,-0.704768,-0.267360,-1.917331,-0.273800,1.131865,-0.199723,-0.874753,0.377975,0
0.446553,-0.205321,-0.175469,0.108560,-0.516597,1.952422,0.330277,1.365053,1.108398,0.707108,0.696897,0.776827,-0.502293,0.924380,0.716625,-0.836014,-0.353242,-1.018067,0.116725,0.510723,-0.026370,-0.682384,-0.437189,0.032346,0.101185,0.229303,-0.241707,-1.349546,0.050250,0.545367,0.939130,0.134380,0
0.949797,-0.822766,-0.435566,-0.720027,-0.286066,-0.309296,0.250447,1.018532,-0.242591,1.695011,0.112322,0.605622,-0.404495,1.505254,0.842128,0.741384,1.642281,-0.420930,-0.564952,0.693231,-0.496546,2.173732,-0.367797,0.229871,-1.400145,1.585047,-0.699723,0.785568,-0.155724,0.551880,-0.574624,0.051081,0
1.077083,0.170326,-0.083043,1.147997,1.431543,0.283742,-1.497322,-0.083322,-0.357621,-0.087648,-1.325208,0.830937,-0.345980,-0.116677,0.301479,2.024241,-0.473441,0.578357,-0.349703,-1.006736,-0.384443,-0.744761,1.127599,-1.129100,-0.299845,-0.699115,0.968525,-1.271166,-0.832887,1.174820,-1.690192,0.896930,0
0.944477,0.780059,-1.033808,1.008689,0.634809,0.134817,0.683903,-0.886398,-0.242795,-0.268470,-0.456253,0.355214,0.749255,0.106922,-0.647485,1.240734,-0.402588,0.782024,-0.664996,0.187047,-0.365230,-0.553491,-0.123306,0.412294,-0.796325,1.625158,0.145494,-1.389143,0.718914,-0.869137,0.344549,0.596064,0
0.182621,0.016555,-0.578208,0.665831,-0.566539,0.617545,-0.805046,-0.282740,0.953007,0.488751,0.503504,-0.251104,-0.676012,-0.487933,0.160304,-0.116940,1.052704,-1.226811,0.368434,-0.083889,-0.277440,-0.258590,-0.010339,-0.651203,0.585693,-0.587172,0.686071,-0.942681,-1.213330,1.618481,0.734719,0.590829,0
0.589975,-0.304942,-0.511085,-0.629391,0.442078,-0.601594,0.766813,0.595748,1.111489,0.994408,-0.095878,0.963003,-0.445836,0.294552,-0.381012,0.392098,-0.473365,0.650509,-0.647605,2.407149,0.375632,0.331218,1.257455,0.279227,-0.014087,-1.640752,-0.643569,0.959684,-0.436458,-0.599131,-1.350346,0.819661,0
2.297446,1.044561,0.323335,-0.532818,1.156934,0.202177,-0.653055,-1.321187,-1.026017,-0.371971,1.331128,-0.025461,0.233371,-0.490186,0.194558,-0.939209,-0.875225,-1.206927,-0.995128,0.356883,-0.199943,0.231334,-0.548545,-0.543390,0.830631,-0.623834,-0.575062,1.015759,-0.089503,-0.252931,1.481500,-0.098783,0
0.633353,-0.549918,-0.004221,-0.080907,-0.898601,-1.902326,0.417659,-1.159632,-1.068505,-0.310440,-1.804242,0.153259,-0.773653,0.810766,-0.594842,-0.483955,0.723393,0.050799,0.103862,-1.116534,1.496269,0.688685,0.346634,-0.120191,0.003716,-1.689768,-2.163543,-0.286340,0.053199,-0.426053,-0.605952,-0.592290,0
-0.209610,-0.089619,0.495564,-0.188699,2.349217,0.292738,-0.464723,-0.014430,-1.621170,-0.276663,-2.310219,0.302118,-1.228881,-0.797222,0.863782,-0.103590,-0.884351,1.397850,0.274265,-0.275088,0.297241,-0.920498,-0.456721,-0.203562,0.084482,1.294852,0.779018,-0.143741,0.297091,-0.213482,-1.009082,-0.154928,0
0.757117,1.382806,-1.851914,-0.675311,-2.097399,1.923236,0.064928,0.928929,0.685666,0.295933,-0.355186,-0.146048,-0.200551,0.275462,0.160106,0.826097,-1.573075,-0.252311,0.579560,-1.238150,1.003844,1.291608,-0.115546,-0.191868,-0.677229,1.555788,0.127021,-0.505926,-0.666041,-0.920673,-0.930868,0.710151,0
0.947982,-1.011724,-0.928289,-0.422948,0.517005,-1.827292,0.313382,-1.097705,-0.182680,0.475059,-1.023561,0.456640,-0.300220,-0.354151,0.524388,0.475841,-0.751305,0.086695,0.442605,-0.694564,-0.508285,0.882818,-0.343236,0.697199,-0.987349,-0.626287,0.480919,-0.203223,-1.519747,-0.803134,-0.534240,0.081294,0
0.316955,-0.607391,0.212754,-0.237678,0.474714,0.945319,0.402928,-0.142066,-0.339452,-0.314795,-0.577268,-1.945914,0.906161,-0.096476,0.008939,0.720563,0.310083,0.280675,1.073239,-0.541199,-0.460658,-0.443297,-0.747478,-0.457449,0.537882,-1.976708,1.436756,-0.045225,0.367318,-0.048888,0.017095,0.185914,0
1.911037,0.567045,0.680271,-0.327646,0.307933,0.019130,-1.061296,0.820583,0.930814,-0.281948,0.850934,0.087852,-0.238534,0.424878,-0.892550,0.267982,1.031625,-0.148099,0.099065,1.787771,0.327132,1.505312,0.775598,-1.206637,0.238479,0.617518,0.095758,0.316674,0.020399,0.509902,0.021971,0.747545,0
1.000655,0.935522,-0.598906,1.335488,0.425286,0.537901,0.116641,0.090899,-1.856458,-0.493814,-0.178127,-0.402842,1.274039,-0.066643,0.371723,1.056175,0.558822,-0.345272,-0.035465,-0.621694,-0.299061,0.115714,-0.125261,0.718116,0.150451,-2.040706,-0.343971,-0.224609,0.633794,1.035027,0.523111,-0.456376,0
0.383619,-0.162857,0.865395,0.214669,-0.757322,0.337282,-0.551729,-0.536514,-0.695868,0.796385,0.200165,-1.400533,-0.778343,0.886977,-0.008873,-1.020952,0.085686,1.719329,0.152549,0.493943,-0.916753,0.383100,0.550778,0.329901,0.447596,-1.480477,1.074637,0.363764,0.253709,0.463279,0.813501,-0.815271,0
1.162515,-0.107901,-0.244119,0.689910,-0.075952,1.527316,0.723860,-0.539057,-1.560489,0.253093,0.571239,0.462713,0.275333,1.241647,0.295203,-0.547115,-0.080200,0.264545,0.099953,0.758666,0.138379,1.236685,0.191243,-0.432832,0.080750,1.277551,0.355504,1.198060,-1.012388,-0.438715,0.730026,-0.876693,0
-0.358033,-0.691056,-1.042167,-0.252436,0.105708,-0.533184,1.854552,-0.324768,0.276647,0.427052,-0.877240,0.412322,1.090952,0.382626,-0.019170,0.057600,0.599144,0.816213,-0.606603,-0.557808,-0.049329,0.706919,0.371117,-0.464716,0.322511,-0.227054,-0.990775,0.249423,1.336242,0.361112,0.766791,-1.389068,0
-0.294199,0.660156,-0.549303,-0.468207,-1.599266,0.012625,-0.459946,-1.422838,0.041226,-0.034061,0.556146,0.439410,-0.801989,0.778130,0.093263,-1.007884,-0.242122,-1.538432,-0.234228,-1.391843,-0.718612,0.985789,1.510715,-0.559994,1.122001,0.412458,-1.279705,-1.057778,0.103974,-2.126108,0.580787,0.546123,0
1.637260,0.809052,0.383576,0.435467,-0.003010,-0.112242,0.193026,0.358897,-0.096543,-0.298970,-0.718144,0.290678,-0.381220,-0.719310,0.048489,1.847038,1.014584,-1.097553,-1.540548,-0.422602,-0.003716,-0.005834,-0.846964,0.692079,-0.057676,0.785104,0.862987,0.647275,0.630202,0.855100,0.252215,0.393665,0
1.449963,-0.228909,1.465097,-2.164059,0.384317,-0.026354,-1.164554,0.298497,0.207865,-0.535288,-0.436235,0.743496,0.707562,0.442412,0.113817,0.290350,-0.364230,-0.248203,0.879596,0.488254,0.440721,-0.301496,0.030150,0.465729,-0.930198,-0.085739,0.625353,-0.366690,0.130180,-0.320420,0.392282,-0.691055,0
0.854234,0.589840,1.249893,0.848842,1.055055,-0.155329,-1.535085,0.378978,-0.598274,-0.929955,-0.819548,-1.915404,0.231610,0.293468,1.122108,-0.769298,0.093290,0.368277,0.902229,-0.386685,0.634282,0.271673,-0.896167,0.597386,-0.523315,0.911414,-1.087345,0.795458,-0.574928,-0.181421,-0.283339,0.680623,0
-0.301210,-0.231704,0.893768,-0.371264,-0.312117,-0.428249,0.216830,-0.304157,0.601047,-0.368612,-0.115726,-0.104554,-0.428239,0.108706,0.828111,-1.602548,0.628914,1.075347,-0.595428,0.809868,1.467055,-0.181383,-0.106997,0.941157,-0.109468,0.170352,-0.813137,-1.239693,1.425009,0.023091,0.314878,0.498295,0
0.826485,-0.166290,0.666815,0.113463,0.461222,0.461931,-1.793644,-0.681352,0.750481,0.445248,0.068158,0.378587,0.121702,0.439312,-0.537759,1.388799,1.607678,0.133987,-0.589598,1.467843,0.205612,-0.256373,-0.822338,-0.785609,0.132669,-0.416941,0.369149,-0.056565,0.837646,-1.415145,-0.232949,1.719188,0
1.021685,1.051606,-0.565723,0.020669,0.255987,0.647478,0.457211,-0.423609,0.236999,-0.168422,1.003577,0.824234,0.265115,-0.893649,0.468068,0.361385,-0.577432,-0.288951,-0.277110,1.574140,1.365787,0.945158,0.538308,0.377516,2.469943,-0.757706,0.230131,0.471491,-1.204948,0.047112,-0.944217,-0.050552,0
1.196248,0.859287,-1.053179,1.169695,0.612017,-0.878750,-0.285285,1.963337,0.985389,-0.836295,-1.150357,0.320039,0.857286,0.916232,0.465429,0.233545,0.718976,0.523878,-0.348436,-0.930212,0.253060,0.074947,-0.299957,0.888170,0.278918,0.914646,-0.143930,-0.549778,0.203725,0.304538,0.730935,0.255842,0
0.405300,0.105438,0.143936,-0.270581,0.409552,0.337092,1.269968,-0.716444,-0.021443,0.322280,1.615283,0.034484,-0.222533,-0.704626,0.852329,-0.092566,0.176124,0.303506,-0.279921,-1.100056,0.077943,-1.375170,-0.106436,-0.414268,0.256255,1.564110,-0.947088,1.110486,-0.082336,-0.674849,0.062676,-0.012970,0
1.138154,0.079071,0.146402,0.518734,0.082774,-0.723665,-0.807921,-1.514941,-0.305040,0.047044,-0.005060,0.569239,0.323611,-0.113829,-0.214945,-0.464963,-0.374076,-0.185545,1.084900,-0.179496,0.664263,-0.696587,1.239678,0.998486,0.812063,0.598053,-0.697136,-0.320948,1.079230,-0.052265,0.408343,-0.661359,0
1.610381,1.015723,-0.661590,1.446556,0.922346,0.347385,0.272900,-2.676298,-0.423659,1.047794,-0.135936,-0.660021,-1.983928,-0.303297,0.373184,-0.398041,-0.507753,0.400726,-0.647869,-0.775564,0.981445,0.783508,0.032732,-0.210762,-0.708711,0.020526,0.970881,1.033534,-1.212029,1.730833,0.006541,0.033367,0
0.695618,-0.931240,0.459362,0.694220,-1.173085,-0.082627,-1.160383,0.337845,0.117410,0.082074,-0.614376,0.543374,0.843882,-1.082696,-0.394644,1.756146,-0.106851,0.927623,-1.428705,0.487512,0.187083,-1.136660,-0.055130,0.080862,-0.679822,0.576729,-0.958884,-1.000947,0.273678,-0.105700,-0.539436,-0.722995,0
2.305018,-1.408405,0.269321,0.506757,0.854740,-1.944981,0.640624,1.092161,-1.805787,0.193935,-1.462546,0.448663,-0.124128,0.632607,-0.272739,-0.202514,1.117901,0.519540,1.904225,-1.172007,-0.105022,1.377650,-0.769900,-1.165885,0.202980,1.156433,-0.568231,-0.025707,-0.013142,1.064908,0.383081,-0.251416,0
0.686128,1.650677,-1.927583,-0.332149,-0.521259,0.054657,0.247843,-0.016436,-0.998921,1.854865,-0.138348,0.824781,1.156916,-0.626539,-0.176444,0.625521,0.037040,0.071385,0.578310,0.332412,-0.225374,0.166025,0.294146,-1.102238,1.308769,1.241797,0.118739,1.539562,0.005268,-0.228048,0.028171,-0.415598,0
0.565590,-1.456629,-0.467176,0.385814,0.787022,-0.228162,0.079731,-0.125732,0.300971,0.655557,0.537047,-0.007937,0.063372,0.328459,0.823790,-0.628689,1.004631,0.895926,0.355261,1.178788,-0.316674,0.660417,-0.236727,0.013490,-0.109839,-0.928859,-0.582737,-0.657357,1.150180,0.307942,0.771003,1.067930,0
1.459593,0.023476,0.722234,0.417310,-0.599730,0.388419,0.384282,-0.118361,1.273945,0.407750,-0.536231,0.784138,0.144873,0.327860,-0.717331,0.946826,1.061565,0.075879,-0.797690,-0.357918,-0.074012,-0.063352,-1.802887,-0.923236,-0.622135,-0.206291,0.637915,0.328740,0.469325,0.258258,0.752362,0.728327,0
0.054368,0.058187,-0.029552,-0.292474,0.724979,-0.535199,0.290332,1.251404,0.679121,-0.440410,0.315499,0.581669,-0.342530,-0.638574,-0.684530,0.047879,-0.912631,-0.840779,0.638615,-0.506545,-0.552823,-0.257088,-1.973199,0.475921,1.388178,0.724952,-1.226126,-0.190990,0.439498,1.844066,-1.269897,-0.210162,0
-0.315370,-0.583665,0.039262,-0.197375,0.556555,-0.262847,0.528299,-1.315650,0.010370,-1.077019,-0.276824,-0.922038,-0.959117,-1.705903,-0.126144,-0.386769,-0.231416,-0.029724,0.539310,1.007749,0.063232,0.769328,0.144120,0.101101,-0.836837,-0.036350,0.397547,0.956215,-1.063840,0.999256,-0.219351,-0.171997,0
0.380934,0.014470,0.539431,1.166073,-0.037329,-0.573319,-0.688417,-0.185783,0.124465,-0.556216,1.000086,-1.903615,0.946773,-0.779072,0.253469,0.236989,-0.966527,-2.058703,0.845267,-0.475948,-0.658869,-0.311941,1.470116,-0.306598,0.765245,-0.280275,-1.445131,0.020087,-0.216027,-0.618302,0.405754,-1.121074,0
1.232616,-1.564666,-0.426216,-0.160362,-0.347805,0.270740,-0.200076,-0.318288,-1.241523,0.033542,0.972629,-0.734269,-0.968655,0.726113,-0.433047,-1.426718,0.009184,-1.142945,0.676059,-2.082289,0.355400,-0.801554,-1.688931,0.192092,0.547261,0.760527,1.002776,-0.332676,-0.373134,2.183038,-1.921665,-1.050796,0
0.887458,-1.289615,1.256419,-0.209680,0.162219,0.191695,0.388015,0.285755,0.018193,-0.045687,0.148037,-0.879895,0.273117,-0.408707,-0.814979,-0.403780,-0.222260,0.541959,-0.213826,1.237661,0.223371,0.734719,1.208607,0.392697,-0.199881,1.765237,-0.655503,0.682281,0.419372,-1.023112,-0.794302,-0.591404,0
1.020664,1.300901,-0.390249,-0.090515,0.034690,0.478162,0.003539,1.445541,-0.970178,-1.360548,0.039358,0.680053,-1.258402,0.406958,-1.074409,0.486651,-0.023092,-2.342741,0.955190,-1.016415,0.561206,0.125330,-0.708520,-0.813948,-0.525183,0.673052,0.898454,1.164907,-1.773591,0.307167,-0.092959,1.963662,0
-0.352035,-0.294116,0.014904,0.560490,0.429080,1.787996,1.454763,0.586679,0.007777,-1.023333,0.010485,0.621162,-0.846139,0.219772,-0.760910,1.160579,0.820854,0.830086,-0.561112,-1.087745,-0.400996,1.272972,0.108175,0.257177,-1.545854,1.064954,-0.078483,0.055093,0.121436,-0.880405,0.581568,-0.848499,0
0.662480,-1.527458,0.370172,-2.259672,-0.066614,0.247415,1.010837,0.150918,0.853966,0.317276,-1.084529,-0.942275,0.814260,0.111778,-0.731844,0.909924,1.271537,-0.294058,0.270509,0.257382,-0.706413,-0.632643,1.359071,0.127908,0.191005,-0.023427,-0.975353,-0.578583,-0.211918,-0.583820,-0.490329,0.472466,0
0.632883,-0.634309,-0.044991,0.277549,-0.544741,-0.044573,0.221266,0.112303,-1.616585,0.716691,0.522218,0.894745,-0.987355,-0.665158,-1.029044,0.963493,0.971473,0.788888,-0.148743,0.142177,-0.407073,0.716084,-0.582067,0.108367,0.135739,0.495208,-0.072940,0.304443,-0.517886,0.020623,-0.581922,1.325898,0
1.506655,-1.617288,0.506928,-1.134665,-0.019877,-0.316580,0.161244,1.201518,0.174625,0.029280,0.376113,0.947004,-1.500519,-1.259101,0.143428,1.089298,-0.080639,0.067582,-0.706819,-0.576860,-0.701217,0.047952,0.039408,-0.622856,-0.699558,-0.085600,-0.051974,1.513466,-0.219674,-0.849064,-0.395019,-0.188730,0
1.410572,-0.232400,-0.688461,0.304854,0.643927,0.334358,-0.503436,-0.039620,0.530714,0.075818,0.739146,0.444739,-0.502162,0.097951,-1.452963,-0.245879,-0.493323,1.492186,-0.630516,0.771899,0.169989,0.572541,0.866795,0.686403,-1.126366,0.225728,-0.086520,0.725133,-0.025739,1.030353,-1.400134,-0.311558,0
1.838828,0.602719,-0.657702,0.369116,0.662293,-0.227017,-0.184417,1.118301,-0.818639,0.420364,-0.134622,0.283469,0.550307,-0.235520,0.386850,-0.800092,0.160437,-0.347315,-1.140781,1.016652,-0.308039,-0.914024,0.204501,0.239069,-0.589050,-0.678052,0.748968,-0.353963,2.190106,-1.781676,0.110760,0.518850,0
1.274762,0.837398,0.653831,-0.641661,1.613430,0.612569,0.577329,-0.186193,-1.625596,-0.265907,1.186628,-0.676926,0.636048,0.461071,-1.266128,0.480684,0.085986,-1.889146,0.410058,0.843387,0.180300,0.681290,0.019964,1.839665,1.495020,-1.022182,0.571581,-1.576269,0.974307,0.283902,0.483058,-0.789112,0
2.235845,0.779109,0.580395,-0.894927,-0.682861,-0.494230,0.094998,-0.147294,0.525527,0.762278,-0.493570,-0.519930,-1.146561,-1.102635,1.248988,-0.108113,-0.159455,0.338458,-0.404560,-0.294736,0.076667,-0.897689,-0.156235,-0.172026,-0.296278,0.795905,-0.500143,0.735288,0.574253,-0.610506,0.525072,0.089807,0
0.809758,0.171692,-0.200855,-0.578043,-0.101851,-0.380618,-0.514347,0.842563,-0.322650,-0.179865,-0.211262,0.172137,1.780817,0.976382,0.038496,-0.918103,-0.042118,1.123509,-0.137033,0.604409,-0.492525,0.131455,-0.333314,0.281549,-0.827880,0.705628,0.329834,0.418392,1.280873,-0.560972,0.175363,-1.137967,0
1.126644,1.681778,-0.063938,-0.274196,0.855015,0.086944,-0.353056,-0.557746,-0.369863,-0.615021,-0.066794,1.092122,-0.054315,-0.861334,-1.634654,-2.606415,-2.298412,0.139633,0.483415,-0.063305,-0.241286,0.723166,-0.975755,0.438053,0.826122,-1.032156,1.267921,-0.602230,0.077325,1.181109,1.369083,0.068077,0
0.193491,-0.476531,0.315388,-0.146779,1.593523,0.127520,-0.581842,-0.625492,0.115271,-0.003400,1.545571,-1.090758,1.019374,-1.024525,-0.354957,-0.543331,0.852554,-0.434079,-1.052084,1.228965,-0.165612,0.957248,0.413063,-0.321759,1.264109,0.317508,-0.066792,0.254189,-1.090237,-0.717420,-1.072866,-1.332618,0
2.136409,0.071826,-0.842957,0.283287,2.126840,1.374786,1.375707,0.606769,1.542147,0.553068,0.298568,0.332266,-1.023650,-0.750229,-0.426788,0.363167,-0.235360,-0.182824,0.871679,1.362866,0.200898,0.596714,0.264866,-0.325228,-0.716827,-0.504464,0.734161,0.600136,0.034287,1.161243,0.480057,0.514895,0
-0.009484,-0.219931,0.649993,0.760543,-0.043911,-0.717716,0.111477,1.317801,0.973152,-0.121234,-0.541899,-0.737609,-0.025254,-0.393959,1.087396,1.227006,0.910973,0.754784,0.517154,-0.301261,-1.323745,-1.602882,-0.987528,-0.146029,-0.927573,0.037468,-0.925751,-0.855906,1.348535,-0.303672,0.676676,-0.867015,0
2.026495,-0.170750,-0.493191,0.487000,-0.478131,-0.172149,-0.733516,0.731612,1.282076,-0.073194,-1.229581,-0.317519,1.251919,0.208851,-0.137935,-0.888233,1.064241,-0.555171,-0.654163,-0.406581,-0.777045,-0.196510,0.034105,1.605050,-0.883231,-0.317901,-0.962767,-1.277935,0.220763,-0.260476,-0.295595,0.188626,0
2.596371,1.183377,0.664926,-0.035198,0.133773,1.717103,-0.962828,-0.108864,-0.783824,0.006912,1.454378,-0.707279,-0.250365,-0.207648,0.769191,-0.195387,0.295420,0.392269,-0.680433,0.392977,-0.886812,0.089342,-0.672512,0.355315,1.063643,0.290373,-0.338786,-0.873127,-0.406001,1.001416,0.182541,0.362110,0
1.073095,0.127513,-1.287117,-0.148855,-0.637456,0.997263,0.884659,-1.134188,-0.289866,-0.492575,0.171931,-1.139172,0.783678,0.852530,-0.935629,-0.003366,0.693578,0.031512,0.927302,-0.564683,-0.175444,0.691649,1.074516,-0.675996,-0.614437,-0.016393,-0.104466,-0.133759,-0.842201,0.951602,-0.540999,0.352160,0
1.495852,-0.451799,-0.105381,-0.651680,1.121779,0.396162,1.025884,-0.058172,0.001292,0.124247,-0.303921,0.361077,-0.526310,-0.409103,0.871318,-0.283401,-1.245350,0.178529,-0.084483,-0.496314,-2.051431,0.044565,-0.705759,-0.777364,-0.594915,-0.466021,-0.733881,-0.355567,1.024838,0.666079,0.380901,0.654199,0
0.773551,0.730125,0.843957,-0.548581,0.347663,-1.241584,-0.893127,1.316176,0.799343,0.061553,-0.786733,-0.182230,1.106935,-1.344519,-0.018153,-1.981571,-0.605464,-1.192374,-1.190885,1.079065,-0.559462,0.781436,1.505046,1.058909,-0.886127,-1.235823,-0.138570,1.010206,1.488488,0.719261,-0.187063,0.968642,0
1.123962,-0.587459,0.004238,0.216009,-0.205312,-0.561768,-0.722841,0.597276,0.674152,-0.880439,0.908424,-0.781065,-0.874624,0.720735,-0.739299,-1.090853,0.996847,0.614387,0.134273,-0.605752,-0.947028,0.016492,0.222476,0.157365,0.488849,1.026042,0.024014,0.442548,-1.095563,-0.082947,0.726619,-0.314784,0
0.399102,0.627360,1.331342,-1.127463,0.478626,-1.821927,-0.523048,0.243430,-0.108746,1.139422,-0.911403,0.466068,0.208522,-0.461525,0.540917,0.755632,1.136562,-0.006882,-0.063181,-0.521796,-1.347798,0.988046,1.372816,-0.475003,0.226403,-1.034980,0.015689,-0.464543,-0.620405,0.119933,-0.343472,-0.509292,0
2.049364,-0.248267,-0.321073,0.143290,0.613290,-0.844111,-0.570118,-0.180490,0.643687,0.992893,-0.173701,0.630155,-0.756706,-0.363087,0.692057,-0.504493,-0.675089,-0.242511,0.332536,-0.105663,0.320932,0.468088,0.222223,-0.357541,0.046123,0.106061,0.417598,1.140872,-0.127422,-0.162828,-0.026137,0.184226,0
1.244322,-0.905872,-0.475584,0.328495,1.469918,-0.142364,0.692050,0.020681,-0.306141,0.889580,0.789459,-0.715410,0.831402,0.207135,0.057190,0.296348,0.217232,1.252749,-0.433140,0.075445,1.016741,-0.396074,0.240911,0.001813,0.212054,0.979259,-0.429252,0.038208,0.772092,0.263798,-1.317576,-0.582535,0
2.226600,-0.216950,-0.325203,0.259750,0.547071,0.753810,0.297141,0.157231,0.784052,0.921015,0.647356,0.365916,0.944115,0.076123,0.172067,-1.618414,1.247721,-0.477485,-1.413450,0.342869,-0.253407,-1.184138,0.407881,-0.424868,-0.111751,0.009250,0.835230,0.587719,-1.269638,-1.232693,0.913494,-0.542938,0
1.522433,0.420989,0.412849,0.488051,-0.243273,0.174072,-0.310780,-0.195578,0.919828,0.574902,-1.391290,-0.951045,-0.371825,0.163420,0.187449,0.288390,0.212120,0.595831,0.618541,-0.294323,0.463505,0.252349,-0.220205,-0.035849,0.740728,0.250077,1.556681,1.797948,-0.451684,1.037385,0.400872,0.035225,0
1.718623,-0.552920,0.043533,-1.604329,-0.048700,0.167197,-0.313690,0.502666,0.442551,-0.652620,0.185785,-0.812970,-0.400269,-0.011497,-0.578751,0.567682,-0.260781,-0.774006,1.145721,1.164578,-0.028373,-0.844906,-0.382603,-0.139218,-0.333612,0.647139,1.486572,-1.209199,-0.426745,-0.334968,0.537058,1.504197,0
2.428974,0.880194,0.359157,-0.199936,-1.076797,-0.080708,-0.326756,-0.253904,-0.251029,0.295099,-0.776070,-0.088471,0.700400,-0.010125,-0.235043,-1.265579,0.881479,-0.223437,-0.117038,-0.963766,-0.994751,-0.264038,-1.574781,-0.915243,-1.234479,0.612839,-0.209583,-0.613911,-0.496176,-0.416540,0.186238,-0.753593,0
0.699343,-0.568861,-0.023937,0.881172,0.759228,-0.118132,-0.429298,1.593295,0.107404,1.379815,0.735934,-0.815491,-0.257098,1.712897,1.447457,0.284019,1.477750,0.625196,0.137061,1.121845,-1.823539,-0.162832,-0.238334,0.861611,-0.270875,0.639456,-1.042879,-0.084391,0.412330,-0.121586,-0.324195,-2.295076,0
0.897563,0.071477,-1.225512,-0.350941,-1.057733,0.659491,0.962652,-0.921397,-0.972918,-0.815137,0.555913,0.139177,-0.739992,-0.966291,-0.640314,-0.385819,-0.752996,1.497280,-0.615676,-0.868051,0.582488,0.215506,-0.042132,-1.141919,0.881033,-0.955689,0.508729,1.003310,-0.280922,0.758428,-1.151889,-0.001400,0
0.432400,0.506851,-0.168999,0.021950,0.726925,1.394434,1.215039,0.137280,0.572575,0.717507,0.575415,0.175897,1.323693,-0.532805,0.120940,-0.138334,-1.105073,-0.443457,0.608279,-0.481033,0.867804,-0.332996,-0.509061,0.601636,0.337027,0.011031,1.024937,0.040411,0.008757,0.313250,-1.937956,-0.422335,0
-0.450143,0.401996,-0.264895,-0.617884,-0.546788,0.082573,-0.077822,-0.907226,-0.756500,0.515647,-0.130194,-0.383046,-0.456183,0.126031,-0.785333,0.402217,-0.162364,-0.465948,1.541566,0.682493,-0.823021,0.149666,0.333595,1.532445,0.071564,-0.561935,1.146004,0.978608,-0.382973,0.038385,-0.338454,0.128519,1
-1.144238,-1.154540,0.277001,-0.310580,0.401062,-1.044505,1.212682,-0.879956,-0.796930,-1.356808,-0.371535,0.309944,0.961109,0.692718,0.689395,0.478264,1.055263,0.127655,-0.413306,0.247617,-0.421232,1.588380,-0.776989,0.058505,-0.484711,-1.235964,-0.787060,0.549397,-0.290503,0.122659,-1.609627,-0.102931,1
-1.530797,0.510558,-0.681718,0.835788,-0.620642,0.851421,1.225449,-0.504598,-0.089045,-0.387604,0.146541,-0.413099,0.088171,-0.094345,1.183482,0.659363,-0.406210,-0.037585,0.022083,-1.361192,-0.345172,-0.203027,1.290814,0.623604,0.693016,-0.609831,0.034845,-0.251367,-1.342069,0.293869,0.029943,-0.210933,1
-1.293900,-0.314839,0.192966,0.804402,-0.061112,-0.748053,-0.562032,0.651757,0.543398,-0.627154,-0.682119,-1.212459,-0.277120,-0.414556,-1.132466,0.655243,-0.095912,-1.246568,-0.293620,0.130505,-1.001565,-0.757399,0.037844,-0.695531,0.316063,0.890394,-0.620646,-0.474848,0.103305,-0.379548,-0.384238,0.604964,1
-1.573084,0.734011,0.664035,-0.441588,0.059371,0.013497,-0.509905,-1.112414,-0.982363,-0.275805,0.957879,0.333403,-0.480386,-0.504315,-0.260937,-0.149825,-0.106224,0.486870,0.638872,0.041286,-0.031686,-2.266160,-1.258031,-0.388899,-0.600528,0.156573,-0.235045,-0.277715,-0.001689,0.453680,0.682644,-2.001474,1
-1.278812,1.655618,-0.806861,0.143800,-0.607292,0.227711,-0.754941,0.643573,-0.133082,0.064163,-0.703602,-0.641654,2.435407,-0.075138,-0.041536,1.093523,-0.992468,1.479217,-0.468279,-1.221571,0.369454,-0.684943,0.128130,0.918471,-1.203361,1.333860,1.860726,-2.572264,1.254282,-0.325655,1.356632,-0.383231,1
-0.382218,-0.005537,-0.175875,0.540450,0.170467,1.542782,0.218147,-0.225813,-0.723324,-0.506614,1.683801,0.268938,-0.012911,-0.341458,2.150883,-0.157003,0.545857,0.199220,0.333284,-0.161985,0.111132,-0.209567,-0.079381,-0.598880,-0.145001,-0.445821,0.067275,0.068096,0.616353,1.342442,0.575999,0.308085,1
0.135267,-0.487781,-0.453558,0.423784,-0.092733,-0.603310,1.862097,-1.389463,0.275434,-0.439902,0.775375,-1.474799,0.499692,0.671149,-0.129673,-0.534167,-0.020660,-0.251912,-0.301919,0.674615,1.051053,0.737616,-1.580086,-0.493290,0.322812,0.462780,-0.503687,0.641830,0.348603,0.266482,0.082427,1.766336,1
-1.045814,0.512258,-0.235204,-0.209543,-0.284200,-0.059949,-0.143771,1.226119,-0.048651,-0.442640,0.243111,0.641618,1.651832,-0.141309,0.098726,0.869583,-0.432125,0.552410,0.391034,-0.865759,-1.068963,-0.007603,0.511736,-0.221480,1.108470,0.325824,-0.137834,0.183024,-0.740927,0.473396,0.392465,-0.687249,1
-1.933676,-0.713516,1.336111,-0.576223,0.778676,-1.128616,-0.485809,0.322261,0.166280,1.059144,1.116799,0.900422,-0.403468,-1.515210,0.009629,-1.185823,-0.276098,-0.730048,0.405570,-0.101191,-1.504566,-0.618929,-0.620589,0.638977,0.344022,0.157439,-1.497670,-0.085582,0.281292,0.802624,0.213688,0.784762,1
-1.583293,-0.675977,1.256233,-0.156039,0.850928,0.383501,0.334198,0.929327,1.338050,0.090777,-0.179667,-0.110958,-1.266306,-0.041967,-0.717336,0.395993,-0.009896,-0.703846,0.195133,-0.438430,0.255455,0.666132,-0.795884,-0.403806,-0.169535,1.039124,0.560819,-0.805192,-0.012899,-0.668646,-0.472590,-0.085005,1
0.990113,0.265838,-0.462616,0.138272,-1.848122,-0.880804,0.164719,-0.510078,0.900109,1.132960,-0.622500,0.906012,0.379094,-0.150498,0.338821,-0.687194,0.027223,0.233861,-1.039323,0.371456,0.004385,-0.298698,0.031312,0.014319,-0.791573,-0.018648,-0.368952,-0.366964,-0.926057,1.028796,0.667414,0.158014,1
-1.438652,0.070547,-1.257354,-0.172316,-1.059348,0.776917,1.094998,-1.399857,-1.097380,-0.147322,0.272117,0.921431,0.962271,-0.395938,0.901012,-0.802022,-0.204465,-0.263600,-0.190427,0.577245,1.447740,-0.798846,0.336898,-1.473667,0.745938,0.053478,0.027115,0.906842,-0.426534,0.553035,-0.038809,1.144610,1
-1.509253,0.849869,0.285249,0.350562,1.346693,-0.949211,0.350347,-0.129220,0.815517,1.207107,0.384212,1.353737,-1.406259,-0.279475,-1.136276,0.894533,1.101438,-0.494057,1.161404,-1.412633,0.502970,0.021901,1.243643,0.325735,-0.625347,-0.270236,0.729859,1.796099,-0.418334,-1.134653,0.056256,0.254924,1
0.661939,1.551321,-0.764075,-0.611982,-0.258466,0.130424,-0.895435,-0.387523,-0.329592,-0.054118,-2.098785,0.600757,-0.321393,0.149097,0.370196,0.466213,-0.443340,-1.188941,-0.579383,0.342549,-0.437704,-0.607917,0.783087,0.287247,-0.308727,0.717631,-1.426459,-1.225116,-0.801240,1.181907,0.694480,-0.373762,1
-2.178581,-1.387096,1.293312,-0.263877,0.339735,1.224646,1.471199,0.095582,-0.543018,1.286813,1.675263,0.881806,0.028544,-1.007975,0.003428,-0.640509,0.108818,0.999041,-0.290428,-0.377259,1.057761,0.790683,-1.598178,0.583009,-1.121807,-0.646236,0.209677,-0.817147,0.805626,0.211998,-0.570727,0.016798,1
0.319128,0.217606,0.368755,-1.750162,0.055819,-0.283067,-0.763415,1.516432,-0.294474,-0.181248,0.754953,-0.732439,-0.542613,0.339140,-0.129633,-0.731437,-0.318816,1.177318,0.510286,-0.966295,-0.343578,-0.548144,0.240233,-0.012927,-0.741868,0.465558,-0.426214,0.715226,-0.258760,2.018535,-0.825191,-0.168127,1
-1.241092,-1.462613,0.506580,0.386816,0.472735,-0.906759,2.046311,-0.754501,0.305046,0.162808,-0.132307,0.101742,-0.628530,0.502088,0.601555,0.038574,0.106224,0.907903,-0.071604,-0.034761,0.079489,-1.792700,-0.314891,-1.109649,-0.146601,-0.410936,-0.375662,-0.433134,-0.145203,0.680707,0.192371,-0.902092,1
-1.716889,0.617240,1.777603,0.563849,0.704685,0.399643,-0.639228,-0.303950,-0.476671,0.445528,1.804109,0.274509,0.734301,0.984656,-1.039793,0.450672,-1.190739,-0.626097,-0.301791,-0.809233,-1.012253,-0.162053,-0.090617,0.633582,0.425967,-0.029784,-0.487461,-0.285337,-0.531760,0.044477,0.006643,-0.734363,1
-1.380327,0.368901,0.801123,0.643682,0.387211,-1.344023,-0.085940,-0.878569,0.070900,-0.400441,0.250625,0.138300,-1.475294,0.244882,1.198951,-0.147761,-1.164970,-1.190155,0.182976,0.353044,1.436092,0.858085,-0.737609,0.625920,-0.234699,0.781566,-1.709686,0.789861,-0.617816,0.963942,-0.112855,0.507232,1
-1.639299,0.180262,-0.514860,-0.502606,-0.225365,0.076804,0.328164,0.190883,0.728727,0.364605,0.437522,0.725826,-0.713516,0.841383,1.114864,-0.154739,1.125930,-0.344919,-0.521607,-0.369696,-0.148537,-0.052102,0.320493,-1.832671,-0.478765,0.486441,-0.310922,-0.647038,1.025441,0.237425,0.234205,-0.194968,1
-0.460343,-0.719046,0.333444,-0.145401,0.284263,0.545370,-1.540235,-1.859995,-0.253631,0.575894,0.163723,0.563999,-1.304986,0.395006,0.178776,0.776149,-0.472492,-0.779850,0.221330,1.235803,-0.223879,0.667369,-1.186625,-0.495914,-1.372841,0.036638,-0.330143,0.738831,-1.226381,-0.053371,-0.214193,0.277054,1
-1.017034,0.147825,-0.470266,-0.285922,0.831633,1.183765,-0.212764,1.694300,0.441221,0.245067,-0.076694,-0.878376,1.550219,0.173442,-0.174656,-0.928077,0.508630,-0.741482,1.101910,-0.482698,-1.348853,-1.293123,-0.491289,-0.512267,0.456107,0.916919,-0.802613,0.904405,-0.769680,-0.264535,0.552065,0.692376,1
-1.722245,1.248934,-0.455158,-1.269305,-0.258956,-0.366977,-1.455346,0.481611,0.908495,0.644995,-1.008403,0.077207,-0.202800,-1.711425,-1.284460,0.631272,0.183412,1.949475,0.667964,0.392371,-1.225951,0.338999,-0.619079,-0.583379,-0.973501,0.140768,-0.270954,0.489586,-0.813848,0.900061,0.404025,-0.433736,1
-1.722906,-0.120663,-0.581043,0.102615,-0.337020,-0.482147,-0.676649,0.443878,-0.945533,0.880152,-0.034614,1.386665,-0.879313,-0.460441,-0.666471,0.485239,0.899869,0.209358,1.504201,-0.419868,0.507888,-0.633064,-0.534534,-0.040328,-0.771574,0.245904,0.500658,0.488110,0.103690,-0.130419,1.115998,-0.275028,1
-0.761972,-0.511781,-0.050825,0.030737,0.107872,0.427727,0.423619,0.298241,1.353725,0.630898,-0.974649,-0.998156,-0.375461,-0.434110,0.739746,-0.361376,0.093301,0.639300,-0.889333,-0.475238,0.620568,0.777428,0.666384,-0.460128,0.635025,-1.036405,-1.111385,0.098276,0.131457,-0.779833,0.937500,-0.497555,1
-1.093840,-2.358440,-1.337791,-0.340690,-0.570113,0.120001,0.196101,-0.411236,0.888982,0.388832,0.176822,0.049614,-1.088579,0.767853,0.720190,-0.138945,-0.690384,-0.079859,-0.357270,-0.165227,-1.412661,-1.018094,0.345976,-0.764083,0.443818,1.656836,1.006236,0.439502,0.620002,0.637738,1.590638,0.650618,1
-1.698812,-0.762691,-0.310833,0.344021,-0.524652,-1.030789,0.305541,0.196651,0.322298,0.634808,-0.322507,0.921759,-0.105964,1.520097,0.185485,-0.089078,0.693252,0.685311,-0.904739,-1.211279,0.007998,0.440168,0.538288,-0.004219,-0.009780,0.616559,-0.026624,0.347940,0.178812,-2.105828,-0.551668,0.953830,1
-0.645730,0.677298,-0.353754,1.761304,-0.778594,-0.028248,0.609342,1.938256,0.267259,0.424365,0.539382,1.341427,-1.142587,-0.713726,-0.627641,0.988679,0.537256,-0.736408,-0.684170,1.425033,-0.424956,-0.266316,0.117328,0.139720,0.473538,-0.584641,0.033086,-0.380373,0.828096,-0.018852,0.812312,0.310921,1
0.134518,-0.334009,-0.679885,1.284694,0.270283,0.741304,-0.750332,-0.033636,0.790086,1.498193,-0.371393,-1.776286,-0.488082,1.754328,0.011174,-0.813378,0.448947,0.443883,0.391364,-0.506752,-0.142563,-1.182178,0.379181,1.448419,0.733846,0.574203,0.783197,-0.270993,0.433576,0.427660,0.016532,0.796173,1
-1.749063,1.893082,-0.219109,-0.122850,0.593104,0.880361,-1.623256,-1.185050,-0.549272,-1.487367,-0.522459,1.012517,-0.694168,-0.209944,0.217020,-0.369908,0.666331,-0.426703,-0.341120,-0.721067,-0.783615,-0.520941,0.958917,0.501757,-0.819473,-0.308420,-0.071210,1.122112,-0.561892,-0.115406,0.634570,-0.449267,1
-1.405559,0.075361,0.413603,-0.090064,-0.039095,1.084837,0.084770,0.127486,-0.813407,0.672470,0.161326,0.599778,-0.395358,-2.172422,-0.544770,2.111392,-1.046393,0.311121,0.129256,0.392237,0.404484,-1.299954,-0.113550,0.957906,-0.637390,1.435490,-0.238962,0.615590,0.582701,-0.776040,0.061278,-1.555058,1
-0.684648,-0.816750,-0.630492,-0.462713,0.533387,0.598872,0.526119,-0.603298,-0.936739,0.430045,0.701891,-1.403181,0.026266,-0.683443,-2.421340,-1.647802,0.357524,0.153629,0.535227,-0.481303,1.283442,-0.090358,-0.137850,0.464857,0.085774,-0.179980,0.609514,-0.402754,0.175941,-0.549597,-0.603983,-1.208851,1
-1.209863,1.268544,-0.879523,0.784599,-0.950068,0.129475,-1.542520,-0.535061,0.206684,-0.014352,-0.155374,0.690880,-0.376810,-0.330700,0.627003,-0.852942,0.143537,0.074865,-0.717414,-0.341680,-1.047621,-1.088980,0.898838,1.046418,-0.665065,-0.677308,-0.818471,0.117692,-0.208465,0.305878,0.340473,0.398621,1
-1.092268,-0.522409,0.321872,-1.299010,-0.505870,-0.986932,-1.094323,-0.332786,-0.725111,-1.123668,0.657242,-0.361341,0.720210,0.537327,0.230953,-0.428553,-0.213435,-0.233349,-0.076145,-1.440852,0.030742,-0.719616,-0.570663,-0.238759,-0.827043,-0.841110,0.490780,0.522940,0.808634,0.015823,-0.424575,0.010649,1
-0.986629,-0.443886,-0.629765,-1.278140,-0.115016,-0.042241,1.094470,0.152241,0.534810,0.193653,0.216525,-0.049590,1.730153,-1.142762,-0.237417,-0.729449,0.953933,-1.416236,-0.657225,-1.159232,0.617241,1.678580,1.229454,0.796504,0.165870,-1.355705,1.197389,-1.126185,1.108773,1.456776,0.847764,0.677896,1
-0.241842,1.057270,0.399077,-1.055363,-0.231724,0.376741,0.536999,-0.143106,0.181564,-0.461563,0.801900,0.166154,-0.627339,0.880483,0.241913,1.164750,-0.366749,-0.144637,-0.194290,0.162832,0.016561,0.354100,0.898610,0.700425,1.986694,0.346900,-0.675189,0.439970,-0.127631,-0.585232,0.114248,-1.164674,1
-1.156744,0.156559,0.314394,1.266329,0.552861,1.690840,-0.840164,-0.693674,-0.159067,-0.230230,0.858453,-0.837310,0.944624,-0.506724,0.622902,0.018432,-0.593684,0.450855,0.455888,-0.123126,-0.514832,-0.060033,-0.417604,0.589143,1.964516,-1.212836,0.048064,-0.555205,0.487330,0.263243,0.302376,-1.152841,1
-0.221357,0.314230,-0.597758,0.356683,0.100627,-0.347229,-0.237867,0.248919,0.414281,-0.787275,0.296029,1.670129,1.149554,0.536460,-0.473493,0.103002,0.376782,-0.302225,0.864843,0.845535,-0.632224,0.292837,0.222989,1.747349,-0.368463,-0.850415,1.299373,-0.398891,-0.139668,0.435134,-0.243952,0.070123,1
-0.153729,-1.003255,1.320289,-0.015113,-0.589960,-0.479016,0.786819,0.373667,-0.150737,0.227799,-0.869385,0.151354,0.408324,0.886851,-1.103922,-1.139123,0.110438,-0.299371,-0.251622,0.109856,-0.857287,-0.462004,-0.156330,0.014794,-1.005383,-0.304144,-0.425592,0.789284,1.160846,-1.600876,-0.229686,-0.118177,1
-2.338078,-0.006356,0.408835,0.985180,1.104146,-1.028242,-0.861349,0.743686,-0.113714,-0.701235,0.212007,-0.574669,-0.405278,-0.075173,-0.168567,-0.621706,0.341119,0.321493,0.665936,0.798218,-0.144531,0.002156,0.932895,0.685846,0.629512,-1.007504,-0.364862,-0.163910,-1.724727,1.360265,0.935348,-0.512662,1
-0.649518,-0.108807,1.374485,-0.337913,-0.283567,-0.961607,-1.022328,-0.303909,-0.024224,-0.631498,-0.484495,0.548551,-0.361906,0.291970,0.130372,-0.222614,0.739296,-1.674691,-0.807714,0.119877,-0.661602,-1.023833,-0.629382,0.649725,0.047502,-0.452057,-0.941342,0.033216,-1.097828,0.774243,0.389932,0.648625,1
-0.829539,-1.465961,0.222696,-0.746181,0.954609,0.519354,0.553189,-0.355708,0.555176,-0.018104,-0.583942,0.588745,-0.117486,1.070635,0.600865,0.227798,-0.423599,0.453757,0.467347,-0.485188,-0.280179,0.464099,-1.447936,-0.105708,0.490612,-1.291592,0.475895,0.493031,1.014698,1.051867,0.746905,0.793128,1
-0.784772,0.166041,0.079775,-0.801787,1.142298,0.217986,0.017478,1.684443,-0.677483,-0.423988,0.834720,-0.924644,0.504976,0.613613,0.652913,-1.476827,0.176091,0.231133,0.940706,-0.225005,0.351043,-0.281686,1.133532,-0.548731,-1.745260,-0.830958,-0.588703,-0.030783,-0.609756,-0.537768,0.091230,0.317760,1
-0.115763,-1.574379,0.315600,-0.440726,0.048005,0.086182,0.695434,1.528947,0.484713,-0.262598,0.793457,1.116366,0.391479,-0.851151,1.502184,1.262338,-0.773855,-0.082189,0.147816,-0.500813,1.659153,0.318831,-1.145424,0.539999,0.284468,0.484119,-0.845741,-0.008895,-0.587579,0.695768,0.527755,0.221326,1
-1.213571,0.056684,0.088634,-1.047712,1.787956,-0.420657,-1.859452,0.869748,-0.725231,0.095051,1.630905,0.454954,0.973355,0.148775,-0.603414,0.076739,0.661907,-0.343756,-0.086429,-0.219594,-0.969191,-1.013865,-0.425915,0.068992,-0.092796,0.298481,-0.111625,0.128511,0.253280,-0.270176,0.476810,0.389123,1
-1.267077,0.766774,-0.031510,-0.450230,0.735540,-1.108665,-0.075005,-1.389275,1.040051,-0.216953,-0.890801,-0.824449,0.788512,-0.042906,0.710410,0.203260,-0.891549,0.587631,0.384944,-0.510677,0.110490,-0.537067,1.274019,0.131415,0.568439,0.384877,0.911722,-1.145725,-1.158479,0.003383,-0.131085,-0.490716,1
-0.998696,-0.482700,-1.500827,-0.336362,0.893046,0.632912,-1.110540,-0.290622,-0.728785,0.797972,0.726416,-0.394577,0.929853,0.720500,0.107062,0.452925,0.364996,-0.769300,-1.107950,-0.260826,-0.474252,0.258033,0.620223,-0.247206,0.196511,-0.521441,0.116432,0.432137,-0.849660,0.458710,0.402147,0.792985,1
-0.723526,-0.420727,0.449782,1.560015,0.395797,-0.432054,-0.284377,1.023688,-0.345881,-0.905607,0.256018,-0.607524,-0.056638,-0.132303,0.857051,-1.940688,0.495458,-0.451987,-0.604093,0.975051,1.615459,-0.345390,-0.546916,0.406044,1.005626,0.049500,0.967022,0.433008,-0.601328,-0.059433,-0.018572,-1.272157,1
-1.507557,-0.098211,-1.588227,-0.496607,-0.797528,0.293130,0.055351,0.719465,0.278291,-0.684576,-0.092215,1.183016,0.996133,-0.742044,-0.206430,-0.112240,0.417280,-0.298213,-0.710715,-1.057102,0.476833,0.886794,1.326502,-1.742017,-0.366977,0.435456,0.360140,0.655576,-1.060463,0.128688,0.601746,-1.123861,1
-2.046217,-0.497976,-1.061232,-0.746699,-0.793948,-1.055854,0.194745,-0.160838,0.189300,-0.109756,0.054752,0.632319,0.048848,-0.396648,-0.902568,-0.160772,-0.108325,-0.040225,-2.551761,-0.005119,0.197214,0.378111,-0.608013,-0.892298,-0.585855,-0.741775,-0.930274,-0.283044,-0.468462,-0.789877,0.075964,1.135396,1
-0.257426,-0.380084,0.583502,-0.717713,-0.671597,-0.027681,0.091309,0.953308,1.625980,-0.546536,-0.822703,-0.528140,-0.580287,-1.024479,1.523045,0.408790,0.282448,-1.856797,-0.383162,-0.529721,-0.754835,0.678531,0.677297,1.398819,-1.004596,-0.402380,-0.411776,-0.166076,-0.010869,0.408050,-0.537354,-0.174028,1
-0.837851,-0.717648,-0.875997,-1.065606,-0.698278,-1.523308,-1.700685,-1.494847,0.083331,0.657163,-0.979813,-0.342597,1.400100,0.282906,1.252377,-1.225989,-0.504197,-0.233231,-1.395211,-1.524246,0.551790,-0.066416,-0.630166,-0.739992,1.048163,-0.014414,0.140111,-0.098558,-0.276000,0.789110,0.333778,0.244770,1
-1.406354,1.032580,0.354634,0.327244,-0.311024,0.496103,-1.117606,-0.495782,0.988901,-0.653420,1.335631,0.323654,-0.023801,-0.491585,-0.059270,1.483480,-0.695274,-0.209345,0.484247,-1.209178,-1.308926,0.802687,-0.142583,-1.044736,1.478866,-0.696448,-0.059793,-1.346179,0.355654,0.322882,1.796564,0.982383,1
-1.055229,0.051811,1.207014,0.159282,0.285944,-0.781731,-0.925585,-1.567316,-0.633478,0.680023,0.806986,-0.228361,-1.157508,0.416981,0.520681,-0.122297,1.379053,0.265581,1.387824,-0.263989,-0.336212,1.356778,-0.316025,0.509973,1.384540,-1.287198,0.477616,1.362506,0.379822,0.585881,0.873269,-0.345446,1
-0.173535,0.161450,1.692888,-0.191436,-0.733273,-1.493654,-0.711248,0.493966,-0.778766,0.740629,-0.902541,0.385021,-0.078550,-0.069283,-0.726750,-0.283242,0.638311,1.213157,0.475748,0.664748,1.585318,0.634656,0.558762,-0.616662,-0.707714,-0.093287,-0.434021,0.705152,-0.542242,0.112836,0.222414,-0.464770,1
-0.458874,-1.029168,-1.879728,-0.071867,-1.928361,1.160151,2.062111,0.265147,-0.223721,-1.367535,-0.698893,0.365437,-0.329315,-0.346292,1.045726,-0.047265,0.820826,-2.148230,-0.087377,0.584995,-0.123804,0.675020,0.253887,-0.058850,0.556071,-0.336672,-0.557031,0.211849,-1.227180,-0.377545,-0.656531,-0.433455,1
-0.820954,-0.133932,1.000971,-1.528842,0.274151,1.308323,-0.356083,-0.475811,1.428039,-0.066473,0.347349,0.204517,-0.465984,1.670726,0.143723,0.213374,0.132558,-0.596482,0.088188,0.520689,-0.622828,0.435290,0.574643,0.034112,-0.069976,-0.407585,0.030507,-1.113729,1.074607,-0.698546,0.521631,1.536408,1
-2.753978,-1.152102,1.969913,-0.484888,0.738705,-0.656737,-0.373853,-0.520389,-0.627148,-0.169698,0.621739,-1.315164,1.184329,0.088405,-0.172779,-0.871634,0.739751,-0.130742,-0.949405,-0.065265,-0.019960,1.062454,0.421892,0.113862,1.689068,-0.194378,-1.577144,-0.001890,0.228195,-0.396239,0.398034,-0.878025,1
-1.421594,1.180331,-0.038608,0.476120,-0.420336,-1.356682,-0.194839,-1.257947,0.635716,-0.902730,-0.500423,-0.254029,0.574916,0.226900,-0.476121,0.397427,-1.225699,1.233380,-0.094410,-0.291867,2.094493,-0.824764,0.962933,-0.700214,-0.957552,-0.785948,-0.147823,-0.161163,1.207878,-0.484714,0.178250,0.787711,1
-0.873724,0.004077,0.934229,0.947861,1.524533,0.563274,-0.715445,0.881836,-1.730745,-1.220264,1.516888,0.172399,-0.120053,0.660940,0.187639,0.105960,-0.259528,-0.153130,-0.113899,-0.626775,0.293327,0.327149,-0.294079,1.068994,-0.720229,-0.427183,-0.920197,0.605265,-0.162409,1.157427,-1.702697,0.940243,1
-1.614520,-0.298287,-1.913576,1.038059,-0.240719,-0.954416,-0.256980,-0.129748,-0.119333,0.046961,0.449715,-0.902639,0.008310,0.934404,-0.712741,1.429209,-0.224382,0.640481,-0.853332,1.596995,1.574414,-2.277292,0.530718,-0.135709,1.008085,1.370395,-1.013062,-0.038959,-0.068224,-0.896145,0.517814,1.307461,1
-2.247820,0.894250,0.891936,0.224598,1.729981,-0.221005,0.520967,-0.136175,-1.396633,0.754667,-0.390084,0.963064,-0.478550,-0.071859,-1.015604,0.886657,0.322628,0.388798,-0.920063,0.105986,0.061373,0.413757,-0.945138,-0.015702,1.768960,1.382975,0.678572,1.473518,-0.571616,0.087936,-0.395363,0.373074,1
0.301631,2.288148,0.537443,-0.038281,1.466346,-0.280576,-1.311317,0.542763,-0.990850,0.090156,1.447197,0.900536,0.430826,-1.087075,0.627786,1.049317,-0.464516,0.016161,-0.650749,-1.422285,0.152789,-1.379431,0.629947,-0.574956,-0.826758,0.143034,0.159000,0.275721,-0.270415,-1.147517,0.505073,2.784837,1
-2.030477,0.366482,0.260398,0.114389,0.309104,-1.024178,0.741356,1.790809,0.619119,-0.195601,-1.003244,-0.782225,-1.158559,-1.332877,-0.477064,0.150537,0.177438,-1.258379,-0.265421,-0.442909,-1.778013,-0.335034,-1.021625,-0.411023,-0.039161,0.268383,0.347120,-0.331815,-0.292972,0.870885,-0.202954,0.124089,1
-2.159721,0.300093,-1.056448,0.954837,0.323459,-0.228978,0.432396,-0.023616,0.254608,0.377007,1.040419,-0.798729,-0.559695,-0.116440,-0.381889,-0.177408,-0.675925,0.818105,0.957612,-0.054688,-0.515392,0.002865,0.429162,-0.131776,2.038035,1.499419,-1.014150,1.503569,-0.364018,-0.797858,0.833851,-0.672092,1
-1.927336,-1.015204,0.285191,-0.234840,0.224543,0.867321,0.661162,-0.690413,-1.106059,0.621143,1.654281,0.146040,0.272284,-1.048033,0.406469,-0.634733,-0.193475,0.016349,-1.334402,-0.170275,0.003746,-0.072085,0.540365,0.750943,-0.575828,1.119194,0.765792,1.133436,0.389137,1.058986,0.972337,0.906102,1
-0.966588,0.909368,0.262619,-1.572854,0.449556,0.763346,1.038479,2.089772,-0.931256,1.079442,-1.046098,-0.043808,-0.040770,-0.075420,-0.159673,0.354479,0.098725,0.474252,-1.607783,0.276441,-0.627532,0.059900,-0.949744,0.539302,0.029519,0.028915,0.321387,0.653735,0.507531,-0.948632,1.540355,-1.334307,1
-0.555121,0.659692,0.101579,-1.132649,0.338279,0.772941,0.207163,-0.081980,-0.177257,1.027882,-0.149587,-0.500351,1.140327,0.560428,-1.159621,0.582922,0.264845,-1.070674,1.957510,0.719486,-0.514079,-0.004993,0.663063,-0.610541,-0.028006,0.017928,0.917893,-1.733598,-0.226191,-0.557866,0.455088,-1.447259,1
-1.534200,0.208382,-0.179290,-0.037576,-1.092169,0.472827,-1.047429,1.680367,-0.205979,-0.489460,0.728076,0.411833,0.588769,-0.302053,-1.075175,0.490169,0.766728,0.397008,-0.104320,0.737949,0.076764,0.398456,-0.473282,0.310388,-0.353095,-0.214810,-1.838752,0.595523,0.313030,1.450178,-0.004895,0.111682,1
0.408283,0.660267,-0.682123,-0.304259,0.029009,0.179639,-0.246810,0.021271,0.063211,0.424908,-0.798884,-0.908830,0.784117,0.746232,0.904058,-1.315306,-0.189002,0.087142,0.326827,1.404533,-0.410869,-2.152156,-1.048183,-0.246095,-1.058374,-0.024783,0.716430,0.285456,1.060626,-1.047997,-0.295090,-0.543171,1
-0.160296,0.620979,0.359091,-0.181880,-0.298595,0.168915,0.138721,-2.413908,1.782346,0.396752,1.382936,-0.311987,1.163139,0.053442,-0.937769,-1.437647,-1.395696,-0.966297,-1.005405,0.352200,-0.256223,-0.576391,-0.159691,0.387963,-0.337934,-0.535678,0.476310,0.870225,-0.413538,0.909282,0.731296,0.102328,1
-0.961836,0.841225,0.464226,1.061479,-0.213217,-0.117073,-0.243046,-0.442661,0.515117,-0.543137,-0.176812,0.878034,-0.325440,0.931331,-0.792091,-0.135401,-0.546023,-0.410372,0.445278,2.017992,0.201719,0.930869,-0.192067,-0.843329,-0.407770,-0.548169,0.676050,0.337912,0.196420,0.280125,-0.501563,-1.453633,1
-1.636052,-0.081634,-0.414641,0.176333,-0.076488,-0.318945,0.453896,0.438435,0.350220,-0.736210,0.491863,-1.413779,0.519393,0.902237,0.684557,-1.446706,0.645403,-0.336756,0.197258,1.480880,0.977723,0.013148,-0.237182,0.537868,-0.569010,-1.042825,0.035728,-0.122969,-0.589105,0.930302,0.038718,0.396191,1
-1.373956,0.110173,-0.651432,1.399873,0.593865,-0.071555,1.012254,0.908061,-0.303865,-0.048272,-1.382961,-0.507596,1.292327,-0.032791,1.043878,-0.528222,1.992310,0.682832,0.790870,-0.282833,0.152529,-0.859748,-0.447428,0.347717,0.468143,0.070628,-0.047833,-0.949754,-0.961895,-0.187343,-1.012883,0.836430,1
-0.887482,-0.866091,-0.378512,-0.397591,0.198281,-1.406883,0.229833,0.737926,0.624027,-0.192683,-0.274859,0.280676,0.555921,-0.640413,-0.335174,0.765478,-0.031981,0.333946,-1.075562,-0.261847,0.118154,1.494369,-0.186997,0.703638,-0.183263,-0.262089,0.216985,-1.067976,0.385571,-0.444920,0.096616,-0.736317,1
-0.853282,0.657056,-0.050196,-0.728185,0.888191,0.082119,0.498929,0.952144,0.436344,-0.289773,0.361334,1.137350,0.158004,0.249825,1.347826,-0.046398,1.059406,0.563531,-1.346957,1.117670,0.572350,0.644285,-0.771660,-0.611969,-0.787121,-1.205434,-0.115984,-1.732745,0.772981,0.475739,0.239062,-0.212650,1
-0.764828,-0.609626,-0.326685,0.534537,-0.272377,0.293827,-0.541044,0.544704,0.762715,-0.320262,-0.537448,0.474016,-0.103189,-0.268320,-0.441465,0.966622,-0.148128,0.373924,-0.614192,0.998951,-0.792128,-0.035843,0.230333,-0.648521,-0.435811,-0.000635,0.391141,0.285054,-0.187000,-0.302007,0.203410,0.482479,1
-0.616972,-1.179179,-1.404370,-0.643821,-0.408981,0.401335,0.425332,1.098766,0.862193,-0.375112,-0.208941,0.513639,-0.449842,0.331004,-0.184096,0.427342,0.885593,-0.606713,-0.100966,1.425295,0.422524,-0.814698,-0.023438,-0.094629,-0.319769,-0.228252,0.800286,-1.778073,-0.005414,-0.159123,-0.124817,-0.142219,1
0.134892,-0.768186,1.560850,-0.754239,0.720328,-0.083858,-0.427722,0.432749,-1.789205,1.028352,-0.190220,0.424816,-1.106925,0.087757,-0.678445,-0.152841,-0.052578,0.111686,-1.087737,-0.190447,-0.656847,-0.613628,0.734806,0.231532,0.462652,-0.942573,-0.704650,-0.053065,0.359019,-1.023355,0.045212,0.744801,1
-0.592361,0.100475,-0.887429,1.226820,0.276670,-1.089482,0.012303,1.492636,0.551138,-1.538235,-0.553511,-1.559236,0.559742,1.180774,0.839611,-0.659904,-0.531500,-0.771786,0.553394,-0.246614,-1.178332,-1.636261,0.408736,-0.531078,-0.005700,1.117832,-0.290702,-2.164903,0.747977,0.293279,0.215710,-0.207692,1
-1.172894,-0.876088,-0.966754,0.956650,-0.576557,0.336032,-0.393770,0.207206,-0.016073,0.982819,-1.369992,-0.366684,0.654530,-0.342180,-0.177829,-0.834180,-0.278351,1.075871,-1.341414,0.022836,-1.900526,-0.657438,0.079250,0.862063,0.532855,0.788713,-0.262812,0.512677,0.216189,-0.558486,-0.314362,0.630031,1
-1.253393,-0.113634,0.967119,0.844528,0.447000,0.554064,0.400587,0.939623,-0.005463,-1.534845,-0.114553,-0.574018,0.972336,0.358638,-1.096074,-0.596650,-0.963313,1.265774,1.262953,0.376300,0.249166,-0.504045,0.207997,-0.512994,-0.443327,-0.363832,0.150728,-0.584388,0.559386,-0.281277,0.490621,-0.204278,1
-0.986210,-0.038844,0.815487,0.445082,0.284537,-1.114375,0.348706,1.201792,0.706014,0.025754,-0.049697,1.365690,-0.998314,0.602690,0.705397,1.795868,0.483681,1.495296,1.095199,-0.219966,1.015524,-0.636451,-0.492321,-0.397666,0.828789,1.645833,-0.649021,-0.029913,1.617389,-0.567930,-1.528984,0.570318,1
-1.420022,0.832259,0.743604,0.432445,-0.099267,0.371073,0.474272,-0.324036,0.704958,-0.840705,-0.629789,0.654729,0.309640,-0.219374,-1.131171,1.017884,-0.109522,1.297448,-0.639189,1.163790,1.415109,-0.432271,0.364773,0.239606,0.362810,0.625041,0.910749,-0.978167,-0.008220,-0.715518,-1.681709,-0.998684,1
-0.409289,0.325656,0.372888,0.193729,0.468706,-0.720506,-0.182484,-0.240385,-1.263510,2.050829,1.607639,0.314531,1.427458,0.145948,0.335017,0.041454,-0.012391,2.537807,-0.487389,0.718322,-0.601016,-0.018492,0.902948,0.140486,-0.033589,0.426042,-0.322163,0.873879,-1.610467,0.538072,-0.836720,1.230292,1
-0.891696,-1.483127,0.512661,1.340711,0.542753,0.612375,-0.639488,-0.682006,0.470429,-0.728213,-0.045787,0.198995,-0.159322,0.582935,-0.081370,0.110994,-0.189533,-0.195824,-0.200988,0.425920,-0.437405,0.287126,-0.520970,1.698845,1.443335,0.106846,-0.922321,0.210383,0.402585,0.679487,0.328412,-0.509555,1
-0.343542,0.416825,0.227287,0.183359,-0.248984,0.118463,-0.308843,-0.779488,0.547765,-0.408922,-0.331083,-0.019125,0.050922,0.200035,0.806814,0.074139,-0.819715,0.296879,-0.018227,-0.642733,0.771340,-0.714887,0.118804,0.017233,0.057652,0.115295,1.207932,-0.880464,0.821481,-0.523861,0.484435,1.275133,1
-0.630583,-0.432479,0.502045,0.274508,-0.628585,-1.332496,0.054836,-1.436331,-0.249836,0.911149,-1.600766,-1.399115,-1.120292,0.004478,-1.183522,-1.309028,0.706259,-1.673722,0.000744,-0.438626,-0.452846,0.093874,-0.627048,-0.142757,0.591007,0.386236,-0.623592,-0.826247,0.288980,-0.507663,1.299928,-0.062362,1
-1.236047,-0.727774,0.323884,0.316520,-1.054565,-1.686563,-0.111078,0.851015,-1.559542,0.372194,0.164303,-0.581297,1.124237,-0.072857,-1.198242,0.745332,0.633226,0.128263,-1.349947,0.596425,-0.298674,0.924698,0.835753,-0.300426,-0.931064,-0.705462,-0.798525,0.147091,0.252658,1.558913,-0.378065,1.418329,1
-0.947682,0.907677,0.304587,-0.011551,-0.923447,-0.958368,-0.931928,-0.281963,-0.993127,1.294725,0.065897,0.863984,0.380532,-0.669131,0.364321,0.845972,-0.422781,-1.476701,0.947384,-0.164925,0.107266,0.578423,0.539879,0.534241,-0.360600,-0.668242,0.077832,-0.182937,0.411216,-1.189642,-0.808028,0.973674,1
-1.341081,-0.360865,-2.293727,-0.614927,1.471933,2.089046,0.219224,-0.216836,1.002463,0.012213,0.180656,-0.818795,1.907013,-0.100041,-0.443227,-0.244930,0.011762,-0.376217,0.861675,0.447664,-0.156055,-0.125383,0.062335,-0.169289,-1.611652,1.297107,0.472058,0.109372,-0.025627,-0.188051,0.423064,1.010484,1
-0.880918,0.381289,-0.587683,-0.430926,0.215713,0.818523,-0.043510,-0.396127,-0.479295,2.303192,-0.548180,0.255952,-0.869659,-0.731052,1.500209,1.392283,-0.360573,-0.373461,0.889296,0.548008,1.583165,0.612311,0.501808,-0.280965,-0.216015,1.724093,0.491608,0.368598,0.751097,-0.804285,-0.722013,0.300524,1
-0.330979,-0.631735,-0.311508,-0.411511,0.407682,0.222743,-0.814744,0.338040,-0.010319,0.089335,-1.121439,1.245009,0.496818,-0.554345,1.464904,0.561637,-0.578164,0.406902,0.253152,-0.229910,-1.099254,0.297133,0.391161,-1.311652,1.342789,0.111685,0.071945,-0.101959,-0.210886,0.592335,0.932573,0.473665,1
0.160980,0.551650,-0.684288,1.201925,0.417118,-1.460045,0.390044,-0.503047,-0.677888,-0.255421,0.842608,-0.093967,0.251929,0.426819,-0.827030,-0.581782,1.263134,-0.447001,1.128750,0.083884,-0.826820,-1.196573,0.111835,-1.404580,-0.174910,-0.204521,0.713576,-2.287562,0.103117,0.999546,0.155369,-1.513180,1
-0.057955,-1.222197,1.098450,2.131768,-0.539116,-0.795553,-0.403716,-0.269445,0.718829,0.106886,-0.009144,-1.522511,-0.263089,-1.703431,0.785628,-0.084720,-0.450101,-0.919329,-0.251558,-1.160514,0.119267,0.415303,0.001131,-0.592329,-0.224255,0.291421,0.667248,0.419637,-0.713101,-0.919058,0.598352,-0.219553,1
0.506347,0.359974,0.228438,-0.413075,0.902627,0.105370,-0.022969,0.245431,0.843848,-1.491882,0.211601,-0.766316,-0.499461,1.004421,-0.844728,0.373941,0.331813,-0.151539,0.533612,1.053044,-0.470616,-0.013007,-0.243594,-0.732955,-0.797975,-0.490070,-0.812035,0.316831,-1.331656,0.191289,0.039476,-0.763113,1
-2.014768,0.460569,0.945867,1.293065,-0.086386,-0.661470,0.989547,-0.122232,0.390186,0.655143,0.786127,0.034274,0.967610,0.135935,0.301911,-0.726766,-0.129038,0.929339,-1.525775,0.363955,-0.542217,0.637717,-0.320300,-0.335741,0.413049,-0.352981,-0.319341,-0.756343,0.352091,-0.544855,-0.244730,-0.694165,1
-0.003310,-0.076557,-1.262290,-0.750298,0.300100,0.819760,-0.730551,-0.550986,-0.382172,-0.588174,-0.433718,1.102020,0.084138,-0.435972,1.520258,-0.420382,0.800541,-0.025630,0.727248,-0.646624,-0.818277,0.694317,0.362614,-0.447937,-0.576403,1.421063,0.522156,0.765371,0.314087,0.848602,-0.545861,-0.403245,1
-0.729719,0.074347,-1.622034,0.116865,-0.088629,0.154220,-0.609376,0.270611,1.336809,0.068104,0.551534,-0.405807,-0.009799,-0.615772,-0.779203,-1.162231,0.859901,2.004425,-0.441195,0.445028,-0.791020,0.840229,0.394983,0.964140,0.593791,-0.212237,1.657254,0.929228,0.551646,0.192024,-0.324096,0.288980,1
0.636176,0.111208,-0.296026,-0.966678,-0.832486,0.396964,0.301577,0.073002,0.852305,1.321850,-0.165940,-0.722553,-0.282470,-0.240013,0.564712,-0.080767,-0.308009,-0.512923,0.016604,-0.188965,0.002542,0.036834,0.463526,0.078113,0.885464,0.152681,-0.475593,-0.588261,-0.065912,-0.627239,0.480016,-0.754555,1
-0.188660,-0.603020,-0.467102,-0.145540,0.240962,0.067680,-0.457920,-0.587213,0.247665,0.499963,0.132961,1.646444,-0.105214,0.649985,-0.688384,1.477781,-1.046357,1.326421,-0.830622,0.845302,-0.093978,-1.378505,0.693700,-1.055168,0.475352,1.031764,1.734361,-0.013978,-0.193418,-1.318237,0.340656,-1.270113,1
-0.925433,0.834450,0.113059,0.791713,0.315760,0.904415,-1.763210,-1.281660,0.271175,-1.987004,-0.084198,0.916528,-0.042644,-0.334055,0.613798,0.157251,1.555784,-0.065259,0.580378,1.776476,-0.161299,-0.182088,0.018069,-0.663081,1.508552,-0.615752,-0.176706,0.393966,-1.740863,-0.039279,-0.716711,-0.257978,1
0.093094,-1.541534,-0.379048,0.057296,-0.655183,-0.752768,0.006219,1.098058,0.220988,-0.233725,-0.456970,0.111234,0.268008,0.485766,-0.118292,-1.408109,-0.027235,1.639826,0.964216,0.161989,0.351896,1.254212,-0.129529,0.476165,-1.337316,-0.133998,0.477086,0.515588,-1.136212,-1.220459,0.287475,0.274754,1
0.160242,0.264959,1.096205,-0.028858,0.836317,0.047303,-0.347192,0.626567,-0.725862,-1.176673,-0.584527,0.474279,-0.795694,-0.297599,-0.085510,-0.160655,0.581578,-2.431016,-0.699648,-0.315156,0.610541,1.040239,-0.697300,-1.112087,0.311772,0.704977,0.435913,-0.600745,0.544659,-0.841296,0.287700,-1.242623,1
-1.564875,-0.581652,-0.707859,-0.037786,0.513601,-0.399504,-0.157341,-0.453168,-0.146502,-0.985686,0.709686,1.590713,-0.255526,-1.073422,0.657522,0.275784,-0.471718,0.352428,0.059249,-0.005258,-0.299512,1.214893,0.828285,-1.268253,-0.526956,0.132814,1.097087,-1.534016,0.318583,-0.267197,1.341344,-1.012708,1
-1.456232,-1.609985,-0.002598,0.555448,1.094147,0.559228,-0.206211,-0.883541,-0.147894,0.405605,1.151242,-0.447194,-0.826309,0.420098,-0.572611,-0.215746,1.182269,-0.385958,0.651439,-0.564521,-0.088223,0.490337,0.368392,0.868647,-0.471429,0.247905,-0.424072,-0.153410,0.355059,-1.732153,0.076003,-0.633626,1
-1.664874,-1.016396,0.315985,0.278085,1.001475,1.001108,0.928304,0.749522,-0.309375,0.275879,-0.315297,-0.940009,-1.101484,2.238314,-0.305424,0.453037,-0.090875,-1.339117,-0.486592,-0.516164,-0.931103,0.227824,-1.440083,0.046316,0.982059,-0.148915,-1.614153,-0.136201,-0.703854,0.053177,0.356395,0.056457,1
-2.042902,0.248406,0.362858,0.282738,-0.263591,-0.077509,0.083334,-0.050113,-0.923103,0.194482,2.475865,-0.499798,0.492099,0.600497,-0.539592,0.706619,0.637349,-0.476058,-0.644407,0.553114,0.135901,-1.214577,-1.888156,-0.448462,-0.174047,-0.096355,0.571860,-0.766703,0.035786,-0.472820,0.187019,-0.788682,1
-1.488578,-1.626240,0.481957,0.304180,0.211396,-0.141391,0.403344,0.869615,-0.383307,1.033248,-1.664927,0.202456,1.209100,-1.812956,-0.359898,-1.260836,-0.277874,0.769765,0.331953,0.650168,0.235748,-0.480389,0.695272,0.734503,-0.234015,-0.363101,-0.095388,0.789368,0.604832,-1.030555,-1.289933,0.073216,1
0.086847,0.724336,-0.290771,-0.002102,1.517469,-0.093325,1.324425,0.475894,0.486210,-0.449881,0.263374,-0.218418,1.331526,-0.919298,0.899235,0.732931,-0.130666,0.373987,0.499610,0.529709,0.617185,-0.404335,-0.674434,0.188716,-0.540749,-0.984527,0.471482,-0.344440,0.911715,1.545993,1.046584,-0.364668,1
-0.415463,0.181567,0.491360,-0.953416,0.663131,-1.560796,-0.734547,0.053608,-0.301823,-0.336505,0.170046,-0.528175,0.253731,0.489535,0.403835,1.697198,0.614668,-0.483400,-1.093216,0.334384,0.839607,-0.317933,0.761209,0.000871,1.333283,1.704376,0.334296,-1.009840,0.431333,1.489408,-1.814642,-0.257496,1
0.252217,-0.829383,-2.077473,0.379809,0.313520,-0.567677,0.507386,0.377815,0.804408,-0.796026,-0.521182,-0.417955,1.045392,0.242777,0.022807,1.026973,0.562259,0.876602,0.895152,1.073831,-0.037858,-0.259688,-0.436081,0.369286,-1.473594,0.833575,0.163469,0.603795,-0.382753,0.271455,-0.416706,0.302627,1
-1.471119,-0.553809,0.556790,-2.246909,-0.264664,0.135738,0.039658,0.121450,-0.155558,0.597268,0.667359,-0.290067,0.458104,1.187687,1.333363,-0.025094,-1.849532,-0.489468,-0.363139,-0.081987,-0.448580,-1.128398,1.002474,-0.121353,0.550990,-0.005933,0.696041,-1.282902,0.305333,1.839198,-1.405489,0.910883,1
0.947064,-0.355517,-1.311566,1.360812,0.763091,0.925884,-0.157949,-0.486195,0.414030,-1.317273,-0.376596,-0.332259,-1.258098,0.009754,0.600550,1.674178,-0.153237,1.450517,0.072429,0.350832,1.749872,1.376449,0.548246,0.138719,0.085566,-0.758929,0.253703,0.024436,-0.355766,0.879625,-0.707119,-0.356219,1
-1.743432,-1.078831,-0.053333,0.422222,-0.910794,2.254987,-1.444130,0.340188,0.701505,-0.930958,-0.318298,0.128411,0.658901,1.321207,-0.118430,-0.184577,0.172694,0.293711,0.323650,1.099929,0.195259,-1.180469,-0.714764,1.252952,-0.031704,-0.026955,-1.068196,0.286288,-0.363892,-0.094523,0.789713,0.918606,1
-1.290317,0.240879,0.485039,-0.103502,0.285737,-0.115978,-0.134959,-0.742490,1.513482,1.370333,-0.146271,-1.095916,-0.079261,0.488660,-0.342284,1.636825,0.168659,-0.113492,0.693652,2.066035,-0.809325,-0.089638,0.436199,0.574761,-0.313510,-1.897190,-0.878292,-0.688078,0.252165,-0.550013,-0.716611,1.479695,1
-0.066505,-2.097621,-0.152595,0.282477,-0.663666,0.770746,1.391829,0.298970,-0.329929,-0.545533,-0.898540,-0.757637,-1.347880,-1.061746,-0.536285,0.215161,-0.156986,0.960350,-1.315411,-0.497427,0.422543,-0.107569,0.000850,0.010677,-1.717530,-1.277470,0.007692,-0.381821,0.576809,-0.937703,-0.975106,-0.262598,1
0.573926,-0.929523,0.280484,-1.050516,-0.241980,0.623453,0.248940,-0.417319,0.184015,0.129162,-0.757100,-0.679000,0.381116,-0.540376,0.310619,-0.366799,0.594510,1.071656,-0.803173,0.683741,0.795234,-0.084888,0.656562,-1.108539,0.155015,0.250156,-1.052263,-0.165508,0.147456,0.827533,0.540706,-0.506736,1
-1.343530,0.975621,0.536252,0.462828,0.507162,-0.436147,0.432371,-0.744062,-0.572934,1.001212,1.402056,-1.102279,-1.678826,-0.744754,0.801952,1.240012,0.574315,-0.071472,1.250798,-0.786254,-1.081558,0.515942,0.773786,0.050232,-0.580852,0.501530,0.226039,0.354676,-0.680636,0.164889,-0.597260,-0.170724,1
-0.396851,0.154498,0.236144,-1.182330,-0.335676,-0.843155,0.078094,-0.519677,-0.346998,0.728450,1.727900,0.599599,-0.079891,0.690221,0.892371,1.053025,0.612062,-1.696368,-0.090329,0.493701,0.643420,-0.431223,-1.292200,0.894283,-0.180544,0.536655,-0.421612,-0.109935,-0.291875,0.086158,0.072889,0.765937,1
-2.244609,-0.647597,1.117306,0.309783,-0.847615,0.168895,0.143491,1.277743,-1.177975,-0.359941,0.385106,0.073889,-0.336157,-1.422210,-0.600212,2.768882,-0.647464,-0.810135,-0.608239,-0.791081,-1.605483,-0.857308,-0.711281,0.229027,0.595948,-1.475330,-0.214019,0.688249,-0.211512,0.165307,0.506407,-1.661910,1
-0.542642,-1.521940,1.233344,-0.412024,-0.448663,-1.454500,-0.410135,-0.225006,-0.512535,0.202271,-0.353937,0.450567,-0.207138,-0.801596,-0.525315,-0.213570,-0.475969,-0.066308,0.065997,-0.377362,-0.230274,-1.473293,-0.187604,-0.015040,-1.839947,-0.587000,0.627727,1.136968,0.321883,0.239315,0.134582,0.345834,1
-1.281298,0.411897,-1.013775,0.024952,-0.553666,-0.784203,-0.557847,-1.361791,-0.355403,2.040646,-0.716717,-0.236169,0.021170,-0.004768,1.449374,-1.430938,1.334237,-1.584654,-0.895233,-0.136744,0.844382,-0.438079,1.116475,-0.563634,-0.313573,-0.237205,1.228843,-0.010857,2.067233,0.037419,0.071561,-0.271575,1
-1.719240,0.744069,-0.686843,0.000247,0.062733,0.012436,-0.203817,-0.711640,-1.130423,-0.369289,-0.869630,-1.187479,0.303068,0.856339,-0.256486,-0.027301,1.327793,-1.135372,0.412543,-0.974040,0.714016,-0.214964,-1.444951,-0.689795,-0.802126,0.270781,-0.037342,-0.236550,0.013697,0.126825,-0.363118,-1.087188,1
