0.039127,-0.514596,-0.606859,0.474126,0.068441,-0.980166,0.589349,1.219672,0.148112,-1.036540,0.324054,-0.688355,-0.455156,-0.487206,-0.065489,-0.080637,0.950880,0.041932,-0.656816,-0.320357,0.114730,0.306644,-0.759404,-0.189738,0.400179,-0.431595,1.396703,-0.742355,-1.048340,-0.498110,-0.865625,1.207733,0
1.562068,-0.445595,-0.307124,-0.264312,-0.585844,0.320571,0.348192,1.122133,-0.428731,-1.292315,0.308337,0.049441,-0.677240,-0.163639,-0.590172,0.052254,-1.198720,-0.232035,-0.334433,1.960067,-0.913692,0.425967,0.094961,-0.436403,0.289056,0.369406,-0.219687,-0.934129,0.114264,0.168479,1.650923,-0.562507,0
0.402428,0.150739,0.420233,0.768544,-0.048385,-0.916826,-0.291079,-0.201382,0.441892,-1.106232,-0.269807,0.446259,0.258895,0.785016,1.256190,-0.229511,-0.600034,0.584797,-0.141150,0.391160,-0.165144,-0.387157,-0.063318,1.361261,-0.418070,0.996410,1.185260,0.929837,2.318610,-1.316866,-1.404676,-0.309212,0
1.504481,-1.275406,-0.107471,0.433192,0.701261,-0.086897,0.046029,0.154859,0.987121,0.094936,-0.109395,1.173377,-0.027049,-0.904141,-0.680332,0.039561,-0.564984,0.316422,-0.666278,-0.730344,0.083628,1.654742,1.663135,-0.897926,0.637244,0.336481,1.742071,-0.385939,-0.056105,-0.239556,-1.265733,-0.330316,0
1.529163,-0.230069,-1.494349,1.525532,0.430799,1.145463,0.000916,-0.236217,0.744585,0.312911,-1.022772,-0.214450,-0.507325,-0.317369,0.965086,0.951849,0.135240,-0.389651,-0.054025,-0.005554,0.852233,-0.455108,-0.047017,0.514728,-0.067251,-0.882808,0.360004,0.826675,0.040722,-0.268358,-0.383281,0.045642,0
-1.062603,1.233481,-0.123494,-0.240696,-0.368974,-0.749687,0.065764,-0.790332,-0.125367,-0.111473,-0.075410,-0.204674,0.452653,1.237471,-0.370305,0.079609,-0.901887,-0.487643,1.129781,-0.321257,0.312137,-0.122798,0.484952,1.021007,-0.392840,0.077665,-0.441564,0.926205,-0.131695,0.080354,-0.968410,0.127481,0
1.553992,-0.577559,-0.500923,-0.147647,-1.221841,-1.167523,-1.400829,-0.838265,0.008811,-0.717761,-1.012387,1.037427,1.148535,0.684119,-1.821302,-2.210475,0.515552,-1.221142,0.023872,-0.155354,0.999875,-0.410344,1.555439,-0.581100,0.784449,-0.110667,-0.096967,0.859645,-1.039841,0.985207,-0.055675,-0.336950,0
0.232943,-0.043201,0.717457,1.642380,0.098077,0.143471,-0.649623,0.378814,-0.072177,0.151017,-0.620937,0.792592,-1.202575,1.272259,0.239675,-0.272648,0.256101,-0.584332,-0.415968,-0.032554,0.268259,1.015088,0.543401,-0.988293,1.787658,-0.344675,0.308751,0.231328,0.289106,-1.447584,-0.043490,-1.199100,0
2.290519,-0.225665,0.457235,-0.146655,0.991186,-0.473748,0.509098,-1.467010,0.111635,-0.504209,-1.071832,0.144528,-0.378666,0.024514,0.203825,-0.087683,1.008974,0.231930,0.303480,0.634068,-0.687201,-0.573638,0.218730,-0.798788,0.001656,0.325310,-0.016505,-0.285710,-0.756691,0.952552,-0.083426,0.317389,0
0.715327,-0.354686,-0.131111,-0.863359,-0.149507,0.030910,-0.079776,-0.918585,-0.444392,0.026600,-0.187284,0.265124,-0.073082,-0.750388,-0.931002,-1.592548,0.746105,-0.946790,1.093264,-0.109039,-0.129562,1.380985,0.016450,0.210092,0.283640,-0.195228,0.045454,0.075567,-0.376252,0.195273,0.213938,0.814989,0
0.803196,0.978860,0.919945,1.502173,0.190097,0.842490,-0.179319,-0.641544,0.677943,-0.799780,-0.491770,0.270025,-0.679257,-1.440666,-0.825520,-0.628450,1.271492,0.420619,-0.860499,0.201502,-0.978713,-0.371312,0.230263,0.657461,-0.945389,-0.252509,1.484621,-0.418305,-0.054729,0.193568,-2.094149,-1.118033,0
1.218648,1.121965,-0.215560,-0.100367,0.853630,0.169207,0.609887,-0.629561,1.095464,-0.460271,0.860687,0.794908,0.360234,0.276509,0.700428,-0.942497,-0.982767,0.263500,-1.897058,1.093442,1.390280,0.098305,0.429675,0.150144,0.128523,-0.609676,-0.187200,1.044199,-0.308512,-0.539782,-0.817384,0.419745,0
0.604608,-0.926283,-1.454769,-0.702603,-0.785016,0.051684,-0.103802,-0.541100,-0.631552,-0.723264,1.869041,-1.459169,-0.032054,0.145422,-0.924608,-0.703096,-0.115826,0.739881,0.030044,-0.915083,-0.199898,-0.260615,-0.004051,1.316670,-0.695308,0.093175,-0.048066,0.127249,0.108684,-0.518137,1.294420,1.057796,0
1.377464,0.487774,0.514790,-1.831213,-0.727732,0.223062,0.788608,-0.088953,-0.740529,-0.577331,-0.704563,1.810547,0.317612,-0.055663,0.659548,-0.553913,-0.347129,-0.862939,1.263769,0.365404,-1.570825,0.277198,-0.051459,0.247301,1.311345,-0.523826,0.473635,-0.668868,-0.017405,-0.048740,0.890640,0.697865,0
-0.279938,-0.348619,-0.479621,-0.069513,0.596278,-0.760506,-1.060049,0.089206,1.141841,0.547057,0.988341,0.445228,1.096708,0.528842,0.546198,0.516837,0.109603,-0.398915,-0.385818,0.149113,-0.379996,0.014607,-0.288108,0.310102,-0.160520,0.052965,0.308123,-0.149848,-0.619942,0.246918,0.767153,-1.130934,0
2.354426,-1.998567,1.096802,-0.357505,0.330359,0.902397,1.125492,-0.134657,-0.432132,0.688758,-0.778509,1.322393,1.128523,-0.330684,0.288916,-0.642499,0.304347,-0.454679,-0.421470,-0.395867,0.037640,-0.711976,-0.194437,0.266679,-0.561011,0.174636,-0.051946,2.104485,-0.144918,-0.119163,0.452684,-0.548213,0
1.330375,-1.481569,0.607921,0.520082,-0.732285,-0.376534,0.589767,-0.244872,-0.458152,-0.648183,0.405666,-0.556594,1.402151,0.459678,-1.102014,1.061793,-0.534724,-0.931034,-0.264596,0.253981,-0.035738,2.091637,0.511332,-0.460020,-1.232133,0.381893,1.132445,0.706571,1.014461,-1.476149,0.004565,0.096788,0
0.446440,-0.603566,0.880454,0.094272,1.093709,1.363408,0.838688,0.728451,-0.509792,1.137855,-0.358287,0.686064,0.663218,0.449119,0.120830,-0.110531,1.509345,1.619045,1.476324,0.047768,-0.093831,0.450042,0.138993,-1.016398,0.671082,-0.108983,-1.101822,-0.231097,-0.148510,-0.168609,-0.187934,-0.672142,0
0.063207,0.818786,0.487086,-0.792926,-0.448234,-0.504026,-0.051854,0.461895,0.116791,1.052374,-0.749980,-0.283965,0.467798,-0.657313,-1.117953,0.582149,-0.958727,-0.597439,0.349832,0.118814,1.236869,-0.200760,0.356659,-0.206812,0.488173,-0.490028,0.784004,-0.029915,0.333701,-0.909333,-1.164549,0.161534,0
1.628053,0.861428,-0.066902,-0.578209,0.361728,0.097362,0.425973,-0.595882,-0.813150,-0.129368,0.013294,0.186981,0.447809,0.561679,0.690244,0.524272,0.974522,-0.823707,-1.399159,0.576367,-1.823145,-0.942107,0.830004,0.603253,0.267302,-0.325049,0.171619,0.474056,-0.962976,0.181258,-0.948720,-0.444838,0
1.548117,0.114167,-0.287819,0.482213,-1.005063,1.199924,1.220560,0.199027,0.908181,-0.010717,0.064023,-0.449568,0.532548,0.219599,-0.469784,0.614363,0.952599,0.264267,-0.836589,1.381947,-0.738022,0.612335,-0.475464,0.335296,-0.890431,-1.188335,1.086955,0.687389,0.216194,-1.939010,0.032691,0.390496,0
1.602466,-1.324993,1.086304,1.175943,-0.240499,0.610888,0.316558,-1.085096,-0.949335,0.441137,0.125285,0.082122,-0.693883,0.623161,-0.111972,-0.013146,-0.357989,0.404446,-0.714614,-0.521348,-0.449504,-0.046245,0.701757,-0.526760,-1.203856,0.435527,0.924097,-0.024642,0.342691,-0.393640,0.977182,0.327562,0
1.830793,0.288141,-0.537768,0.105243,0.188953,0.105034,0.399223,0.533102,-0.558361,0.272084,1.268756,-0.810846,0.889786,0.423373,-0.045158,-1.602488,-0.541074,0.133536,0.222165,-0.130610,0.545420,1.829574,-0.166955,0.301546,-1.439791,-0.392286,0.100250,-0.255485,-0.539816,0.159401,-0.080854,-1.519736,0
0.424069,0.235833,-1.762905,-0.755765,0.695517,-0.146618,-0.728508,-0.013249,-0.141844,0.477066,1.068709,0.771268,-0.751623,-0.243615,0.527855,0.704974,0.627696,0.067956,-0.601455,-0.824605,-0.662125,0.020690,-0.060176,-0.239445,0.930017,-0.019628,0.728602,-0.747949,0.656636,-0.046568,0.609813,-0.810914,0
1.523533,-1.235541,-0.554836,2.147915,0.650005,0.295939,-0.313701,1.186003,1.056849,0.445630,-0.310268,-1.394552,-0.814651,-0.635895,1.384442,0.821640,-0.232941,-0.699732,0.017220,1.936815,-0.066255,-0.753623,0.352360,-0.551843,-1.169410,-0.421999,0.722113,-1.404967,0.229165,-0.123823,-1.041601,-0.869084,0
1.483388,0.198769,-0.924981,-0.382473,-0.492201,-1.265107,0.505755,-0.727792,-0.491438,-1.645156,0.886622,0.497678,-0.114923,1.035150,-0.433394,0.986280,-0.534767,-0.491089,-2.011834,0.072236,-0.440990,-0.144275,-0.581574,-2.351621,-0.012067,0.760999,-1.130497,1.761579,-0.013506,0.868119,0.198061,-0.564154,0
2.303462,-0.977616,-0.906642,-0.330085,0.710623,0.147670,1.297894,0.413616,0.050162,-2.384036,1.481823,0.121016,-0.558901,-0.917157,0.318261,-0.825286,-0.204477,-0.837628,-0.408114,0.018535,-0.691666,-0.456106,-0.643184,1.228627,-0.909432,-0.551153,-0.400971,1.460182,1.020435,0.552711,-0.164049,0.130333,0
0.921012,0.123548,0.803246,-0.351559,0.342565,-0.060247,-1.664978,0.441317,0.886024,-0.959863,0.917825,-1.067835,0.215468,0.458306,0.638080,0.705468,-1.080764,-0.382465,0.073942,-0.984815,-1.375598,-1.049479,-0.480029,0.172535,-0.167237,0.006536,-0.055545,-0.984945,-0.464941,-0.528800,-0.155515,0.015518,0
1.850770,-0.123528,0.037757,0.254753,0.321555,-0.704700,-1.350609,1.151710,-1.095952,0.076155,0.745129,-0.451572,-0.218635,-0.209582,0.757116,-0.285367,0.578354,-0.263295,-0.416684,0.351930,0.074437,0.551278,0.478005,-0.902869,0.516107,-2.024391,-0.405280,-0.205628,0.135834,0.030452,1.255222,-0.601072,0
2.481202,0.402768,-0.642086,0.087019,-0.562697,-0.073092,0.021239,1.757189,-0.288920,-0.336957,-0.276181,0.136913,0.709292,0.789803,-0.527596,-0.993527,-0.214160,1.643693,-0.382281,0.447628,-0.751192,-0.371238,0.288366,0.452722,0.481837,0.293125,0.128176,0.566082,1.616759,-1.191282,-0.524504,-1.424811,0
0.994897,-0.115541,0.733316,0.412405,-0.353659,-0.064189,-0.928032,-0.705390,1.347262,-0.767638,0.055434,-1.328620,0.782139,0.558873,-0.718878,1.134750,-0.059659,-0.624816,0.072295,-0.097957,-0.213924,0.131510,0.582704,0.558630,0.400753,0.536264,-1.045629,0.569105,-0.998811,0.896134,0.128204,-0.369229,0
1.374423,0.089508,0.291250,0.252140,-0.109108,-0.580567,-0.122022,-0.062491,0.797539,1.714244,-0.259144,-1.026361,0.689689,0.253325,0.497074,-0.303502,-1.440741,-1.380103,-0.316496,-0.094820,0.966601,-0.835744,0.216614,-0.639881,1.994733,0.170410,0.555323,1.791163,-0.081589,-0.626938,0.604139,-0.881919,0
1.510946,-0.699264,0.393063,-0.438211,-1.532435,0.731581,-0.324320,0.541095,-1.003399,-0.335537,0.190503,0.461830,0.728227,1.982750,-0.194359,1.313343,0.333156,0.520009,-0.223992,-0.174774,-0.219461,-0.068578,0.935474,0.553456,-0.938244,-0.330914,-0.792618,-0.867640,0.294641,-0.526324,-0.579424,1.308446,0
1.610124,-0.062457,1.153498,-0.950483,-1.412939,-0.722466,0.518784,0.437476,1.485211,0.726499,1.288441,-0.037897,1.589499,1.063135,1.029132,-0.070660,-1.419633,-1.659180,-0.810338,-1.041230,-0.322675,-1.418799,-0.189726,-0.225249,0.674464,-0.318642,-0.398211,-1.234839,0.470145,-2.094100,1.314913,-1.456247,0
0.218239,0.232725,0.913480,-1.842800,-0.417745,-1.091559,0.428018,0.448923,0.790306,-0.876910,0.703979,0.080923,0.326934,-1.363147,1.029344,0.568379,-0.300979,0.231881,0.262992,-0.559488,-1.134620,-1.260072,-1.574916,-0.051165,-0.846985,-0.484635,0.312150,-2.951149,0.261854,-0.166891,-0.467621,0.368865,0
-0.972770,1.253842,-1.855616,0.128020,0.159025,-0.314658,-0.216685,-1.034567,0.347842,0.309100,-0.067558,0.846411,-0.247410,-0.255784,-1.062837,0.302955,0.237775,-0.640129,-0.182446,-0.593867,-0.372616,0.387574,0.775607,-0.784422,0.990074,-0.710716,-0.444525,1.326134,0.090052,0.262369,0.277296,0.373951,0
1.556507,-0.041071,0.078488,0.861395,-0.434418,0.515422,1.745465,0.381799,-0.346199,0.074812,-0.762266,-0.667575,-0.054962,0.110998,-0.056565,-1.274675,0.023058,-0.119604,0.139177,1.185105,-0.198829,0.091860,-1.296080,-0.958937,0.337085,0.310819,-0.286172,0.698994,0.775998,-0.653353,-0.065617,0.120532,0
0.377313,-0.368332,-0.766355,-0.959603,0.538855,1.092504,-0.658548,1.522083,-0.317189,0.328412,0.061934,-0.553755,0.706888,-1.518243,-0.398172,1.149744,0.366702,-0.178608,-0.286867,0.116865,0.003683,-0.175579,-0.235429,0.459074,-0.142892,-1.234914,-0.422231,0.849794,-0.761091,1.227648,0.777531,-0.687895,0
0.739142,-1.301224,0.678233,-0.595270,-0.763687,0.604144,-0.077130,-1.064075,-0.918173,0.924898,0.450421,-0.306537,-0.696818,-0.615294,-0.433230,-0.741694,0.813707,0.630385,0.017090,0.830738,1.417488,0.183814,0.835746,0.591134,0.095843,-0.346674,-1.418843,0.828998,-0.460475,0.249439,0.260443,-0.563625,0
0.552549,1.268721,0.037297,-0.370972,0.192268,-0.539237,-0.576099,-1.468839,-0.122053,-0.046680,0.183030,1.792218,-0.736396,-0.565410,0.215516,0.232308,0.847285,-0.119709,0.053079,0.324219,-0.050735,0.272070,0.519828,0.179950,0.922979,-0.267122,-1.462306,-0.514462,0.461667,-0.519100,1.137820,1.413152,0
0.641007,-1.002139,1.124616,-0.126499,0.437923,-0.412556,0.368658,-0.071034,1.890356,0.336943,1.092745,-0.097681,0.463162,0.415352,0.110724,0.312756,0.028565,0.870867,-0.207551,-0.805497,1.365776,-0.127508,-0.535480,-0.051419,0.252278,-0.035702,0.802592,1.006549,-0.558822,-0.158655,0.605861,-0.024002,0
0.863923,-1.701997,0.490790,-1.106789,-0.067243,0.530450,0.481387,0.211102,0.473098,0.663841,-0.490407,1.340853,0.212723,-1.501651,-1.877747,1.153401,1.054192,0.431274,-1.758072,1.322705,0.122282,-0.463197,-0.471016,1.920567,0.504632,0.003815,0.242900,0.504739,0.865099,-0.710983,-0.489139,-0.458462,0
1.382609,-1.715112,-0.239713,0.555950,-1.311337,0.576231,0.099496,0.766000,-0.312048,0.074972,-2.492458,0.202057,-1.094077,0.176570,-0.510098,-0.208216,1.158119,0.017785,-0.002556,1.167651,1.355506,-0.362243,0.368441,0.401476,-2.234611,0.646680,-0.152464,-0.049474,0.510869,0.870947,-0.283873,-1.400495,0
0.835853,0.547616,0.261875,-0.713735,1.043348,-0.919961,-1.002151,0.448970,0.612561,-1.439383,1.137671,-0.992484,-0.675693,0.535937,-0.412685,0.417332,-0.219581,0.094970,0.513489,-0.158217,0.404088,-0.014566,0.387594,0.087413,0.771681,0.102888,0.526582,-0.535057,-0.133675,0.829645,-0.397053,-0.808062,0
1.397310,-1.131443,0.537877,-0.649761,0.466087,-0.418734,0.426344,0.024769,0.163605,-1.554103,0.861840,0.395642,-0.474795,0.510434,0.469995,0.832892,-0.119964,0.871341,-0.396333,-1.254470,0.512406,0.829283,-0.282629,1.200423,0.996629,0.384076,0.591117,-0.830670,0.108269,0.312318,0.148346,-0.189014,0
1.749180,1.538208,-0.896850,0.408516,-1.899610,-0.721792,0.513997,-0.757148,0.272294,0.038390,-1.210793,0.007051,-1.201899,0.527518,-0.908894,1.605576,-0.648926,0.498191,0.016657,-0.612089,-0.883018,1.334829,0.077637,-0.766091,-0.355746,1.585541,-0.903140,-0.125229,-1.138535,-0.363411,0.270766,-0.223872,0
1.674231,-1.420408,-1.299270,-0.017487,-1.453559,0.555969,0.261559,0.414368,0.151608,0.194260,0.159492,-1.229308,-1.073031,0.004616,0.432435,0.198442,0.433975,-0.392802,-0.413878,0.514252,-0.487877,-0.720550,0.620043,-1.151901,-0.512167,0.198573,0.578156,0.145577,-0.010165,-0.550334,-0.214034,0.255350,0
2.105478,-0.494546,0.706588,-0.091129,-0.372933,-0.147916,0.118769,-0.349860,0.179802,0.170771,0.821995,-0.293657,-0.136573,0.015766,-0.599489,-0.324697,0.162400,0.630780,0.286700,-0.422240,0.377464,0.608140,0.062096,0.157649,1.252802,0.112828,-0.550494,-0.260719,-0.091899,0.965075,-0.018024,0.037342,0
0.471559,0.621206,0.815150,-0.323288,0.193568,-0.074997,0.356213,-1.052039,0.545385,-1.371529,0.446438,0.283551,-1.176514,-0.620102,0.736247,1.276931,-0.256400,-0.213000,-0.103176,0.367841,-0.914975,-0.024445,0.406158,0.049499,-0.473262,-0.112464,-1.087016,0.019906,0.055953,-0.545256,0.130818,1.024675,0
-0.249469,0.755218,-0.040635,-0.880384,0.208273,-0.502522,0.675548,-3.054979,0.794735,1.865238,-0.549717,1.882434,-0.353360,-0.391445,1.725665,-0.218310,-0.151696,-0.699540,-0.108168,0.433168,-1.306673,0.486863,-0.440856,-1.124511,-0.327991,0.088999,0.025432,0.406084,0.791341,-0.254277,-0.114205,-0.908798,0
0.108343,0.288680,-0.217057,0.403850,-0.846472,1.070782,-0.613651,-0.039182,0.257719,0.254702,-0.978197,-0.932048,-0.054416,0.396991,-0.486132,1.062387,0.540001,-0.655612,0.715434,0.230757,-1.602810,0.836705,1.289090,0.697643,-0.723689,0.178118,0.452259,0.586220,-1.244605,0.244565,-1.826583,0.177732,0
0.882685,0.724565,-0.432020,0.404598,-0.607893,-1.181041,-0.660725,0.107828,0.370245,-1.804008,-0.724183,-0.455879,-0.188591,0.123543,-0.520674,1.117925,-1.481297,-1.149071,0.750982,1.478392,1.805626,0.396581,0.979324,-0.475935,-0.028887,-1.184456,-0.164276,-0.010078,-0.895201,0.533674,-0.306362,-0.903242,0
0.444771,-0.515382,1.504586,0.415469,0.750458,-0.009063,0.164486,1.397427,-0.255197,0.581436,1.219512,-0.940960,-0.762177,-0.944899,0.189507,-0.056236,-0.379271,0.190980,0.651481,-0.953083,-0.583129,1.252192,-0.110086,0.723282,-0.168849,2.306453,1.185300,0.224516,-0.350120,0.338619,-0.780781,0.905796,0
1.304908,0.582888,-0.916872,-0.388888,-0.596755,-0.360329,1.018995,0.173358,-0.911858,-1.001838,0.534124,0.112931,-0.292650,0.127498,1.116461,-1.270223,0.320521,-0.965167,0.743204,0.595333,-0.941223,0.803069,-0.872253,-0.096424,-1.088200,0.377278,-0.502296,-0.006950,-1.029089,-0.247184,0.812647,-0.854903,0
0.396124,-0.006982,0.008340,0.080313,0.413124,0.853207,-1.163749,0.252381,1.180433,-0.565711,0.570279,0.173368,-0.156946,1.183803,-0.848215,-0.597235,0.706806,-0.720239,0.406921,-0.538916,-0.529596,-0.623768,-0.858836,-0.392663,0.974368,-0.720983,0.367535,1.353596,-0.815842,0.085315,-0.814361,0.367097,0
1.806544,-0.341722,0.045605,1.047487,-0.594826,0.322089,1.164503,-0.439883,1.188541,0.421691,0.355068,-0.109592,0.551845,-1.422704,-0.039325,-0.417995,0.228540,0.549819,0.384033,0.324039,-0.945474,-1.592690,-0.162194,0.065778,-0.754146,1.126546,-1.784893,-0.606013,-0.406780,-0.807466,-0.716668,0.628298,0
1.593106,-0.665346,0.776550,-0.109456,0.579514,-0.906099,-0.181767,-0.977690,0.691150,0.626221,-0.674557,0.722311,-0.524729,0.140343,-0.248397,0.012397,-0.361691,0.996993,0.644023,0.643525,1.163172,0.378636,-0.669732,0.679780,-1.028619,-0.418140,0.027725,-1.598467,-0.218769,-0.982513,-0.752888,-0.192678,0
1.745215,-0.639641,1.012673,-0.510688,0.242249,-0.106985,-1.232581,0.416292,-0.482869,-0.196001,-0.947149,0.572705,-0.286118,0.446590,0.081023,1.053445,0.949924,0.519549,-0.525419,-0.168364,0.649991,-0.635865,0.277781,1.695248,0.256254,-0.132301,-0.642313,-0.229470,0.172356,-0.480874,-0.814404,1.014666,0
2.388008,0.523324,1.100666,0.603234,-0.197402,0.483649,-0.707022,0.825067,0.725212,-0.441902,0.365924,0.164979,0.330328,-0.546562,-2.022539,0.360858,-0.417495,0.548587,0.646478,0.440384,0.514496,0.161681,0.040121,0.477957,1.775077,-0.921633,0.649124,-0.781337,-0.047330,-1.167087,0.118025,0.770379,0
0.830575,-0.918486,-0.504282,0.788687,0.845296,-0.015744,-0.764013,-0.332710,0.864967,1.368043,0.345349,-0.283257,0.229854,0.733725,-0.001671,0.280037,-0.494729,0.323082,-1.624396,-0.825318,-0.996223,-0.773386,1.203997,1.230278,-0.824449,1.033108,1.742680,-0.221937,-0.167970,-0.210557,-1.037491,0.172018,0
0.886116,-0.570935,0.717077,-0.817508,1.085712,0.541949,-0.203892,1.524815,-0.448107,-1.337865,0.773750,-1.243861,-1.244497,-0.863194,0.483022,-1.722787,1.441087,0.811446,-0.450874,-0.034052,1.049579,0.777762,-0.875031,-0.682171,-0.080123,0.080737,0.123084,-0.099242,0.523575,-1.031261,1.018981,-0.105887,0
0.286055,0.070382,-0.110789,-0.338638,-0.077884,-0.363014,0.658111,-0.212753,0.923214,-0.045625,-0.032758,0.646008,-0.680045,-0.238887,-0.192551,1.012538,0.325353,-1.428595,0.449163,0.317105,-0.487146,-0.415109,-1.201795,0.495326,0.041753,-1.125987,-0.613861,-0.334279,-1.459194,1.043514,-1.409751,0.127720,0
1.048897,-0.428263,-1.496615,-1.169129,0.376103,0.180407,0.928105,0.553276,-0.070156,1.502158,-0.122911,-0.503041,-1.248267,-0.063036,0.342175,1.048937,-0.629393,0.771235,0.276956,0.308128,0.116569,0.426734,-1.080840,-0.396159,-0.394736,-0.007757,-0.269424,2.024496,-1.462706,-0.717034,0.287432,0.273998,0
0.921556,0.491627,-0.494039,-1.197973,0.648479,-1.761157,-1.503322,-0.011162,-0.142134,0.183474,1.100618,-0.552380,-1.003963,-0.163738,-0.034611,0.420869,0.115285,0.111802,-1.053650,-0.410737,0.643309,0.489960,0.168548,0.285589,-0.695639,-1.371050,-1.028832,-0.435666,1.339483,-0.522923,-0.721045,-0.293817,0
1.205711,-0.685979,-0.327286,1.057130,0.813979,0.554804,-0.746866,-0.423997,0.271871,-0.207989,-0.274071,-1.254618,-0.270428,-0.784453,0.882211,-0.129370,-0.043634,-0.153803,-0.096239,0.247843,-0.591144,-0.982990,-1.272350,0.735573,-0.266092,0.135173,0.278510,1.062978,1.512834,-0.652361,-1.960656,0.295492,0
0.945048,2.331935,-1.026632,0.672881,0.686369,0.289691,0.035835,0.487860,1.183594,-0.456639,-0.965926,0.680433,0.141660,0.473263,-1.274409,-1.510653,-0.106383,-0.527262,0.034272,-1.810115,-1.171455,0.399611,0.872150,1.050672,-0.620145,-0.709119,0.976887,0.995037,-0.739740,-0.358844,0.950790,0.602113,0
1.662370,0.122897,0.278194,0.785622,1.024006,-1.037877,0.090968,0.244902,-0.626998,-0.489159,1.409753,-1.323961,-0.066145,1.386029,-0.969958,-0.123548,0.404217,-1.711616,-0.028657,-0.010627,-0.437581,-0.663461,0.609959,-0.252839,-1.009431,-1.255719,-1.479900,0.076497,0.069581,0.931041,-1.366163,-0.225753,0
0.635520,-0.849501,0.287754,0.794165,-0.038714,-0.755404,-1.531051,0.347633,0.543442,0.931175,1.102670,-0.709285,0.498760,-0.160238,1.066375,-0.670698,0.112972,0.555930,-1.021286,-0.581967,0.777285,-0.525938,0.057922,1.076928,-0.429543,-0.445943,-0.155809,-0.501176,0.517799,-0.330711,-0.341854,1.903768,0
-0.197011,0.215339,0.199521,-0.244828,0.471003,-0.018625,-0.023793,0.236904,0.256043,1.283656,-1.295103,0.595655,-0.070960,0.877369,0.675789,-0.261302,0.181585,-0.721116,0.188665,-0.280462,-0.433492,0.375188,0.112733,0.970994,-0.368892,-0.295134,-0.671255,1.303436,-0.262112,0.523181,-0.611079,-0.249071,0
0.372166,-0.104819,0.717890,-0.328334,-0.517643,0.155211,-0.171429,0.444678,0.656662,0.631045,1.931792,1.375934,0.428954,0.267228,-0.246461,0.016861,-0.483088,-0.112006,-0.373694,-0.446007,-0.555163,1.648138,0.115790,0.434677,-0.081123,-0.346261,0.058246,-0.415019,1.312374,0.950381,0.735793,0.101631,0
0.917286,-0.612400,-0.685048,0.551182,1.730756,0.297749,-1.141670,0.347731,0.323048,-1.206256,-0.757608,-0.069909,-0.890225,-0.335332,0.767346,-0.235097,-0.209687,0.214204,-0.720255,1.454436,0.157587,-1.124301,0.810462,0.261995,0.178370,1.146590,2.285808,1.263010,-1.136205,-0.801862,0.043984,0.572812,0
1.279226,1.026531,-0.166659,-0.416128,0.998838,0.261323,0.069499,-0.834565,-0.733559,0.539419,0.071325,-1.680174,0.359536,0.441461,0.554235,1.590881,-0.621507,0.347821,1.274617,0.997736,0.587968,-0.159481,-0.543335,-0.804212,-1.134940,-0.537125,-1.059250,-0.079624,-0.340474,0.527014,-0.658841,0.589406,0
1.808555,-0.588719,-1.053193,0.690459,-0.889770,-0.978267,-0.051446,-0.021812,-0.131378,0.944648,0.029735,-0.823589,-0.815798,-0.289470,1.679304,0.836741,0.795614,0.388904,-0.053978,0.382252,0.155873,-0.781549,1.084966,0.003747,-0.015147,-0.116125,2.133027,1.090212,0.197975,1.287952,-1.035971,0.122345,0
2.458976,0.136412,0.308290,1.176004,-0.800884,-1.040272,0.200063,0.459084,0.685040,-1.573154,0.299887,-0.220156,0.471046,0.923235,0.902399,0.046411,-0.576528,0.443244,-1.079484,0.132658,0.528665,-0.329026,0.394361,0.523179,-1.336418,-0.884268,-0.487520,1.000336,-0.772838,0.117033,-1.006659,-0.693501,0
0.646924,0.565571,0.123915,0.080602,1.762510,1.362666,0.681960,-0.101015,-1.449413,-0.822483,-0.330468,1.007025,-1.401348,-1.113358,0.422171,1.608304,0.528480,0.803302,-0.059912,0.227104,-0.470603,0.038876,0.829262,-0.086332,-0.263580,0.457813,-1.042177,-0.167934,0.745318,0.255524,-0.021155,-1.136810,0
0.977542,-0.300146,0.082220,-0.876729,-0.537672,-0.313587,-0.326351,1.402035,-0.515078,0.754002,-0.716515,0.288749,-1.018307,-1.628891,-0.677374,0.013924,-0.342422,0.695627,-0.925975,0.958516,0.436598,0.536340,0.492158,0.091234,-0.391807,-0.398537,0.192291,-0.281668,-0.026023,0.874375,-0.266706,0.149628,0
1.304162,-0.298020,-1.046240,0.031487,-0.279783,-0.516120,0.458599,1.072031,0.094332,-1.200005,-0.040357,-0.034281,0.496469,0.321545,0.312352,-0.509815,-0.273539,0.555030,0.198981,0.510266,0.472806,0.918849,-0.536550,-0.457523,-0.316899,-1.018257,-1.384770,0.414465,0.759287,-0.229479,-0.376899,-1.372493,0
1.693341,0.988127,1.530260,-0.176810,-0.211719,0.343544,0.223174,-1.429065,0.882721,0.605693,0.065685,0.661037,-0.750112,-0.280503,0.949381,0.073693,0.244549,-1.681655,1.302268,0.538889,1.553337,-0.586426,0.667346,-0.406231,0.925579,-0.543758,0.442916,-0.451415,1.881158,-1.446279,-0.000133,0.333695,0
1.422946,0.529485,-1.838400,1.072925,-1.359727,-0.818152,-0.413102,0.800417,-1.651826,-0.464593,-0.126412,0.749757,-1.038359,0.691246,1.734908,0.938740,-0.244123,0.522250,0.621276,0.217709,-0.449781,-0.369368,-0.427231,0.280494,0.043487,1.139127,-1.219721,-0.281345,1.162940,0.876354,-1.247828,-0.034482,0
1.871080,-0.698607,-0.231872,0.739038,0.992717,-0.504050,0.144729,0.993207,0.626680,-1.113380,0.342567,0.688478,-0.970752,-0.247180,-0.882118,1.762461,-1.063478,-1.791519,0.186087,-0.316276,-0.377499,0.408272,-0.537545,0.378757,0.685392,-1.123478,-0.458716,0.230006,-0.413258,-0.867685,-0.778708,-0.796853,0
1.552957,0.194452,0.102616,-0.052352,1.411704,1.229751,2.067887,-0.930382,-0.455597,1.576806,-0.235152,-0.603911,-0.281902,-0.035154,-0.671025,-0.549038,0.911595,-0.696076,0.225272,-0.688691,-0.933571,0.190751,-1.092247,-0.084735,0.827982,-0.450365,0.875871,-0.597019,-0.166806,-0.353616,0.509752,-0.042861,0
1.064517,-0.464658,-0.403911,0.092760,-0.092557,1.188533,1.127709,0.309969,-0.016543,0.176015,-1.278197,-0.335523,-0.417314,0.186735,0.339031,-0.101142,-0.180123,-1.068911,-0.030672,-0.675719,0.656872,0.087128,-0.089141,-1.001350,-1.554273,-0.257209,-1.505523,-0.805249,1.512063,1.425578,0.517694,0.430171,0
-0.052162,-0.175757,0.991506,-0.400762,-0.503787,0.208800,1.950952,-0.732037,1.947351,1.038363,-0.276500,1.419439,0.901857,0.668926,0.398395,0.345013,-0.106399,2.022633,0.189999,0.685010,0.331295,0.718246,-0.940166,0.288658,0.670429,0.459452,0.420163,0.622220,0.374471,-0.440902,0.092635,0.813304,0
2.125721,-1.640470,0.762383,-0.010237,-0.748865,-0.685122,0.986016,0.029804,0.512675,0.671165,-0.540467,0.186097,1.287929,-0.724059,0.356670,-0.147496,0.767856,0.720820,0.948109,1.100430,-1.359363,0.175985,-1.137454,-0.082047,-1.025276,0.340206,0.741441,0.809310,-0.885170,-0.244704,-0.915465,-0.240463,0
0.368233,0.207327,-0.804739,0.822161,0.607850,-0.790781,0.427511,0.195565,-0.789247,-0.034145,0.465596,-0.001424,-0.664600,-0.017349,0.301139,-0.515814,-0.124866,-0.380684,0.978146,-0.888546,-0.070305,0.604057,0.269617,-0.011699,0.187677,-0.011636,-0.378228,-0.238591,-0.673959,1.037076,2.360937,0.154444,0
1.348645,-0.179597,0.346615,-0.064784,-2.020276,1.346392,0.663274,-0.251592,0.517727,-0.139594,1.371832,0.286056,-0.280056,-1.071564,-0.524405,0.361381,-1.827575,0.408337,1.570999,1.399765,-0.572698,1.003085,-1.187988,1.004709,-1.355402,0.490296,0.705857,-0.948324,0.586007,0.953961,0.979075,-0.259125,0
3.033646,0.544748,0.163576,0.296876,-0.065440,0.500409,-0.300406,0.218904,-0.772192,-0.615110,0.161050,0.035112,0.365553,-0.194753,-1.626108,0.994803,-0.702772,-0.034109,-0.163085,-0.381514,2.273991,0.370885,0.213087,-0.036856,-1.741778,0.873863,0.777460,0.349658,-0.163891,-0.111054,-0.732366,1.450835,0
1.635233,1.158277,-0.311107,0.872177,0.460471,0.473207,0.762851,-1.387246,0.127014,-1.558389,-0.347835,0.532175,-0.078966,0.670390,1.248483,0.693275,1.058336,0.129508,0.330250,0.324789,-0.717325,0.611684,0.808818,1.499456,-0.272386,0.097625,0.122389,-0.476719,-0.308167,0.298853,1.153176,-0.451317,0
0.116796,-0.274701,-0.321179,0.156454,-0.985424,0.459860,-1.549446,-1.034858,-0.266600,-0.342542,-0.033479,-1.300349,0.844652,-1.187185,0.366555,-1.517550,-0.226102,-0.023482,-0.992772,0.278272,-0.642121,-0.069578,-1.133891,-0.261892,-1.633458,-0.603928,-0.403569,0.586528,0.479286,0.644274,2.468323,0.247102,0
-1.087401,1.481537,-0.322144,-0.023010,-0.025633,0.162018,0.655034,-0.459606,0.618243,-0.080629,-0.716344,-0.565679,-0.701200,0.787907,-0.330481,-0.809644,-0.627286,0.411814,0.628079,-1.037343,0.486680,0.834597,-0.851119,-0.474930,-0.555423,0.452317,-0.961598,0.506636,0.117760,-0.158854,-1.518865,0.458806,0
1.582546,-0.632537,0.284224,-0.118628,-0.163697,-0.027440,-0.274680,-0.156617,0.465025,0.956716,1.151144,-0.497622,-1.100068,2.017837,-1.009820,0.451063,-0.233206,0.170945,-0.037646,-0.168732,-0.350655,-0.404251,-0.110708,-1.551282,-1.175252,1.092402,0.398762,0.031816,-0.625905,0.050179,1.169527,-0.519717,0
2.330272,-1.091861,2.135687,0.817174,-0.181147,0.813925,1.431724,0.955230,-0.238838,-0.145086,-1.483074,-0.854817,-0.371883,0.388586,0.126487,-0.953450,0.597025,-0.111845,0.234367,0.021590,0.353432,-0.766743,0.896645,-0.040673,0.114953,-0.013838,0.457712,-0.005355,-0.425150,0.215111,1.045161,-0.526119,0
1.504588,-0.197759,-0.824522,-0.766537,0.497051,0.376194,-0.980377,0.355342,-1.122011,-0.615878,-0.478823,0.761918,-0.806548,1.518630,0.161736,-0.574048,0.603496,-0.507596,-0.322670,-0.086752,-0.158222,-0.389771,-0.541814,-1.025434,-0.298052,0.204689,-1.950802,0.050859,-0.099242,0.542900,0.300298,0.858889,0
0.740063,-0.529855,0.711049,-1.073273,-0.476733,0.281654,0.311768,-0.677426,0.000090,1.191582,-1.421071,0.244453,-0.989843,-0.007616,-0.024642,-1.038663,-0.855990,-0.362062,0.623833,0.497377,0.027820,-0.954477,0.584108,0.832191,-0.986222,0.064208,-0.127225,0.533944,0.701027,1.079826,-0.136519,0.267972,0
1.217933,0.617706,-0.236386,0.245249,-1.051419,0.584872,1.516826,-0.446736,-0.486190,0.211936,-0.858020,0.695390,0.590702,0.586007,0.342059,1.382916,0.067926,-0.429938,-0.577652,1.269439,0.636739,-0.207264,0.383024,0.095430,0.134841,0.368017,-0.504636,-0.831113,0.324380,-0.174500,0.234446,-1.060960,0
0.198451,-0.330718,2.043584,0.618605,-0.382961,1.415029,-0.222623,0.970981,0.442709,-0.451165,-1.033684,-0.362693,2.256644,0.253491,0.272937,0.287845,0.746775,0.069201,1.150450,0.556110,-1.043773,-0.354372,0.587914,0.383072,0.423717,0.432871,0.316671,1.062361,-0.422453,-0.331900,-0.653903,-0.440863,0
0.448542,-0.531048,0.372323,-0.051161,0.476338,0.129751,1.638402,-0.587144,0.054740,0.423306,-1.798856,0.683730,0.131186,-0.351053,0.342650,0.783085,-0.129159,0.211186,1.095882,0.482117,1.403699,2.032316,-0.722973,0.555027,-1.308421,-1.069703,-1.180361,0.046203,1.073377,-0.908401,-0.584197,-0.948832,0
1.330459,-0.644636,-0.026822,0.117727,0.552933,2.052377,0.302623,-0.565120,0.266280,0.697500,-1.964508,-0.152701,0.709076,-0.024838,-0.123963,0.172095,0.790752,-0.440527,-0.589879,0.270009,-1.178447,0.180171,0.624049,-0.121616,1.821916,-0.226485,-0.350724,0.138798,0.948148,-0.410987,1.063026,-0.640816,0
0.294125,0.093066,-0.544050,0.371749,1.127676,0.122966,0.030340,-1.042479,1.637659,0.169337,-0.644011,0.430988,-0.526023,0.175123,0.137136,-0.826921,-0.606651,-0.808027,0.642236,-0.507162,0.068454,-1.134410,0.245169,-0.950963,0.052102,-0.773499,0.516596,-0.065953,0.570564,0.426527,-0.661633,0.197565,0
1.646553,-0.646173,-0.051359,0.022134,-0.032672,0.992261,0.781821,-1.080126,0.301492,-1.437577,0.148112,-0.461064,0.648570,0.448676,0.844743,0.345816,-0.834333,1.079156,-0.851274,-0.566017,0.289507,-0.417756,0.328696,-0.272996,1.172664,0.199031,-0.261660,-0.074049,0.494823,-0.195991,0.915866,0.359674,0
-0.893419,-0.393566,1.265949,0.450856,0.205183,-0.618060,-0.548152,-0.877045,-0.682254,-0.535047,1.395911,-0.819430,0.465949,-0.434078,-0.336844,0.494738,-0.167517,-0.215898,0.233585,-1.470115,-0.825692,0.075225,0.117867,0.467563,-0.285453,-0.140464,-1.477114,0.464437,-0.201770,-0.034890,0.642360,-0.334525,0
0.615251,-0.299065,-0.315100,-0.888182,-1.430944,0.414912,-0.492656,-0.041345,-0.720909,0.869617,-0.974457,-1.385808,0.156696,0.701071,0.306041,1.732337,-0.410977,0.032878,0.509387,-0.032611,0.751796,0.159113,-0.581921,-2.341367,-0.819989,0.172833,-0.480063,0.105017,0.384815,0.950158,2.135484,-0.747206,0
2.206639,-0.276212,0.454236,0.161803,-0.423405,0.608691,-1.512589,-0.239843,0.561848,1.487281,0.929084,-0.001529,0.486704,1.197722,0.920658,-0.992238,-0.606819,-1.787270,-0.804245,-0.109017,-0.323445,0.939058,0.452372,0.104520,0.955382,1.586564,-0.842102,-1.017189,0.865622,0.388855,-0.306836,-0.698949,0
1.434443,-0.098521,-0.441402,-2.541865,0.781329,-1.593169,1.184808,-1.073301,1.593407,0.805455,-0.462630,-0.073763,0.404232,1.449916,0.258716,0.732978,2.038116,-0.151277,0.603140,-1.361895,0.335608,1.256349,1.182315,0.050206,-0.897679,0.326096,0.977812,-0.490399,0.120651,-0.953495,-0.783346,0.747041,0
0.425823,-0.814035,0.704899,-0.502169,-0.279094,-1.173098,0.732828,-0.604681,0.744509,-0.070634,0.452033,-0.840405,0.173700,0.710678,0.378312,0.067230,0.251580,0.822477,-0.465971,-1.012418,-0.106178,-1.559718,-0.893171,0.399007,1.798190,0.416497,-0.179706,-0.004573,-1.056994,-1.329594,0.703155,0.259332,0
0.677376,0.227484,0.723235,-0.310040,-0.818540,0.954659,0.216161,-0.677399,-0.050843,-0.510441,1.073295,0.913270,0.506165,-1.935173,1.578265,-0.263147,-0.361650,0.419911,0.025127,-0.301865,0.629679,-0.010238,1.281696,-0.817832,0.325752,1.692385,0.389302,0.108830,0.629496,1.213700,0.696998,0.074337,0
0.669869,-0.358856,0.164242,-0.725467,0.268271,0.336896,0.844910,-0.450963,-0.529236,0.048979,1.666203,-0.778443,0.473948,-0.380468,-0.396162,0.323304,-0.219958,-0.249912,0.563609,-0.259180,1.001947,1.461889,0.952656,-0.499373,-0.677574,-0.502929,-0.839712,0.217314,0.518261,0.776295,-0.708820,-1.201690,0
1.617704,-0.831193,0.185090,-1.548534,0.370777,0.625653,0.974074,-0.478270,-0.347791,-0.041440,0.993152,-0.612411,-0.622699,-0.636412,0.273628,-0.127705,-0.656998,0.820308,-1.315460,1.387764,-1.003096,0.057935,-1.096155,0.923107,0.426396,-0.101016,0.323811,-0.755395,1.782511,-0.157743,-1.158953,-0.982441,0
-0.031429,-0.241712,-0.076637,1.065855,0.057472,0.374502,0.216228,-1.144398,-1.862340,0.407556,-0.799512,-0.473047,0.118101,0.718243,-0.278465,0.304993,-0.089843,0.890599,0.503615,-1.130848,-0.742586,-0.383453,0.619858,-0.537307,-0.083825,0.432476,0.210737,0.909413,-0.588526,-0.696362,1.157923,-0.049844,0
1.425625,0.562915,-0.677990,0.115425,0.323123,1.080810,-0.749679,-1.276934,-0.779341,-0.376602,0.391393,-0.001921,-0.154466,1.905387,-0.552846,-0.023277,1.363829,0.258722,1.554100,-0.142699,-0.284570,-0.342602,-0.223124,-1.603193,0.929144,-0.760023,-0.087774,-1.143959,0.893391,0.974715,0.082906,-1.569272,0
-0.645263,-0.717214,-0.662240,0.099232,-0.922624,0.709220,0.105031,-0.499330,0.115610,0.502576,1.304460,-1.642086,0.008519,0.086710,-1.393657,-0.002069,-0.986193,-0.535979,1.813685,-0.172012,-0.119283,0.071103,1.153455,-1.569474,-0.146379,0.429191,0.533852,0.719571,-0.342240,0.432780,-0.357937,0.327095,0
0.912425,0.536231,-0.550174,-0.950448,-1.347448,-0.132584,-0.405922,-0.451499,-0.803365,-0.328598,0.042527,-0.869410,0.101032,-0.551307,0.755611,0.432094,0.610636,0.168061,0.816427,-0.095972,1.643658,0.395795,0.364660,-0.071671,-1.094673,0.885197,0.827283,0.214539,0.813282,-0.418995,-0.680591,-1.115842,0
1.032535,-1.348823,-1.179176,-0.641185,-0.518446,0.225656,0.018860,-0.510515,-0.200871,0.240838,-0.227976,-0.167134,0.600221,-0.462698,-1.095400,1.032362,-0.075069,-0.135148,-1.252107,0.576355,-0.275070,-0.387037,-0.517709,-1.484330,-1.432122,-0.978369,-0.644778,0.855624,-0.068262,0.242518,0.930770,0.954579,0
0.834155,-0.059280,-0.625048,1.353804,-0.087377,0.188129,-0.558569,-0.115659,0.461998,-1.243863,-0.098387,-1.162593,0.186923,-0.096709,0.332935,0.274688,-1.044009,-0.249556,-1.085940,-0.967125,0.567693,-0.233318,1.166902,-0.104257,0.741427,0.289277,-0.070904,1.186717,-0.022687,0.169380,0.178723,-0.079839,0
3.535880,0.445323,0.661602,-0.373956,-0.793191,0.322628,0.051973,0.543572,0.208217,0.505849,-0.773612,0.620200,1.091733,-0.668427,0.861263,-0.355766,-0.660063,0.145265,0.566820,-0.178401,1.027710,0.988362,-0.855035,0.632799,1.432760,-0.423253,-0.466884,0.510834,0.132239,0.477135,0.159416,0.629450,0
1.372400,1.350778,-0.410405,-0.171997,-0.740990,-0.842974,0.779043,0.121200,-1.127834,1.022025,0.121758,-0.110138,0.524312,0.010750,-0.563950,-0.637340,-0.707056,-0.689140,1.806041,-0.865374,0.863005,-0.829059,0.415849,0.477517,-1.014590,-0.146794,0.993460,0.833648,1.022404,-0.162772,-0.063972,1.475720,0
1.076460,-1.111917,-0.901532,1.657156,0.067736,-0.706933,-0.375626,-1.511139,1.089941,-0.582670,0.707114,-0.132242,-0.302486,-1.010955,0.234891,-2.364885,0.090437,-0.252710,2.415901,0.849981,-1.024478,0.845175,-0.024329,0.416791,1.798351,0.831276,0.881103,-0.361170,-0.440371,0.057138,-1.031470,0.651266,0
2.384834,0.235251,0.581567,-1.319608,0.395781,0.727785,0.326456,1.562484,0.430863,0.321975,-0.713710,-0.907177,0.872349,0.123230,-0.485490,0.238506,0.175712,0.287659,-1.938870,0.986338,0.435243,-0.231654,-0.013513,-0.145446,0.172763,-1.082898,-0.785800,-0.810814,-0.218530,-0.264210,-0.169696,0.049162,0
1.092613,-0.301888,1.235632,0.747166,-0.494848,-0.291245,0.784852,-1.979446,-0.827753,0.496428,1.015084,-1.826998,1.278778,1.010794,-0.421472,0.023182,0.472673,0.783396,-0.368111,-1.355460,1.388600,-0.599683,-0.873112,0.253585,-0.685375,-0.769831,0.134624,0.469527,-0.501822,0.653765,-0.641739,-0.078661,0
0.268365,-0.512407,-0.195626,0.264472,1.066978,-0.324279,-0.849797,-0.408769,-0.715592,0.622401,-0.105656,1.250060,-0.761273,-0.336558,0.905940,-0.425761,-1.163653,-0.112031,-0.759916,-1.235781,-0.822143,-0.476518,0.463753,1.123627,0.641113,0.196882,-0.985199,0.106863,-0.657878,0.171923,-0.725696,1.016506,0
0.869020,0.309684,-0.341438,-0.296645,-1.391086,-0.939802,0.431909,0.052163,0.367641,0.075932,0.771759,-0.481184,-0.370127,0.620193,-0.486358,1.580199,-0.452612,-0.634785,0.289395,-0.142631,0.203552,0.632863,0.620983,0.533434,-0.894398,0.664608,1.534954,0.823954,0.023737,-0.233873,0.665908,0.264045,0
1.042749,0.167445,-0.482230,0.720623,-0.256356,0.165509,0.127183,0.209956,0.154918,0.726905,-0.292791,-0.182207,1.366905,-1.304217,-0.414897,0.982741,-0.271552,-0.241148,0.005988,-1.456538,0.520964,-1.089344,1.266739,-0.408061,-0.832974,0.246064,-0.027788,0.488647,-0.150456,1.721044,1.148647,-0.161803,0
0.525416,0.374433,0.313574,0.974306,-1.047340,-0.050363,0.920073,-0.303452,0.622384,1.376322,-0.048722,-1.064677,0.463861,-0.159974,1.189365,0.317809,0.101077,2.446680,-0.414757,-0.417845,0.017634,0.245867,-0.271528,-0.355836,0.377850,0.675648,0.784853,0.487141,-0.791639,0.115996,0.592205,0.800291,0
0.876083,1.103927,-0.237274,0.932413,0.058453,-0.576717,-0.195547,-0.579614,-1.840671,-1.037708,-0.063262,-1.007726,-1.378749,-0.321025,-0.086052,-0.771836,-0.454621,-0.543603,-0.414027,0.285634,-0.988152,-0.010640,0.873597,-0.426441,0.229684,-0.062275,-0.315948,1.782024,0.693346,1.485144,-0.712326,-1.012378,0
1.866104,0.658697,0.008814,0.396377,-0.166178,-0.861697,-0.430595,-0.832281,0.622887,-0.193377,0.916937,-1.044824,-0.755990,0.866532,-0.602450,0.811921,-0.242409,1.078147,0.419960,-0.718513,-0.508494,-1.447352,0.275721,-0.025416,-0.947015,0.402881,0.762467,-0.107815,1.520550,-0.210483,0.870449,-1.306647,0
0.798982,-0.165865,0.051426,-0.391389,0.670169,0.715474,0.605531,0.224777,1.177340,-0.248086,-0.002362,-0.658332,-0.189439,1.092090,0.740199,-0.050742,0.806233,0.525239,-0.366757,0.380722,1.403834,-0.329633,-0.665942,-0.144670,0.154376,-0.123643,-0.196841,1.587682,0.778937,-1.206534,-0.532289,0.045646,1
-1.341363,-0.263812,0.331625,1.190509,-0.024791,-1.803638,0.234315,0.454999,-0.166502,-0.428385,0.041505,-0.168264,0.164746,-0.388697,0.447472,-1.136155,-1.304588,1.214093,-1.891154,-0.241869,0.873340,-0.113927,0.369156,-0.348278,0.560039,0.710562,0.302397,-0.169319,0.557129,-1.242054,0.142227,-1.352509,1
-0.050032,-1.209237,-0.152627,0.743598,-0.215540,-0.476763,-0.677905,-0.213836,0.626464,-0.872967,0.173411,-0.485372,0.522910,1.103016,-0.546880,0.420780,1.708356,-0.058295,0.212858,0.323041,0.301360,-0.923447,-0.466398,0.090116,0.115079,-1.099074,-0.474470,0.156171,0.264403,-1.315395,0.006637,0.136841,1
0.547953,1.501320,-0.632398,-0.752899,-0.350832,0.410166,0.672712,-0.876951,0.039753,0.849115,-0.047709,-0.906622,-0.694123,0.838017,-0.415949,-0.474470,0.066703,-0.876788,-0.125824,1.206863,-0.910386,-1.415942,0.724975,1.022193,1.046608,-0.617399,-0.109118,-0.100759,-0.598127,-1.073953,0.254015,-0.072232,1
0.252641,0.371776,1.168543,0.187649,-1.097884,1.094657,-0.093962,0.300154,0.249888,-1.543905,1.586467,0.590017,-0.417287,1.469805,-0.000228,-0.713862,-0.157124,0.177658,0.980156,-1.479663,0.273925,1.770780,1.117696,1.192201,-0.053805,1.545311,0.860600,1.064439,0.352168,0.487740,0.412208,1.603424,1
-1.203520,-0.362157,-0.799169,0.235073,-1.679402,-0.236873,0.811957,-0.810004,-0.710139,-0.605075,1.101807,-0.991619,-1.102532,-0.390188,0.055849,0.199042,0.302697,-1.041436,-1.880473,-1.609633,-1.548405,-0.377424,1.433643,0.064326,-0.510733,-0.242236,-1.647120,-1.189049,-0.837043,-0.532130,1.349612,-1.335486,1
-0.192148,0.060539,-0.309079,-1.909467,0.636778,0.582297,1.170350,0.452903,-0.586033,-0.198724,-0.750116,-0.560853,-0.345425,0.571027,0.080544,0.568650,0.195711,0.150937,-0.994066,1.126453,-0.692385,-0.847923,-0.272935,-0.169564,0.441639,0.277189,0.586260,0.371435,-0.937432,0.578964,-0.166100,0.869797,1
-0.684971,1.331836,-0.470735,-0.276579,0.688119,-0.290036,-1.338518,0.608484,0.673523,-0.718235,-0.205112,0.204208,0.550854,-0.592171,0.892521,-0.941318,-0.046268,0.357921,-1.555840,0.592914,-0.375387,1.165705,0.002770,0.085987,-1.057011,0.880850,-1.627665,0.217527,0.912706,-0.569515,0.485209,1.526695,1
-1.664354,-0.903471,-0.184716,0.810682,0.234477,0.483056,0.543152,-0.122761,0.375729,0.405709,-0.899130,0.804552,0.186052,-0.972033,0.090759,1.630564,0.930415,0.394255,0.250810,0.692502,-1.797997,0.244626,-1.413798,-0.299813,-0.639744,-0.554604,-0.457759,0.589754,1.207906,0.372817,-0.181546,0.257140,1
-0.978088,-0.587942,-0.845707,0.720830,0.642496,-0.702955,0.055316,-0.092476,-0.652935,-0.237750,0.460380,1.063785,0.686568,1.691169,0.833649,0.233346,0.586402,-0.287404,0.573774,0.295070,-0.581661,-0.158240,0.819635,-0.370807,0.231247,0.717440,-0.713538,1.098572,0.492865,-0.280498,-0.867089,-0.940629,1
-1.270848,-0.190322,-0.582265,-0.162844,-0.746559,-0.656290,0.285648,0.373956,0.450776,-0.759989,-0.660000,-0.195055,-0.957820,-0.089677,0.046923,0.198294,-0.909295,-0.646297,0.085752,0.601001,0.442104,-0.520960,0.444103,-1.233094,-0.092393,0.540418,-0.406984,0.548183,1.229999,1.030511,-0.449803,-1.608092,1
-2.002090,0.435418,0.956085,0.758829,-0.307635,0.130483,-0.997655,0.196015,0.810048,0.550400,-0.894539,-0.449988,-0.748281,-0.666398,-0.727365,0.056548,-0.855089,1.040811,1.189598,-0.143095,-0.467533,-0.324444,1.020931,-0.470705,0.736738,0.408087,0.479398,0.369507,-0.293040,0.292612,-0.111562,-0.491763,1
-0.372560,0.131938,1.169636,0.118772,0.989453,0.055140,0.104055,0.738448,-0.858195,0.274216,-0.151180,0.728949,-0.797450,0.275485,-0.060325,0.547820,0.568937,-0.869303,-0.998949,-0.269599,-0.860984,-0.636153,0.772876,-0.352062,-0.643661,1.203154,0.117255,0.172133,0.384850,-1.034467,-0.309996,0.019929,1
0.055025,1.724402,0.959775,1.193632,0.005825,-0.145314,-1.232182,-0.078480,0.824241,0.909448,0.098639,0.646866,0.637437,-0.358667,-0.279859,0.199220,1.077972,0.133474,-0.559460,-0.983094,-0.204839,0.786675,-0.804152,0.773902,1.380380,0.803206,0.510094,-0.433807,0.342156,-0.090516,0.094829,-0.090519,1
-1.287233,0.075958,-0.700783,-0.172302,-0.106314,0.771009,-0.511194,1.220878,-0.489892,-0.769209,1.529428,-1.197195,-0.408755,-0.141984,-0.352701,-0.295731,-0.905196,0.719987,1.127833,-0.838408,-1.115340,-0.372810,0.984649,-1.522334,0.510564,0.567402,0.638878,0.193320,0.850059,-0.250360,0.230654,1.943589,1
-1.700218,-0.082880,0.254272,-0.081571,-0.639946,0.374044,0.567588,0.709956,-0.267990,-0.555640,-0.304152,0.616540,-0.853306,0.368711,-1.373775,0.206421,1.083282,-0.919687,0.214252,0.426688,1.137290,-0.478818,0.074069,-0.550636,0.123853,-0.415916,0.286381,-0.894603,-0.267359,0.740036,-0.341709,-0.152224,1
-0.566479,0.548626,0.022968,0.117821,-1.131420,1.075364,-0.098424,1.100276,0.706776,-0.094794,-0.786263,0.689016,0.312170,0.455139,0.224085,1.785291,-0.154584,-0.796257,2.115829,0.031497,-0.909332,0.175034,0.352108,0.786922,-0.075058,0.093805,0.232160,-0.541229,-1.506383,0.235021,0.181181,0.392563,1
-2.151551,0.402260,-0.109608,-0.497782,-1.184334,0.108884,0.024839,0.695262,0.497361,-0.057813,0.932344,-1.475569,0.545520,0.007883,0.674932,-0.617926,-0.940741,-0.682464,-0.252931,-0.325669,-0.925497,1.039653,-0.934639,0.383835,0.412720,-0.931041,0.438967,0.061447,-0.074919,1.239060,-0.647799,1.086854,1
0.403756,0.136478,0.283083,0.273746,1.409046,-0.206547,-0.967346,0.747117,-1.057700,0.905702,0.252718,-0.213586,0.542022,0.587837,0.073588,-0.445124,-0.105938,0.702360,-0.120571,-0.210030,-0.077264,-0.548841,-1.506582,-0.273810,-0.052511,0.125807,-1.009464,-0.282540,-0.506362,-0.863383,-0.570329,-0.279720,1
-0.323965,0.894206,-0.316441,-1.023890,-0.028961,0.442670,-0.234825,1.308294,0.150313,0.575457,0.595182,0.046330,1.156644,0.234891,-0.965118,-0.448117,1.426202,-0.573156,-0.124322,0.263494,-0.555425,1.126923,-0.315935,-1.151443,-0.818979,-0.419679,0.824633,-1.153662,1.450385,0.461751,-0.182012,0.110355,1
-1.301296,0.525083,-0.060023,-0.549655,-1.028611,0.516975,1.710534,0.214183,1.097041,-1.406558,-1.114098,0.049500,-0.768829,-0.259854,-0.191651,0.609045,0.104422,-0.812696,0.555657,0.147717,-0.137346,-0.008699,-0.365252,0.095951,-0.078501,-0.159142,-0.067315,0.639743,-0.714947,-0.304013,0.302845,-0.451906,1
-1.409044,-0.699412,-1.179227,-0.207603,0.703292,-0.541857,-0.091120,-0.284241,-0.023187,0.652926,0.287333,0.733292,-0.342942,1.722700,0.373430,0.977175,1.401142,-1.428733,-0.700494,0.010834,-0.289187,0.324485,-1.007741,0.079570,-0.701187,-0.397071,-0.242671,0.013096,-1.322129,-0.657741,0.348791,-1.952924,1
-0.452834,0.762734,-0.620098,0.355515,1.240484,-0.144482,-0.955629,1.143090,0.461967,0.624592,-1.022544,1.499133,-0.366646,-0.578107,0.897675,-0.112817,-0.548119,-0.944388,-1.131374,0.100474,-0.559173,0.007122,0.114204,-0.735984,0.253332,0.538725,-0.118878,-0.943790,-1.148662,0.364798,-0.612520,-0.282829,1
-1.243810,-2.370445,-0.155457,1.052016,-1.540916,-1.149757,0.057039,0.443957,1.422388,-0.277282,-1.658527,0.509544,-0.563138,-0.476571,0.119583,-0.031136,0.895930,0.867190,0.123791,-1.123547,0.505509,0.487718,-0.761284,0.185962,0.585080,0.073169,0.081490,-0.584847,2.227819,1.848728,-0.283931,-0.034082,1
-0.567618,0.527017,0.693219,0.916865,0.039445,0.529790,0.512370,-0.599345,-0.702075,1.073218,-1.221922,0.341339,0.788206,0.644037,-0.782528,0.405764,1.344501,-0.194208,-0.285110,1.630311,0.650009,-0.337346,0.083048,-0.761177,0.449131,-1.014449,-0.039055,0.959214,-0.521170,-0.126470,-0.162538,0.465695,1
-1.196075,-0.780926,-0.791324,0.845505,-0.125066,-0.020954,1.203171,1.065036,0.995466,0.850896,-0.604622,-1.273482,-0.491713,-0.496896,-0.463229,0.131759,-1.295572,0.336526,-0.222028,-0.550499,0.930481,0.779875,0.676229,0.738093,0.307025,-1.409991,-1.435881,0.320098,-0.601615,2.029074,-0.758746,-1.097619,1
-1.060926,0.297681,0.022120,0.151733,1.117829,0.292812,-1.384078,-0.170683,0.203228,-0.882137,0.429792,0.673357,0.806550,0.638019,-1.489203,-1.292866,-0.152374,0.450474,0.315007,-0.034525,-0.985683,0.081236,1.148726,-1.028770,0.369521,0.319635,1.434922,0.682959,0.675714,-0.299182,-0.098549,-1.040768,1
-0.469876,0.378707,-0.742116,1.546767,-1.038908,-0.123867,-0.839809,-0.324103,0.395404,0.470039,-0.273554,0.163098,0.000423,-0.937828,-0.574379,-0.585597,0.457526,-0.557806,0.318327,-0.889835,0.521045,0.462810,0.743576,-0.398526,-1.049858,0.222298,0.585164,-1.354659,0.976712,0.801078,0.089535,-0.283906,1
-2.022579,0.649173,0.833419,1.123842,-0.802615,0.114364,0.638958,-0.733360,0.276709,-0.040415,-0.162137,0.297903,1.380611,0.325941,0.773187,0.243191,-0.439027,0.705959,0.573256,1.020206,0.528809,0.658142,-0.190796,0.894847,-0.303733,0.350706,0.592439,-0.083965,0.412428,1.337044,-1.058883,0.371566,1
-0.667467,0.953502,0.060512,0.535708,-1.189548,0.824767,0.662027,0.683805,-0.490425,-0.602503,-0.119097,0.392625,0.144783,0.539036,0.928455,-0.146587,0.774899,-1.447291,-0.011407,0.090217,0.500008,0.477722,-0.414668,-0.627708,1.008446,0.765738,-0.061507,1.109156,0.039344,-0.452181,0.951427,-0.865817,1
-0.464735,0.974036,-0.065679,0.563837,0.460658,-1.356048,0.505196,-0.018514,0.500725,-0.323689,1.615506,0.045763,0.521228,0.246946,1.239126,-0.775903,0.430468,-1.670521,-0.526777,0.334440,0.182338,-0.291102,0.734493,-2.306840,-0.112875,-2.071371,-0.760982,1.755567,-0.487430,0.648530,-0.988820,0.109356,1
-1.524867,-0.401997,-0.438495,0.172699,-1.153720,0.428173,-0.853512,-0.456699,0.478626,-1.890673,0.035224,-0.542340,-0.597056,0.038962,0.058136,-0.654440,-0.669859,-0.678051,-0.297238,-0.051809,0.092006,-1.101553,0.690276,1.464726,-1.228413,-0.367428,0.399514,1.174353,0.464937,0.818527,0.095424,0.660565,1
0.150095,1.255846,-0.508787,-0.562388,0.779196,1.088749,0.147174,0.315053,-0.660876,-1.011215,-0.602113,0.698437,-0.244405,0.934258,-0.081818,-0.307402,0.015426,1.472547,-0.626136,1.095081,-1.112638,0.580333,-0.857581,-0.329390,1.021393,-0.031998,0.335391,-1.486577,-0.242577,-0.013550,0.017988,1.540145,1
-1.203544,0.117336,-1.527034,-1.181928,0.058568,-0.189053,0.351073,0.412280,-0.475677,-0.761276,-0.135562,0.509873,-0.556810,0.627283,1.042107,-0.513357,-1.350774,0.383194,0.873867,0.621685,0.311892,1.090116,-0.681915,0.664412,-0.407983,-0.719155,0.861463,-0.027968,1.144497,0.560220,1.284220,1.176620,1
0.213337,-0.850461,0.091065,-0.599095,-1.001358,0.282749,0.349518,0.500739,0.978626,-1.003238,-0.586743,-0.245639,-0.141099,1.993779,-1.603634,-0.289350,-1.204183,0.494947,0.630627,-0.792766,-0.059430,0.584849,0.869771,-0.834465,-0.178147,1.932945,0.612335,0.258739,-1.371192,0.902553,1.808486,0.456070,1
-1.626789,-0.333875,-0.822497,-0.675312,-0.705180,-0.697639,0.540886,-0.977247,0.090403,0.194581,-1.330492,0.750283,-0.717307,0.193032,0.053931,-0.310187,0.470352,-0.710310,0.135435,0.431069,0.381250,-0.095457,-0.726326,0.621556,0.488536,-1.798027,0.507524,-0.261789,-0.157092,1.221719,1.113416,-0.467897,1
-2.467389,0.836857,-0.640853,-0.528101,0.274707,0.488047,1.741772,0.541856,0.249516,-0.077126,0.177455,-0.113625,-0.118999,0.927955,-0.648791,0.429151,1.510487,0.166264,-0.230098,-0.776160,0.663904,-1.398062,1.279162,0.321754,0.443321,-0.058546,0.109957,-0.164268,1.224016,-0.824399,-0.652180,0.410412,1
-0.894230,-0.049285,-0.614246,0.021843,-0.232039,0.203277,-0.283307,0.290602,0.671644,-1.729053,0.054547,0.544328,-0.683352,0.042258,-0.703002,0.011849,0.699678,-0.205709,-0.096842,-0.690509,0.897857,-1.505403,-0.506971,0.189158,0.976676,1.255204,0.181536,0.139868,0.012947,-0.041966,-0.074758,0.336468,1
-1.107249,0.618145,0.299218,-1.110923,-0.677905,-0.111957,0.638246,-0.320748,-0.217533,0.139055,1.374143,-0.249981,-0.446208,0.575915,-0.176745,-0.494976,-0.662034,-0.452791,0.669429,0.498078,-2.472659,0.019603,-0.184972,0.624075,0.059392,1.010398,0.878773,0.914873,0.285319,0.407979,-1.153441,0.162763,1
-1.293172,0.222728,-0.457426,-0.211610,-0.560378,-0.459749,-0.147810,-0.944830,0.251150,0.583047,0.888022,-0.603660,-0.642079,0.796875,0.811095,0.943864,0.001126,0.796540,-0.420195,-0.343396,0.529324,-0.027905,0.130132,0.193709,0.195467,0.296538,0.510061,-0.969738,-0.360683,0.508914,-0.071544,0.589854,1
-1.161548,0.528256,-0.198775,-0.345415,0.171173,0.934021,-0.319866,0.115398,-0.352184,-0.232419,-0.338674,0.142528,-0.229537,-1.132376,0.037474,0.395880,0.615375,0.661975,-0.029461,-0.553203,0.207922,0.175717,-0.301180,-0.230896,0.644717,-0.419584,-0.134547,-2.265220,-0.359500,-0.924147,-0.180345,0.546180,1
-1.120538,-1.409992,-2.234686,-0.872974,-0.322223,0.854955,0.431336,-0.439618,1.438726,0.236533,-1.288965,-0.766221,0.928891,-0.661281,-1.313480,-0.211543,-0.640353,-0.880358,0.766342,-1.683942,-1.778430,0.487021,0.063307,-0.740175,-1.973527,-0.131245,1.492580,1.633508,-0.277784,-0.291640,1.016047,-0.546343,1
-0.519329,0.438836,-0.420507,-1.650778,-0.164183,0.756799,0.084781,-0.273726,0.065642,-0.774997,0.248226,-0.632252,1.094987,0.035724,-0.662725,0.197165,-0.659534,-0.045343,-0.929652,0.668323,-0.229681,0.840841,-0.440254,-0.148544,-0.078626,1.340426,0.020890,-0.096949,-1.046021,0.603161,-0.518782,1.083695,1
-1.773473,0.276253,-0.422868,0.879605,-0.236306,0.397745,0.208914,0.542649,-0.314729,-0.057565,-1.198747,0.250151,-1.062156,-0.710485,-0.535221,0.051717,0.865373,-0.339423,0.937536,1.409833,0.107495,0.300514,-1.028020,-0.898709,0.010883,0.756772,-0.739681,-0.691187,-0.810869,1.772238,-0.398972,0.240735,1
-1.540304,-0.175743,0.154136,0.678526,0.635911,-1.304454,-0.660564,-1.137356,0.556850,-0.156626,1.033079,0.530881,0.186178,0.018971,-0.180681,-0.457209,0.534065,-0.183478,-0.317123,0.229650,0.265913,-0.348495,-0.721737,-0.081292,0.685196,-0.796683,1.403871,-0.404153,0.471040,-0.920060,0.796508,-1.072116,1
-2.612020,0.759385,-0.866856,0.025401,-0.976023,0.277107,0.287174,-0.043783,1.191656,-0.412146,1.710494,1.513736,0.557826,0.328710,-0.240186,-0.212564,-0.744561,-0.018586,0.332006,0.534899,0.887187,-1.091834,-0.454892,-0.786560,-0.358641,0.066201,-0.110314,0.620669,-0.267878,-0.815151,0.474441,1.805669,1
-0.565378,-0.327420,0.411884,-0.034221,0.367951,0.548226,-0.387705,0.045811,0.120671,0.054747,-0.992980,-0.297276,1.016076,0.382807,-1.111377,0.235665,0.380792,-1.187345,-0.987113,-0.762779,0.855851,1.242502,0.958421,0.387639,-0.665230,0.668464,-0.959972,0.603081,-0.342014,-1.146658,0.465671,0.743797,1
-1.016989,-0.129123,-0.697581,-0.199342,-0.519849,0.488662,0.123072,1.035263,-1.378784,1.149184,1.255967,0.262033,1.333639,-0.295226,1.036728,1.052159,2.474634,-0.825642,-1.222733,-1.179570,-1.227386,-0.564663,0.043106,1.693454,1.678189,1.046342,-1.583770,-1.490674,0.355447,0.242659,-1.129564,0.469362,1
-0.995181,0.264836,0.709367,-0.339190,-1.793898,-0.889566,-0.405537,1.170530,0.216853,-0.050885,0.657284,0.411845,0.097846,-0.126718,-0.072004,-0.987326,-0.344266,1.108968,-0.781837,0.269579,0.493806,0.612656,0.534697,-0.051851,-0.858984,0.266240,-1.152951,0.850531,0.969726,0.520165,-0.911638,2.091378,1
-1.276774,0.615199,-0.657744,0.498367,-1.347769,0.617382,-0.186536,-0.756876,-1.047172,0.161332,-0.484524,-0.049876,0.019170,-0.603012,1.018449,0.175794,0.147901,-0.986481,-0.049441,0.130142,-0.478678,-0.358315,0.354016,0.025345,-1.838237,0.336931,1.173549,-0.147246,-0.204474,0.602089,-1.253613,-1.057305,1
-0.213733,-0.076817,-0.140912,1.479683,0.333236,-0.770408,0.329348,-0.830665,1.019483,-0.864169,-0.584777,-0.721328,-0.525255,-0.904117,0.907299,0.777791,0.891902,0.288021,-0.893470,0.252964,-1.041314,0.172370,-0.239876,0.478128,0.423198,-0.223266,1.760046,-0.111917,0.790414,-0.557445,-0.418606,-0.886133,1
-1.938042,-0.041335,0.605623,-0.592123,-0.302451,0.493057,0.090396,0.883655,-0.263906,0.781183,0.694140,-0.892319,0.353009,-0.775891,-0.270537,-0.251354,0.586625,0.652638,-0.922027,0.006211,0.024039,0.097804,1.063152,0.133011,0.908253,-0.222924,-0.844360,-0.392909,1.139616,0.062101,-1.201437,-0.562143,1
-0.716443,-0.759413,-0.417764,-0.460502,0.902416,0.704908,0.001965,0.341787,0.699670,0.748022,-0.459285,1.214710,-0.504616,0.573040,-1.098498,-0.057240,1.534503,0.754151,1.443797,0.641327,-0.901309,0.016444,1.424054,-0.593758,0.760393,-0.165592,0.128908,0.781950,-1.459235,-0.656691,1.183935,-1.038174,1
-1.166027,0.389389,1.454807,0.752173,-0.663577,0.197145,-1.327957,-1.847872,0.651648,-1.480495,-0.767531,-0.485031,-0.829087,-0.260334,0.095288,-1.189844,-1.167286,0.245601,-0.759664,0.858083,0.154120,0.617701,-0.350323,0.462938,1.032239,0.800023,-0.904312,0.103001,1.426737,1.188903,0.194841,-0.168205,1
-0.483476,1.043867,-0.549907,-0.714907,0.563454,1.252774,-1.382310,-0.137046,0.740092,-0.326877,1.295064,-0.477506,-1.383135,0.140452,0.077357,-0.376232,-0.060432,-0.346313,0.184702,0.526039,0.125351,0.620857,-0.241184,-0.030313,1.022386,0.318458,1.933570,1.929512,0.199636,-0.020388,0.564048,0.674793,1
-1.190177,0.611619,-1.148168,-0.139089,0.881440,-0.438940,-0.935751,0.160163,0.147806,0.639763,0.855458,-0.843145,0.073763,-0.504695,0.183831,0.610712,-0.721575,0.951348,-0.512791,-0.637845,1.157696,-1.294975,-0.162116,-0.327359,-1.102050,0.909959,1.058270,1.086414,-0.101793,-0.871454,-0.402004,-0.470159,1
-0.591922,0.762285,-0.751918,-0.408388,-0.172704,-1.003362,0.260462,-0.430334,0.301327,0.725709,-0.591151,0.713958,-0.962545,-0.055412,0.195008,0.897829,-0.645221,-0.004056,0.650318,-0.730555,-0.945569,-0.084104,0.579186,-0.769664,0.713683,-1.015369,0.568489,-0.618754,0.184046,0.016047,0.098675,-0.531617,1
-0.318230,2.229988,0.232182,0.687100,0.560838,0.311998,-1.212547,0.762246,-0.318397,-0.751024,-0.143317,0.124083,0.095446,-1.034227,-1.696500,1.038126,0.253351,-0.516747,0.430524,-0.665320,-1.601489,-0.217565,-0.327778,0.047441,-0.734576,0.778313,-0.626006,0.902399,-0.141488,1.208895,0.662881,-0.122328,1
-0.836494,0.280334,1.335044,0.990133,0.761709,-0.720018,-0.727880,-0.872536,0.645155,-0.354971,-0.097719,-0.744218,-1.090395,-0.271490,-0.495961,0.521447,-0.266801,0.539188,0.474791,1.271258,-0.613451,-0.607832,0.780693,-0.665808,-0.145096,2.355570,0.534971,1.048177,-0.086269,0.700168,0.637980,0.228836,1
-1.818323,0.804305,0.599293,-0.851104,0.885149,-0.176386,-1.401817,0.365416,0.513959,-0.353310,-0.377119,-0.543886,0.708278,-0.291003,1.049964,1.131405,1.528782,-1.712786,1.416762,-0.117145,-0.218049,-0.794180,-0.059731,0.525550,-0.446293,0.029024,0.000112,-0.018666,-0.069035,0.098663,-1.263289,0.665850,1
-1.133967,-0.315499,-0.305432,-0.312809,0.049488,-1.544040,0.131607,0.860004,-0.688623,-0.172685,0.645863,0.117777,0.521365,-0.773149,0.324927,-0.820710,-0.074514,-0.319840,-0.200401,0.256172,0.330962,-0.341074,0.499181,0.290043,0.607516,1.261794,0.011550,-0.319193,-0.702769,0.312614,-0.761458,0.621020,1
-1.509549,1.222697,-0.588277,0.421843,0.666428,1.059027,0.439832,-1.153361,0.039203,0.192721,0.627122,0.139815,0.025926,0.603237,0.138891,0.136444,1.019043,1.275949,0.877244,0.013637,0.041368,-0.133344,-0.174553,1.399984,-1.980692,0.639159,0.500084,1.050807,1.346629,0.461264,0.200252,-0.498958,1
-0.370749,1.540812,-0.234524,0.312968,-0.371433,0.850234,-1.116810,-0.007979,-0.390783,0.129197,-0.467336,0.297511,-0.612770,0.647241,0.257069,-0.386158,0.903413,0.728151,0.314538,-0.515917,-0.123020,-0.715788,0.607903,-0.935717,-1.207522,1.010343,1.026409,-0.158314,0.143779,-0.164585,-0.332389,-0.235283,1
-1.459605,-0.398726,-1.015032,-0.101532,0.100052,0.143399,-0.438332,-1.103927,-0.456862,-1.244637,0.528803,-0.599071,0.008863,-1.140058,0.251396,0.275285,-0.621342,-0.176241,0.714339,0.473038,0.052505,-0.115563,-1.039385,1.683549,1.924708,-0.833002,0.656072,-0.477367,1.210086,-0.769706,0.507581,-0.644556,1
-1.799148,0.352908,0.486512,-0.521377,0.591989,-0.137016,0.409539,-0.313432,-0.441173,-1.116786,0.356238,-1.155727,-0.654192,1.171468,0.659934,0.210594,-1.014061,-0.100329,0.689302,-0.065211,-0.535966,0.715661,0.429440,-1.766416,0.934136,0.263248,-1.388393,0.277123,-0.459319,-0.159278,-0.079925,-0.525984,1
-0.922245,-0.389477,-0.903579,0.534623,-0.662212,-0.850604,-0.717797,0.277712,-0.289463,-0.222418,-1.354766,-0.200530,0.779628,-1.605991,-0.387647,-1.247869,0.232216,-1.040232,0.101767,-0.032250,1.033049,0.776341,0.669815,-0.650426,0.594627,-0.206404,-0.156738,-1.439128,0.038290,0.832918,-0.507811,0.603564,1
-0.925236,-0.496086,0.293511,-1.235433,-0.114085,-0.729534,0.364311,-0.862797,-0.932415,-0.023955,0.188105,-0.532354,-0.859644,-0.342644,0.906245,-1.043032,0.491283,-0.123812,-0.148710,0.301457,0.999175,1.027428,-0.126009,-1.449653,-0.571194,-0.415746,-0.873991,1.424631,0.437680,1.103591,0.339131,-0.542050,1
0.957883,-0.736188,0.897728,0.416227,-1.269436,0.869674,0.748073,-0.573299,0.271480,-0.740112,-1.350919,0.749446,0.473280,1.877031,-0.531343,0.777074,0.377415,-0.256394,0.079047,-1.751480,-0.064527,0.592331,-0.978748,-1.071057,-0.080664,1.492545,-0.944301,-0.663321,-1.196365,0.354537,0.455861,0.892791,1
-0.562933,-0.328053,-1.697473,0.946097,0.201631,-1.599789,1.018270,-0.383498,0.653371,-0.999898,0.262743,-0.052828,-0.198441,0.212867,0.647310,1.021310,-0.904435,-0.233211,-0.493533,-0.207051,-0.865782,-0.288309,-1.072321,-0.921264,-0.375168,-0.346390,-0.667492,1.071986,0.687565,-0.888166,-0.607597,0.951750,1
-0.012284,-0.106647,-1.007897,-0.821100,1.696684,0.121489,-0.259056,-0.022048,0.932706,1.252733,-0.354175,-0.876856,0.769288,0.574622,1.635615,-0.525239,0.599945,0.228491,0.269666,-0.269328,1.288691,-0.343933,0.114569,-0.470194,-0.605397,0.795254,0.695588,1.387262,-0.191403,-0.669809,0.689130,0.358995,1
-2.007780,-0.456178,-1.454442,1.010711,0.552273,-1.029625,-0.209002,1.142836,-0.330039,-0.092569,-0.302497,-0.015076,-0.172715,0.276934,0.835163,-1.119401,-1.446093,1.083177,0.620554,0.737695,-0.688945,0.440035,-0.124199,-0.341870,0.349498,0.201102,-0.244834,-1.379081,0.792126,0.672556,-0.444795,0.740244,1
-1.840943,-0.342459,-1.203814,-0.176846,-0.124808,0.460580,0.921870,1.314868,-0.798244,0.300878,-0.245781,0.017615,0.607008,-0.785891,0.540667,0.265630,0.506241,0.267687,0.282056,-0.027933,0.180902,0.268175,-0.720198,-1.092274,-1.145702,0.357308,0.642406,0.482230,1.171720,-0.948302,0.294091,-0.484368,1
-0.784075,0.116663,-0.679172,0.703339,0.363317,0.399605,-0.562639,-0.270631,-1.410435,-0.579141,0.708727,0.189032,0.588989,0.674704,0.197283,-0.241754,-0.221388,0.463352,-0.287726,-0.692260,-1.031665,-0.709949,0.448037,-0.005007,-0.343055,-0.951971,-1.347566,-0.288027,-0.453399,0.646559,0.697237,0.527135,1
-0.898023,1.301838,0.830182,0.059600,0.165934,0.196619,0.796438,1.707329,0.083122,-0.628087,-0.546011,-0.457881,-0.514528,-0.905020,-1.193744,-0.130422,-0.062295,-1.311341,-0.526293,-0.221162,0.178839,-0.635616,-0.053876,-0.453313,-1.086548,0.419688,0.089776,1.233741,1.110486,-1.773707,-0.155737,0.395262,1
-1.029691,0.759789,-0.506447,0.458486,0.629254,1.455409,0.625367,0.549104,-0.518532,-0.403365,-0.674405,-1.305275,0.248821,0.837365,1.048910,0.139360,0.247802,-1.004484,0.287472,0.979857,1.639098,-0.158401,0.894845,0.970883,0.323941,0.863520,1.237572,1.622219,-0.430379,-0.670628,0.739587,0.389881,1
-1.131419,-1.413385,0.446425,-1.443463,-1.745795,-1.426229,-1.327335,0.139306,0.055984,0.277106,1.510105,-2.447327,0.636137,0.980273,0.001923,-1.124167,0.966158,0.184821,-0.405963,-1.098275,0.811935,0.694487,-0.259422,0.087687,-0.656191,0.165206,-0.246169,0.711441,-0.373436,0.214413,0.955331,-0.228640,1
-0.110822,0.472976,-0.345237,0.607567,0.551659,0.429125,0.367540,-0.033160,-0.323183,0.353069,-0.274243,-0.168478,-0.594255,0.019506,0.284195,-0.233129,0.391296,-0.603846,1.941655,0.860253,0.238849,2.716369,-2.107059,0.991977,0.577492,1.329334,0.259653,0.670269,-0.790034,-0.587918,-0.078491,-0.778493,1
-1.381866,-1.320245,0.695570,0.071700,-0.331287,1.475189,-0.843417,-0.138615,-0.024195,-0.280728,0.167745,0.561070,0.750468,1.453992,-0.836426,-0.725170,0.806248,0.375668,0.289751,0.868568,-0.160732,1.252598,-0.185539,-1.637588,-0.440660,-0.177878,0.655164,0.512228,-0.340533,-0.053630,-1.026678,-0.885440,1
-2.900485,1.277642,-0.223912,0.250758,0.730427,-0.321757,0.024614,0.158098,-0.445333,1.125358,-0.433329,-0.259660,-1.043073,0.203113,0.258412,0.615453,0.385134,0.070343,-0.794462,0.214532,0.196231,-1.981976,0.863452,-0.075015,-1.237430,-1.123238,0.635879,0.042607,1.386568,-0.024856,0.923768,-2.114956,1
-0.692297,0.570610,0.939800,-0.634297,-0.369219,-1.080847,-0.836178,0.015538,1.614661,0.566118,-0.908311,0.421370,0.641613,0.489175,0.474386,0.086203,0.381206,-0.786865,-0.751716,-0.179801,-1.399314,-0.889180,-0.303091,0.570439,-0.488203,0.093811,0.507992,0.099827,-0.678528,-0.902052,0.949553,0.507030,1
-0.665298,0.267233,1.200105,0.145102,-0.898026,-0.375805,0.456138,-0.449150,-1.611637,-0.863171,0.438586,0.390994,0.280743,-0.311925,-0.031251,-0.288541,-0.237546,-0.847225,-0.961162,-0.065134,0.813491,-0.625816,0.711807,-0.838450,1.082588,-0.065407,0.933299,0.124584,0.070416,0.730452,0.906257,1.220508,1
-0.751355,0.309418,-0.277787,0.711404,-0.483983,-0.754228,1.358863,-0.362963,0.806903,-1.739436,0.590522,0.105015,-0.889352,-0.272372,-0.020234,0.834734,-1.252563,-0.023511,-0.624098,0.229622,0.370435,0.663537,0.259504,0.224237,0.147861,0.428833,-0.245173,-1.046778,-0.193408,0.030363,0.108594,0.424390,1
1.111979,-1.166999,-0.599186,0.766994,-0.016657,1.345588,1.195892,0.119330,1.940058,-0.843653,-0.724861,1.064505,-0.132646,-0.460368,0.576354,-0.640567,1.402766,0.728091,-0.195583,1.078526,0.329630,-0.981355,-0.874950,1.110523,-0.385064,-0.391934,-1.057225,-0.494055,-0.640161,-1.197942,0.386999,0.359646,1
-0.627350,-0.144975,0.162091,-1.104608,-0.381492,-0.336158,-0.362673,1.806773,0.447713,1.034328,0.978170,-0.827061,1.397736,0.302358,-0.072310,1.602965,-0.591051,0.318863,0.018884,0.332976,1.363341,-1.003975,-0.574392,0.735494,-0.774862,-0.797583,1.192413,-0.458570,-0.960444,-1.074283,0.587279,0.851401,1
-0.785342,-0.080682,-0.988642,-1.064190,-0.130613,-0.856335,0.961789,-1.406518,1.048874,-0.310221,1.023389,-1.510510,-0.554159,-0.796929,0.312416,-0.248788,-0.075279,-0.086203,0.864208,0.150653,0.264742,0.715344,0.912726,0.893909,-0.663519,1.439247,0.365642,0.792733,-0.383909,-1.368357,1.100318,-1.598698,1
-1.080293,-0.479958,0.875355,-0.130153,-0.027554,0.301343,-0.748434,0.009626,0.109992,0.192085,0.649916,0.220957,-0.331882,-0.944342,0.725806,-0.353568,-0.298074,-0.386789,-0.524068,0.102362,-1.216745,0.053397,-0.689095,0.126792,-0.326262,0.548222,0.343853,-0.313490,-1.324572,-1.628063,-1.142701,-0.010740,1
-0.444359,0.077250,0.630750,0.829556,-0.375592,-0.337408,0.927238,-1.459198,0.312332,2.058765,-1.496178,1.223148,0.303315,-0.055551,0.025635,-0.243881,-0.029137,-0.739531,0.542053,0.816956,0.315976,0.844309,-1.149745,0.264620,0.079904,-0.126162,0.012107,-0.101257,0.364089,0.493475,0.069422,-0.027400,1
0.074051,-0.423936,-0.553944,0.784520,0.152071,-0.160880,0.423598,-1.183324,-0.499267,-0.435431,-0.345057,0.408705,0.747908,-0.831480,1.091219,1.136969,0.409974,0.117795,0.161354,0.113463,-1.164652,1.916969,0.793546,0.808439,0.451792,0.168537,0.326197,-1.573916,-0.640005,-0.759626,0.172420,-0.634126,1
-0.363707,-1.724292,-0.112964,-1.201166,-0.061985,0.710380,0.080248,0.754258,0.760987,0.987190,-0.221276,0.283070,0.844541,0.100662,-1.322966,1.171167,0.100139,0.602916,-0.108312,0.351311,-1.027162,-0.067104,-0.125101,-1.243323,-0.267909,-1.344000,0.771244,-1.166936,0.567409,-2.094880,0.541328,-0.240942,1
-1.309896,0.973418,-2.081874,-0.241016,-1.793276,0.041494,1.750591,0.674142,-0.116851,0.192291,-1.012607,0.090718,-0.209835,-1.047512,-0.095329,-1.645482,-0.454772,-1.413166,-0.950818,0.659404,-0.185417,-0.748765,0.545148,-0.314148,0.669213,0.640331,-0.005613,-0.052272,-0.286378,0.785455,-0.795597,-1.134909,1
-0.870273,0.158278,-0.723803,0.603626,-0.170215,0.148059,0.239997,0.089815,0.105469,0.840142,1.373712,0.483382,-0.211391,-1.046411,0.516264,1.122953,0.984987,-0.241953,-0.523470,1.529780,-0.729716,0.213076,-0.310430,0.119300,0.263315,-0.211137,0.777582,-0.748301,-0.410762,0.179118,1.546505,0.307045,1
0.796896,-0.126416,0.674387,0.087121,-0.208556,0.391645,-0.710485,0.892070,-1.419770,-1.024448,-0.851894,-0.225833,0.983873,0.847952,-0.867815,2.193012,-0.998136,-0.467647,0.333975,-0.021578,0.759965,0.716118,0.012592,-0.078794,0.887572,0.782288,0.491785,0.638990,-0.737080,-0.175639,0.804936,-0.370279,1
-1.315832,-1.613815,1.006962,-0.749553,-2.257394,-0.779872,-0.328158,-0.808877,0.757933,-0.533075,-0.647716,-1.234890,-1.734224,-0.478513,0.627324,0.462195,0.078629,0.729101,1.677717,0.526898,0.210827,-0.983248,-1.146041,0.948144,0.800354,-0.071377,0.055395,-0.131944,-0.774190,0.315257,-1.577131,-0.280461,1
-0.354267,0.119099,-0.960502,0.465565,-0.510821,-0.287515,-0.870842,-0.265015,-0.160893,-1.176746,0.630547,-0.812334,0.149700,0.662987,-0.235339,0.072658,-0.034479,-0.587525,1.330831,0.582287,-2.776444,1.315014,0.343673,0.970209,1.068174,1.686748,1.307247,0.281386,0.087630,1.113683,-0.233468,-0.561704,1
-0.002414,0.883616,-0.509743,-0.085394,-0.698806,0.006183,0.481010,0.234887,-0.345067,-0.114284,0.499785,0.025836,-0.276068,0.039721,-0.859847,0.173795,1.476362,0.381558,0.211015,-0.297945,-0.778737,-0.624428,0.007115,0.257380,0.066393,-1.223268,0.901098,-0.842730,-0.711740,0.144232,0.449174,0.738314,1
-0.552422,0.956556,-0.883866,-1.294391,-0.632278,0.623629,1.327196,-0.244699,-0.423337,-0.343438,-0.803712,-0.423586,0.081702,-0.685166,0.033037,-0.184655,-0.346759,1.035685,-0.965891,0.622459,-0.337054,-0.545418,-0.921374,0.928165,-0.583676,1.001907,-0.226909,1.087769,0.685427,-0.631979,-0.807719,0.129737,1
-1.031097,0.761231,0.222551,-0.058528,0.633650,0.312404,-1.395321,0.100902,-0.701045,0.156921,0.741227,0.352022,-0.554790,-0.149579,0.296835,-0.494107,0.498457,-1.288702,0.777464,-0.621170,1.041882,0.593867,-0.025496,-0.002907,0.825292,0.333836,-1.033941,0.436093,0.481489,0.173273,-0.364982,-0.174069,1
-0.193343,-0.344096,0.179267,-0.538323,0.420068,-0.828597,-0.367516,0.123791,-0.153334,-0.245570,0.925222,-0.622874,0.817544,0.438639,-0.702968,-0.628791,1.324636,-0.148938,0.328980,0.211780,-0.259181,-0.563846,0.166239,0.547629,0.628182,-1.032113,-0.155895,0.641952,0.642832,1.269551,-0.953435,-0.467195,1
-0.123097,-0.501289,-0.496270,0.208231,-1.170446,1.430311,1.193490,1.061964,-0.423568,-1.518845,-0.088118,-1.132155,0.350014,-0.429203,0.211908,-0.899105,0.899880,0.400991,0.584268,0.364969,-0.186036,1.139620,-0.906981,-1.091677,1.385601,0.865399,-0.061409,0.280977,-0.769596,1.568537,-0.670083,-0.392264,1
-0.042964,0.332786,-0.988764,-1.029253,-0.079731,-0.279666,-0.875804,-0.800398,0.308378,-1.221400,1.214679,-0.472845,-0.429244,-0.880365,0.305053,0.047531,-0.475735,-0.599169,0.836550,-0.352157,0.597714,0.118962,0.064509,0.549165,0.463631,1.168025,0.045093,0.573800,-0.583377,-1.039091,-0.575723,0.352060,1
-1.190196,0.615838,0.723224,0.517026,-0.384902,0.355178,0.779039,-1.345912,0.205088,-0.486974,0.407223,-1.504989,0.375117,-0.514628,-0.374592,0.248796,1.199760,1.943222,-1.862686,-1.106651,0.872387,0.717236,0.447057,-0.351338,1.345708,-0.005163,0.158881,-0.109524,-0.300150,0.216684,0.717800,0.545804,1
-0.357496,-1.580524,0.596685,1.509041,0.153178,0.196891,0.091994,1.382479,1.086437,0.137338,-0.253921,0.077937,0.758638,1.011199,-1.038126,-0.197153,0.296066,0.444149,0.136200,-1.087569,-0.232906,0.627818,-0.932937,-0.840888,-1.016177,-0.232881,0.751068,0.190364,1.256458,-0.303118,-0.943312,-1.499230,1
-1.400892,-0.398915,-0.074136,0.048414,0.176623,0.079807,-0.248797,0.238010,-1.113990,1.077251,-0.294773,0.764866,-0.331423,0.101365,-1.609766,0.074702,0.274149,0.268055,1.144259,1.257702,0.330997,-0.443087,2.209723,0.025662,-0.875440,0.974806,-0.831691,0.279982,-0.434867,0.099583,0.074808,-0.280943,1
-1.544273,1.061069,-0.125083,0.418063,0.387339,0.229768,0.286315,-0.765446,-0.767142,-1.054895,0.279897,-1.361028,-0.101604,-0.217751,-0.523169,0.203163,-0.791235,0.720580,0.636178,1.018671,0.314127,0.551114,-0.224837,1.822900,-0.933650,1.217986,-0.684708,-0.424488,0.107928,-0.643129,0.292762,0.504487,1
-1.234035,0.357817,0.989258,-0.170369,-0.115279,-1.338258,-0.482866,0.681754,0.303268,1.084616,-0.597751,-0.950588,-0.048179,-1.648765,1.073955,0.731183,-0.751515,0.359987,0.283055,-0.418570,-0.232213,1.685000,0.265478,-1.481372,-0.868004,0.632784,0.450540,0.115676,0.139827,0.461818,0.826380,0.694676,1
-0.389090,-0.331445,-0.395672,-0.369465,0.076998,-0.454796,-1.291173,0.299351,-0.888125,0.682713,-1.298226,-0.339244,-1.110843,-1.086622,0.305005,-1.927590,0.619550,-0.029152,0.307142,0.398210,-0.185127,0.006654,0.269036,0.673977,0.280977,-0.098714,0.154807,-0.463238,-1.095981,0.553480,1.268720,-1.039382,1
-1.616722,-1.069752,-1.271820,-0.997615,-1.072286,-1.421428,-0.142264,1.740390,-0.169668,0.554900,0.146507,-0.000642,-0.560971,0.840639,-0.212435,-0.554912,-0.103936,0.389298,-0.520694,0.078075,-0.699952,-0.312458,0.478514,0.234477,-0.977905,0.388034,0.056147,0.107512,-0.873901,1.029608,0.503545,-0.556892,1
0.500497,0.167827,0.216185,-0.301908,0.665121,-0.925472,-0.628194,0.016934,-0.384730,-0.500198,-0.930911,0.551588,0.963473,0.432879,-0.389576,0.241471,1.023090,0.520616,1.478732,-0.518800,-1.280336,-0.948827,0.053882,1.043506,0.427156,1.062835,0.171244,-1.141442,0.688125,0.868276,1.819626,-0.925656,1
0.419215,-0.475311,0.933418,0.078771,0.447462,-0.723306,-0.037483,-0.360998,-0.056686,0.777856,0.457574,0.255102,-0.397089,-0.045286,-1.610576,0.373636,-0.059543,-0.067375,-0.528986,0.006817,0.528902,0.700028,0.087819,-0.127809,-0.059878,-0.302971,-1.880537,-1.008833,-1.218227,-0.931394,-1.081542,-0.623235,1
-1.394872,-0.098149,1.308999,0.647678,-0.928370,1.025569,-0.966081,0.419942,0.434863,0.621526,-0.162905,0.125301,1.050855,-1.174612,1.746904,-0.478526,-0.638310,-0.190458,0.439867,0.881532,0.181644,0.059656,-0.462793,0.486044,-0.537100,-0.778948,-1.374349,-0.675272,0.090202,-0.017792,-1.303728,0.757615,1
-0.656704,0.098461,-0.647938,-1.254892,0.131357,0.219996,-1.434953,-0.431415,0.660564,0.238257,0.730698,-1.037168,0.138598,-0.344923,-0.217406,0.769494,0.518399,-0.372124,-0.817175,-0.105736,0.249592,1.454244,1.329907,-0.643385,0.000896,0.786257,0.762874,-0.369296,0.738727,0.215614,-0.920103,0.886635,1
-0.847474,-1.365073,0.865465,1.650411,-1.047776,-0.753276,-1.911877,-0.625007,-0.487812,1.015170,0.257409,0.941843,-1.629151,0.343016,-0.346139,1.262357,0.718062,-0.557731,-0.713414,-1.437491,0.800323,-1.110089,-0.484196,-1.903785,-0.925588,0.394165,-0.121485,0.205156,-0.092505,0.291118,-0.134484,0.295166,1
-1.300170,0.394308,-0.526554,-0.706213,0.481926,1.208185,-1.139272,0.254364,0.679702,-1.432273,-1.215451,0.114362,0.148367,-0.453988,0.113840,0.106660,1.211243,-0.712378,-0.934035,-0.637646,-1.755344,0.586756,0.512058,0.721023,-0.274811,-0.205767,-0.410125,0.214403,-0.513145,-0.989697,-0.721409,0.252129,1
-1.846941,0.085379,-0.363660,-0.617641,-0.174165,-0.777250,-0.979210,0.536742,-0.630972,-1.179229,-0.656812,-0.811460,-0.281394,-0.728696,1.253039,0.044789,1.040165,-0.120544,1.819592,0.731728,0.419687,1.230780,-0.794620,-0.092259,0.327313,-0.157351,-1.066755,1.118467,0.213795,1.491300,1.245663,0.081133,1
-1.001364,-0.065202,0.700271,0.193629,-0.263736,0.743623,-0.942433,-0.346145,0.257939,0.066595,0.323524,0.488518,0.783675,0.861740,-0.398833,-0.073835,0.616686,0.300559,-0.214177,-0.822046,-0.250801,-0.696580,-0.435068,-0.396368,-0.080213,0.131641,0.523209,0.066374,0.438662,0.926025,-0.326874,0.508107,1
-1.960690,-1.366848,-1.759173,-0.807930,0.327131,-0.500584,-0.184900,0.602059,-0.436585,-0.638934,0.264711,0.503329,-0.398992,0.769797,0.225902,-1.163151,-0.342852,-0.129177,0.330650,0.459607,-0.268871,-0.276083,0.779092,-1.067660,0.825178,-0.819184,0.566501,1.469609,0.246697,-1.144597,-1.984226,-0.851657,1
-1.883768,0.827586,-0.012670,-0.650803,0.165184,0.758140,-0.376026,0.356500,-0.158931,1.114031,0.126561,0.663889,-0.107451,-0.177852,0.695599,0.363338,-0.538200,0.798833,-0.659359,0.194597,-0.043238,0.376839,-0.693756,-0.134514,0.044694,0.143225,-0.068219,0.726280,-0.171317,-0.473022,1.457823,0.781435,1
0.066493,0.482756,0.484627,-0.695868,1.633651,1.564467,-0.378813,0.041620,-0.285580,-0.622936,-0.684369,-0.481208,-0.360719,1.713892,-0.131345,0.307649,0.319209,0.516006,0.139900,-0.152133,-0.640579,-0.521517,0.204382,-0.595562,-0.217110,-0.600044,1.872643,0.294263,-0.889680,1.584256,0.357578,0.222831,1
-0.906280,-0.280792,-0.781515,-0.324118,2.787318,0.258724,-0.055480,-1.257297,0.644257,0.264754,-1.996901,0.358747,-0.473866,-0.438659,-0.512217,0.293101,-0.167216,0.369889,1.028651,0.126004,-0.667248,-0.087816,-0.143496,-0.236800,-1.254658,-0.034698,-1.050665,-0.470141,-0.749586,0.381473,0.925030,-0.723855,1
-1.384536,0.605674,0.261008,0.417526,1.733738,-0.032428,0.766572,0.073561,1.276856,1.081486,0.549280,0.846627,0.554072,0.495551,-0.207247,0.781653,0.840608,-0.497866,-0.148237,-1.499485,-0.538837,0.767749,-0.722317,-0.474779,0.731142,0.257534,0.249501,0.287659,0.221408,0.673682,0.282019,0.395682,1
-1.913646,-0.257259,-0.067160,-0.672881,-0.648091,0.589215,-1.070337,-1.019704,0.925833,-0.732325,-0.830595,0.096567,2.120052,-0.280780,0.715771,-0.619588,-0.290670,0.741613,1.628078,0.079596,-0.672079,-0.156791,1.724614,0.033647,0.608047,0.581295,-0.018147,-1.305475,-0.680411,-1.445476,0.142627,-0.178827,1
-1.031866,1.013948,-0.296638,-0.170842,-0.066846,-1.705745,0.092503,-0.603072,0.014818,-0.166609,0.186437,-0.451854,0.643080,1.261817,-1.491193,0.127201,0.639545,-0.582219,0.446398,-1.048309,-0.115877,0.482486,-0.293807,-1.128251,0.087668,0.164337,-0.947380,-0.231813,1.289019,-0.822918,-1.409086,0.953301,1
-0.132588,1.054421,-0.047675,-0.215075,0.082969,-0.188095,-0.223856,0.610391,-0.400588,1.255075,-0.104096,-1.705901,-0.210208,-1.599466,-1.121201,0.806930,0.509516,-0.545676,-0.284489,-0.029429,-0.735657,2.194848,-0.684973,0.977215,1.044203,0.322094,-0.606973,-0.136352,0.254243,0.341978,0.625005,0.030018,1
-0.739002,-0.254335,-0.649183,-2.198428,0.241723,-0.275235,-0.196070,1.038997,1.616802,-0.841176,-0.124670,-0.399125,0.570466,0.624658,0.919491,-0.979428,-1.069189,-0.472289,0.187606,-0.006922,-0.688937,-0.029797,-0.379389,-0.423486,0.060881,1.349897,1.042492,1.281494,1.496941,0.000995,0.494799,1.436150,1
-0.946967,-0.557949,-0.595873,-0.139931,-0.380382,0.530502,1.414120,-0.510302,0.387749,0.147118,0.465171,-0.238726,-0.961668,-0.279126,0.776823,0.219690,0.378793,-0.603317,-1.635413,0.604122,-0.935426,-1.354482,0.355087,0.247656,-0.165976,1.123219,-0.488132,-1.069608,0.870945,0.399421,-0.869193,-0.480538,1
