0.077072,1.405687,0
0.698651,1.304660,0
0.204948,0.898763,0
2.901707,2.753222,0
1.247938,2.519142,0
1.403000,0.936198,0
2.173022,1.291688,0
1.391417,0.650738,0
2.301424,-1.585894,0
0.830860,-0.189011,0
0.431535,0.997317,0
2.623702,0.113358,0
0.159120,0.839521,0
-0.931334,1.580306,0
2.905836,1.894151,0
0.391455,0.471456,0
0.699284,0.914903,0
-0.605987,0.597354,0
0.280719,1.362312,0
1.432962,1.080603,0
0.299605,2.573607,0
0.601669,1.597973,0
1.290658,0.886787,0
0.060048,-0.298343,0
0.916070,0.323620,0
-0.334476,0.208383,0
1.225696,2.092885,0
-0.363451,1.269583,0
1.345863,0.760043,0
2.550021,1.968171,0
-0.163066,2.062089,0
2.252498,1.357109,0
1.594803,-0.781100,0
0.795115,0.859214,0
1.877263,0.879272,0
1.958461,0.369970,0
1.011839,0.476185,0
1.573131,2.726987,0
1.455006,0.025068,0
-1.132938,1.285830,0
0.804837,1.236811,0
0.168176,1.384790,0
0.872590,1.348332,0
-0.374638,-0.073101,0
2.312514,-1.795743,0
2.606235,1.009869,0
1.216656,1.614907,0
0.820540,1.380396,0
-0.369585,-0.470204,0
0.200957,1.553202,0
0.917831,-0.096364,0
-0.723466,-0.589122,0
0.397185,0.705974,0
1.130068,1.212140,0
2.628303,3.203122,0
0.157932,-0.571007,0
-0.919450,1.497358,0
0.873332,1.844833,0
0.161541,2.811280,0
-0.752773,1.872998,0
1.792952,0.119473,0
1.562042,2.000090,0
0.443555,0.634695,0
2.558631,-1.049842,0
3.415338,3.028447,0
4.397163,1.691032,0
1.243586,-1.322464,0
0.260764,0.576521,0
0.536630,0.906349,0
3.329946,2.023352,0
0.077482,0.549272,0
0.349966,0.699722,0
0.793742,1.338459,0
0.090630,2.369386,0
1.057879,2.029366,0
1.541267,1.387833,0
1.294310,0.614800,0
-0.620627,1.690452,0
1.898481,0.913812,0
-0.173366,1.471292,0
1.661637,1.100110,0
0.943241,1.533478,0
0.920286,1.413928,0
1.813036,1.273527,0
2.088045,1.767357,0
0.670320,1.460395,0
3.220053,0.949915,0
0.120327,0.962098,0
1.304061,0.227013,0
1.815262,0.618923,0
1.365694,0.384875,0
1.866391,1.382753,0
2.588288,1.977934,0
1.025464,-0.091475,0
1.810289,-0.001155,0
-0.478027,1.343898,0
0.568807,-0.287282,0
0.587328,0.864277,0
0.150735,0.778745,0
-0.747844,1.593303,0
1.047275,1.064852,0
-0.014842,2.512638,0
1.259946,1.420147,0
1.171898,2.602727,0
0.916831,0.526161,0
0.073930,1.552558,0
0.346303,2.240739,0
1.704709,0.904011,0
1.615047,0.997783,0
1.835805,3.293252,0
-0.304333,-0.478789,0
2.119589,-0.688266,0
-0.744941,1.674476,0
0.435449,2.647056,0
0.944944,0.834837,0
0.634955,0.464441,0
2.846322,0.322453,0
1.451393,1.091345,0
2.127584,1.118835,0
3.055144,0.692561,0
-0.066006,0.016667,0
0.713365,2.747509,0
-1.208271,-1.313199,0
1.487950,2.424920,0
0.837931,0.466837,0
-0.253212,0.980985,0
-0.033336,-0.044837,0
0.306191,1.159680,0
2.846491,1.460210,0
-0.173522,1.321139,0
1.798852,0.912219,0
2.947616,0.593620,0
2.199665,0.909864,0
1.955696,0.703525,0
2.470606,1.844506,0
1.014073,1.901783,0
1.695360,-0.011171,0
1.474340,0.306660,0
-0.370100,1.038376,0
-1.342024,0.689802,0
-1.605196,1.954944,0
2.598296,3.865714,0
1.122369,1.155073,0
1.586615,1.064559,0
1.203100,2.516564,0
0.132768,1.772428,0
1.243263,1.575267,0
2.536610,2.626055,0
2.643140,0.647155,0
2.435011,0.684328,0
0.243654,0.843928,0
-1.911841,0.493354,0
-0.087457,1.314917,0
-0.032173,-1.264963,0
2.453558,1.110680,0
0.675295,1.033227,0
0.693119,-0.697605,0
0.245427,2.334024,0
1.546052,0.906253,0
0.333331,0.997932,0
2.737054,2.239092,0
2.541013,0.106758,0
0.161128,-0.067513,0
1.499031,1.510395,0
2.721110,1.039916,0
1.373499,1.986118,0
0.382843,1.835303,0
-0.876748,0.320230,0
1.786814,0.663807,0
1.831264,0.549282,0
-0.017999,1.809062,0
0.792904,0.133992,0
1.028109,0.627502,0
0.547798,0.363153,0
0.281220,1.565983,0
0.132888,-0.132020,0
2.032952,-0.135763,0
1.148749,-0.422884,0
0.679136,0.385287,0
1.792384,1.426002,0
-0.021266,-0.703449,0
1.929315,0.948300,0
2.574194,1.651088,0
1.786160,0.824791,0
-0.038075,2.355779,0
0.576688,-0.006118,0
0.491477,0.050849,0
1.747035,0.465039,0
1.852890,-0.251014,0
-1.094844,-0.424909,0
1.719250,0.265291,0
4.719668,0.526119,0
-0.592025,-0.083483,0
0.604550,1.694838,0
1.124239,0.774263,0
0.797072,-0.192328,0
0.522338,2.094092,0
1.907450,0.882142,0
1.773032,1.049524,0
1.528489,1.820508,0
1.348374,0.514785,0
1.467627,-1.221564,0
0.892468,2.453964,0
2.257523,0.253797,0
0.310117,2.912479,0
1.576596,1.780485,0
1.277818,2.165508,0
0.242611,0.452793,0
0.937382,2.052884,0
1.539720,-0.426413,0
0.174362,1.422348,0
0.580402,-0.690938,0
1.347842,1.142061,0
0.035824,2.035387,0
1.755851,1.562733,0
1.991786,1.894033,0
2.777525,0.066320,0
-0.536975,1.042306,0
-0.171857,1.153541,0
1.739717,-0.331815,0
-1.200748,0.023322,0
0.727128,0.087487,0
2.365558,0.145345,0
0.343594,1.627778,0
1.881285,1.560893,0
1.889099,1.249588,0
1.241887,0.009982,0
-0.318639,-0.307844,0
0.823154,0.616071,0
0.911134,0.432138,0
1.532560,0.519467,0
0.211588,-0.897720,0
0.472864,-0.534458,0
-0.353462,-0.900383,0
0.138474,1.992591,0
2.467814,1.356798,0
2.473312,0.067186,0
0.706370,2.800588,0
2.774232,1.428562,0
-0.054229,0.359276,0
-0.280969,-0.376823,0
1.772562,1.850564,0
0.844143,-0.073408,0
0.432995,0.177635,0
1.925214,0.830003,0
2.122388,-0.299694,0
0.690018,2.048371,0
0.687393,0.942789,0
1.067202,1.998252,0
2.521390,0.577167,0
1.111294,1.349453,0
1.528668,0.572490,0
-0.044944,0.502489,0
0.348078,0.691514,0
0.885127,-0.088403,0
-0.162363,2.104865,0
1.060514,0.993834,0
-0.763370,0.748494,0
1.637910,1.055237,0
1.514518,0.623935,0
1.126276,0.712729,0
0.111183,1.059628,0
2.388966,1.683466,0
0.127781,2.195064,0
1.145995,1.367622,0
0.901458,2.503764,0
0.827724,0.856760,0
0.900224,-0.179367,0
0.715361,0.532991,0
-0.376947,1.158103,0
-0.212995,0.316246,0
0.390440,0.313376,0
0.674078,2.539214,0
1.613233,1.005204,0
-0.026222,0.160811,0
1.827889,0.181962,0
0.558975,0.967934,0
-0.011759,0.306316,0
1.335872,1.217468,0
0.760487,1.565604,0
1.448310,1.343704,0
-1.588138,0.694901,0
-0.410747,0.805297,0
0.970898,0.201561,0
-1.091640,0.372040,0
0.642957,1.161652,0
-0.907489,1.717969,0
0.218058,1.289163,0
1.253449,0.579041,0
0.148174,2.573373,0
1.541518,1.703440,0
2.067498,1.441944,0
1.434513,2.431525,0
1.525586,3.056595,0
0.414859,-0.478028,0
1.967613,2.627852,0
1.524747,0.821054,0
-0.457378,0.322288,0
2.709098,1.437818,0
2.147297,1.775004,0
-0.228467,1.034929,0
0.897754,0.798834,0
1.054000,0.321623,0
0.007224,-0.762207,0
0.306870,1.246367,0
1.802423,-0.079441,0
1.329821,0.810184,0
-0.603831,1.609311,0
0.214300,0.936094,0
1.195665,1.374606,0
-0.396082,1.068335,0
0.024346,0.804022,0
1.016325,0.503894,0
0.632354,1.651314,0
1.282901,1.632386,0
1.246475,1.514293,0
0.232562,2.069877,0
2.517498,0.235442,0
0.034317,2.271758,0
1.622006,0.481069,0
2.397892,2.017401,0
-0.283440,1.790012,0
-0.383572,1.903862,0
1.118213,2.029862,0
1.744502,1.233373,0
1.489648,1.302260,0
1.503501,0.065450,0
0.219673,0.167191,0
0.518823,2.459241,0
-0.092951,0.494103,0
0.546327,1.205976,0
0.289212,1.703122,0
0.204087,0.659236,0
1.257314,2.250619,0
2.218809,-0.338943,0
1.857641,3.652572,0
0.629423,0.561482,0
0.532871,-0.193818,0
1.087104,0.348967,0
1.208512,1.426670,0
0.578338,1.865673,0
-1.864325,-0.800252,0
-0.260984,1.770920,0
-0.171890,2.094105,0
0.902231,1.433822,0
0.065833,0.652633,0
0.682534,1.468978,0
0.753306,-0.245659,0
-1.232280,1.045485,0
-0.129363,2.274589,0
0.566871,0.096902,0
-0.163878,2.520350,0
1.378754,0.183016,0
-0.007980,0.168468,0
3.177185,0.948131,0
-0.619745,0.358616,0
1.857777,-0.347582,0
0.904159,0.361315,0
2.397381,1.071614,0
-0.120656,1.294777,0
2.287238,0.787893,0
1.856154,0.793328,0
0.786623,0.677088,0
0.980021,-0.792591,0
0.289536,3.447440,0
-0.878775,-0.856425,0
-1.159274,0.295335,0
-0.278838,1.790402,0
1.974627,0.417357,0
0.463494,-0.405827,0
1.461012,0.933579,0
1.654601,0.123503,0
2.973634,0.552076,0
1.134942,0.909900,0
1.300457,2.081540,0
1.338832,1.870312,0
0.054482,2.476727,0
1.882435,1.797230,0
-0.261210,-0.790606,0
0.942643,1.471485,0
2.283810,0.397255,0
1.709311,1.638683,0
-0.147521,2.909820,0
2.285303,0.394457,0
0.532452,-0.466511,0
1.850537,0.832222,0
2.227833,2.669502,0
0.684141,0.706452,0
0.839372,2.433682,0
1.073401,1.005740,0
2.010592,0.013807,0
0.938070,2.482340,0
-0.418660,2.227623,0
1.346776,1.277334,0
0.950891,-0.440290,0
0.534400,0.592344,0
0.487465,0.300290,0
0.000895,1.746431,0
0.381598,0.913961,0
1.117026,0.479736,0
0.530432,0.323420,0
1.209711,1.704054,0
1.371864,1.859858,0
2.077896,0.193461,0
1.418056,0.528351,0
2.214110,2.165382,0
-0.615394,1.670313,0
2.096097,-0.017234,0
1.695048,1.016312,0
1.722770,-0.195337,0
3.070318,2.307893,0
0.461615,-2.253699,0
0.484167,1.443954,0
0.295900,0.600606,0
0.676101,0.052290,0
0.250762,1.449672,0
-0.121181,0.134362,0
0.667023,0.151535,0
-0.640992,0.929134,0
0.036022,1.196868,0
1.844146,0.588626,0
0.400804,1.590258,0
1.387661,2.434408,0
1.431964,0.908728,0
-0.240883,1.663136,0
1.548908,0.535729,0
1.918766,-0.778796,0
2.093102,0.143503,0
0.014799,0.969995,0
2.566850,0.705558,0
1.888348,1.178644,0
0.039124,0.413038,0
-0.921102,-0.432988,0
1.859258,-0.552047,0
1.487356,1.250295,0
1.279757,0.528169,0
0.908914,-0.444718,0
-0.484120,1.284375,0
2.351359,0.118163,0
2.186491,1.656522,0
1.780973,2.468970,0
-0.153754,2.673599,0
0.174831,0.610490,0
-1.137206,1.151179,0
0.033609,1.895916,0
1.369862,2.919458,0
-0.642600,1.117828,0
3.395638,-0.951634,0
1.591940,1.293530,0
1.419026,1.863925,0
1.474965,1.895878,0
0.028409,1.168759,0
0.794907,0.643118,0
1.498369,0.585196,0
0.089403,-2.086467,0
1.795476,1.645499,0
-0.085545,1.365897,0
-0.189271,0.757535,0
-0.095567,-0.640236,0
-0.372428,1.979112,0
1.351209,1.747088,0
0.323901,1.499300,0
-0.560814,-0.694054,0
1.635242,-1.111650,0
0.470841,-0.311715,0
1.733640,0.292723,0
1.538692,0.178707,0
0.915670,-0.871502,0
1.166258,3.093842,0
0.854124,1.718008,0
1.149728,0.097871,0
0.463834,1.321137,0
0.453703,1.465692,0
-0.374107,-1.059532,0
0.870260,0.247671,0
-1.149382,0.395609,0
0.242092,1.536680,0
3.201008,1.394724,0
0.798038,-0.112349,0
1.620728,0.725591,0
2.210100,-0.412368,0
0.841582,1.984883,0
0.143739,-0.030041,0
-0.162115,0.104484,0
-0.997372,1.629021,0
2.148412,2.216075,0
2.308806,2.513046,0
2.720603,0.166283,0
0.016064,0.811435,0
0.858870,0.364170,0
1.193833,1.991899,0
0.143698,0.924982,0
1.030765,0.958189,0
2.486845,-0.838197,0
1.374532,2.093659,0
0.514199,2.320570,0
3.283521,1.581849,0
0.339017,-0.320366,0
2.078155,2.142821,0
1.896364,2.740106,0
2.432427,2.051098,0
-1.144553,1.227067,0
1.034254,0.037732,0
0.975542,3.376740,0
0.603613,0.820873,0
2.673895,0.785904,0
2.097056,-0.067383,0
0.310879,1.967761,0
1.692037,-0.225144,0
-0.099322,0.811073,0
1.459105,2.087559,0
0.629981,-0.841366,0
0.871023,1.767812,0
-0.296991,1.428345,0
1.942369,0.853824,0
2.190958,-0.141446,0
2.315464,0.602252,0
0.577775,-0.017194,0
0.302768,-0.093429,0
2.017964,2.448102,0
0.650554,0.714211,0
1.246233,0.844628,0
2.394954,1.659735,0
0.324309,1.180614,0
0.810205,1.435995,0
2.837251,0.896779,0
0.361988,2.887844,0
0.481853,1.787905,0
-0.742304,-0.547545,0
0.762885,2.299604,0
-0.883818,1.007936,0
-0.427518,1.207992,0
0.031161,1.122794,0
0.693441,0.649021,0
0.064255,2.387281,0
2.060674,0.135280,0
1.573808,1.819712,0
0.406601,2.231372,0
1.337614,-0.174042,0
-0.579536,0.058178,0
0.853090,2.604071,0
-0.307114,-0.059972,0
0.713051,0.421957,0
-0.472528,1.539087,0
1.447992,0.080705,0
1.290631,0.347759,0
2.794415,2.118475,0
1.162461,-0.218223,0
1.467786,2.460597,0
1.737687,1.822113,0
0.409357,1.082254,0
-1.884508,-1.140624,0
-0.409190,-0.689610,0
3.059659,0.350376,0
2.137350,1.356596,0
-0.337260,1.924345,0
2.176049,1.371781,0
0.617379,0.878154,0
0.915233,0.475564,0
0.440511,1.089770,0
3.298344,-1.194842,0
0.516086,0.546647,0
1.595977,0.468076,0
1.724609,2.486681,0
1.171749,-1.841807,0
1.664034,1.529020,0
0.324852,0.535168,0
-0.242012,0.774406,0
1.074538,0.207700,0
2.130406,1.345599,0
1.598800,0.929644,0
-2.098651,1.049250,0
-0.064654,0.048309,0
0.654538,2.157176,0
1.895092,1.412439,0
0.045557,0.651154,0
1.831468,0.785437,0
1.386560,2.454623,0
1.469160,1.886507,0
1.834920,0.826284,0
0.251180,0.736926,0
0.108746,1.620634,0
3.276945,1.217433,0
2.693404,1.314706,0
1.686007,0.455657,0
1.062720,1.673085,0
0.571908,2.611790,0
1.438787,-0.612494,0
0.047098,-0.225528,0
0.186722,2.366969,0
1.040524,0.698219,0
1.909954,2.772780,0
0.471879,-1.138920,0
0.666409,2.106643,0
0.793406,2.446806,0
1.528986,2.256416,0
1.094924,1.440926,0
1.605155,0.589805,0
2.038462,1.651446,0
1.642606,1.650457,0
-0.493146,0.710042,0
1.228416,1.567271,0
0.759409,1.011032,0
1.252959,2.108193,0
0.436836,0.195436,0
1.759645,0.236528,0
-0.189330,0.633148,0
2.557885,0.500421,0
1.369427,1.938490,0
0.080965,2.716934,0
0.311965,1.027400,0
1.006013,0.020276,0
2.264116,0.598786,0
0.151762,2.309023,0
-0.832176,2.651325,0
1.190026,2.490044,0
0.243351,0.709822,0
0.345984,-0.997310,0
2.095469,0.781358,0
1.017803,0.571999,0
0.354461,2.302930,0
1.193814,1.198994,0
1.428060,0.231029,0
3.361118,-0.739523,0
3.001909,0.199068,0
0.992591,0.321894,0
1.267902,0.800708,0
0.660648,2.874195,0
2.130144,1.224880,0
1.044646,-0.423522,0
-1.699671,1.103112,0
0.693900,2.395773,0
1.117186,-0.492033,0
0.888432,1.229755,0
1.950109,1.111790,0
1.323949,2.447397,0
3.283965,1.705594,0
0.804285,-0.158749,0
0.791895,0.905999,0
0.715419,2.115035,0
-0.584857,0.837389,0
0.420393,2.857919,0
-0.423713,1.265631,0
2.778600,1.174262,0
0.753739,1.850771,0
1.827812,-0.517295,0
0.543317,2.103502,0
1.561352,2.198713,0
1.828240,1.281192,0
0.042513,0.883693,0
2.141328,2.230921,0
2.857056,1.289747,0
1.753986,2.039191,0
-0.237834,1.216211,0
2.327903,0.381270,0
0.008500,0.167100,0
3.422267,1.865868,0
1.437744,2.443886,0
0.762051,2.127172,0
1.334576,1.088983,0
0.073278,0.979730,0
-0.244452,-1.934762,0
1.002353,0.301526,0
2.137296,1.559170,0
1.280289,1.410036,0
1.233263,0.867778,0
2.091377,0.943763,0
0.590327,0.751526,0
-0.955427,2.627135,0
0.296206,1.462634,0
1.457228,2.531480,0
1.408236,1.154776,0
0.459569,1.707984,0
3.546987,0.233650,0
1.331311,1.109052,0
2.879722,1.088249,0
0.167180,1.638596,0
0.855023,-0.599810,0
0.801521,1.656150,0
1.679148,3.344919,0
-0.796044,0.301600,0
0.093058,0.088928,0
0.590380,2.206112,0
0.857030,0.070143,0
0.852355,1.750663,0
1.021935,-0.825829,0
0.456945,1.392999,0
1.111518,0.094683,0
1.061387,-0.256107,0
2.792382,-0.268718,0
1.014947,0.896258,0
1.111169,1.232908,0
0.692227,1.861503,0
1.771171,1.063498,0
0.716858,1.122541,0
0.095159,1.426313,0
0.646757,-0.815500,0
0.479691,1.509512,0
0.714226,0.878734,0
0.773342,2.883523,0
1.743982,0.291937,0
3.009408,1.252585,0
-0.668487,1.037164,0
0.404310,1.878018,0
0.969826,4.198959,0
1.893955,1.080389,0
1.066377,1.059199,0
1.520090,1.336258,0
-1.135763,0.065034,0
1.165393,1.396193,0
1.863182,0.551119,0
0.924038,0.056285,0
1.081347,0.886834,0
0.238705,-0.740424,0
-0.079838,0.757568,0
0.781631,1.101752,0
3.044126,1.040821,0
3.080944,-0.795383,0
-0.496717,2.014106,0
1.920447,1.409202,0
0.851422,-1.518286,0
-0.351340,1.642693,0
0.741684,2.243039,0
0.701023,1.880889,0
2.032950,1.930821,0
0.007229,0.000763,0
-1.415137,0.411647,0
2.529753,1.855183,0
0.952417,2.251215,0
2.073692,2.095218,0
2.134923,0.691660,0
0.598849,0.547321,0
-0.024530,2.064650,0
-0.831916,-0.149199,0
0.381907,1.636384,0
0.416255,0.330363,0
0.421011,1.162784,0
-1.316642,0.618623,0
-0.119923,1.677893,0
2.032325,2.517717,0
-0.072216,0.349936,0
0.958984,1.097284,0
0.956438,1.398366,0
1.766720,0.646938,0
1.206955,1.019830,0
1.045009,-0.464528,0
-0.326685,0.478741,0
-0.369548,1.485502,0
0.629072,1.898543,0
1.127689,0.156842,0
0.589968,0.210834,0
0.131222,0.756752,0
1.413932,0.461373,0
-0.821164,0.080524,0
2.662122,0.561719,0
0.923099,0.490277,0
0.435991,0.435347,0
2.974833,-0.685885,0
1.605962,0.965708,0
0.506240,1.345206,0
-0.424145,0.455163,0
1.648723,1.264328,0
0.132356,0.782378,0
0.840060,0.566766,0
1.397971,0.114427,0
1.262496,0.344411,0
2.548328,2.359930,0
2.296595,0.653679,0
1.361710,-0.075581,0
0.916205,0.393907,0
1.831737,1.149368,0
0.431990,2.099116,0
0.663587,1.912690,0
1.488928,0.209646,0
1.150924,0.112279,0
1.005667,1.187371,0
2.024027,1.713257,0
2.911458,2.029197,0
-0.412503,1.113967,0
3.221988,0.421911,0
0.998651,0.938701,0
1.167650,2.837785,0
0.125500,-2.108278,0
3.054593,0.754714,0
1.723682,-0.000570,0
0.564824,3.373107,0
1.611568,0.822920,0
-0.071639,-0.287460,0
2.468724,3.542268,0
1.780928,1.478344,0
0.633041,2.049973,0
1.483897,-0.371145,0
2.527554,1.199007,0
1.198215,1.984105,0
-0.513083,0.946796,0
1.954399,1.369389,0
1.108745,2.782210,0
1.204875,0.736633,0
0.905118,0.197132,0
1.200190,-0.193424,0
2.129356,-0.110092,0
0.907599,1.153456,0
2.028749,1.696661,0
2.893791,2.257853,0
1.523947,2.306054,0
1.535753,0.555924,0
-0.583787,1.846809,0
-0.689849,1.963394,0
1.190291,0.141779,0
1.228638,0.769889,0
0.784416,1.311034,0
0.212656,1.045134,0
1.709238,-0.430718,0
0.971180,1.279402,0
2.643550,0.312418,0
-0.414341,2.140810,0
1.515098,1.791205,0
1.892744,0.641088,0
1.621247,1.608653,0
3.073438,1.206216,0
2.158813,-0.732488,0
1.195591,0.634794,0
1.219555,1.740093,0
2.550061,0.863299,0
-0.025019,0.401843,0
2.131110,3.165489,0
1.344929,1.933875,0
0.726980,0.215229,0
0.457837,-1.458329,0
0.425722,0.555005,0
1.643709,-0.732680,0
0.458677,0.752007,0
1.746063,-0.027016,0
2.690415,2.328783,0
1.613091,2.182156,0
0.961389,1.709985,0
0.943167,-0.161191,0
1.433875,-0.418825,0
2.021795,0.661373,0
-0.457489,0.439582,0
2.190811,1.103517,0
0.218712,1.137137,0
1.356404,0.673306,0
1.225806,1.682976,0
1.928246,2.308971,0
1.299416,0.864393,0
0.148861,-0.037330,0
0.674337,0.931279,0
0.371296,-1.247638,0
0.419626,0.352674,0
0.313104,1.800674,0
0.527206,1.157935,0
0.481734,2.320693,0
3.463571,0.328836,0
1.030063,-0.035445,0
0.153466,1.621945,0
1.422632,0.133298,0
2.824782,1.045875,0
3.425730,1.583115,0
1.431357,1.369135,0
1.131409,1.220542,0
0.061240,1.517227,0
0.217178,-0.473719,0
2.063016,0.816772,0
0.756076,2.364099,0
0.575901,0.917571,0
0.818156,1.797998,0
0.008833,1.975278,0
3.080988,0.651465,0
0.235684,2.241917,0
-0.282020,-0.141598,0
0.722549,-1.124436,0
1.977873,0.500490,0
0.314576,0.400069,0
-0.156652,1.954937,0
1.481207,0.751775,0
0.895702,0.817738,0
1.624751,-0.962255,0
-0.677647,0.242565,0
0.938381,0.810515,0
1.517978,1.151876,0
-1.713266,1.510301,0
0.436993,0.864169,0
1.352618,-0.624192,0
1.778567,2.797903,0
0.886726,1.741292,0
2.526369,1.125343,0
0.088023,1.159704,0
0.699508,1.387564,0
0.490198,2.089518,0
-0.148988,2.820883,0
-0.179077,3.565405,0
0.805799,1.443064,0
0.343241,0.711329,0
1.440249,2.703763,0
1.705676,0.802773,0
0.675985,0.625105,0
-0.266700,0.138165,0
0.824158,0.424906,0
0.830277,-0.019889,0
1.464249,0.501901,0
0.407174,0.654166,0
2.514815,1.106806,0
-0.426346,0.644868,0
2.862924,0.127089,0
1.983746,1.471560,0
-0.292530,-0.256314,0
0.255229,1.740973,0
0.287264,0.459708,0
-0.085866,-0.728800,0
1.007768,1.725587,0
2.613260,0.110433,0
0.832493,1.158851,0
1.455405,0.040373,0
0.564716,1.250461,0
1.312822,1.550517,0
1.864370,2.165656,0
1.595312,2.008151,0
0.797835,0.308671,0
0.828990,-0.659115,0
-0.296033,0.236510,0
1.712784,2.149638,0
0.522628,0.702301,0
0.271122,1.916294,0
-0.493785,0.373056,0
0.278276,1.304800,0
2.278738,3.091256,0
1.812054,3.003617,0
0.710570,1.846755,0
1.005491,1.333768,0
1.503163,-0.218763,0
-0.035404,1.986989,0
1.761191,1.361680,0
1.750533,1.615607,0
0.403236,1.924432,0
1.456059,0.111147,0
0.661330,0.303137,0
1.274675,-0.630414,0
0.785409,0.688548,0
0.946422,1.916488,0
0.496975,0.737404,0
0.386606,1.992203,0
1.194012,1.173368,0
-1.051982,1.286166,0
0.519723,0.257688,0
2.416852,1.494163,0
2.573841,0.365300,0
-0.581786,0.051592,0
2.874825,-0.282067,0
0.511046,3.468022,0
2.152297,1.650474,0
1.141118,1.437995,0
1.056223,2.314712,0
0.701468,0.389373,0
2.031633,3.155404,0
1.179985,1.631999,0
1.390656,0.462615,0
0.173629,2.995090,0
0.119961,-0.777370,0
0.641558,-0.487426,0
0.363149,0.460322,0
0.269577,-0.542439,0
0.201148,0.699366,0
0.538377,2.636299,0
1.036140,0.268167,0
2.031716,1.607056,0
2.318074,-1.711764,0
2.087344,1.135833,0
1.773377,0.591373,0
-0.338249,-0.231131,0
1.054894,-1.217396,0
1.078001,2.583390,0
1.143649,1.712953,0
0.816620,0.078391,0
1.428205,1.440331,0
2.368936,3.306949,0
2.359357,-0.124793,0
2.213665,0.472577,0
-0.158163,0.920037,0
1.448130,1.740121,0
2.324089,1.578866,0
1.256136,1.340916,0
2.096231,-0.724986,0
-0.348062,-1.558726,0
0.456188,2.562539,0
-1.020984,2.169110,0
0.414579,1.571288,0
1.492673,-0.592745,0
3.261637,1.672481,0
1.526108,1.906998,0
1.633463,1.671548,0
0.828279,1.158277,0
-1.291875,0.713741,0
0.043592,-0.137607,0
2.056335,0.959990,0
1.564326,0.988840,0
1.963526,0.783690,0
0.543483,1.172266,0
1.958881,0.351600,0
-0.241993,1.237460,0
0.459498,3.474632,0
3.580741,-0.545062,0
1.925823,1.372122,0
1.226637,0.755840,0
0.982577,0.396216,0
1.039406,1.009909,0
3.135590,1.717504,0
0.843321,0.594183,0
1.507811,-0.301099,0
2.351225,1.605303,0
0.479172,1.409159,0
0.149635,1.609108,0
0.013907,-0.195974,0
0.736300,-0.284486,0
1.676257,0.929962,0
1.712100,-1.240025,0
1.988570,1.595169,0
-0.576138,-1.342159,0
0.104564,0.791019,0
0.658558,2.365024,0
0.871248,0.158205,0
0.642720,1.344933,0
2.465272,1.043539,0
2.217029,1.269698,0
1.569452,0.423840,0
1.730603,-0.546974,0
2.148016,1.134640,0
1.048026,-0.038749,0
-0.379974,2.933382,0
0.878334,1.260658,0
2.798783,1.022112,0
0.574961,0.822114,0
0.287435,0.530203,0
1.199117,0.388974,0
0.646916,2.934125,0
0.463335,1.772756,0
2.873374,-0.573124,0
1.737160,2.547451,0
-1.507941,2.006902,0
1.232641,0.461692,0
1.072388,-0.423106,0
2.391971,0.177105,0
1.340804,1.576705,0
-0.629617,-0.137177,0
0.029085,2.945226,0
-0.265141,-0.168242,0
1.661949,0.891146,0
0.694618,0.374107,0
2.240917,1.703997,0
2.316427,0.755255,0
0.142197,1.101659,0
1.487625,0.855607,0
1.191051,1.692237,0
0.865788,1.953320,0
0.504547,0.974114,0
1.231593,2.059234,0
1.483777,2.905873,0
0.667740,-0.401384,0
2.145066,0.719360,0
1.021887,-0.505508,0
-1.740908,0.071788,0
2.481848,1.302886,0
0.867612,1.261884,0
-0.125483,1.138862,0
-0.622085,0.802401,0
0.562561,0.684666,0
0.324070,1.580914,0
2.780324,1.489406,0
-0.731041,0.848819,0
2.967545,1.424897,0
2.071113,1.099160,0
1.369437,0.066321,0
0.854007,0.085952,0
2.645267,-0.164161,0
0.540352,2.245495,0
-1.105041,1.311464,0
2.738603,0.934109,0
2.042732,2.037324,0
2.398604,0.779388,0
2.149688,1.569166,0
2.683015,1.746930,0
0.083429,2.644756,0
-0.736030,0.093214,0
1.088559,1.294359,0
1.560904,0.987945,0
-0.138664,0.934429,0
1.533752,0.984674,0
0.225471,0.279616,0
2.623785,0.211506,0
1.371540,-0.537000,0
1.035116,-0.533075,0
-0.186761,0.817362,0
-0.196070,1.315142,0
0.526944,1.796589,0
2.098359,-0.522540,0
1.373919,2.115897,0
1.230775,0.333666,0
1.491767,0.202127,0
0.064679,0.276194,0
2.006015,2.537877,0
-0.371097,3.323021,0
1.545888,2.081853,0
1.336811,-0.812363,0
1.011033,1.279117,0
2.228731,0.864346,0
0.311483,1.951509,0
-1.213813,1.100911,0
1.660858,1.121361,0
1.940535,1.078590,0
1.280404,1.667607,0
1.300364,0.844199,0
0.642256,0.154673,0
1.112342,-0.089172,0
0.843729,-0.709300,0
1.877289,-0.233628,0
0.131279,1.588426,0
2.264834,0.540291,0
3.050946,1.254067,0
2.572203,0.790091,0
2.222221,1.157281,0
3.097128,1.231389,0
2.521345,-0.029057,0
0.796036,0.988772,0
1.342762,0.712763,0
0.343825,1.549881,0
1.624821,1.498417,0
1.409192,0.505441,0
0.476632,3.372146,0
-0.010911,0.368329,0
2.204348,0.853279,0
2.257857,0.342077,0
1.445743,2.795674,0
-0.148664,-0.004355,0
0.916925,2.622452,0
2.434585,0.294381,0
0.354714,-1.091410,0
1.744393,0.643078,0
-0.785995,-0.297307,0
2.462082,0.414303,0
0.661333,-0.043421,0
0.679798,1.407807,0
2.151163,1.778163,0
1.559798,2.809289,0
1.189624,-0.603630,0
1.912786,0.713210,0
0.806787,2.650579,0
2.048517,2.003170,0
1.982185,0.448018,0
1.474071,0.434564,0
1.133454,1.615405,0
1.368487,0.680384,0
2.017257,1.809575,0
0.755754,2.634784,0
3.049698,1.741324,0
0.916969,1.694434,0
2.264152,0.059063,0
0.009482,2.101474,0
1.160828,-0.461633,0
-0.223655,-0.204566,0
1.293070,0.349624,0
4.022817,0.378424,0
0.878551,0.437901,0
1.509418,0.150417,0
0.573030,1.215371,0
1.168982,1.798377,0
-0.458829,0.052753,0
0.071359,-0.108521,0
1.086408,0.107924,0
2.246257,1.296192,0
0.418659,0.170479,0
1.897075,1.182003,0
0.017527,0.923815,0
0.316069,-0.561352,0
-0.132503,-0.097535,0
2.063011,0.829040,0
0.459260,-0.205118,0
0.535954,1.804232,0
0.812580,1.927585,0
-0.223319,2.689272,0
2.253732,-0.247838,0
0.003686,1.193934,0
-0.667481,1.380289,0
0.758908,0.750037,0
0.935699,1.770940,0
1.956853,0.427516,0
0.950988,1.268306,0
1.422243,-0.553143,0
-0.028142,0.957878,0
1.151203,-1.369809,0
1.031620,0.395879,0
2.095413,-0.396729,0
0.393173,-0.386783,0
0.395694,0.300901,0
0.406743,2.033778,0
-0.753535,1.088797,0
1.924565,1.092293,0
2.340529,0.384755,0
4.005774,2.595293,0
-0.011899,1.350938,0
0.066115,1.816583,0
0.680483,0.090244,0
1.759723,0.754077,0
0.460632,0.176633,0
-0.078808,0.572554,0
1.232625,-0.666516,0
0.745509,-0.424001,0
1.433176,1.025556,0
-0.144687,-1.826441,0
0.963987,1.622458,0
-0.013100,-0.122313,0
1.767537,0.695835,0
1.009309,-0.264515,0
0.915967,1.232916,0
-0.021892,-0.046237,0
1.325297,3.897615,0
0.476032,2.026474,0
-0.760172,-0.104159,0
3.329216,2.719231,0
1.624962,1.658115,0
0.613563,0.030308,0
0.185357,1.114989,0
1.714648,1.584134,0
0.951545,2.740385,0
0.394751,0.264432,0
2.443651,-0.229573,0
2.355909,0.683253,0
0.399174,1.692145,0
1.058713,2.195127,0
-1.457511,-0.769287,0
-0.718327,-0.046266,0
1.995047,0.968323,0
-1.481787,2.501376,0
2.389598,2.318300,0
-0.566680,0.199854,0
0.626036,1.931925,0
1.578960,0.658711,0
1.007459,0.310885,0
0.653630,0.603808,0
0.252604,1.198094,0
1.790937,-0.053253,0
1.326516,1.031726,0
2.028338,1.087318,0
2.327842,0.128879,0
1.994202,1.317363,0
2.544909,2.930977,0
2.438350,0.346457,0
1.140323,3.119267,0
-1.339782,1.168389,0
0.948988,0.056743,0
1.818836,0.220898,0
0.162120,0.431614,0
0.668416,1.325457,0
1.195354,-2.197674,0
-1.236972,-0.193932,0
2.110165,1.849397,0
2.173537,3.111184,0
1.007130,1.918835,0
1.022301,0.849375,0
2.878654,0.025304,0
1.993365,0.434744,0
1.449511,0.695479,0
1.576854,-0.555105,0
1.893470,2.758411,0
0.295551,-0.775511,0
0.941752,1.210294,0
0.379056,0.465103,0
1.257444,0.852528,0
0.678598,0.518812,0
-0.114949,1.206982,0
1.301253,1.839286,0
0.890841,0.834676,0
1.809987,1.021215,0
0.756969,0.599357,0
0.605103,0.895130,0
0.277633,0.910843,0
1.022651,0.570095,0
1.676425,0.418701,0
0.991220,1.653415,0
-1.114048,0.583503,0
0.634496,-1.177221,0
4.091429,0.545780,0
0.280161,2.397884,0
1.945407,0.955694,0
-1.290610,1.755985,0
1.790823,2.358017,0
0.608630,0.859267,0
3.382926,-0.179449,0
1.518375,0.082363,0
2.473324,1.994641,0
0.888938,0.952912,0
0.945375,1.713768,0
1.265882,2.428553,0
0.657598,1.364961,0
2.207578,-0.693538,0
1.051232,-0.614506,0
0.407877,0.934465,0
1.436347,0.907729,0
0.509827,2.346936,0
1.245326,0.850979,0
1.006037,0.747540,0
1.377520,0.318644,0
0.822753,-0.115537,0
1.262375,1.302823,0
2.121963,0.980381,0
0.854407,2.102923,0
-0.069549,-0.080684,0
0.411704,2.691040,0
1.179565,-0.115011,0
-0.184577,1.837124,0
1.188936,2.100892,0
-0.207560,0.761123,0
1.448807,-0.839369,0
0.349360,1.453440,0
2.367774,0.406324,0
1.285960,1.367634,0
0.906158,1.550877,0
0.635467,3.002685,0
1.589408,1.657225,0
-0.735097,1.256978,0
1.181265,-1.554590,0
-2.183453,2.185491,0
0.132983,0.545115,0
0.073972,0.484747,0
2.543844,2.129231,0
0.333559,0.164979,0
0.057304,0.340508,0
0.524720,0.985676,0
0.543030,1.048092,0
2.046673,0.885595,0
-1.221520,1.066836,0
0.137113,-0.542930,0
2.952407,-1.696830,0
-0.074053,-0.089888,0
0.105197,1.551830,0
0.015174,-0.771608,0
0.546217,1.479123,0
1.763842,0.144460,0
1.109149,2.110645,0
1.683328,-0.779202,0
2.085324,1.110236,0
1.743546,1.537660,0
1.628825,-0.356176,0
1.277035,0.948877,0
1.366448,2.298134,0
-0.099473,2.084648,0
0.192451,0.517698,0
1.597790,0.290143,0
2.305466,1.918811,0
0.390841,1.327025,0
1.195159,1.109026,0
0.278923,0.838252,0
0.048627,-0.135524,0
2.454931,0.751127,0
-0.768000,1.477078,0
2.339108,0.864475,0
0.541061,-0.184088,0
0.284401,3.339840,0
1.838473,1.271928,0
-0.137986,0.671165,0
-0.397429,0.992127,0
0.164586,0.466350,0
-0.702815,1.529762,0
1.157578,1.123437,0
2.822585,-0.618560,0
0.740995,-0.611073,0
0.976004,2.783794,0
1.168600,0.009897,0
2.786289,3.636399,0
0.233644,1.123913,0
-0.046976,-0.813009,0
0.584302,0.039590,0
-0.066499,0.224101,0
-0.141396,1.261356,0
0.914145,0.506578,0
2.407970,1.515259,0
1.699069,0.966255,0
2.016091,2.225317,0
1.575667,1.775711,0
-0.169998,1.141199,0
-0.595776,2.261792,0
1.123133,0.358253,0
0.083708,0.230582,0
0.451575,0.377074,0
0.466658,-0.084506,0
1.550797,0.924156,0
0.259271,0.276649,0
0.138463,2.189945,0
1.523919,-0.311342,0
1.360423,0.191778,0
2.020101,2.172875,0
0.190754,-0.394442,0
-0.255456,2.606414,0
0.447477,-0.150996,0
-0.508940,-0.197681,0
-0.584420,1.087884,0
0.825990,-0.950665,0
0.175580,1.365971,0
1.313508,2.896004,0
-0.350349,0.110157,0
0.506496,-0.531593,0
2.299213,-0.235716,0
1.823753,1.904132,0
1.015333,0.472523,0
-0.396036,0.763045,0
-0.978218,-0.383631,0
0.932951,1.566729,0
1.422031,-0.170944,0
0.119427,0.848212,0
0.512437,1.731084,0
0.779545,0.398012,0
1.050310,1.279748,0
0.803819,3.305253,0
1.833736,2.464305,0
0.264820,-0.215659,0
2.867711,1.847941,0
1.864340,1.178856,0
0.370419,1.655406,0
0.582599,0.519765,0
-0.584868,1.160729,0
1.439897,0.114915,0
0.337359,0.405111,0
1.504452,1.337893,0
0.945320,-0.219349,0
1.326079,0.677476,0
0.118886,1.906927,0
1.174385,0.708909,0
0.367669,2.165262,0
0.421781,-0.275282,0
1.749765,2.789610,0
1.589642,1.756335,0
0.793016,1.754848,0
1.667698,0.524566,0
-0.422364,-0.300917,0
0.532914,0.306998,0
3.114604,-0.891492,0
0.661016,-0.190214,0
0.918324,0.484007,0
2.071556,1.614197,0
2.410255,0.792741,0
-0.027204,2.324193,0
0.196716,2.092283,0
2.353123,0.997940,0
-0.124624,1.586596,0
1.198367,1.937529,0
0.982328,1.135109,0
1.150455,0.459035,0
-0.663435,-0.271005,0
1.632277,0.939384,0
2.259453,2.204658,0
1.067486,0.504430,0
1.018453,0.281352,0
0.492478,-0.315428,0
0.145686,1.206975,0
0.078732,-0.742113,0
1.988692,1.567552,0
-0.379900,-0.415112,0
1.332165,1.000420,0
0.795981,-0.061861,0
0.706038,-0.012954,0
1.757190,-0.219860,0
0.343137,0.078219,0
-0.153748,0.646789,0
2.979673,1.172081,0
-0.836657,1.543098,0
-0.173508,1.099868,0
0.521445,1.379659,0
-1.277930,-0.532629,0
0.325993,-0.047892,0
1.327940,1.120158,0
2.639039,1.535770,0
1.675591,0.313513,0
0.677667,0.822376,0
0.130875,0.440676,0
1.967411,0.637452,0
1.104545,1.567023,0
-1.074316,1.648875,0
0.830261,-0.114437,0
1.719733,1.802587,0
0.773672,-0.518010,0
1.795710,0.566969,0
3.918871,0.287553,0
1.850533,-2.393763,0
-0.966140,0.328611,0
2.432345,-1.309502,0
0.023099,-0.183060,0
1.922779,2.495373,0
0.103133,-1.198846,0
1.232281,2.786939,0
0.195738,-0.632507,0
1.114303,0.629114,0
0.133840,0.399092,0
1.547846,0.522967,0
0.291970,0.197140,0
2.081582,0.939188,0
-0.979825,1.551698,0
1.524535,0.185476,0
-1.590747,-1.553199,0
0.223396,-0.096569,0
1.420567,1.801013,0
2.785106,2.620956,0
2.262786,1.232003,0
1.161130,1.530893,0
-0.531430,2.470907,0
3.724060,-1.100110,0
0.751857,1.731980,0
0.331100,-0.278874,0
2.110115,-1.447258,0
0.079299,0.658141,0
-0.739850,-0.861660,0
2.561530,0.221514,0
0.577837,0.227420,0
-0.364209,-0.437703,0
0.368073,0.060427,0
0.685111,2.317874,0
-0.284173,0.850033,0
0.938766,1.871233,0
-0.343753,0.338164,0
-0.352177,1.192896,0
0.911928,1.643940,0
0.665566,0.841593,0
2.917534,1.124948,0
0.562375,1.948542,0
1.821201,1.903269,0
0.352359,2.702945,0
1.578769,-0.086430,0
1.533667,1.486455,0
1.259746,-0.398268,0
0.788837,2.568444,0
-0.182726,2.357917,0
0.405077,1.500073,0
1.277864,-0.524245,0
3.084826,1.382244,0
2.002083,-0.373043,0
0.799543,1.581977,0
0.051792,-0.526056,0
0.865479,1.476595,0
0.853462,1.874955,0
2.533767,0.693419,0
-0.787276,-0.616750,0
1.319652,1.790501,0
2.977826,-0.304094,0
0.524809,1.239214,0
0.698717,-0.335527,0
0.882831,-0.154776,0
-0.258459,0.550018,0
0.745309,1.365453,0
-0.342438,0.700826,0
0.150364,1.904502,0
-0.200944,0.577094,0
1.901055,1.609457,0
-0.569537,1.941199,0
0.449981,1.728292,0
1.497111,0.085639,0
0.673578,0.467069,0
3.715695,1.154838,0
0.257102,0.146936,0
1.564452,1.908616,0
2.094909,1.338313,0
0.272713,0.276231,0
1.570951,0.640192,0
1.050766,0.730335,0
0.997217,-0.037988,0
0.887646,1.152954,0
2.363170,0.361485,0
1.124143,1.519274,0
2.607861,0.848831,0
1.673349,-0.102540,0
1.361685,1.516325,0
0.900033,2.847350,0
0.793977,0.658372,0
2.890933,-0.665484,0
1.421675,-0.433276,0
1.389849,0.381148,0
1.954117,2.420894,0
1.837858,0.188483,0
0.874316,0.859388,0
2.268739,0.698640,0
0.587635,3.124965,0
1.605961,1.207781,0
1.977887,0.693277,0
1.203675,1.139499,0
0.954941,0.709028,0
1.596948,0.691182,0
1.319048,-0.168787,0
1.598409,1.284029,0
1.448140,0.608193,0
3.363155,0.177446,0
0.699754,0.101831,0
-0.025485,0.400643,0
1.674606,0.608404,0
-0.422426,1.614349,0
2.051433,2.032293,0
-0.466055,0.982093,0
0.841611,2.072797,0
1.078712,0.162834,0
-0.231570,0.695599,0
2.611197,2.730680,0
-0.648296,0.676311,0
0.263793,1.678828,0
1.264654,0.961588,0
0.956663,0.068314,0
2.371933,0.913506,0
1.855000,1.669605,0
1.367564,0.306571,0
3.929786,2.001443,0
2.687696,2.176293,0
-0.121001,1.377295,0
1.120516,2.040879,0
-1.657557,1.494106,0
1.498439,3.311453,0
2.432661,0.232195,0
1.197285,1.053676,0
-0.023472,1.213660,0
-0.045578,0.727293,0
1.760579,0.966331,0
0.462409,-1.048585,0
2.625823,0.619725,0
1.194283,0.593163,0
0.201667,1.994842,0
1.588496,1.400341,0
1.347947,0.772301,0
0.644090,0.901113,0
3.273896,1.741228,0
1.276047,0.364641,0
-0.713153,1.886061,0
0.014280,2.452530,0
0.264937,-0.802305,0
0.699160,0.077729,0
1.741523,-1.738541,0
0.031851,1.847299,0
1.333185,2.171982,0
0.816873,1.638904,0
0.837945,1.437684,0
2.622068,2.279182,0
2.313570,-1.735139,0
0.064856,2.223926,0
-0.062032,0.420504,0
-0.485763,-0.615883,0
0.787304,-0.056877,0
0.255805,2.025139,0
1.411487,-0.329856,0
0.980906,-0.037624,0
1.920184,1.317721,0
1.740121,0.908397,0
3.274928,0.971860,0
0.142134,3.253888,0
0.087348,0.125733,0
0.181966,3.617493,0
1.446711,2.650334,0
2.382955,0.533321,0
2.257675,3.587187,0
-0.128688,0.119884,0
2.400093,1.176313,0
0.735414,0.954755,0
0.656390,2.451648,0
0.140064,-0.104223,0
0.273850,0.256324,0
2.440128,-0.632428,0
1.200904,0.505063,0
0.179343,1.061661,0
1.255638,0.700264,0
3.308339,-0.399657,0
1.856843,-0.096617,0
1.545548,1.064427,0
1.736268,1.600112,0
0.580031,1.743153,0
1.816864,2.038222,0
-0.625091,0.589934,0
1.046692,0.134799,0
0.946602,-0.310802,0
1.077820,0.838776,0
1.529767,0.786223,0
1.835625,2.154255,0
0.951002,-0.587835,0
-0.567914,0.797782,0
2.367454,1.571759,0
2.784642,1.119562,0
0.898930,-0.134490,0
0.454772,1.194140,0
1.196572,1.096695,0
2.658534,1.033631,0
2.736136,2.552461,0
1.785962,1.358818,0
0.425043,0.794240,0
0.078285,2.039016,0
-0.987687,-1.201859,0
0.387491,2.505540,0
-0.535333,0.534929,0
1.197853,1.802448,0
0.682405,1.718036,0
1.360671,-0.262998,0
0.518290,1.312025,0
0.804721,1.945189,0
2.103279,1.080219,0
0.697938,0.856397,0
-0.014333,1.844351,0
0.706464,0.876534,0
2.018237,-0.113894,0
0.128962,1.930495,0
3.247229,-0.155383,0
1.530084,0.470918,0
2.936110,-2.443972,0
2.415601,-1.986669,0
0.662694,1.038025,0
0.185812,2.999559,0
0.076329,1.074255,0
-1.432187,-0.452203,0
1.168589,1.043882,0
2.016059,1.412499,0
2.055424,1.479214,0
1.211559,0.053350,0
0.555176,0.057030,0
-0.239796,2.324594,0
1.011142,2.015912,0
0.885533,2.430278,0
1.140791,2.451488,0
1.912862,1.965467,0
0.208552,0.289492,0
2.827591,1.496789,0
0.750382,1.113139,0
0.117640,1.648058,0
1.485590,2.380857,0
1.935347,1.947286,0
0.328564,0.381940,0
3.117913,0.431777,0
2.151954,0.254496,0
1.148327,1.512666,0
2.295376,0.205439,0
-1.193962,1.998203,0
0.868480,0.348874,0
1.430029,1.837191,0
1.429281,1.516206,0
1.693454,0.666831,0
0.349487,0.866156,0
1.991362,-0.295975,0
1.292782,-0.164366,0
1.311258,2.364831,0
-1.989234,0.172812,0
-1.255172,2.371337,0
1.441002,0.065827,0
1.782280,2.432471,0
1.787999,1.418302,0
-0.396409,0.775653,0
1.015338,2.124712,0
-0.435804,-0.197452,0
0.898592,-1.040566,0
0.514293,1.280003,0
0.537859,0.635383,0
-0.125054,2.141092,0
2.359399,1.262493,0
-0.811206,1.216082,0
2.539490,1.250765,0
-1.355286,0.345155,0
-0.156123,1.615326,0
0.237926,0.077926,0
0.908540,2.596313,0
-0.140079,1.416864,0
1.051364,0.817566,0
0.038819,0.434375,0
-0.741123,0.362678,0
1.035238,1.044230,0
1.769100,3.355817,0
1.136297,0.047646,0
1.459539,0.941031,0
2.295941,1.926804,0
0.226246,-0.188964,0
1.207063,1.547144,0
1.495939,0.815692,0
3.367515,2.651396,0
2.543380,1.604864,0
0.874236,-0.848159,0
1.754277,1.277236,0
1.392943,1.037338,0
1.401013,1.297276,0
0.315273,0.470688,0
2.588207,1.652145,0
0.817269,3.181817,0
2.224883,-0.084607,0
3.543138,0.139658,0
1.452130,1.036901,0
1.237364,3.780922,0
1.601481,0.051217,0
1.718474,1.796173,0
-0.597620,0.749646,0
1.373963,1.075076,0
1.083976,2.711156,0
0.372306,0.537725,0
2.250974,1.140729,0
-1.476710,0.854525,0
0.967774,0.801347,0
0.761129,-1.723387,0
0.109175,0.349494,0
-0.811100,-0.104842,0
0.157556,0.745106,0
-0.561620,2.038192,0
0.434325,0.387989,0
0.999688,0.579802,0
-1.399724,0.871246,0
2.711597,-0.618692,0
0.239996,2.228599,0
2.589103,0.777216,0
0.783067,-0.253810,0
2.584371,0.115011,0
-0.827907,0.144688,0
1.713455,2.413812,0
1.102907,1.652575,0
1.106342,-0.632911,0
1.119801,0.091549,0
0.472429,1.567582,0
0.521473,-0.171192,0
-0.883220,-0.409926,0
1.732079,0.982224,0
0.431551,0.057653,0
-0.962944,0.052690,0
-1.069846,-0.061652,0
1.895124,0.784787,0
1.097417,1.166445,0
1.165644,0.791944,0
0.548151,0.699294,0
0.335814,1.665436,0
0.425684,-0.959297,0
2.430064,1.545454,0
1.070702,1.029527,0
-0.853228,0.937791,0
0.082154,1.367352,0
0.164611,0.193790,0
2.826567,0.342765,0
1.070693,2.134633,0
-0.947905,2.859336,0
-0.175599,-0.887617,0
1.445322,-0.620502,0
0.450246,-1.958477,0
0.259870,1.199658,0
1.247128,1.269124,0
1.519567,0.434154,0
2.497890,-0.886066,0
2.134043,0.816773,0
1.688378,0.859075,0
0.582878,2.811133,0
0.503275,1.477866,0
0.163441,0.475927,0
-0.771497,0.170370,0
1.377975,-0.048156,0
0.877588,2.127181,0
2.603679,1.633427,0
1.319387,-0.643247,0
-0.456611,2.863286,0
0.788771,0.316049,0
-0.105917,0.309513,0
-0.175176,-0.917209,0
-0.207838,-0.535266,0
-1.056787,0.096496,0
1.515535,1.311806,0
0.728922,1.236114,0
2.239668,0.812227,0
0.768915,3.533680,0
1.884082,-0.167724,0
0.982226,1.184666,0
0.733147,1.834451,0
1.046049,1.815678,0
1.089585,2.071811,0
0.397513,-0.490488,0
1.087935,0.702492,0
1.900552,0.454967,0
0.719668,0.723940,0
0.516080,0.454500,0
-0.400620,1.914015,0
-0.106935,0.305635,0
0.629261,0.913860,0
1.568024,-0.319420,0
0.491210,-0.220505,0
0.299091,1.404137,0
0.370845,-0.184118,0
-0.334577,0.283916,0
1.182609,-0.656747,0
2.479683,2.403368,0
-0.273964,0.802847,0
1.849938,2.340685,0
1.156746,-0.910791,0
1.973268,-0.217066,0
1.133172,1.440793,0
2.547369,2.197668,0
0.916436,-0.602198,0
1.195529,0.388083,0
2.572984,-0.297033,0
2.002194,2.194381,0
1.304310,-0.789704,0
-0.147606,1.186405,0
-0.728318,0.681913,0
1.246055,1.852359,0
-0.767360,0.937384,0
-0.061496,0.352633,0
1.315463,0.581914,0
-0.733788,0.868495,0
2.423439,0.238235,0
-0.557189,1.827269,0
2.652662,-0.480610,0
1.708355,2.620948,0
0.447530,0.375198,0
0.551778,1.155623,0
-0.026608,0.982896,0
1.026877,0.941521,0
-0.293104,2.103287,0
3.715484,1.773606,0
0.121374,0.191185,0
0.294846,0.757581,0
2.297165,0.533347,0
1.394970,1.126678,0
1.912890,1.848300,0
1.462178,2.981706,0
1.330215,-0.234035,0
0.486291,0.238158,0
0.578846,0.474250,0
-1.239964,0.085644,0
0.968108,-0.683451,0
0.291606,-0.308096,0
1.716209,1.164505,0
0.514454,2.588206,0
1.009093,2.470359,0
0.433406,1.660042,0
1.532650,0.830102,0
0.688243,2.328437,0
0.917546,1.525074,0
0.923623,2.525213,0
1.374624,0.752944,0
-1.077112,-0.247495,0
1.879362,0.939150,0
-0.171085,1.022153,0
2.834414,1.647458,0
0.904251,1.642464,0
1.182546,-1.289513,0
1.087396,-0.038535,0
0.675368,-0.808322,0
2.743499,1.259763,0
2.289223,0.681479,0
1.299646,1.004753,0
2.043653,1.455777,0
2.593811,1.701767,0
-0.346295,2.429278,0
1.545066,-0.840764,0
1.913731,1.114703,0
1.605695,1.139356,0
1.642403,0.557299,0
1.485848,0.916357,0
1.390095,1.215281,0
2.038901,0.321326,0
1.866150,1.328672,0
2.975651,-0.105602,0
0.024170,0.375952,0
2.017543,2.926068,0
0.438107,1.374097,0
1.193754,-0.523802,0
1.110722,0.685667,0
-0.649161,2.525261,0
0.036476,1.615773,0
0.870014,2.215679,0
2.686814,1.644797,0
1.838639,2.344910,0
2.401899,-0.115394,0
1.206985,-0.055011,0
0.214888,4.264623,0
0.881196,2.130946,0
1.094658,-0.148469,0
0.104902,1.428693,0
-0.158912,1.459413,0
3.463243,1.618820,0
0.442105,1.653289,0
0.199564,1.134896,0
0.392951,0.013761,0
2.736370,-0.226721,0
1.157847,0.877988,0
-0.543754,2.715305,0
4.070728,-0.037829,0
1.446638,2.145843,0
0.407854,1.077187,0
2.622931,1.614573,0
2.511878,-0.636376,0
0.111069,2.461517,0
1.499275,1.100091,0
0.743732,-1.736383,0
0.085645,1.479423,0
1.552567,0.464248,0
2.112793,1.117596,0
0.852268,0.013096,0
2.656643,0.434927,0
-0.609488,1.516036,0
0.425632,1.555261,0
-0.028579,1.439915,0
2.217400,1.506176,0
2.179915,-0.017108,0
-1.436568,0.444663,0
-0.399626,1.407847,0
-0.847335,1.680299,0
0.662837,1.005923,0
0.737904,1.981637,0
0.655134,0.675786,0
2.257778,0.637131,0
1.157090,2.365181,0
1.444233,0.913753,0
2.904571,2.076431,0
-3.306024,-1.871156,1
-1.465284,-0.009306,1
-2.428684,-1.589863,1
-0.159448,-0.705715,1
-1.603882,-0.683233,1
-0.677049,-2.450353,1
0.693972,-0.718775,1
-2.228719,-2.638302,1
-1.888942,-0.514292,1
-2.868759,-0.504665,1
-1.542195,-2.676888,1
0.622994,0.461879,1
0.099766,-0.715177,1
-1.999577,-0.779970,1
-1.462013,0.116098,1
-2.708089,-1.543250,1
-0.493204,-0.433075,1
1.051742,-0.552627,1
-1.082359,-1.523939,1
-0.767028,-0.598721,1
-2.234609,-0.467525,1
-0.689104,0.027853,1
-0.667090,-0.404134,1
-0.198046,-0.706228,1
-0.891855,-0.365002,1
0.061965,-1.020550,1
-0.271414,-1.343376,1
-1.815409,-3.362049,1
0.244066,0.102250,1
-0.867533,-1.505982,1
-0.810100,-2.441643,1
-0.460129,-1.152877,1
-1.145936,-0.632469,1
0.263292,-0.943441,1
-0.766996,1.127455,1
-0.566044,0.127643,1
-1.601268,-1.770128,1
-0.837986,-0.088035,1
0.164650,-1.854561,1
-1.420961,0.230396,1
-0.926851,-0.752029,1
-1.034620,-2.125739,1
0.565813,-1.895085,1
-1.295037,-1.144341,1
-1.133144,-0.473737,1
-2.670911,-0.630519,1
-1.357253,-0.800193,1
-1.246171,0.307780,1
-0.745447,-3.805971,1
-3.150550,-0.256939,1
-0.324059,-0.350590,1
-1.595634,-1.918135,1
-2.537701,0.024071,1
-1.923920,-1.605663,1
-3.396011,-0.057150,1
-1.840974,-1.705997,1
-0.439967,-1.551369,1
-2.417879,-2.637460,1
-2.451904,1.032793,1
-2.157344,-0.956234,1
-0.602384,-0.877895,1
-1.458497,0.374393,1
-0.847081,-0.851968,1
0.238867,-1.705970,1
0.792050,0.091901,1
-0.641989,-0.191256,1
-0.122965,-1.296819,1
0.590910,-0.116930,1
-1.701472,-2.560308,1
-1.398757,0.447276,1
-0.240306,-1.051244,1
-0.801364,0.060205,1
-1.089300,-0.494350,1
-1.529735,-1.249874,1
-2.484059,-0.669937,1
0.176798,-0.623302,1
-0.754966,-2.050979,1
-3.227878,-1.525665,1
0.207699,-2.859394,1
-2.837101,-1.434845,1
-1.786794,0.471272,1
-0.248843,-1.708839,1
0.808542,-0.802210,1
0.936992,-0.496967,1
-3.163464,-1.405804,1
-0.922146,-2.543792,1
-2.188988,-1.617519,1
-0.772092,-2.208294,1
-0.668402,-0.815034,1
-2.632194,-1.323704,1
-0.217288,-0.415700,1
1.043972,-2.929170,1
0.040089,-1.513732,1
-2.066671,0.816100,1
-2.718154,-1.529269,1
-1.172335,-1.588709,1
-1.005481,-2.218156,1
-0.445797,-4.959347,1
-0.173372,-1.499449,1
-1.306192,1.105528,1
-2.525886,-3.895276,1
0.388755,-0.593826,1
-0.006549,-0.982358,1
-0.524879,-1.504106,1
0.887340,-1.378805,1
2.167219,-3.098939,1
-1.898222,0.297086,1
-0.236429,-1.628729,1
-1.049794,-1.291005,1
1.398174,-1.057829,1
-1.822916,0.189762,1
-1.564280,-0.012558,1
-1.565227,-3.141230,1
0.717043,-0.207172,1
-1.592025,-2.389791,1
0.214861,-1.269026,1
-0.718628,-1.888066,1
-1.529441,-1.587653,1
-0.131970,-0.471893,1
0.134849,-1.703783,1
-1.431647,-1.753747,1
-0.054601,-0.041055,1
-1.595474,-1.579628,1
-2.542214,0.315413,1
-0.705855,-2.565958,1
-1.007171,-3.350210,1
0.234764,-0.146103,1
-1.616557,-2.581833,1
-1.792953,-0.690157,1
-1.589207,-1.851527,1
-1.318461,-2.235579,1
-0.897942,-0.596840,1
-1.696041,-0.249986,1
0.101150,-1.256732,1
-0.530348,-1.305926,1
1.235268,-1.346770,1
-0.961076,-1.596628,1
-2.001061,-2.235763,1
1.078434,-0.473623,1
0.098314,-0.811721,1
-0.607154,-0.105549,1
-0.782928,-0.949802,1
-2.112268,0.573553,1
-2.739239,-1.917069,1
-1.121501,-1.351207,1
-2.965811,-0.594313,1
-1.884032,0.317732,1
-0.280177,-2.814911,1
0.139810,-0.902297,1
-3.367147,-1.940406,1
-0.261465,-2.610024,1
-2.160652,0.178216,1
0.142123,-1.948693,1
-2.888687,0.841127,1
-0.543499,-0.608540,1
-1.028847,-2.478891,1
-3.120934,-0.904007,1
-0.102632,0.155152,1
-0.729679,-1.314269,1
-1.449044,-0.642221,1
-0.481305,-0.921072,1
-1.816671,-0.498544,1
-0.059644,0.911472,1
-0.558915,-1.497902,1
-1.084762,2.063660,1
-1.225316,-0.183552,1
-0.709920,-1.250433,1
-2.207009,-0.671581,1
-0.728691,-1.943991,1
-0.128557,-1.187531,1
-0.279995,-0.183573,1
-0.004185,-0.668715,1
-2.312279,0.318524,1
-0.110348,-1.726192,1
-0.038649,-0.540014,1
-0.606602,-2.694160,1
-2.800175,0.013065,1
-1.207160,-2.061072,1
-0.568370,0.477610,1
-0.709797,-1.706883,1
-1.065945,-1.296205,1
-0.055592,0.563588,1
-3.112879,-0.845297,1
-0.773491,-0.353811,1
-1.449041,-0.284871,1
-1.059405,-3.502897,1
-1.014435,-0.355199,1
-1.205524,-1.789116,1
-0.173882,-2.760201,1
-1.574850,-0.368308,1
-0.683028,-0.198035,1
-2.919808,-0.924857,1
-1.858825,-0.515815,1
-1.416409,-0.409609,1
-3.170595,-0.336540,1
-2.773541,-3.480982,1
-1.519708,-4.461105,1
-0.480463,-1.680384,1
-2.178082,-0.726737,1
-1.500082,-2.227897,1
-0.466224,-1.145633,1
-0.655498,-0.851186,1
-1.086371,-0.728012,1
-0.069460,-0.581182,1
-1.544199,-0.708295,1
-1.298757,-1.486996,1
-0.178216,-1.412740,1
-1.772734,-1.053553,1
-1.657838,-0.757321,1
-1.570549,-0.095049,1
-3.245924,-1.007334,1
-0.770745,-0.810173,1
0.015558,-1.447878,1
0.823872,-2.665720,1
0.382078,-0.169565,1
-0.494229,-2.235585,1
-1.174211,-2.651685,1
-0.881851,-0.213536,1
-0.689381,-1.972126,1
-1.235740,-0.641691,1
-0.453889,0.775749,1
-0.155267,-1.279077,1
-0.882341,-2.065262,1
-0.531859,-0.200325,1
-1.961381,-1.801944,1
-0.240843,-0.120084,1
-0.614082,-1.742810,1
-0.345642,-0.776613,1
0.094920,-2.696793,1
0.937479,-0.676721,1
-1.462708,0.635071,1
-1.138612,-1.017394,1
-1.036499,-1.357563,1
-1.297379,-0.741940,1
-0.139682,-2.130330,1
1.028954,-0.601865,1
-2.064768,-0.768851,1
-2.536503,-0.627075,1
0.364063,-2.731379,1
-1.047744,-1.898832,1
-1.021053,-1.987734,1
-1.533044,-1.668420,1
-2.959755,-1.415205,1
-4.396471,0.115594,1
0.459747,-0.734391,1
-0.540789,-1.851366,1
-0.118354,-1.421170,1
-2.123343,0.880679,1
-2.268752,-1.444896,1
-3.580563,-1.247641,1
-1.534832,-0.495476,1
-0.771138,-0.893393,1
-1.054055,-1.168681,1
-1.708756,0.070905,1
-1.076531,-1.519772,1
-1.130854,-1.387562,1
-2.799942,-1.294156,1
-1.702695,-1.265029,1
-0.515452,-2.549688,1
-1.184199,-1.082891,1
-3.143010,-1.314689,1
-1.470842,-0.677382,1
-1.658098,-3.196207,1
-0.887501,-2.883114,1
-1.464235,-2.164993,1
-0.325227,-0.129519,1
-0.765428,1.344782,1
-0.340960,-0.174678,1
-1.091756,-0.828895,1
-2.527419,-0.252679,1
-0.284268,-1.658167,1
-2.283009,-1.122419,1
-1.550791,-0.928380,1
0.233407,-0.216049,1
-0.089494,-1.900826,1
-1.536894,-0.544533,1
-0.281928,-1.009086,1
-1.780811,-3.088402,1
-2.098466,-2.219475,1
-1.993109,-2.574890,1
-2.853226,0.287891,1
-1.499619,-0.328466,1
0.088133,-0.945718,1
-1.511443,-1.922905,1
0.338824,-0.155092,1
-0.642111,-2.083533,1
-1.158813,-2.451906,1
-0.770780,-0.441944,1
-1.384215,-0.339612,1
-2.405043,-1.315016,1
-2.133795,-0.632072,1
-0.700369,-1.227452,1
0.293077,-1.093026,1
-1.492973,1.172626,1
-0.707759,-1.734184,1
-2.041741,-2.513847,1
-2.048293,-1.057769,1
-1.411547,-2.044485,1
-0.050660,-1.444666,1
-0.607761,-1.657169,1
-1.048029,-2.599137,1
-2.177058,-1.050067,1
0.930053,-0.818192,1
-1.429162,-1.965295,1
-0.797866,-2.610289,1
-1.250119,-0.583958,1
-0.542554,0.368271,1
-0.344558,-0.205758,1
0.025937,0.222891,1
-1.323746,-2.216038,1
-1.439244,0.526919,1
-1.597905,-1.935332,1
-0.528049,-0.673331,1
-2.290760,-2.121628,1
-1.380992,-1.251087,1
-0.054158,-1.809578,1
-0.706333,-1.488213,1
-1.483919,-0.423767,1
-1.145771,-2.320343,1
-1.674908,-1.485738,1
0.210233,-0.627727,1
-2.292175,-0.217710,1
-0.004584,-0.541988,1
-0.882456,-1.774388,1
-1.242179,0.197009,1
0.137640,-0.607620,1
-1.003417,-0.853241,1
-0.295303,-1.334859,1
-0.803307,-0.305993,1
-0.262124,-1.098416,1
-0.893086,-0.807304,1
-2.079566,-2.307543,1
-0.372326,-0.797710,1
-0.730830,-3.236885,1
-1.598751,-0.001925,1
-1.097100,-1.149662,1
-1.197895,0.045774,1
-2.755061,-2.956374,1
-1.565010,0.046803,1
-1.483334,-1.278465,1
-2.411134,-0.733711,1
0.486771,-0.267220,1
-1.323001,-2.801304,1
-0.615914,1.530574,1
-2.244423,-2.609063,1
-0.915261,-0.646771,1
-1.720921,1.196676,1
-1.824363,-2.750817,1
2.211759,-0.917292,1
-1.949094,0.118567,1
-1.944070,-1.738322,1
-1.616153,-2.294583,1
-0.507217,-3.506504,1
0.090975,-2.480118,1
-1.646938,-1.340923,1
-2.363241,-2.264963,1
-1.850540,-2.451308,1
0.456701,-2.069627,1
-0.856834,-1.439404,1
-1.427153,-1.407082,1
-2.807969,-1.100363,1
-0.726192,-1.242933,1
-0.984830,0.699756,1
-0.103742,-0.548072,1
-0.108728,-1.269839,1
-0.794590,-3.028101,1
-0.603170,0.681665,1
-2.029327,-2.862137,1
-1.348418,-0.510653,1
-2.285987,0.105674,1
-1.637559,0.341492,1
-1.196321,-2.403830,1
-1.603008,-3.017552,1
-1.179012,-0.903410,1
0.159895,0.064425,1
-0.145214,-0.940133,1
-1.427346,-0.464006,1
0.446444,-1.085041,1
-2.214011,-1.779053,1
-2.400408,0.225062,1
-2.077692,-3.009071,1
0.533827,0.291945,1
-1.669956,-1.161033,1
-2.584165,-1.335049,1
-1.861965,-1.117814,1
-0.850806,-0.027823,1
-1.206140,-0.054585,1
-1.314127,-1.632980,1
0.136415,0.576741,1
-1.877934,-1.789027,1
-1.989929,-1.925814,1
0.014581,-3.189182,1
-2.027444,0.739344,1
-1.369459,0.648217,1
-0.584906,-0.375021,1
-0.785295,-0.417202,1
-2.286791,-1.820891,1
-0.202514,-0.780475,1
-1.909240,-0.556330,1
-0.783926,0.571285,1
-2.135087,-0.810730,1
-1.519525,-1.999697,1
0.718677,-0.814278,1
-0.635439,-2.268160,1
-2.582210,-0.703679,1
1.886311,-0.961780,1
1.592259,0.511769,1
-0.882195,-1.096416,1
0.640993,-2.268660,1
-0.544097,0.300339,1
-2.069217,-1.609797,1
-0.258724,-2.015829,1
0.048693,-2.207717,1
-1.047276,-0.111132,1
-1.071627,-2.536350,1
-1.806657,-3.313041,1
0.301351,0.266761,1
-1.521260,-1.203379,1
0.817711,-0.436274,1
-1.334765,-0.464818,1
-0.882178,-1.839759,1
0.533121,1.562674,1
-1.530012,-2.134028,1
-0.033473,-0.839761,1
-0.410860,-1.105098,1
-1.250066,-2.808142,1
-0.694227,-3.246969,1
-1.777675,-1.169187,1
-1.496229,0.720158,1
-1.380418,-0.070770,1
-0.446962,-3.832881,1
-2.142529,-0.275270,1
-1.948048,-1.022763,1
-1.101066,-0.853679,1
-0.046683,-2.223381,1
-1.418082,-0.520547,1
-1.329367,-1.613572,1
-0.607078,-2.122747,1
-0.191851,0.762530,1
-0.243383,0.617549,1
-0.661356,1.831809,1
-2.291499,-1.007459,1
-0.771667,-0.911957,1
-1.603233,-0.077485,1
0.187533,0.595256,1
-0.654723,-2.988665,1
-2.091237,-1.142627,1
0.157552,-0.733021,1
0.755424,-1.539900,1
-0.893658,0.385999,1
-1.587481,1.396554,1
-0.288276,-1.931316,1
-1.201625,-1.537594,1
-1.241168,-2.247494,1
-0.077100,-0.022283,1
-0.020895,-1.602290,1
1.425907,-0.084472,1
-1.326510,-0.129182,1
0.481099,0.448952,1
-0.337784,0.186477,1
-2.535119,-0.354902,1
-1.021523,-1.622163,1
-1.143165,-2.230899,1
0.801710,-1.983179,1
-0.105528,0.394630,1
-0.479912,-0.311225,1
-0.541375,-1.390057,1
-0.968299,-1.989582,1
-1.977929,-1.921514,1
-2.373648,-0.059712,1
-3.174047,-1.318932,1
-0.857240,-0.989288,1
-1.773284,-0.585716,1
-2.891240,0.197260,1
-0.095886,-0.964489,1
-0.761729,-0.156685,1
-0.899798,-0.707511,1
-0.919039,-0.502967,1
-0.165836,-0.865212,1
-1.841384,-1.008021,1
-0.071488,-2.663322,1
0.437495,-1.162554,1
-2.826678,-2.806336,1
-0.214270,-1.731302,1
-3.157382,-1.199519,1
-2.798572,-1.871176,1
-3.597581,-0.892384,1
-0.095065,-1.298060,1
-0.829887,-1.867021,1
-0.164776,-1.224421,1
-2.409859,1.109815,1
0.312085,0.335705,1
-1.535385,0.188332,1
0.116102,-0.905602,1
-0.859357,-0.255938,1
-1.956443,-0.162662,1
-1.013732,0.382674,1
-1.068024,-2.287998,1
-0.571953,-0.112118,1
-2.503769,-0.971379,1
-2.274216,-2.407233,1
-1.644270,-1.109865,1
0.019583,-1.253820,1
-0.230617,-1.063357,1
-2.201388,-1.013300,1
-0.544576,-0.962185,1
-1.524887,-1.135452,1
-0.560228,-0.257623,1
-0.870590,-0.364114,1
-2.330610,-1.108645,1
1.653266,-0.597930,1
-1.098833,-1.208653,1
-1.547238,-2.444249,1
-0.749725,1.532852,1
-0.836705,-2.994024,1
-1.372093,-0.989679,1
1.258825,0.304979,1
-0.137371,1.194737,1
1.657204,-1.127244,1
0.403012,-1.709296,1
-0.605812,1.381894,1
-0.590947,-1.833190,1
0.084027,-0.499362,1
-1.916153,-2.347420,1
-1.078339,-1.682283,1
-1.148709,-0.467843,1
-0.861367,0.436536,1
-0.311778,-1.456412,1
-2.301383,-0.664600,1
-1.028126,0.468930,1
-2.460043,-1.078131,1
-2.591675,0.076027,1
-0.270824,0.484418,1
-0.573781,-2.179115,1
-1.042217,-1.397591,1
0.140135,-0.603073,1
-2.912485,-1.006557,1
-1.498102,0.767234,1
-2.464427,-0.084279,1
-0.204274,0.077428,1
-1.397367,-2.781801,1
-2.804717,-0.669083,1
-1.237165,-3.175514,1
-1.725690,-1.331616,1
-0.880552,-0.407314,1
-0.935668,-0.839045,1
2.495794,-2.315386,1
-1.603447,-2.135373,1
-0.367730,-1.625913,1
-2.022510,-0.924292,1
-1.784050,-1.621475,1
0.545383,0.192858,1
-1.174201,-2.237546,1
-2.024805,-2.324669,1
-0.582706,-2.254103,1
-1.831378,-1.901340,1
-1.468216,-0.772231,1
0.789006,-1.285028,1
-1.095337,-1.712575,1
-1.602165,0.182965,1
-2.693622,-1.646804,1
-1.210743,-2.596323,1
-0.084240,0.154486,1
-1.178759,-0.498147,1
-0.607644,-3.449456,1
-0.751214,-2.437457,1
-1.262169,0.134665,1
-2.539925,-0.729360,1
-0.487268,0.615138,1
-1.974574,-0.889724,1
-1.548852,-1.143289,1
-2.754872,-0.260016,1
0.308583,-1.726680,1
-1.664154,-0.731799,1
-0.158117,-2.672003,1
-2.778970,-2.066504,1
-2.767058,0.579378,1
0.236771,-0.704530,1
-3.256389,-0.864681,1
-2.458510,-2.705109,1
-0.549652,-1.748349,1
-1.125266,-2.351040,1
-2.538287,-0.806226,1
-1.349383,-1.333681,1
-1.175221,-1.514166,1
-1.406195,0.227918,1
-1.016222,-1.888839,1
-2.008518,0.534735,1
-2.203335,-1.463955,1
0.044049,-0.828207,1
0.019831,0.042539,1
-0.878963,1.164632,1
-1.225638,-0.451316,1
0.284673,-0.696930,1
-2.610849,-0.687511,1
-0.649512,-1.480051,1
-1.458651,-1.662283,1
-3.461305,1.571579,1
-0.471767,-1.969670,1
-1.896920,-1.156146,1
-2.137635,-0.591678,1
-3.199758,-2.581734,1
-1.037508,-2.306866,1
-1.143890,-2.017528,1
-3.494397,-1.094684,1
-2.216904,0.190168,1
-1.326813,0.915819,1
-0.756404,-1.143533,1
-0.542432,-1.320766,1
-0.087420,0.426548,1
-1.060526,-1.542147,1
-1.734393,-1.176665,1
-0.596754,-0.197394,1
-1.600392,0.114805,1
-1.730455,-1.078180,1
-1.897115,-2.048178,1
-2.429214,-3.093993,1
-2.277803,-1.166272,1
0.515354,-2.956781,1
-0.192003,-0.099345,1
-2.263067,-0.490978,1
-1.680670,0.169555,1
-1.363216,0.114032,1
0.113692,0.151927,1
-0.451406,-2.514616,1
-2.051507,-3.101060,1
-1.329475,-1.089686,1
-1.056242,0.624410,1
-0.780308,-1.948672,1
-2.608764,-0.376513,1
-2.804737,-0.194719,1
-1.277932,-2.536436,1
-2.873643,-1.260811,1
-1.324279,-2.446351,1
-2.172983,-1.249609,1
-2.327587,-1.624408,1
-1.406139,0.266650,1
-0.178640,0.095244,1
-0.407950,0.917169,1
1.216235,-3.532565,1
-1.814525,-0.468671,1
-0.870780,-0.001322,1
-0.870719,-1.702303,1
-1.309976,-1.841419,1
0.135890,-2.185877,1
-3.188201,-1.092886,1
-0.153497,1.723197,1
-0.273424,-1.675470,1
-2.270645,-0.491338,1
-1.535632,-2.574074,1
-1.508226,2.280304,1
-0.642911,0.054839,1
-3.138840,-1.666718,1
-0.562148,-0.906305,1
-1.065856,-1.109596,1
-2.038327,-1.375412,1
0.071363,-0.080903,1
1.100520,-1.356256,1
-0.133517,-2.281934,1
-0.588097,0.402327,1
0.160614,0.576686,1
-0.491873,-0.198581,1
-1.292260,-1.494756,1
-0.240427,-1.706841,1
-0.750698,-1.042672,1
-1.063118,-2.574955,1
-1.009194,-1.455987,1
0.192496,-0.851100,1
0.198964,0.508874,1
0.057159,-2.799877,1
-1.616213,-1.203279,1
-1.000444,-1.545640,1
-2.285911,-0.328974,1
-0.498953,-0.015551,1
-0.759535,-2.116020,1
-0.546274,-2.488285,1
-1.308454,0.026260,1
-1.636623,-1.168322,1
-1.866153,-2.464487,1
0.155833,-0.714958,1
-0.666065,-0.380978,1
-1.601262,-1.013141,1
-0.469666,-1.709932,1
-2.502734,-1.283131,1
-1.005493,-2.778103,1
-1.003900,-1.448570,1
0.166037,-0.757565,1
-0.493500,-0.209201,1
-1.526465,-1.003922,1
-0.695855,-0.913542,1
-0.270370,-0.679531,1
-2.350431,-0.475340,1
-0.451736,-1.833983,1
-0.274242,0.264294,1
-0.218454,-0.051394,1
0.262645,-1.370890,1
0.430154,-1.438342,1
-1.553885,-0.353377,1
-0.204350,-1.094299,1
-2.027234,-1.100188,1
-0.648838,-1.049024,1
-1.934624,0.309762,1
-2.178387,-1.233088,1
-3.138465,0.001163,1
-0.992542,-2.395554,1
-0.177511,-1.932067,1
-1.633180,-1.616457,1
-3.431445,-1.748853,1
-1.454462,-1.178256,1
-0.893641,-0.898118,1
-1.825385,-1.021385,1
0.140216,-2.706766,1
0.905728,0.077926,1
0.142329,1.163917,1
-0.779951,-1.393061,1
-0.588124,0.140718,1
-0.155470,-1.306302,1
-0.949522,-1.918140,1
-0.208846,-0.865452,1
-1.022167,-1.473923,1
-0.568299,0.571686,1
-2.879504,-0.598277,1
-2.394475,-0.455168,1
-1.719203,-0.492139,1
-0.708132,-0.529908,1
1.740588,-1.106757,1
-0.258734,-1.568339,1
-4.048284,0.197486,1
-2.093614,-2.381762,1
0.674470,-1.104068,1
-2.334245,-0.014346,1
0.427373,-0.571805,1
-0.663127,-0.121420,1
-1.113918,-0.853888,1
-2.547570,-1.407044,1
-2.304012,-1.248982,1
-1.406598,-1.529559,1
-2.054795,-0.474877,1
-2.997019,-1.995878,1
-0.171410,-0.527169,1
-0.333787,-0.715796,1
-1.692395,-1.955120,1
-0.980865,-0.439322,1
-0.342145,-0.953551,1
-1.710458,-1.612319,1
-1.457396,-2.441883,1
-0.751167,-0.637340,1
0.019719,-1.389027,1
-0.247352,-1.734445,1
-1.239879,0.281048,1
-1.419168,-0.071995,1
-0.697809,1.755735,1
-0.481922,-0.538360,1
-4.356371,-1.040320,1
-1.462271,-2.435558,1
-0.822831,-0.947097,1
0.320798,-0.782438,1
-2.577215,-0.930519,1
-1.537024,-2.227454,1
-0.598066,1.220778,1
-0.972489,-1.604200,1
-0.694518,-1.818825,1
-1.447076,-0.571169,1
-0.362849,-0.405951,1
0.547781,-1.968579,1
0.186617,-1.055845,1
-1.574486,-0.955561,1
0.926834,0.088032,1
0.249919,0.284742,1
-1.374329,-1.293905,1
0.775343,0.843524,1
-0.546935,1.983340,1
-1.056786,0.200506,1
-1.361648,0.537875,1
0.875202,-3.987056,1
0.781201,-0.586984,1
-1.256963,-1.077589,1
-1.486942,-1.236851,1
-0.532845,-0.416881,1
-0.768508,-1.158222,1
-0.615539,-1.881313,1
1.510468,-0.823389,1
-0.847152,-0.616231,1
-0.263573,-0.120005,1
0.265447,-0.593296,1
-0.315948,-0.969903,1
0.446975,-1.124801,1
-0.267242,0.044014,1
-0.457783,-0.711179,1
-1.549928,-3.531465,1
-1.216453,-1.024031,1
-3.068486,-1.404190,1
-1.815838,1.123931,1
-0.169487,0.445478,1
1.335557,0.716225,1
-1.823199,1.016049,1
-1.711205,0.847016,1
1.454074,-0.887466,1
0.819330,-1.001242,1
0.313995,-1.501281,1
-0.494811,-1.175184,1
0.505342,-0.525897,1
-2.014394,-1.811364,1
-1.794697,-1.983129,1
-1.616485,-2.233721,1
-1.668869,-0.405341,1
-1.844959,-0.649340,1
-2.298380,-2.915456,1
-2.416719,0.243174,1
0.685577,-1.110239,1
-2.471019,-0.624706,1
-1.532849,-1.293045,1
-0.964098,-0.394292,1
-0.580349,-0.934633,1
-1.353805,-1.687198,1
-0.968532,-0.984332,1
-1.083277,-1.466455,1
-1.988525,-0.750998,1
-0.965147,-1.527908,1
-1.245693,-1.474428,1
0.874816,-2.262890,1
-1.216227,-1.049382,1
-0.138385,-1.676671,1
1.890401,-0.784368,1
-1.190428,0.186645,1
-1.620906,-2.307328,1
-1.151552,-1.259333,1
1.443502,-1.656404,1
-0.414643,-1.675565,1
-0.707356,-1.576042,1
-2.161044,-1.707863,1
-0.125417,-0.964589,1
-0.864977,-2.654527,1
-2.505960,-0.526730,1
0.140590,-1.484231,1
-0.789347,-0.451347,1
-0.745319,0.705538,1
-1.821589,-1.346337,1
-0.501492,-0.376938,1
0.687461,-0.157053,1
-0.624410,-0.350641,1
-0.476017,-0.035138,1
-2.195520,-1.505283,1
-0.654429,-0.495945,1
-1.185925,-0.186052,1
0.403779,-0.879673,1
0.416192,-0.339941,1
-0.315076,-2.514712,1
-3.230129,-2.088452,1
-1.485962,-0.415541,1
1.338168,-1.890796,1
-0.358878,0.167307,1
1.504344,-0.743674,1
-1.322039,-0.783881,1
-2.390623,-1.650651,1
-1.005486,-1.989930,1
0.752759,-0.665209,1
0.440367,-1.091056,1
-0.462724,-0.246353,1
0.311131,0.133267,1
-0.681793,-1.826018,1
-0.249116,-0.784284,1
-2.322225,-0.605028,1
-1.343592,-2.722988,1
-1.310302,-1.382837,1
-0.255929,-1.186701,1
0.279274,1.417819,1
-0.734870,-2.101032,1
-0.717013,-1.490122,1
1.887952,-0.500762,1
0.728690,-0.318146,1
-0.300382,-0.067712,1
-1.134978,-0.013287,1
-0.299686,0.376809,1
-0.758784,1.307313,1
-1.805357,-2.174921,1
-0.676737,0.049904,1
-0.110619,-2.525681,1
1.238136,0.377194,1
-1.204201,-0.483494,1
-0.869540,-1.595331,1
-1.141297,-0.691488,1
0.871871,-1.906292,1
-1.322147,0.269492,1
-0.222336,-0.113358,1
1.454325,-0.022815,1
0.406692,-0.567043,1
-0.849670,1.065507,1
1.432980,-1.667654,1
-0.201007,-1.143643,1
-0.607140,-2.672385,1
-1.729176,-3.574163,1
-1.228275,-1.027358,1
-0.144671,-0.749326,1
-1.702065,-0.951882,1
-1.366624,-1.307148,1
0.953276,-2.130714,1
0.718979,-2.185711,1
-3.243009,-0.326477,1
-0.083802,-0.923193,1
-0.630587,-2.978826,1
-1.126560,-0.891935,1
-1.384869,-0.913302,1
-0.170755,-1.524156,1
1.920481,-0.562123,1
-1.470011,-1.498895,1
-1.184498,-3.040180,1
-1.991768,-1.284265,1
-2.248567,-2.874440,1
-2.164253,-0.353526,1
-1.742280,-0.735364,1
0.209253,-2.644315,1
-0.476933,-0.622863,1
-1.416715,-0.821655,1
-1.314275,-2.430378,1
-0.975824,0.402191,1
-0.900919,0.305229,1
-0.494221,-2.497355,1
0.184648,-1.472611,1
-0.287623,-2.904387,1
1.012288,0.282142,1
-0.075592,0.282099,1
0.120633,-2.440642,1
-2.164820,-0.575715,1
-0.617888,-1.490469,1
-2.537612,-2.163432,1
-1.542292,-2.428071,1
-1.086224,0.079329,1
-0.510722,-1.620791,1
0.382932,1.295517,1
-0.411322,0.315243,1
-1.200369,-1.470855,1
-0.039808,0.374605,1
-1.263504,0.916599,1
-1.890036,-0.355484,1
0.123899,1.181097,1
-1.453950,-1.946611,1
-1.038033,-1.430327,1
-0.736407,-1.281760,1
-1.902819,-3.073013,1
-2.286853,-1.695726,1
-0.823062,-0.664303,1
1.658006,-1.176479,1
-1.399770,-1.081648,1
-1.946319,-1.640913,1
-2.196783,-1.339078,1
-3.476759,-0.283936,1
-1.838529,-2.192593,1
-0.152692,-1.813022,1
-0.177296,-0.498779,1
-1.098114,-1.782511,1
-1.235535,-0.956848,1
-0.634804,-0.639900,1
-1.004047,-2.183455,1
-2.257391,-1.539944,1
-2.291279,-0.241305,1
-0.965533,-0.467012,1
-1.984943,-1.189925,1
-0.518752,-1.009317,1
1.343075,-2.115825,1
-0.288373,-0.173381,1
-0.891439,-0.633749,1
-1.297864,0.175085,1
0.981070,-0.225358,1
-1.049005,-2.297595,1
-2.007603,-1.756977,1
-0.712744,0.290602,1
1.284738,-1.704526,1
-2.153671,-0.047818,1
0.068087,-1.273589,1
1.754396,-2.149858,1
-0.438335,-2.272838,1
-1.012382,-0.943971,1
-2.534708,-1.338205,1
0.722531,-2.699481,1
-1.410515,-0.517773,1
-0.402543,-1.783427,1
-0.599147,-0.932646,1
-1.458066,-0.600084,1
-0.991636,-1.732774,1
-1.702314,-0.209033,1
-0.826788,-1.195507,1
-0.542761,-0.980138,1
-0.472865,-1.756214,1
-0.295507,-1.560378,1
-0.113747,-2.544072,1
-0.123669,-0.921508,1
-2.185784,-1.175533,1
-1.853916,-2.704090,1
-1.968696,-1.677829,1
-1.081431,-0.115661,1
-1.093884,-1.039504,1
-1.905994,0.071071,1
-1.815995,-2.326808,1
-0.683593,0.129656,1
-0.818264,-2.216779,1
1.212935,0.196298,1
-0.278917,-1.122751,1
-2.743392,-0.767766,1
-1.060906,-1.013158,1
-0.086508,-2.206274,1
-0.180153,-3.133469,1
-0.031054,-3.458005,1
-0.622635,-1.432524,1
-0.363441,0.181678,1
-1.346338,-0.984694,1
-0.581658,0.523491,1
-0.024876,-1.081875,1
0.566140,-0.945222,1
-0.876598,-1.578713,1
-0.694821,-2.203151,1
1.486125,-0.320965,1
-2.982845,-0.172793,1
-1.263668,-2.181958,1
-0.611469,-1.065728,1
0.175854,-1.035185,1
-0.219340,2.026322,1
-0.686890,-1.919512,1
-0.912566,-1.745381,1
-0.812860,-1.514266,1
-0.085821,-0.928239,1
-3.663261,-1.638327,1
-0.860605,-3.087096,1
-1.167235,-1.094514,1
0.925881,-1.608890,1
-2.057758,-1.525993,1
-0.967167,-1.339096,1
-1.683223,-0.984125,1
-0.917676,-1.750413,1
0.446345,-1.532443,1
-1.226763,-0.546983,1
-3.211797,-0.791234,1
0.279140,-1.933597,1
0.116949,-2.127952,1
-1.444549,-0.815882,1
-1.083622,-2.143145,1
-1.844938,0.293906,1
-1.722322,-1.759020,1
-0.457093,-1.328811,1
-1.106452,-0.946709,1
0.318137,0.592186,1
-2.210143,-1.503369,1
-1.829102,-2.195498,1
-2.573078,-1.829534,1
-0.885538,-0.238476,1
-1.325128,-0.904823,1
-0.382282,-0.951475,1
-1.227252,-0.499142,1
-1.578697,0.798621,1
-1.716868,-2.121446,1
-1.743548,0.573657,1
-1.898883,-2.282781,1
-1.278231,-0.542155,1
-2.049160,-1.591781,1
-1.127848,-3.548768,1
0.453703,-1.588964,1
-1.195937,-2.590203,1
0.480950,-0.903033,1
-3.046037,-0.072675,1
-2.951925,-2.624813,1
-1.362943,-0.869948,1
-1.608385,-0.668270,1
-2.445942,-1.200023,1
0.997740,0.304315,1
-0.190818,-1.379343,1
0.769217,-1.987567,1
-0.827574,-1.676423,1
-1.243054,-1.206205,1
-1.805722,-0.518960,1
-0.294502,-2.324814,1
-1.945430,-1.648296,1
0.626080,-2.481634,1
-1.621435,-2.031865,1
-1.565890,-0.767807,1
1.715248,-0.414948,1
-1.064347,-0.761441,1
-0.316894,-1.141575,1
-2.620579,-1.747078,1
-2.732217,0.505066,1
-1.110871,-2.225260,1
-0.406115,-0.186329,1
0.821061,-0.389004,1
-1.660504,-0.524984,1
-1.355241,-0.484763,1
0.042868,-1.587128,1
-1.903826,-0.634523,1
-0.224847,-0.450908,1
-0.996054,-1.418750,1
0.339328,-0.219617,1
-1.089050,-3.593054,1
-0.398869,0.053900,1
-1.243162,0.591404,1
-0.368622,-1.285758,1
0.912408,-1.389403,1
-1.122498,-2.819692,1
-2.068704,1.782358,1
-1.100420,-2.288351,1
-1.266759,-0.698529,1
0.213247,-1.833142,1
-3.675162,0.553146,1
-0.927005,-1.379694,1
-1.434932,-2.171610,1
-3.321023,0.912814,1
-0.946487,-2.066432,1
-0.659158,1.289545,1
-1.533664,-2.658282,1
-2.769197,-0.429525,1
-1.740540,-0.314004,1
-0.126358,-0.111012,1
-0.657528,-2.296610,1
-1.152689,-0.630933,1
-1.474536,-0.314403,1
-2.548967,-2.979292,1
-2.638851,1.370496,1
-2.160717,-0.094201,1
-2.009230,-0.620663,1
-0.209295,-1.215299,1
-2.400771,-0.040796,1
-0.366054,-2.520713,1
-0.192463,-0.746922,1
-0.989419,-1.503062,1
-0.273928,-1.426669,1
0.432733,1.270305,1
-0.198360,-1.286931,1
0.213090,-0.495051,1
-0.085631,-0.564277,1
0.959712,-1.120092,1
-2.053356,-0.850121,1
0.607764,-1.605453,1
0.385090,-0.966146,1
-0.801513,-2.730135,1
0.896152,-0.916451,1
-1.973353,-1.013297,1
-0.698815,-1.482350,1
0.809692,-2.430876,1
-2.317842,-2.004250,1
-1.193090,-2.107704,1
0.319498,-0.894133,1
-2.827926,-1.775226,1
-2.573107,-0.057078,1
0.106196,0.707113,1
-1.959952,-3.542753,1
0.881837,-0.936756,1
-0.466820,-1.852257,1
-0.313400,-1.984871,1
-3.259187,-1.965466,1
-0.554890,-1.331180,1
-0.788142,-0.957700,1
-2.068124,-2.131669,1
-1.544919,-0.991249,1
0.723887,-0.725985,1
-1.688966,-1.626032,1
-0.139762,0.318200,1
-0.698641,-0.284768,1
-1.007607,-3.367768,1
-2.653630,-2.017859,1
-1.484346,-1.637278,1
-0.625546,0.887129,1
-0.920767,0.400879,1
-1.294747,-1.451866,1
0.367548,-2.109714,1
-2.102107,-1.445669,1
-0.886983,0.536571,1
-0.125270,-1.592605,1
0.376482,-0.573282,1
-2.696800,-0.387188,1
-0.871557,0.461191,1
-0.099553,-2.702537,1
-0.024183,-1.644661,1
-1.999362,1.961026,1
-0.920992,1.697436,1
-0.608159,-1.112918,1
0.168080,-0.056499,1
-0.401597,-2.769438,1
-0.974312,-2.486613,1
1.177798,-0.386133,1
0.955569,-0.400556,1
0.035749,-2.204386,1
-0.261647,-1.373790,1
-0.702262,-1.666648,1
-1.824769,-1.269018,1
-2.613058,-1.569537,1
-1.347169,0.771742,1
-0.910725,-2.553444,1
-0.905120,-2.160498,1
-0.270251,-1.993684,1
0.636926,0.221960,1
-1.550757,-2.144810,1
-1.219802,-0.203957,1
-0.373943,-0.793180,1
-2.081961,-0.354651,1
-0.504297,1.059531,1
-2.001899,-2.156583,1
0.167590,-0.106599,1
1.006457,-0.679015,1
-1.850722,0.146597,1
-0.976672,-1.438289,1
0.958366,-1.556360,1
-1.399624,-1.245780,1
0.614112,-0.893746,1
-0.737637,-1.188797,1
-1.174578,-1.334982,1
-1.621518,-1.448138,1
0.221487,-0.548319,1
-1.518963,-0.649742,1
0.888008,-1.002402,1
1.023601,-1.430046,1
-0.774863,-0.165762,1
-1.188572,-1.911285,1
-2.840071,-2.636287,1
-1.225306,1.797446,1
-1.808811,-1.479858,1
-2.523866,-0.726532,1
0.372544,-0.103143,1
-1.461024,-0.382030,1
-1.995844,-1.729251,1
-1.877606,-0.261166,1
0.301178,-0.481175,1
-1.265404,-0.880981,1
-2.663134,0.569149,1
-0.383078,0.049516,1
-2.664524,-1.956914,1
-1.206515,-0.496261,1
-1.567114,-0.652304,1
0.401633,-1.383698,1
-3.060237,-0.072795,1
-1.167157,-0.538087,1
-0.836042,-2.413376,1
1.104212,-1.250039,1
-1.632960,0.407571,1
-2.307124,-2.251810,1
-0.099406,-1.137527,1
-0.985625,-0.987518,1
-0.397837,-0.809765,1
-1.814013,-0.978117,1
0.054306,-1.066306,1
-0.922514,-2.131360,1
-1.559165,-1.251008,1
-0.599088,0.707975,1
0.882744,-1.437720,1
-0.933622,-2.407547,1
-0.525261,-3.048136,1
-2.247078,-3.396729,1
-1.920199,-1.839330,1
-1.555660,-0.753992,1
-1.445020,-0.246510,1
-1.114431,0.120193,1
-1.123624,0.060704,1
-1.288058,-0.128589,1
-1.319145,-1.457982,1
0.762773,-1.833757,1
-2.000622,-1.405927,1
-1.215626,-0.458858,1
-2.210668,-1.237511,1
-1.678524,-0.676825,1
-2.250941,-1.174712,1
-1.944815,-0.964567,1
-2.558936,-1.327399,1
-1.339402,-0.296242,1
-2.460976,-1.680592,1
-1.189478,-1.320061,1
-1.525371,1.905107,1
-0.082277,0.133486,1
-2.001369,-1.974074,1
-1.413790,-0.510144,1
0.283143,-0.392495,1
-2.037289,-1.541096,1
-0.575789,0.046594,1
-1.356239,-0.752738,1
-0.348130,-0.092075,1
0.799172,-1.202273,1
-2.021321,-0.658749,1
-1.727679,-0.903079,1
1.060129,-1.103789,1
-1.983442,0.684892,1
0.078115,-1.343729,1
-0.404610,0.369028,1
-1.042510,-0.743701,1
-0.477803,-1.745384,1
-0.189471,0.213534,1
-2.980646,-0.231058,1
0.671017,-1.928455,1
-0.134096,-0.465331,1
-0.207697,-0.345893,1
-2.663184,-0.977884,1
-0.770413,0.325745,1
-0.115864,-0.769920,1
-1.833384,-0.677482,1
-0.693120,-1.137808,1
-0.577284,-0.935439,1
-0.988177,-1.806572,1
-0.501944,-1.420602,1
-2.297903,0.537117,1
0.465393,-1.095212,1
-1.280324,0.567535,1
-2.339591,-0.941748,1
-1.022826,-2.503767,1
0.301274,-1.623280,1
-0.013714,-0.883310,1
-1.235557,-2.759377,1
-2.088891,-1.613999,1
-0.954074,-2.164271,1
-0.899681,-0.876516,1
-3.016210,-2.760168,1
-1.540129,-2.071996,1
-2.249897,-1.487696,1
-3.298951,-0.216563,1
-1.446354,-0.523629,1
-1.113314,-1.053089,1
-0.263611,-1.711010,1
-0.780836,0.697142,1
-0.030002,0.249329,1
-1.607003,0.009165,1
-1.776141,-1.008643,1
1.075299,-0.090746,1
-1.190816,-1.987151,1
-2.463185,-3.265411,1
-0.855913,-0.205838,1
-0.162660,-1.458450,1
1.240252,-2.369066,1
-0.900706,-1.981394,1
-2.207899,-0.605038,1
-1.621204,-1.500844,1
-0.226724,0.493879,1
-0.410505,-2.030818,1
-2.531883,1.266067,1
-1.397530,-1.492397,1
-0.091832,-0.807473,1
-0.868905,-0.547060,1
-1.062188,-0.506810,1
-0.156008,-1.472083,1
0.602493,-0.894057,1
0.249432,-1.661500,1
1.857735,-1.945246,1
-0.870180,-0.574402,1
-1.361055,-1.692930,1
0.189394,-0.151154,1
-2.014172,0.278417,1
-2.012001,-0.575547,1
0.123288,-0.028566,1
-0.434898,-1.927413,1
0.055545,-0.222948,1
0.103625,-0.857031,1
-0.646618,-2.586236,1
-1.660808,0.474442,1
0.095383,-1.249905,1
-3.037956,-2.060590,1
-2.050581,-0.645653,1
-3.116421,-0.217972,1
-0.778944,-0.428852,1
-1.439692,-2.518667,1
0.163939,-1.135247,1
-1.589211,-1.339637,1
-0.930298,-1.177625,1
-2.305447,-1.343368,1
-0.824640,-0.898104,1
-0.247730,1.944365,1
-2.067468,-1.859987,1
0.216885,-2.087450,1
-0.188667,-0.964350,1
-2.563955,-1.242174,1
-0.878837,0.013628,1
-0.520045,0.172392,1
-1.190871,-1.039372,1
-1.825208,-3.724557,1
-1.341331,-0.416852,1
0.536540,-1.162629,1
-2.109193,-1.606726,1
-1.744239,-1.063526,1
-0.226517,-2.264287,1
-3.397258,-2.210982,1
-1.627453,-1.656712,1
0.155406,-1.707863,1
-0.372570,-0.136643,1
-3.223639,0.055398,1
-0.525133,-0.485599,1
-0.803734,-1.240993,1
-0.575795,-2.400529,1
-0.455955,0.903360,1
-0.218080,-2.541960,1
-0.316746,-0.216257,1
-1.833550,-1.544085,1
-2.252270,-3.018635,1
-0.062141,-1.899268,1
-0.873896,-1.210961,1
-1.984693,-1.687492,1
-0.222486,0.149224,1
-1.541862,-0.831162,1
-1.288896,0.549059,1
-1.675876,-0.635416,1
-1.893225,-1.407626,1
-2.736380,-2.091515,1
-0.784575,-1.687613,1
-0.399592,-0.541992,1
0.658527,1.554244,1
-2.851201,-0.916441,1
-3.351202,-1.633139,1
0.448009,-1.397563,1
-0.257309,-0.143828,1
0.373109,-1.034147,1
-0.903567,-1.844968,1
-0.887683,-3.263853,1
-0.302961,-2.882792,1
-0.537680,-1.589259,1
-1.708068,-1.585579,1
-0.684229,-1.616424,1
-1.982522,-1.613659,1
-1.571945,-1.058320,1
-1.746728,-2.765823,1
-1.311869,0.453587,1
-2.582458,-1.344002,1
-2.678584,-0.338532,1
-0.228786,-1.856989,1
-2.476469,-0.402059,1
-1.416431,-0.283367,1
-3.975034,-0.317706,1
0.474063,0.267432,1
-0.676460,-1.458311,1
-0.639349,-1.617824,1
-1.399976,-0.766346,1
-1.994808,-0.497125,1
-2.143527,-2.078625,1
-2.385147,-2.898121,1
-1.117896,-1.297684,1
-1.278394,-0.573314,1
-1.195724,0.220585,1
-1.167065,-1.895943,1
-0.768004,-0.724667,1
-1.383950,-0.468896,1
-0.710025,-2.589255,1
-2.577702,-2.559326,1
-1.452709,-0.550956,1
-2.019496,0.132715,1
0.982573,-2.951331,1
-1.547462,-2.660940,1
-2.229301,0.342654,1
-2.373795,-0.528667,1
-0.172462,-2.470727,1
-1.387100,-0.181995,1
-1.503433,-2.642796,1
-2.541927,-0.675776,1
-1.015171,0.448452,1
-0.354476,0.614289,1
-2.305335,-0.079771,1
-0.375980,-1.303572,1
-2.230352,-0.406932,1
-1.903338,0.383731,1
-0.173609,0.053207,1
-1.326710,-1.293913,1
-2.733180,0.207976,1
-2.508842,-0.024727,1
0.471759,-1.869193,1
-1.922577,0.114217,1
-2.862340,-0.131647,1
-2.013952,1.203764,1
-2.159452,-2.124072,1
0.113616,-1.641177,1
-1.143280,-2.116522,1
-2.372184,-0.283985,1
-0.106382,-2.526975,1
0.159659,-0.426594,1
1.182730,-0.121705,1
-0.891861,-2.501602,1
-1.522496,-1.384448,1
-1.540929,-3.334666,1
-1.266515,-1.678988,1
0.392770,-1.300711,1
-1.528613,-2.182861,1
-0.829618,-1.538058,1
-3.449458,1.528821,1
-0.824846,0.765562,1
-1.261930,0.916023,1
-1.162029,-1.507927,1
-0.443113,0.633339,1
-1.557990,0.545987,1
0.501894,-1.082747,1
-1.557970,-0.237302,1
-0.015424,-2.862701,1
-2.693862,-2.041608,1
-1.039223,-1.087744,1
-3.826033,-0.722484,1
-1.238500,-0.890543,1
-0.575020,-1.362658,1
0.235701,-0.466958,1
0.094757,-0.130063,1
-0.278136,-0.482265,1
-0.870279,-0.674711,1
1.043825,-1.072554,1
-2.417351,-0.743861,1
0.737682,0.430114,1
-1.082958,-0.687562,1
-1.708627,-2.002356,1
-2.076599,-1.547290,1
-1.097704,-0.510455,1
-1.435401,-0.183346,1
-1.851409,-2.190613,1
-1.202518,-0.769828,1
-3.508407,-1.753076,1
-0.397708,-1.082019,1
-1.614244,0.370688,1
0.225769,-0.005006,1
-1.144047,-1.307118,1
-2.016792,0.874628,1
-1.551918,-1.710853,1
-2.006634,-1.672159,1
-0.678236,-2.986818,1
-1.185381,1.023547,1
0.853623,-1.542258,1
-0.874411,-0.609844,1
-0.279905,-1.105607,1
-1.064680,0.911499,1
-0.620378,-0.436887,1
-3.169135,-2.383660,1
-0.143234,0.936909,1
-2.020240,-2.663187,1
-2.748820,-3.029466,1
0.966894,-1.322701,1
-0.821209,-0.927234,1
-0.403101,-1.856781,1
-2.892107,-1.331280,1
0.545143,-2.550136,1
-2.708392,-1.302440,1
0.086012,-2.354615,1
-3.239851,-1.627547,1
-0.800171,-0.582376,1
-0.694332,-0.732767,1
-3.451234,0.453460,1
-0.858191,0.901996,1
-0.560381,-0.729741,1
1.145058,-0.680957,1
0.490968,-1.366426,1
-1.041175,-1.191019,1
-1.157897,-2.087326,1
-0.832070,-1.698669,1
-1.116559,-1.396170,1
-2.165308,-0.696592,1
-0.762444,-1.229658,1
-0.894731,-1.190775,1
0.126573,-0.493230,1
0.034544,-1.555188,1
0.835001,-0.489709,1
-0.928816,-1.201849,1
-0.896404,-2.943077,1
-0.194386,-1.660369,1
-2.349450,-0.874635,1
-2.798655,-2.049597,1
-0.139706,-1.104171,1
-0.679785,-1.668404,1
-0.573872,-1.205944,1
-0.898730,-0.425373,1
-1.347281,-3.653365,1
-0.733276,-1.337105,1
-1.964282,-2.922891,1
-0.005149,-3.266705,1
-0.685479,-1.546965,1
-1.312537,0.017426,1
-1.120188,-0.840239,1
-0.460563,-0.814186,1
-0.737376,-2.587240,1
-0.760639,-0.107393,1
-1.952566,0.086834,1
-0.487692,-1.796488,1
-2.122271,-3.813665,1
-1.202899,-0.335840,1
-0.750629,-0.680746,1
0.500731,-2.965375,1
-2.081174,-2.565732,1
-0.465501,-2.836324,1
-1.299806,-0.923137,1
0.831192,-3.233705,1
-1.774192,0.640553,1
-1.558769,-4.347156,1
-1.242630,-1.984812,1
-1.719782,0.959339,1
0.444981,-1.816960,1
0.251105,-1.265899,1
-1.011472,0.886135,1
0.357361,-0.577508,1
-1.978545,-1.525323,1
-1.445913,-2.485527,1
-1.441482,-1.000359,1
-0.186662,-1.395764,1
0.865059,-1.566618,1
-2.511716,-1.792224,1
-3.176919,-0.648270,1
-0.607156,1.378323,1
-1.691241,-2.010828,1
-2.088870,-0.892486,1
-0.915825,-1.591908,1
-1.719711,-1.871044,1
-1.596136,-0.979566,1
-1.167297,-0.808051,1
-1.840590,-1.313454,1
-0.685842,-1.892318,1
-1.418581,0.171214,1
-1.361721,0.128876,1
-0.878883,0.235206,1
0.756606,0.346493,1
-0.180931,-2.429164,1
-1.014671,-3.171436,1
-0.912173,0.119741,1
-2.191299,-0.481301,1
0.030499,-0.806691,1
0.374980,-0.011103,1
0.454092,-1.006060,1
-1.716999,-0.233133,1
-0.979556,-1.260487,1
-0.881970,-0.504952,1
-0.655079,-0.983563,1
0.118037,-2.186310,1
-0.722116,-2.011231,1
-1.752441,-1.417428,1
-0.425031,-0.982957,1
-0.454623,-1.846195,1
-1.608418,-2.601842,1
-2.113272,-0.952586,1
1.259807,-1.095581,1
0.740094,0.054017,1
-0.945569,-1.776653,1
-1.234567,-1.392723,1
-1.653578,-1.311368,1
0.340950,-3.022711,1
-2.137775,-1.888141,1
-0.602133,-0.854600,1
0.813646,-0.267109,1
-2.096986,-1.407885,1
-1.088830,-1.467709,1
-0.995692,0.912210,1
-0.903151,1.513886,1
-1.005051,-1.116767,1
-0.847705,1.202746,1
-2.635690,-0.684599,1
-1.957886,-0.774858,1
-0.741620,-3.529577,1
-1.994686,0.475590,1
-1.387596,-3.536511,1
0.023904,-2.632452,1
-1.427026,-2.181774,1
-3.200204,-1.048187,1
0.756960,-1.645278,1
-0.642194,-2.235369,1
-2.390422,-0.306502,1
-1.804643,-1.414841,1
-2.747227,-0.902946,1
-1.380703,-1.615267,1
-0.441577,-2.297421,1
-0.196025,-1.502917,1
-0.710245,-0.720598,1
-1.105284,-0.569808,1
-0.983448,-3.745685,1
0.582953,-1.300558,1
0.031748,-0.846230,1
-0.043605,-0.885751,1
-0.309197,-2.327350,1
-1.353405,-1.415250,1
-1.176974,0.046866,1
-1.382731,-1.119985,1
-0.223247,-0.524427,1
-0.349998,-1.002971,1
-1.597358,-1.931598,1
-2.786547,-0.638002,1
-1.318037,-0.971455,1
-2.470328,-2.572662,1
-1.388565,-0.934041,1
1.074871,-0.880305,1
0.167872,-1.974398,1
-2.828755,0.199903,1
-1.139216,1.404072,1
-0.976124,-0.783985,1
-1.756783,-2.170175,1
-1.525423,-0.578094,1
-1.894592,0.401212,1
0.647002,-2.062327,1
-1.861964,0.731896,1
-1.152203,-1.680923,1
-1.901954,0.775414,1
-0.416591,-1.080162,1
-1.671135,-2.113131,1
-1.959301,-1.507249,1
-0.151944,-2.271105,1
0.332905,-2.180608,1
-3.199987,-0.630674,1
-0.665347,-3.756670,1
-1.475963,-0.056715,1
-1.087956,0.413786,1
-1.254423,-0.662427,1
-1.723986,-1.115227,1
-0.792619,-0.445908,1
-0.874382,-0.496694,1
-1.438082,0.869753,1
-0.295679,-1.823152,1
-0.700621,-1.519013,1
-1.066006,-0.043339,1
-0.774576,-1.380637,1
-1.020533,-1.610156,1
-0.168985,0.461125,1
-1.891447,-0.404368,1
0.779417,-0.015187,1
1.644792,-1.281352,1
0.550525,0.178598,1
-1.037904,0.535918,1
-2.872829,-0.754022,1
-2.700647,-0.358096,1
-1.024303,-0.258983,1
-1.225772,-1.482231,1
-1.450843,0.598676,1
-1.787034,-0.237840,1
-1.633586,0.495699,1
-1.355437,-0.450082,1
-2.214961,-3.715319,1
-2.950312,-1.341981,1
-2.265766,-1.028516,1
-1.928205,-0.310619,1
-2.894972,-0.098294,1
-0.984611,-0.848412,1
-1.472308,-0.336760,1
-0.123020,-1.598361,1
0.062809,-1.613990,1
-0.591668,-1.207380,1
-1.958533,-2.129643,1
-0.088348,-1.048362,1
-1.563876,-1.944536,1
-1.030613,-1.319173,1
-1.898057,-0.463608,1
-0.299327,-0.935253,1
-0.609975,-0.939854,1
-0.428189,0.789156,1
0.000959,-2.267263,1
-1.159911,-1.731249,1
-2.423846,-1.409862,1
-1.143579,-2.492033,1
-0.528717,0.187625,1
-0.254552,0.016894,1
0.906705,-0.400164,1
-2.978096,-1.226014,1
-1.887154,-1.543410,1
-0.657276,-1.297809,1
-0.590065,-0.549730,1
0.780200,-2.676526,1
-1.154995,0.110982,1
-0.266099,-0.768411,1
-1.993705,-0.915140,1
0.428813,0.354796,1
-0.082694,-1.779076,1
-1.374892,-0.832355,1
-2.772666,-2.445314,1
-3.239502,-2.036937,1
-0.913892,-1.378289,1
-2.687866,-3.688268,1
-1.292939,-0.830572,1
-1.468286,-1.664331,1
-0.272765,-2.192188,1
-1.849824,-0.614417,1
0.411731,-1.431348,1
-1.732631,-0.446033,1
0.147491,-1.868113,1
-0.673273,-0.190970,1
-0.507535,-1.429710,1
-0.630141,-2.215449,1
-0.938751,-1.035762,1
-1.367300,-1.102632,1
-1.736110,-1.117495,1
-0.811298,0.217745,1
-2.089584,-0.221806,1
-1.349612,-1.069527,1
-0.739589,-0.841597,1
-1.497066,-0.540331,1
-1.133759,0.747559,1
-1.282550,-2.746701,1
0.684332,-1.018725,1
-3.352228,-1.730301,1
-1.272470,-1.074083,1
0.826852,-3.600796,1
0.130683,-1.998398,1
-1.413122,-1.025126,1
-1.633540,0.239679,1
-1.658964,-1.122471,1
-1.084603,-0.988672,1
-0.610357,-0.872579,1
-0.601471,-1.521996,1
-0.745384,-0.645147,1
-2.019322,-0.366675,1
0.504820,-0.802927,1
-2.074559,-0.313644,1
-1.120737,-1.987690,1
-0.477982,-0.070446,1
-0.006762,-1.343498,1
-2.367481,-3.060066,1
-1.605510,-1.541283,1
-0.950350,-0.590430,1
-2.524979,0.452192,1
-0.861349,-0.724871,1
-1.663319,-1.173182,1
-2.280421,-2.139917,1
-2.753148,-3.321910,1
-0.492704,-1.657202,1
-2.455048,-0.473277,1
-0.601437,-0.518840,1
-1.292389,-1.013670,1
-0.319558,-1.769988,1
0.773553,-0.611702,1
0.043033,-0.782315,1
-1.125398,-0.598381,1
-1.670835,-1.760425,1
-1.143078,-2.383138,1
-1.034268,-1.717805,1
-3.226395,-2.434315,1
-0.423245,-1.936390,1
-2.755091,-0.510692,1
-2.411867,-2.163902,1
-1.526858,-0.024781,1
-0.932042,-1.515959,1
-0.775989,0.513151,1
-1.890753,-2.129264,1
-0.485367,-2.015242,1
-1.129087,-1.899000,1
-0.994611,0.473186,1
-0.123994,0.452742,1
-0.727610,-1.911015,1
-0.244745,-1.990153,1
-0.648267,-1.694308,1
-0.575762,-0.679394,1
-1.231568,-2.139524,1
-0.019535,-1.085243,1
-2.034043,-0.860585,1
-0.917179,-1.202388,1
-0.366988,1.514145,1
-1.278537,-2.311619,1
-2.001192,-1.026073,1
-0.997545,0.651867,1
1.404017,-1.834669,1
-0.194441,0.311082,1
-1.845519,-0.550507,1
0.351186,0.253433,1
1.073900,0.034937,1
-0.607361,-0.254644,1
-1.385041,-2.193657,1
0.275982,-3.659958,1
-1.184817,-1.769887,1
-0.658494,-2.219094,1
-1.322418,-2.067841,1
-2.571298,-0.760124,1
-0.640688,-1.724140,1
-1.886389,-1.709548,1
-2.435349,1.254349,1
-0.021573,1.059261,1
-2.202083,-2.714150,1
-1.517945,-0.490294,1
-0.038705,-1.211305,1
-0.432170,-1.422452,1
0.013574,-1.599497,1
-0.446149,0.518253,1
-2.022818,-1.744699,1
-1.015762,-2.387260,1
0.187077,-1.014239,1
-0.240350,-1.102792,1
0.145818,-1.198983,1
-2.119349,0.218228,1
-0.257628,-0.900611,1
-0.338155,-1.552647,1
-0.231322,-1.526978,1
-3.192307,0.655728,1
-0.257600,-0.593785,1
-0.506760,-1.203327,1
-0.066914,-0.059739,1
-1.355269,-2.611827,1
-0.621449,-1.590672,1
-0.775528,-1.544949,1
-1.504241,0.246267,1
-1.551353,-1.740974,1
0.441237,-1.794907,1
-1.418940,-0.116981,1
-1.676604,0.842452,1
-0.372624,-0.143672,1
0.396836,-2.302015,1
1.407639,-0.985387,1
-0.848541,-0.214667,1
-1.063996,-1.224130,1
-2.476365,1.291951,1
-1.690783,-2.789185,1
1.185569,-0.941991,1
-1.440917,-0.498898,1
-0.035883,-0.457663,1
1.332788,-0.370831,1
0.786109,-1.800362,1
-0.813857,-2.053552,1
0.090855,-1.384028,1
-1.194965,0.747958,1
-2.251740,0.044429,1
-1.492987,-1.301940,1
-1.044864,-2.517354,1
-1.376428,-2.449148,1
-0.985825,-0.951790,1
-0.920439,-2.077220,1
-0.838223,-0.029297,1
0.731828,-0.565143,1
-1.163503,-0.599643,1
-0.186589,-1.765929,1
0.352241,-3.505508,1
0.373203,-0.130370,1
-1.629026,-0.795649,1
1.900640,-0.241394,1
-1.376194,-1.470890,1
0.056254,-1.842185,1
-1.221295,-0.436004,1
-0.903491,-2.370364,1
-1.200177,-0.519091,1
-0.527896,-2.607520,1
-2.033132,-1.541616,1
-1.778523,-1.838106,1
-3.613767,-1.391644,1
-0.808334,-1.481115,1
-0.961215,-0.698820,1
-0.926938,-0.267891,1
-0.540875,-1.919112,1
0.416129,0.561251,1
-1.345300,-2.081331,1
-1.351996,-1.111773,1
-0.719563,-1.007299,1
-1.730561,-0.973367,1
-2.525595,-2.633153,1
-3.374266,-2.291049,1
-2.630795,-0.535668,1
-0.103754,-1.148478,1
-1.313516,-1.018159,1
-1.361748,-2.087621,1
-1.264657,-2.844876,1
-0.215208,-0.700480,1
0.826234,-0.352130,1
-2.155012,-0.432788,1
1.369800,-2.122607,1
-1.166740,1.681234,1
-1.017878,0.226617,1
-0.783004,-4.422873,1
-3.278885,-1.013083,1
-0.379364,-2.600072,1
-1.843734,-2.357459,1
-1.422790,-0.413007,1
-3.438647,-1.807215,1
-1.108890,-3.161011,1
0.468894,-0.435853,1
-1.477746,-0.641843,1
-1.003303,-0.534393,1
-2.864811,-1.035598,1
-0.061119,-1.054872,1
-1.153360,-2.253408,1
-1.210178,-0.383049,1
0.829736,1.493989,1
-1.989058,1.244791,1
0.219348,-0.617292,1
-0.859041,-1.582753,1
0.635436,-2.308847,1
-1.949161,-1.564116,1
-2.672632,-0.269583,1
-0.106999,-0.361849,1
-0.642761,-0.123174,1
-0.520972,-1.454231,1
-0.959923,0.869096,1
0.476833,-2.111947,1
-0.099458,-0.513026,1
-2.104519,-0.073394,1
-1.037549,-0.091175,1
-1.741912,-0.196531,1
-0.533062,-1.152226,1
-3.413038,-0.459843,1
-0.731409,0.494333,1
-0.929696,-1.648067,1
-0.672021,0.283195,1
-1.728208,-2.466256,1
-0.384778,0.207550,1
-2.070489,-0.644344,1
-2.187888,-0.317164,1
0.297927,1.058091,1
-2.271395,-1.266463,1
-2.876846,-2.722667,1
-0.754074,-2.300656,1
-0.428436,-1.252044,1
-3.168914,-0.687225,1
-0.830234,0.087747,1
-0.664250,-0.063607,1
-2.257620,0.029784,1
-1.509956,-1.365049,1
-2.488416,-0.814746,1
0.371361,0.668649,1
-1.363541,-1.378465,1
0.513463,0.116897,1
-2.276956,0.741304,1
-1.836353,-0.736416,1
0.333167,-2.314758,1
-1.105888,-1.642516,1
-2.514492,-0.112411,1
-1.820266,-0.339169,1
0.956095,-0.873012,1
-2.369170,-1.013707,1
-0.708334,-0.267959,1
-0.023601,-0.748635,1
-0.937838,-1.836843,1
-0.992066,-2.654023,1
0.658044,-0.753786,1
-0.701009,-2.336557,1
