1.045465,3.263875,-1.738501,-1.221687,0.524759,1.643935,2.424101,0.463558,2.808832,2.192982,1.466248,-2.309094,1.293281,1.311798,0.510379,-1.426571,2.629106,0.626060,1.816301,0.148876,-2.520227,2.737457,0.717073,0.200574,4.129785,-2.892598,0.098148,3.214794,0.697818,-2.380570,1.571993,2.758121,0
2.285521,2.488013,-0.129021,1.842348,0.392381,0.881299,2.692666,0.773294,2.071256,3.345039,-3.628999,1.410883,0.251606,3.438568,-0.692751,-1.819427,2.175478,2.557578,4.503816,1.102957,-1.162626,1.328373,0.568650,5.443915,0.746569,2.979316,1.850610,1.793226,-1.247118,-3.252344,2.206356,1.901472,0
3.070172,-0.203532,-2.417096,-0.027854,1.646220,-0.475423,-3.648391,0.191927,3.096506,-0.571218,0.637759,0.239406,2.871537,-2.448503,4.405395,3.620127,-1.357967,4.244395,1.663220,0.496399,4.679912,5.457447,-1.967941,2.083364,1.352330,0.346833,-0.709163,3.959373,-0.318684,-1.231309,2.162449,1.079461,0
3.408619,4.090653,0.483173,2.327656,0.804992,3.305801,-1.247400,-1.982155,1.730529,-0.464872,4.506401,-0.140831,-1.889846,2.022966,-0.732192,1.573186,-1.288620,5.943040,-0.517999,2.795258,-1.240696,2.514650,2.223887,2.328568,1.563822,3.657069,1.864026,1.668748,1.305735,-1.065038,2.236979,3.267121,0
1.146730,-0.907709,1.569302,1.882360,-2.953569,0.593437,-1.480572,2.275698,-1.735352,2.860208,3.301621,2.468401,3.977193,3.003404,0.167232,1.363481,1.734156,-1.629611,3.413744,1.707549,-1.569599,0.209229,3.039464,0.061940,-1.178443,4.224967,0.841245,1.330109,-1.590718,5.569334,-0.133490,2.403434,0
2.337614,-2.284941,-3.022334,0.476800,-1.114696,3.910272,1.816357,1.393542,-1.493605,2.173343,1.521672,0.623248,1.517613,2.750876,1.100507,6.888599,0.366815,5.508716,0.751535,4.945940,-4.023437,6.008436,-0.724524,3.243996,0.549358,0.760379,0.090152,2.686975,0.682024,1.240106,0.804697,1.283708,0
3.164851,-0.439122,-2.994091,-3.229384,0.366682,-0.617790,0.617259,0.217983,1.806109,1.429945,3.613619,3.258248,3.443067,-2.546409,-2.019004,5.186614,-3.741879,0.600129,3.212776,0.540695,4.531846,1.006352,-1.477545,0.270324,0.223548,-0.629499,1.818448,0.135864,-1.523452,0.712591,0.932505,3.999697,0
-0.972264,3.526696,0.417419,1.293285,2.466978,1.269229,3.107135,-1.985542,1.294320,2.101782,3.804085,1.146554,1.632761,1.934266,-1.825957,3.401441,2.969797,-1.265491,0.521674,1.157006,-2.331121,2.955310,1.044627,3.707382,-2.411146,-0.764105,-2.063281,-2.191801,4.499008,-0.370361,1.466111,0.233285,0
2.049050,-0.456456,-0.782854,-1.180718,-0.115910,-4.134292,-1.799384,2.625716,2.204813,0.750685,0.356732,2.752675,2.380604,0.001128,2.708339,-4.477853,1.041934,1.692580,6.761702,0.729222,3.175430,-2.739270,0.738020,-0.873608,-0.391110,0.445214,0.033915,2.253738,1.938356,2.148761,3.379173,-0.105196,0
-0.883323,4.318716,1.835632,2.841694,-0.659755,-1.038115,1.359762,-1.272020,1.195436,0.588570,0.735169,-1.855872,-2.438303,-2.564998,0.760250,-2.002056,-1.925615,0.287220,3.574625,-1.598335,-0.317053,4.298105,2.146320,-1.274508,-3.405293,1.244277,0.977572,-0.693753,1.719364,0.972253,0.832228,-1.137836,0
2.507468,0.352978,6.758961,-0.467967,0.708562,1.242651,5.394942,1.780656,-0.417162,-1.538396,0.673453,2.243907,4.080097,-2.987317,-0.793808,3.014874,0.639013,0.628819,3.025146,0.336415,2.725493,3.376528,-0.713218,1.566464,-5.351363,-0.866742,2.595252,-0.759089,-0.216206,4.575801,0.451776,1.812321,0
2.178180,2.361773,1.436625,0.537741,0.416584,1.354053,5.531620,3.647693,1.623932,-0.163547,0.941810,1.966078,-1.409430,-1.316982,0.743347,0.654217,-2.195515,1.826896,0.010032,-1.999287,0.867878,2.085819,3.330860,0.823573,3.909881,3.173236,1.361219,2.785810,0.305615,0.008845,5.139480,1.542268,0
-5.030076,2.457093,2.521221,-0.549237,-0.289493,0.386942,4.539224,0.904212,9.295835,-4.429157,0.182923,0.335499,-0.495462,7.403141,2.398514,2.619180,3.174337,3.134557,0.130942,3.222451,0.945222,4.589127,1.902881,3.365133,3.152284,0.677392,-0.516487,-3.077039,-0.241055,-1.307659,1.793945,2.390701,0
-0.215723,0.372198,-0.934290,-1.571856,-2.002885,0.563089,-1.735976,0.979925,0.235432,-0.855935,2.679619,0.029925,2.229091,3.171945,0.015755,3.692373,-3.820690,3.802063,1.071393,0.075462,1.258895,1.072956,0.930802,2.387272,3.368800,1.974362,-0.544264,0.328593,0.349118,3.915181,0.703993,-0.400200,0
-1.583659,2.763883,2.101691,-0.414186,1.150324,2.741251,3.403934,0.000708,0.543180,2.921568,-1.077212,1.116472,-1.631370,1.281015,-2.255811,4.568541,1.462912,2.569019,2.896006,1.518731,2.146749,0.393344,1.994645,-0.497148,1.389733,1.906671,-0.614049,2.645575,2.343760,-1.705179,-1.795096,0.941839,0
1.883062,0.663199,-1.299153,-1.760783,2.802731,-1.687213,-0.263084,0.839736,3.274325,0.481758,-1.170252,1.529869,2.134044,1.522189,0.011025,1.091953,1.194670,0.749402,-0.785486,-1.922387,-4.320768,-0.040482,3.110854,1.130697,-4.007769,0.432331,0.823455,-2.669526,1.626200,1.834298,1.862856,0.569551,0
2.480881,-2.643904,2.630691,0.631212,-1.261950,1.758209,-1.158224,2.224675,1.047520,3.333274,0.953882,-1.382401,0.693974,3.580664,0.721428,-1.570940,0.788350,-0.859419,1.748937,2.082307,-2.425100,1.076723,-2.040335,1.142823,-0.544893,-1.094502,-6.134896,-0.052612,1.608605,0.718735,0.008431,-0.303885,0
-1.137376,1.542102,3.610944,-1.419530,-0.672583,0.870959,3.052821,-1.286581,2.234632,0.675749,0.021117,2.499046,-3.540614,1.521832,1.065555,0.699971,1.404305,-1.863196,3.060777,-1.780697,1.022996,-1.353473,-0.095952,-2.177565,1.446205,1.883811,-1.468581,-0.822675,0.935029,-3.050842,-0.266659,-0.405568,0
5.781098,-0.062699,2.120419,1.644307,-1.265905,-0.414031,3.343286,2.025811,4.678660,1.272363,-0.404721,-1.022793,0.926546,4.954412,5.555975,2.039243,0.081712,3.609489,0.468874,2.660906,-1.698113,-0.824802,1.715766,-0.947138,3.507227,1.249904,2.715948,0.348961,0.577059,0.222005,-0.687262,2.283201,0
3.663410,-1.628526,4.963501,0.609223,-4.407812,0.354910,4.249955,2.224617,-1.491019,1.997448,3.863770,0.050684,-1.121953,0.750257,2.758207,2.234048,-0.822022,1.366749,1.763577,0.378360,0.023710,6.765553,0.671575,1.503404,-0.725867,0.267325,-0.914629,-2.581521,-1.216316,3.756928,1.746503,-1.821993,0
5.757386,-0.358252,-2.119916,5.346193,3.269056,-0.785394,-1.993679,1.066091,-0.244011,-0.563635,1.119176,5.979976,-1.429955,0.198681,2.879544,1.128344,3.097558,2.358952,0.959624,-4.982711,4.648088,5.661054,1.740035,1.743956,0.271965,-0.585891,0.514364,-0.548127,3.359669,3.914638,-0.023283,-0.657913,0
0.126563,2.575419,2.470897,0.371919,0.712112,0.268950,-1.631765,2.582362,2.293768,2.331994,-2.063998,1.458586,4.558432,2.228982,2.147407,0.771431,2.004229,-1.083576,-3.020443,2.781183,-1.242389,0.096260,0.345690,2.378045,-1.293049,3.726990,-0.960204,-2.972949,0.954338,1.715600,3.217316,0.604020,0
1.983031,-2.197089,1.172780,0.195893,-0.325150,-2.203999,1.815616,0.691743,2.690293,-1.436833,2.279349,-0.736300,0.939281,3.026671,0.973454,-0.895181,1.581555,-1.805801,2.933991,2.264888,2.093246,3.756714,1.020756,0.743070,0.240012,1.905691,1.070236,2.334219,0.249939,-2.407152,3.284963,-1.362823,0
-0.634700,0.111729,0.416056,4.655893,-0.492386,2.179317,-4.081661,-0.843467,3.520783,2.721257,-3.277672,3.892574,3.414654,-0.244067,-0.455501,2.494882,0.888973,3.728301,1.953656,-2.266583,3.133433,2.119791,0.034716,0.221840,4.619450,-0.767866,-0.935488,1.056024,-0.373178,2.789086,-0.830696,1.854844,0
-0.361022,4.651122,0.225867,-0.132178,3.607981,-1.207661,0.481355,-0.066757,2.278572,1.928448,0.348903,0.205918,0.910791,1.701027,1.434560,3.590384,-0.297586,-1.267285,-2.674613,-0.819999,-0.221490,4.255577,0.820076,4.118673,1.014092,1.576998,-1.040776,2.168447,3.628445,1.089154,1.432915,-0.509373,0
0.459797,-1.318534,0.487722,2.738159,-0.328638,6.472544,-0.824628,1.915179,1.263089,0.508082,2.761909,0.433600,-0.265831,3.155693,1.410912,0.434882,-0.053400,-1.024042,-0.108668,1.960090,-0.129532,2.827706,-3.200934,2.225808,6.213465,4.018047,2.193576,0.110722,1.153658,-0.570047,-1.370530,2.557028,0
1.202462,-0.377872,0.995650,1.531446,-4.904176,3.501861,0.455297,2.597998,4.279472,-1.672512,1.823509,3.093914,-1.227705,-1.799298,-0.005726,2.026489,1.343538,1.446570,-0.267153,0.515689,6.022714,-0.304731,4.048153,0.389752,3.663762,1.579917,1.774076,-1.162766,-1.207165,3.756960,1.200728,-0.589164,0
1.379573,4.900575,0.662148,0.626718,-0.755645,3.376383,5.153949,5.476495,0.734329,3.253425,-0.395679,1.225674,-1.894991,-2.103477,2.170892,-1.249658,-0.066055,-0.268802,0.521667,2.928633,2.862693,4.452541,0.283052,3.246258,0.157206,2.527242,1.285229,1.698475,1.400226,-2.275685,-0.394041,3.069168,0
-0.234035,-0.691206,-0.377024,2.906373,-0.316572,0.172528,4.910044,-0.419083,-2.066671,-0.684423,4.026164,2.658333,-1.031057,3.647651,1.010158,-2.533195,3.282588,1.649677,4.194002,1.624289,2.692249,-1.772815,0.201651,2.065881,2.308872,-1.016196,0.429241,-2.733395,-0.390023,3.249696,-1.690371,2.007214,0
2.615063,1.848859,-0.430417,1.578264,-0.729288,1.174473,2.718583,-1.566136,-3.098246,-0.333525,0.510290,-0.504858,0.127479,-1.892087,0.615512,-1.201350,-1.878200,0.854609,0.807281,-3.641806,-2.905485,-2.338398,1.967787,2.759411,5.637754,-0.529142,2.551651,-0.507273,2.907578,1.277625,-2.317736,1.693444,0
0.926302,4.821499,-0.213190,0.651337,-0.791039,3.639828,-1.422750,-1.252740,1.041850,2.105762,1.476588,-1.569227,2.504658,1.073320,0.057757,1.315672,1.277740,0.307412,0.429901,6.283239,0.619642,1.449056,1.736798,-0.136835,2.968917,1.115549,3.077980,-0.604390,3.934323,-0.125399,1.528255,1.884779,0
1.152749,2.862464,-0.412818,-0.118178,2.274815,-1.723647,0.397443,5.459494,3.718963,0.132422,3.221819,1.239274,2.441165,-0.473370,-0.037914,4.558011,0.004850,1.749928,3.380121,1.087930,-1.007414,3.385708,3.307096,1.868451,-1.276800,0.917321,-0.351049,2.094726,0.982307,1.479667,1.030489,0.400098,0
-0.524646,0.143593,3.694124,1.927558,0.135363,7.421942,-1.511438,-1.674547,-0.272379,4.181726,3.232311,0.816833,0.347675,3.323221,3.021581,2.684854,0.298049,-1.305187,1.419764,-0.136493,2.176093,0.458468,4.289234,1.476366,2.776814,-0.012436,-2.501574,3.189627,2.815556,0.643020,-0.092904,-2.942866,0
3.226263,1.767165,-1.415980,1.960343,-2.004910,-0.089807,-1.188857,-2.255810,2.123838,-0.503467,-0.085449,0.740095,-2.074227,-3.194589,1.528593,1.339920,0.520992,1.651719,4.978453,4.766000,0.175920,3.013496,3.388798,1.354964,-5.078844,3.990131,2.643304,-0.543747,3.459161,2.754225,4.669910,2.801132,0
1.161777,2.729843,1.448090,3.196105,2.131269,6.094182,-1.416082,1.613482,-0.702319,0.938688,2.647059,1.635875,-1.110153,5.797710,3.624751,4.362520,0.994012,-1.755242,-4.439706,-1.496200,-0.330058,0.870287,-2.266460,-0.686776,-0.537722,4.374906,3.321840,3.966854,-2.635149,1.169038,3.382346,-0.647282,0
0.589797,0.589859,-2.942734,0.599942,2.906154,5.106463,0.312246,2.798807,2.853754,3.150989,1.821740,-0.376234,2.446994,0.172472,0.674492,-0.525205,3.295275,-1.877137,-1.335654,-1.052384,1.263346,0.750815,0.862436,2.154617,1.340620,5.017042,1.210154,3.437284,2.935664,-1.398561,0.853046,3.123999,0
0.570554,-0.580079,2.271917,1.431796,0.475720,-0.487020,0.029242,2.412459,2.878767,5.142310,1.958773,0.205040,3.530778,0.243041,1.548407,-4.077979,1.832373,2.600384,2.496819,-2.468714,2.551454,4.356384,2.041764,2.380875,2.196691,-1.104117,2.263644,0.705224,2.104621,1.746363,-1.320360,2.243499,0
3.320136,-1.396569,-1.241404,-0.372480,4.210506,-4.314416,4.412065,1.068734,1.944451,2.501847,-0.077127,0.148026,-0.339816,1.326962,-3.539266,-0.625516,2.506278,2.256849,4.748914,-0.165884,-0.502108,-0.068174,1.187375,0.551605,0.163300,2.001348,4.175313,-1.157450,-1.030910,-2.723538,2.022953,-2.416030,0
1.093759,-1.100523,-2.155541,2.273354,1.181416,5.367744,1.505515,1.925936,0.847762,-0.655582,-0.916564,0.973217,1.094272,-1.010799,0.254463,0.791304,-1.174255,-0.148503,0.296476,3.863611,0.026212,-3.126449,3.585694,2.338938,1.161905,1.250999,2.103598,-0.910929,2.295060,-1.538668,-0.871753,1.655485,0
0.971987,-0.003403,1.157521,-3.175237,1.513597,-1.762367,2.548164,2.198671,0.733836,1.717155,-0.841576,0.272957,3.502660,-0.030243,2.299272,0.429454,-0.261121,1.264307,0.201560,1.703185,1.333073,-0.446938,-1.047379,-0.713478,2.788165,-1.493172,2.704583,1.422234,-0.241382,0.860505,-0.716578,-0.450333,0
1.676508,5.322034,-0.174466,2.222312,-0.414357,2.889980,-4.464174,1.147614,0.767384,1.350971,-2.014339,-0.161349,2.559046,1.206091,0.840326,-2.347293,1.711015,0.931978,1.113792,2.271291,3.777618,1.468861,4.006838,2.430138,-1.337152,0.112304,-0.198440,4.202064,0.153519,-0.632110,-0.722364,-3.465102,0
2.342469,4.337361,1.014612,3.509492,3.150611,3.792451,-1.815790,-1.555540,3.219700,2.754449,0.035126,2.903705,1.804844,1.304373,1.057895,2.379328,-1.860015,0.908071,1.271124,2.514515,5.029158,4.525610,0.879054,0.611398,0.768023,4.599581,2.048172,-0.222240,-0.396413,-0.312876,1.873057,0.990858,0
3.761462,4.458907,7.112019,1.384018,1.529927,-3.124269,3.430294,-3.018557,4.201257,1.237260,-0.978209,2.408318,-0.936892,-3.727002,4.150541,1.972485,2.313213,-1.506990,1.772469,2.269670,1.352378,3.004036,2.256986,1.758512,1.484833,2.537992,1.067886,2.474132,-2.503172,-0.297253,-2.112993,1.272566,0
1.513068,3.412538,-0.464993,1.135761,-1.685214,-1.342417,6.351456,-2.914509,2.343089,-0.142254,0.875489,-0.191258,1.681368,2.335056,-0.299756,1.411724,3.230747,2.135214,2.275018,0.726748,0.959763,1.115490,-1.007888,1.311690,-0.121207,0.827173,3.046942,-1.908840,-0.662578,0.880228,1.286762,1.588113,0
0.272405,0.596611,-4.874827,-0.021904,2.907290,1.968735,3.157877,2.027845,-0.952044,-1.345585,1.558884,1.863047,2.166309,-0.289104,-0.297693,-0.511058,1.648665,0.371525,0.468114,0.973777,-2.457499,2.819871,2.100472,3.377808,3.791155,3.140043,0.283306,1.565321,-2.760671,3.114964,1.411401,2.160084,0
0.764812,-0.238049,1.051031,-0.948116,1.292676,-0.230336,3.906024,0.431261,2.463442,4.463581,2.559307,-4.514265,1.100408,-0.440897,4.061378,2.597626,-0.461529,1.255486,-1.565244,-2.712149,-1.456767,1.819122,0.920131,1.027350,4.816891,1.069810,2.521301,-3.117972,-0.316106,2.122364,1.564786,2.312525,0
-1.671789,1.538160,-0.527093,3.083066,1.707746,2.257085,-1.920681,2.693691,3.212791,2.277540,-0.067017,3.285424,0.505318,0.110254,-0.853906,1.064884,2.462937,-0.352942,-0.908599,1.670071,0.090309,3.056022,3.426282,1.585852,-3.058392,2.603419,-0.153404,5.302155,1.439810,-2.386423,0.896113,1.029874,0
-4.176314,5.967972,-3.439873,-0.703395,3.552910,-1.590442,2.367670,5.169552,0.046410,3.453858,-0.134691,-0.888618,2.046740,1.267763,3.378994,3.163837,3.422026,-1.846241,-0.227029,5.146234,-1.005439,3.836493,-1.051842,1.147346,0.759280,-2.155807,-1.147609,-3.222809,1.223921,0.637895,1.579979,1.731057,0
2.301040,3.848699,1.330251,2.906058,3.376365,1.661860,-4.077928,0.879524,1.428260,-0.020900,0.904013,-2.475651,2.483387,-0.817433,3.697538,4.598698,0.158919,4.435873,3.039072,1.128381,2.867381,2.318999,0.765930,0.652409,0.356728,-0.580195,-2.061111,-0.808872,-1.395957,2.699250,3.627375,2.633868,0
0.493663,0.119741,1.260261,2.810735,-1.350039,-1.876887,2.355234,-0.892728,3.353975,0.352189,1.830281,1.405020,2.618699,2.126384,1.902657,0.482523,0.580248,-1.994635,2.891764,1.258574,-1.267788,-0.392335,0.783764,-1.442046,-3.334201,-0.833743,4.205919,1.682022,4.135957,2.533454,1.113007,0.298001,0
2.294425,1.562693,0.745343,3.696623,0.321708,1.469074,1.467467,3.366303,0.329222,-0.928040,2.636724,-0.451136,2.133747,0.471351,0.789784,1.683007,-0.687039,3.549384,-1.319536,-1.113184,2.353345,0.347537,2.364897,0.561237,-0.224509,1.259223,3.241692,3.726309,0.476355,1.824640,0.704251,-0.260005,0
-2.139869,-0.869710,0.994995,-1.618222,1.791396,1.780442,-1.382853,3.164180,-0.385221,4.754329,1.688366,-0.731033,-1.864459,0.940721,-2.047664,0.858620,0.191023,1.692831,-2.649027,-1.633748,2.004442,-1.453403,0.609144,0.523057,1.883916,4.136148,-1.707979,3.708058,-0.516724,0.526495,-1.345833,2.829736,0
3.029922,2.959020,-3.949976,2.124690,1.736740,1.194908,-1.296631,-2.089872,1.956716,-0.246227,1.405302,-1.177968,3.621060,-3.168258,0.812922,2.070069,0.487926,3.798939,2.994161,-0.167522,3.191930,1.047180,-0.376468,3.909455,-2.898396,-2.157584,3.563784,-2.207052,-0.366183,3.346633,1.838840,1.482397,0
3.176051,6.171604,-1.248004,1.688966,-1.293206,-2.816661,3.398051,0.375641,3.298902,-2.170005,1.456944,-1.116702,1.145477,-0.022781,-0.104242,-1.786389,3.624621,-0.930585,0.431139,2.351896,-2.054679,2.308069,1.032231,3.288843,1.594018,-2.694557,2.281342,-0.751502,0.080338,3.567890,0.225412,3.607433,0
3.020565,-0.710473,3.166895,2.713102,3.165913,-0.652296,0.374558,-4.270584,3.054205,4.596482,2.657558,0.433434,-1.409060,1.266038,-0.817822,2.341917,0.474115,-0.695889,1.922238,0.393497,0.740975,-1.558988,5.280749,1.417464,4.128218,-3.267439,4.299187,1.836305,1.351299,-0.469888,0.879240,2.522356,0
0.826119,1.458400,2.494881,-1.013594,0.770421,-2.246052,5.797494,2.329516,3.120704,2.460817,2.600506,2.201176,-2.559887,-1.192622,-0.913034,2.474579,-0.108291,3.562261,2.476228,0.051020,0.442246,1.045884,-1.306953,-0.198791,0.854201,1.126193,-0.879495,3.321031,6.404171,5.745663,1.122670,0.045246,0
-2.936818,-1.572015,0.006513,-0.598636,-3.350441,4.475034,-0.613328,0.041357,1.577847,3.875433,2.210057,2.248566,2.221383,2.275187,3.586886,-1.681007,-2.000534,-0.233356,-4.615112,-1.735767,-0.094880,-0.901785,2.858481,0.246390,1.844583,0.457648,0.647478,0.439546,-0.749813,-0.015846,-0.048083,1.845345,0
2.621725,1.249511,5.710815,2.665763,2.808713,1.498890,1.953003,2.586968,-2.620222,3.237248,-0.750786,-1.607495,1.791069,-0.596262,1.957366,1.188774,-0.054849,-0.552536,0.052055,1.030560,2.605926,3.243165,1.487555,2.463492,-1.340201,2.630207,1.718345,0.694195,3.875576,2.637941,0.206050,0.198983,0
-2.173261,4.098903,2.361273,-1.366674,3.558644,-0.091440,-1.488197,4.711053,-1.670980,-1.765437,-1.460059,0.506063,-0.294961,0.249386,-0.622468,2.492208,0.009764,-0.718014,0.661740,1.189803,-0.098772,2.263227,1.798077,1.430683,0.523178,-0.466384,0.706192,2.262774,2.623238,1.388241,2.632804,-0.680283,0
0.968840,1.069030,0.776832,-0.551649,2.316483,-2.197249,-1.221792,1.061002,5.104050,2.648715,0.670244,-1.761859,1.343613,3.502612,-0.010780,-3.510947,1.031639,-0.455208,5.378505,-1.157191,1.615477,-1.239102,1.569313,2.041568,1.909917,0.963951,-1.213040,0.531363,2.768653,0.948638,-0.619009,2.048141,0
0.046289,-2.198633,-1.737417,2.488005,0.776800,-0.403882,0.232739,1.864795,4.185005,3.038735,2.589645,0.665146,4.022848,-0.569239,-1.498552,-0.435888,0.485144,0.065937,1.627069,2.643760,-1.767287,-1.871653,-0.116323,3.301457,4.576176,4.570204,-0.405395,1.673618,-1.982375,4.916885,2.136968,3.555845,0
-2.341741,2.209900,3.131557,5.030938,1.176471,2.435792,0.372283,3.393998,0.706474,1.616460,-0.943357,0.391043,-0.824697,0.293660,-0.398050,0.531638,-2.588702,0.620464,-0.444795,-0.574831,-0.996038,4.005219,-2.801560,0.494035,1.318521,4.608378,-3.157955,0.810596,-1.401913,2.610374,0.515364,-1.177614,0
-2.052897,-0.537277,-0.530038,-2.941236,1.272890,-1.083869,-1.269995,0.326996,0.769701,2.597416,4.311873,3.808458,3.741618,-3.784958,-1.751441,0.703341,0.760408,1.067498,0.234281,-0.044922,-3.027810,-0.781442,-2.080022,1.488635,2.825940,0.851400,3.964076,3.136261,2.331972,-2.811020,4.623863,-1.307775,0
-1.992947,2.444963,-1.805641,-0.961288,2.892091,1.108949,2.005711,5.437597,0.862780,0.008097,4.493160,-0.992662,1.921830,1.718999,0.795668,1.398586,1.287179,-4.994579,-2.590552,3.946351,0.389751,2.476215,0.816694,-0.321982,1.821670,2.803078,1.446939,1.824362,1.013991,1.270874,-0.591702,-0.821860,0
1.824349,1.541986,0.955912,0.242933,2.928537,-2.061614,0.675108,-0.621611,-0.464483,4.815315,3.542397,2.421359,1.180564,0.491822,-2.385903,2.950708,-0.785203,-0.124433,1.490347,-0.597474,0.857738,4.514199,2.624186,1.339195,-2.196964,1.129598,2.502466,-0.913878,0.545929,0.305721,-1.297429,2.302373,0
0.355938,1.431342,-2.215482,0.904192,0.939766,-2.299759,1.425563,0.014847,0.020859,-0.852443,0.860905,5.847060,0.933428,0.077948,1.679391,2.030769,-1.356225,-1.768856,-0.658469,2.694014,-5.718713,2.255124,-0.338812,1.388804,2.451787,2.427070,0.914548,2.360622,2.110698,-1.846814,0.688904,-2.135764,0
3.237886,0.947713,-5.088308,-5.058615,1.762134,0.430050,4.226412,3.424053,2.140738,0.813370,1.471948,-0.906455,-0.248101,0.898112,4.163794,3.014608,-0.986255,0.286417,2.046959,0.797210,-2.428645,4.066722,0.461491,3.419260,-0.903806,3.017301,2.831171,4.110801,-2.050691,1.949505,0.723139,3.668759,0
0.688357,-1.329749,2.988750,-1.977636,1.087155,0.108980,1.648487,0.705739,1.488069,0.547204,2.412579,2.953097,1.893566,4.708207,2.207423,2.184765,0.633352,3.272967,2.569967,2.732550,-1.031848,0.838177,-4.313884,2.482808,2.580857,2.226616,4.481355,0.189656,1.808550,-0.083921,-1.302733,5.777669,0
2.975136,4.524760,0.633101,-3.207303,-0.872383,-0.122506,-3.340889,1.830414,0.438058,3.432151,-1.208585,-1.467792,-2.732687,1.744967,4.575776,-0.233213,-1.506302,1.638088,0.383888,-1.704526,3.266682,-1.075311,0.402251,1.555272,-3.136317,1.135513,-0.741019,-1.276550,2.518744,1.853617,0.662180,2.882131,0
-1.235061,0.525575,0.378798,1.159801,1.065184,-1.172957,-1.490581,0.006845,1.508845,3.946985,2.615401,0.020424,0.000645,-0.610597,-2.852635,-0.774500,4.478689,-0.212141,-2.030863,1.634410,2.419178,1.123379,0.689431,-1.926806,1.184625,-0.682568,0.738583,2.538133,-2.706880,0.907953,4.470885,2.466250,0
1.793523,0.087749,1.678679,4.998381,-4.003215,-1.103396,-2.425375,1.101493,-1.063056,-3.362020,-0.391656,-1.185386,-0.494405,2.163206,2.819419,-1.885437,-0.378285,1.012588,1.382486,0.063879,0.253194,1.033848,-0.906550,2.673808,0.114841,-0.337504,1.045177,1.853381,1.977802,1.122502,0.812996,-2.409853,0
0.470589,-1.140061,0.726012,-1.047211,0.289464,0.966987,0.764817,-0.297701,3.188334,1.212551,0.886390,3.225916,2.718105,-1.168793,2.080079,3.178341,-3.603181,0.959735,-0.939641,1.096362,-1.636896,1.151030,-0.028714,-5.313501,2.962713,1.703032,2.386450,2.440581,-0.299054,0.940135,6.234377,2.592854,0
0.123152,-1.251311,1.061675,-1.316885,-0.377615,-0.567882,-4.572610,0.485188,3.185364,-0.265245,2.297326,3.174008,4.580626,4.996720,-2.176967,-0.335070,3.064578,0.196028,3.290297,0.774201,3.580704,5.418245,2.570916,-5.523651,3.482175,2.856312,1.321834,2.399130,-0.533462,1.244543,0.363291,-1.902316,0
0.058642,2.447608,4.218070,1.730087,3.982763,-0.279721,3.526495,0.407139,0.966735,4.168784,2.228650,0.367783,-0.288330,1.109058,-0.885990,1.696762,-2.946393,2.105022,-1.931523,1.532475,1.357121,3.818027,4.071903,-0.357210,-1.117940,3.705919,-1.841955,-0.199399,0.943709,1.258708,1.660441,1.658452,0
3.240331,0.053589,3.480082,1.509387,-0.209691,0.026504,-0.776219,-0.396208,-0.127156,0.572268,1.926429,3.043018,4.791769,-3.061228,2.857754,3.213605,2.301286,0.274755,1.482834,-0.225636,-0.610030,1.083315,3.437831,2.308555,-2.433452,6.021955,3.780932,1.987139,2.187150,-1.309929,0.603539,0.481498,0
-0.628798,0.534173,1.370768,1.346460,1.530938,3.196649,1.715943,3.031410,1.034849,-3.738707,-1.032626,1.369486,1.224450,6.903948,-2.196308,4.361382,1.468110,0.409112,6.343664,1.414862,2.958044,2.920437,4.591807,1.900712,1.621035,-0.269842,4.638076,1.915819,-0.969949,3.740367,3.858217,-1.579909,0
-0.792895,2.027112,-0.141459,-2.208251,1.398851,1.312003,-0.587229,-0.704976,5.907337,0.828081,-1.221302,0.495782,-1.469410,0.017213,-2.665273,3.523262,2.085906,-0.385732,-1.694745,4.856894,5.668953,2.878011,4.126420,-1.160349,-1.989190,3.403300,3.411268,2.960262,-0.134855,3.344285,6.814659,1.227890,0
-1.225850,-5.398911,0.019673,-1.317672,-2.056552,1.200666,1.278352,-1.326844,0.267596,2.350477,0.824615,-0.077708,-1.435903,1.198792,-2.347810,2.303505,1.522673,-2.050332,4.597183,0.681163,3.799249,-3.829594,1.099353,3.880427,0.115461,3.162416,3.184646,-0.525373,4.159847,2.767524,0.024637,-2.542859,0
-2.510909,-1.666172,1.157171,-2.115951,2.442871,3.802841,1.639960,4.096937,1.935831,2.009246,3.137354,2.398273,-2.134610,0.883211,1.105016,0.286186,3.805182,0.165966,0.050683,0.640569,0.569892,2.015459,3.124709,-2.004868,2.347320,2.114223,2.146732,2.486841,3.674684,4.805667,-3.294086,2.216369,0
-3.487351,2.633177,-0.826168,-0.465457,-0.156497,2.874209,-1.035774,5.697876,4.705813,1.579953,1.350895,-2.089850,0.444674,-1.783036,1.083741,1.730984,-0.556487,-2.778575,0.050248,-3.083121,0.116188,0.031034,4.493297,-0.195826,-0.184443,-2.452523,-0.893759,1.325430,-2.025165,-0.611752,-1.269884,0.116764,0
-0.092066,-0.007423,5.718029,0.090126,2.281194,-3.604871,-0.597404,3.330888,1.011092,-0.957384,1.948715,-0.995662,2.178397,0.428306,-0.651129,1.429076,4.455582,3.057615,1.986163,0.206099,1.775528,4.271488,4.612746,-0.250931,2.437727,3.458981,1.819016,2.372433,1.754514,1.148140,2.935117,1.666075,0
0.244463,0.950108,-0.439481,2.374489,2.085658,0.825159,-0.839719,-0.342903,2.839905,2.122654,1.269665,-0.534776,2.389965,3.883293,3.184470,3.646239,1.775246,-0.311212,-0.565551,2.558350,1.358153,-2.462196,0.599721,2.844423,-2.801132,2.865629,3.404670,0.667601,-0.287675,0.345878,1.680854,0.899899,0
1.886628,0.359722,-0.001904,0.999845,1.309313,4.124462,3.338679,0.316795,2.969490,-0.012740,0.802024,1.246400,1.827683,3.494012,-1.511147,1.106854,4.567098,1.144024,0.880505,-1.808932,-1.536788,3.333911,0.418856,-0.021758,0.549813,0.534328,4.507541,0.180317,-2.234929,1.669164,0.856721,2.654909,0
2.010668,4.199588,-0.944715,-2.613214,3.333106,0.336111,4.073692,1.814740,-3.118474,-0.461405,-3.373483,0.886168,2.200456,1.207298,-0.694784,2.604588,2.180539,2.112291,-2.437998,-1.687037,1.551943,3.880140,-0.710393,3.598920,2.075781,3.502248,3.512953,-3.725043,1.569856,-0.790560,0.326813,5.104747,0
2.459144,1.502550,-0.107533,0.670990,-2.059712,2.077439,2.666239,2.526938,1.223050,2.226180,2.657527,2.303224,3.208272,2.033159,-1.560596,-1.279039,-3.688140,0.962497,-1.110507,1.643894,-3.365443,2.654542,-1.784879,0.761084,1.787424,0.444906,-5.493952,1.930358,2.579040,-0.167797,-0.650459,0.916986,0
2.245587,4.561820,6.016414,3.599527,-0.494152,-0.044150,0.947433,1.491752,-0.320874,0.841262,0.809587,-0.148531,1.708927,4.352102,3.134506,0.615721,0.061819,0.416041,1.646420,2.081273,0.825077,2.297761,2.386144,-1.714968,0.940935,-0.918831,-0.790897,4.216881,-2.284910,0.560622,0.142073,0.189375,0
3.161510,-4.430715,-1.384301,2.385938,2.286632,-4.215762,1.905832,-1.940717,3.350183,-0.857399,1.193101,-0.222627,2.146175,4.135297,-0.544920,-2.070806,-2.659654,1.658770,4.896754,5.034173,1.358265,4.239089,0.926445,2.252531,4.041905,-0.238975,-2.022820,1.074142,4.235311,-0.889559,-1.514686,0.472468,0
-2.919221,4.181671,2.593451,1.796817,-1.119035,1.596562,1.569098,-1.038231,1.402865,0.984956,-1.584935,-1.206469,0.081728,-1.574336,1.079080,2.774021,0.637197,4.802253,-0.145646,4.729784,-2.454508,-2.067486,1.994897,-2.455390,-0.386367,5.047997,2.255604,0.327588,0.726110,1.729137,-1.330351,3.988524,0
1.999589,-1.705062,3.997515,3.534163,0.547255,0.523764,0.022221,3.472580,2.100513,-1.001182,2.425665,2.510682,3.056782,0.976963,-1.729250,7.678619,-0.373053,1.393144,1.719345,-0.237479,-1.463585,2.211801,2.083944,-3.909147,1.153807,2.483823,-1.834254,2.270756,2.542806,-1.570009,0.712368,-0.444375,0
1.469403,1.444226,2.010239,0.779386,2.068221,-2.145093,1.377976,-3.508806,-3.418947,2.084313,2.892054,0.426928,-1.110271,4.348833,0.611144,-1.163050,2.540905,0.899590,-0.055699,3.403162,3.310563,-0.234821,-1.490542,3.681441,1.053254,0.223892,-2.838509,0.102157,1.283608,4.075443,-0.095243,2.074831,0
1.930588,0.685868,0.668752,0.782272,0.017250,2.956960,4.144952,0.115605,2.782175,-0.300698,-0.273306,1.000746,0.788739,-1.460590,2.406532,1.201797,5.326347,1.452441,3.677752,0.642136,2.542474,1.546612,0.204484,-0.424413,3.610940,2.518656,1.471364,1.435697,-0.292281,1.228141,2.652073,2.329456,0
0.379616,2.662597,-0.293128,0.655565,-0.260510,-0.632941,-1.070438,2.314230,0.078374,-1.016349,3.528424,2.131364,1.038341,0.992798,-2.922467,-0.446191,0.815954,-4.021313,-2.315742,-2.937214,3.296308,1.211991,1.490960,2.679622,1.197161,-0.185719,3.849295,-0.454474,1.875783,-1.894304,3.435929,0.311534,0
-2.700777,1.624929,1.761801,0.010025,0.929221,-0.770592,4.076712,-2.346541,-0.364986,3.173130,0.697888,-0.554129,0.463076,-0.243283,4.149066,0.415771,3.051646,4.111692,3.254471,-3.097614,1.095321,1.931091,-2.031766,-2.914774,-2.908912,5.324872,-4.367189,0.209715,1.884539,0.622578,4.131516,2.308014,0
4.610007,-1.411494,-1.579906,2.492191,-2.308422,-0.802772,0.960028,1.046291,1.712549,2.942390,-1.205526,0.519020,-0.254890,0.626812,1.700484,1.453802,0.169000,-1.881119,1.899973,2.815004,-3.434992,-0.763552,0.029228,1.455816,0.699067,1.906990,-0.651744,3.346384,-0.186313,0.752505,1.222973,1.158428,0
2.009734,4.317657,-0.683209,2.717914,0.299884,2.290345,0.243454,0.510845,5.132173,1.927382,1.108834,2.225048,1.917031,-2.553339,-1.235481,3.314471,4.023581,-0.013192,4.614994,1.379211,1.779496,4.220383,0.752691,-1.017532,2.963242,0.306609,0.163746,0.664210,-0.294606,-1.374197,1.791722,-0.805085,0
3.288564,0.534179,0.240598,1.579687,1.996006,4.645627,1.073186,-0.546620,3.865803,-0.263399,-1.313890,1.718347,-0.346285,3.256781,1.290030,2.598530,3.929525,4.274607,1.285017,2.894987,1.872115,4.945621,3.552094,-1.145555,2.217966,-0.416898,0.292227,1.715460,0.339843,4.216373,1.792937,-1.938937,0
2.882798,0.998660,1.869778,-1.493452,0.628122,0.636988,-3.077997,3.182330,-0.049984,-1.487638,4.024905,0.367973,3.969460,0.422894,0.917436,1.120433,-3.606439,-2.342063,-0.936970,0.152601,1.359953,-2.535233,-0.576954,0.120195,-1.475741,0.834966,3.751447,1.104466,1.878300,-5.313822,3.466069,1.591456,0
4.914666,1.401751,-2.467395,3.190577,4.108304,-1.172411,0.794300,5.264194,-0.489496,0.874530,6.694719,2.475090,1.947037,-1.991779,-0.868327,0.358591,3.186783,2.986554,1.763164,3.951723,1.046241,0.306471,-0.381603,1.663629,1.430909,-1.676853,4.607689,0.486873,-1.376932,-2.905758,6.401215,-1.395465,0
0.922460,3.123997,-0.237792,3.629172,-0.293616,0.263825,-1.364389,2.647388,0.577157,-0.007856,4.181704,1.259501,4.717452,2.072107,0.813418,2.134150,6.636364,1.348964,-1.731403,-1.242265,0.227263,4.444859,2.022050,-2.284399,2.491758,-0.837474,0.551804,-2.272946,1.965837,3.070846,0.131604,4.755138,0
4.827864,2.979104,5.055285,1.028162,0.603530,2.727268,1.601356,-0.387856,-0.350218,2.809247,-2.368023,3.301846,-0.124541,1.660540,-1.070199,-1.827284,0.280230,-0.082116,0.669282,1.651814,3.100163,-1.145823,0.388310,3.121487,-1.516555,3.176827,2.882497,1.232015,2.073050,-0.059525,1.674646,0.706564,0
-2.085663,1.226731,6.039373,2.758493,-0.214250,0.108970,4.590044,0.072577,0.913108,1.243638,-1.769061,2.279252,3.929623,1.646519,2.661859,1.576272,3.839051,0.620857,1.610926,-1.139565,-0.148545,0.567564,-3.281056,-1.023664,-1.682391,-3.083277,3.978945,-0.506921,2.682076,3.208415,0.383065,1.612507,0
0.912537,1.817095,3.157698,3.417027,-0.157780,1.926340,-4.054965,1.987720,-1.797548,-0.380801,3.871634,1.248719,1.229422,-1.795437,0.444081,0.856293,0.302310,1.354580,-1.682621,5.771249,0.405910,0.557711,1.790906,5.769188,-1.060414,-1.220180,0.970607,-1.485704,2.216697,2.902335,2.217026,-0.992766,0
-0.113885,3.825124,-1.101305,0.882471,0.725018,-0.225629,-1.111362,5.936764,-1.561197,-0.384160,0.837502,-0.914241,-0.768173,3.081330,-0.417516,3.673973,1.287407,4.175123,0.571430,0.372727,-0.031405,-2.478009,-0.296966,2.309932,3.192995,-3.691720,-0.030104,1.712828,1.667015,-0.686257,-0.106922,1.134865,0
2.923257,2.514807,0.771988,-3.400336,-1.974555,1.536147,-1.095393,5.312672,4.584413,3.342159,4.013805,2.164761,3.264314,-0.596858,-0.743432,4.148558,-1.870412,-0.569656,3.346060,-0.651296,-0.142620,1.687249,2.512705,1.984664,-0.734156,1.470755,-1.307772,1.267339,-0.207095,1.049335,0.925734,0.923406,0
0.493961,0.695318,-1.500484,2.511867,1.763474,5.162749,5.277950,-0.540677,2.725913,3.896358,3.710150,0.242310,0.333019,1.813505,3.631721,-0.436601,0.766246,0.112923,0.871319,0.933897,0.734425,0.870437,0.210299,-0.151324,3.319499,-0.165332,1.984906,-1.689985,1.445136,-2.457577,-2.663220,1.279660,0
4.464974,2.890081,3.097839,3.461131,-1.455634,2.317593,0.680007,4.857946,1.930032,3.966230,0.628653,2.470398,-1.798814,1.173567,-0.015463,3.036411,1.811357,0.088223,-0.583617,-0.495240,4.971031,-1.149464,1.425256,1.309234,-1.205643,0.131659,-0.242302,5.455104,0.061316,1.409984,2.114089,-0.605185,0
0.825712,-0.034193,0.808275,4.402651,0.814317,0.819100,3.410498,-3.974366,2.130940,1.031807,2.334825,3.150138,3.784851,5.047115,2.487336,-1.322869,-2.328232,2.051790,-0.880650,0.952478,0.637863,0.893694,2.539159,4.034582,1.164110,2.462141,2.739983,0.132631,-1.452752,0.058988,0.081975,5.765559,0
-0.275898,3.261113,3.725818,0.060899,-0.025322,2.273221,-3.036275,2.348796,3.917604,0.139993,0.349627,1.076488,0.969538,2.230832,-0.150082,-0.361221,1.805709,3.048911,0.915220,1.923992,3.361347,0.079980,0.859039,3.561097,-1.887579,-1.263122,1.323435,-0.249737,0.964809,-2.269205,1.565596,-0.328894,0
-3.346988,1.314531,0.553225,0.367048,-2.074309,2.568910,4.474991,0.722360,1.455580,-1.078638,0.849033,-0.560137,3.513637,-1.161802,-1.324761,2.823098,1.951055,-1.976423,2.213667,-1.583837,3.721166,0.507731,1.643191,0.071203,1.574286,2.091933,-0.918889,1.520967,-1.764074,5.228590,-2.491736,3.228080,0
2.604596,3.737498,0.993571,-1.953625,3.038760,-1.309511,0.499907,1.467805,-2.171347,2.237912,1.415383,-0.280954,2.040298,3.457468,4.985112,-0.149807,-0.416421,1.866266,5.279991,2.426459,0.614557,2.401116,-0.190922,4.628149,-0.168837,-0.890514,1.759380,-0.600411,2.740341,2.825017,1.423226,-1.117302,0
3.293187,1.472322,1.655144,2.070168,-0.720824,2.012401,2.501676,2.853522,2.495869,-1.919002,-0.006579,0.103500,4.639108,3.745263,-0.451275,3.111338,0.239756,4.314299,-1.991679,3.493464,-1.922568,-1.836123,2.187702,-0.287498,2.462848,6.506109,4.316192,-1.585179,-0.057932,-0.180145,-4.037600,5.902673,0
2.757103,3.575977,0.074396,2.394119,1.386708,2.126220,2.565057,0.756169,-0.146410,3.800560,1.043411,1.815883,3.227336,-1.231329,-1.829933,1.032047,4.891176,1.632377,-0.918521,-0.240775,1.707431,-0.530993,4.549657,4.278969,3.523232,0.280670,-1.986468,2.711399,-1.231790,1.967225,1.431355,1.702495,0
-2.778190,0.416665,-0.452609,-0.518322,1.246505,-0.333857,1.206244,-0.340548,0.748459,0.262339,2.511789,2.395080,3.470539,-0.033742,-1.184523,2.120792,-0.223469,0.415693,5.146564,2.355567,-0.400069,-1.487319,2.018588,-0.260289,-2.425091,3.271799,-2.144772,-3.153276,-1.535278,0.028200,0.885682,4.891651,0
2.058887,3.099412,2.034756,-1.666398,3.048961,1.362659,6.957668,2.872309,5.531603,2.012026,-0.721264,-0.516100,-1.161134,3.741384,2.644217,6.083399,-2.785102,-4.596572,-1.341129,2.983882,7.307602,1.803190,2.588782,-0.135168,-0.136479,0.230093,-0.810209,1.966554,3.985461,-0.825161,-1.642090,0.177375,0
-1.185262,4.331685,-1.491463,-1.166046,2.863505,0.608247,5.106552,1.195318,3.923926,-1.903311,0.124477,2.127539,6.291820,0.505796,4.003419,3.391398,1.931582,4.484048,0.788182,2.068638,0.513073,1.156839,-0.698715,0.732743,-0.937606,0.705264,1.308921,2.627423,1.771918,-1.706591,-0.355622,-1.354808,0
0.921013,2.103131,-0.664264,0.771392,2.334891,0.581425,-0.875261,0.973613,-1.866386,-2.979377,2.779270,2.404583,-3.265313,2.368637,1.829147,-3.610301,0.155385,-0.973033,3.296659,-1.283193,-3.217000,6.419749,0.766876,0.958140,1.503571,2.161712,0.525384,0.712119,3.456529,5.558084,-2.557646,-2.462115,0
-1.039390,-2.582116,-0.691833,1.465343,-3.056517,-0.819130,-0.397963,-1.509139,-0.092629,-0.346369,0.353241,-2.868119,1.560343,0.627803,2.791455,-1.192966,-0.859488,-1.714351,3.989646,-0.317085,4.408190,-0.365247,0.700476,4.973087,4.277409,1.215343,1.200324,0.784464,-0.061704,2.023303,2.862212,0.431547,0
-1.405953,-0.006488,-0.912932,-0.314475,-3.422558,-2.422004,4.809698,3.334682,3.008943,-5.346891,-1.017550,-3.278362,0.653325,1.581827,1.233195,2.639984,2.836889,1.641732,-0.854956,3.333823,3.061408,1.355100,0.448874,-1.236609,-0.340720,-0.367047,-4.161592,-0.840457,-3.297798,1.059774,2.933278,-3.695483,0
2.130755,-0.747466,4.174149,1.518970,0.445076,-1.781244,1.837365,3.235037,4.000690,-1.250809,1.953007,2.258493,1.458721,3.673429,-0.352718,2.044832,-2.646721,4.368315,-0.981277,0.151927,-5.109368,-0.091886,1.405770,1.064528,-0.407104,0.248789,0.720695,1.488843,-2.258557,3.041782,0.437606,0.627083,0
4.401446,3.740580,1.361720,4.313214,-0.917047,1.387360,0.431208,1.447481,3.325089,0.560473,0.138535,-0.241706,1.816690,1.546762,3.266400,2.393086,-0.394635,-0.743102,-1.782021,1.275751,0.741058,2.090973,4.250061,1.417387,-0.130165,3.395585,-1.975131,-0.824463,5.634775,1.818887,4.006412,2.564890,0
3.118901,-4.211324,4.220086,0.627762,1.319559,0.400064,2.267994,0.655811,-0.341630,-3.161754,-1.043926,1.343661,1.708715,-1.598508,-1.489528,0.590690,0.087409,-2.062564,3.300159,-0.238963,5.516084,1.281912,0.042900,-0.612590,2.263525,3.190902,3.491163,1.713196,3.731295,3.990442,1.608665,-0.451856,0
-0.563994,2.306673,0.979600,1.098642,1.101864,0.042915,-1.631706,1.867387,-0.957924,-0.087440,0.286256,4.665576,-0.509469,4.529993,-3.804227,-2.451619,-0.312406,1.036347,1.458566,-1.525113,0.443744,3.903779,3.047786,-1.318621,5.014085,-3.118386,0.505369,-1.308979,1.102617,0.913134,1.596530,1.301712,0
1.965468,1.423622,-1.480337,2.394731,-2.014005,-1.583916,-0.924128,4.847124,4.182291,-5.245475,1.673150,-2.189651,3.852862,3.645817,4.773456,0.241873,0.022664,-0.275893,1.520113,3.483185,-0.367195,-1.339506,2.240541,2.477338,0.772702,-0.725386,-3.862101,-0.131708,0.423297,5.949418,1.770634,0.211666,0
1.919874,0.263021,-0.130058,4.016161,0.876554,0.271297,-0.671139,1.508206,2.973160,0.541243,0.209087,-1.392964,4.351524,1.228415,3.082571,4.063015,3.491090,2.334237,-0.134830,1.637740,0.717601,3.322308,-2.308997,0.998520,1.740226,-0.359338,3.787572,2.688032,-2.889877,-1.640755,1.850504,3.779168,0
2.676730,4.442152,-3.124302,0.214904,2.112789,-3.692843,3.642101,-0.659016,0.723706,3.192994,1.864082,2.332696,-2.568871,2.208259,0.416615,0.635540,2.204157,2.861908,-0.716939,2.080235,2.707988,0.790374,0.006686,2.025761,3.390655,2.136119,1.908377,-0.302492,-0.470263,3.377901,0.770471,-0.483186,0
0.845296,0.747796,0.746752,1.575609,-4.233638,-0.647607,-0.053129,-1.104474,-1.023209,-2.040980,-2.803858,-1.947141,-1.995035,-1.692442,-0.397087,-1.839538,-2.316092,-1.564186,-2.232637,-0.127205,-5.781470,1.889120,-1.192801,0.173991,1.030894,0.599157,-1.483306,-0.491887,0.908666,-2.705477,0.247528,2.212916,1
-2.060978,1.594118,6.020956,-1.035347,-2.563077,-4.752317,-1.196744,-1.045860,-0.262351,-2.606491,-3.604258,-1.770615,0.760592,-0.510769,1.868687,1.177196,-1.437969,-1.089692,-4.380017,-4.187512,-2.625140,-1.059140,1.240226,2.565203,-0.470286,-1.657660,1.565308,0.206162,-3.428747,-1.519655,-4.558807,-0.177126,1
-2.193990,0.781474,-2.622359,1.299884,-0.278110,-2.976630,-2.534650,-1.387807,-2.124673,-3.524339,1.131231,-3.177035,-3.302407,0.893714,2.087092,-4.875067,-2.879060,-0.605420,3.558497,-5.788630,-4.428229,-1.306728,0.728086,-3.621350,1.103327,-1.562469,0.903101,2.176138,-3.246563,-2.013294,0.989860,-0.135527,1
-2.284075,0.969425,-0.607018,-4.930393,-2.131094,-1.009599,3.077769,-3.320939,0.038443,-2.404669,1.679485,-0.571228,-3.569605,-0.736059,-0.741393,-2.544742,-0.084085,0.663409,-3.437633,2.324473,-2.484196,0.336734,-1.071362,-0.702345,0.727082,1.367555,-0.431348,-0.494080,-3.755772,-0.738360,0.481114,0.641276,1
-2.420711,5.388659,-1.751557,1.543953,-1.906259,-3.011692,-0.148576,-1.455043,2.399529,-3.721642,-2.747870,2.388540,0.421136,0.689703,1.907612,1.815166,2.748510,0.608029,-1.679038,-2.289569,-3.747412,3.457417,1.000786,-4.673883,-2.314201,0.328542,-2.076172,-6.518359,3.442175,-1.562979,0.775967,-2.991040,1
-0.792846,-0.368723,-2.938231,-1.164688,-3.684532,0.262146,-1.587271,-0.427989,2.123350,-1.476130,-7.334079,-0.216406,-2.108672,-1.253134,-1.634615,-1.599655,1.326027,-1.996331,-3.188486,-5.597791,-2.381589,2.507325,3.120735,-4.207393,1.088403,2.059016,3.716394,2.163065,1.508675,-0.889765,-2.194436,-0.347817,1
-2.372414,-0.902139,-2.597154,-4.003597,1.117270,-0.543128,-3.387150,-0.169759,-1.808772,0.140445,0.043500,1.353467,-1.174465,-5.759176,-0.678394,-4.684481,-2.367452,-0.035072,-0.670650,-0.870961,-2.753669,-0.624926,0.943798,2.265532,0.757443,-2.322557,-0.819812,0.409655,-1.545536,-0.536988,-0.357199,-1.513814,1
1.722910,-2.072608,1.579612,0.021799,3.098651,1.081095,1.017859,-1.714451,1.531543,-1.327135,1.384987,-1.804311,-1.156459,-0.977710,-1.204217,0.063809,0.048044,1.210825,-0.858601,-3.196550,1.385426,4.474493,0.852271,1.371906,0.263276,-1.644595,0.072642,-0.687943,1.721332,-2.565580,1.075791,-2.577588,1
-3.620768,-0.122631,0.437035,-3.338728,-1.142856,-2.718031,-1.824179,-2.454442,-0.104081,-3.942383,-1.046617,-2.143844,-1.948216,-2.041303,-0.967152,-3.174088,-3.060102,-2.135281,-0.413286,-0.539310,2.140427,-0.717031,0.673952,-0.639415,-2.813221,-2.577034,-3.149816,0.000282,-0.308682,-1.946577,-4.463251,-6.428571,1
-1.625223,-1.487055,-0.096198,-2.774556,-0.302474,0.034492,2.026665,-0.324630,-0.180962,-5.618783,-1.880107,1.344659,-2.770014,-0.802883,0.206307,1.539470,1.078039,0.780167,-4.373508,-0.597313,-3.160073,3.109186,-3.155561,3.242270,-0.963552,-2.766664,-0.759513,-1.353332,-3.871509,-3.927097,-2.271741,2.155709,1
-1.531834,-3.297327,-1.364881,-0.241773,-7.952513,4.470008,0.326947,-3.025330,0.344090,3.299663,-0.867634,1.991798,-2.251153,1.693993,0.426647,-2.298713,-0.613500,-3.602558,0.311384,-1.399061,-2.260313,-1.019649,-3.666461,-0.227926,2.733454,-3.265492,-3.951873,-2.913777,0.144969,1.042796,1.975589,-2.893023,1
1.344363,-2.243816,-4.375772,-1.463101,-5.262317,-0.834833,-0.091543,-0.302331,1.810131,-1.805487,-1.872155,-1.097947,-4.467220,0.125266,-1.597688,-5.032968,1.588223,0.572792,4.697672,-4.396382,-1.698551,-2.068984,-1.568401,1.792434,-2.549213,-0.751889,-2.022023,-3.498972,-1.020610,-0.912019,-1.222391,-0.519641,1
-2.083898,2.940055,-1.722471,-3.925757,-2.639534,0.750806,-1.928864,-2.183103,-3.975578,0.333038,0.005050,2.790405,1.077518,-1.246327,3.993802,-0.534337,-1.265850,-4.926786,1.230302,-3.523654,-1.201501,-1.825217,-0.780754,-1.995476,-2.107032,-0.071137,-0.973742,-1.211832,-1.640347,-0.934326,3.286099,1.599661,1
-0.037528,-5.295828,-1.134657,0.088941,3.533830,-2.072615,-3.074347,3.995522,-1.029294,2.550398,-4.208067,-5.557054,0.274641,-1.131898,-2.377764,1.002343,2.942122,1.596332,-2.527378,-1.613946,-1.151408,-4.702739,-1.905740,-3.638465,1.328991,0.642752,-3.868653,-1.226376,2.050948,0.327401,-2.162589,-2.614649,1
-2.667334,3.640071,-0.238928,0.875535,0.224435,-2.874709,7.582546,3.236885,-0.622459,-2.009326,0.967564,-0.367660,1.187395,-2.294112,-0.285583,1.273092,-0.874146,-2.313442,-1.779760,-1.025950,-3.455449,-4.389959,-3.351916,-1.890646,0.367024,2.161077,0.700535,-0.130873,-0.124660,-1.525845,-2.613485,0.249480,1
-4.270859,-4.459543,-3.936839,-3.854500,-0.671841,-1.972178,-2.402732,-0.799970,-0.999035,-4.795755,-0.838009,-0.134478,-2.010342,-3.753349,-3.207155,-0.772466,3.221272,-2.607951,-1.063405,-3.583950,-0.894872,0.096660,1.143915,1.338093,-1.828142,2.308309,-3.161146,1.554619,-0.902616,-2.522425,-1.231134,-1.153275,1
-4.349094,1.517040,-4.604084,1.087581,-2.733643,0.494227,-0.639693,-2.694463,0.099368,-4.455579,-1.017557,-3.578192,0.164456,1.285435,0.715570,-4.929293,1.429087,-5.986704,-4.191617,-3.669000,0.173100,-1.024940,-1.707567,3.349135,-2.719798,-0.070518,-5.407980,-3.375811,-2.032118,-4.077177,2.398622,-1.950527,1
-4.797416,-2.821750,-0.766839,-1.376246,-2.450874,1.641814,0.821846,-11.261052,-0.332979,1.452461,-1.026324,-2.488772,-1.154634,2.672544,-2.446751,-2.256954,-4.567575,-2.098161,-3.017199,-3.307562,1.411292,-4.202021,-1.883636,-2.557175,-1.248771,0.080435,0.814736,0.261028,-0.159849,-1.808852,-0.451107,-0.419798,1
0.131045,-2.681126,2.390870,-4.586062,-0.654249,-0.567129,-1.831764,0.888780,5.416607,1.970213,-0.191657,-1.286820,-0.783014,-1.965977,0.309505,-3.032349,0.396665,-2.583166,-4.674326,-3.777289,1.844131,-3.559454,0.177865,-5.758645,-0.258492,-2.407872,0.570911,-1.170679,-1.186025,-0.217443,0.954435,-2.848587,1
-1.485137,-0.344772,-1.012229,-1.684101,2.489924,1.095749,-3.886723,-1.049640,-5.576172,-1.223292,-4.704302,-4.327950,-1.309201,-3.448899,0.513283,-4.117869,-2.386904,-2.750226,-0.395299,-1.952259,-1.424184,0.274529,2.005594,-2.457278,-1.048507,1.749044,-0.022496,-4.434169,-0.577435,2.036155,3.570696,-2.016187,1
0.785553,0.178580,1.680552,-2.078978,-0.299206,-0.538822,-1.664614,-4.509652,-3.220172,-2.179187,-0.051125,-0.336171,-2.726483,-0.304302,1.345739,-1.516999,3.998115,-3.585069,-0.371292,-1.957847,-0.354733,-2.270787,-1.619756,2.516688,-1.315990,-0.284994,-1.430391,5.021593,1.087151,0.866204,-1.908145,-5.762881,1
1.370609,-2.710452,0.333390,4.577211,-3.434144,-1.805542,-4.932413,-1.497197,-1.046651,0.938371,0.853702,1.774036,2.186618,0.474794,0.609407,-1.354822,-0.390851,-6.012814,1.105788,1.294098,-1.589940,3.469761,-2.524156,0.302034,1.243741,1.176635,0.542029,0.186762,2.127065,-4.394346,-2.035607,2.608675,1
-2.726162,-4.325605,-0.049875,-2.742505,-1.462156,-3.874421,0.617774,3.823124,-2.145222,0.927775,1.026114,0.561838,0.633618,-0.339396,0.165996,-0.259682,1.837157,-2.489812,0.403083,-4.919606,0.188854,-4.927572,-2.748718,1.609785,-5.086552,0.853387,-2.613470,0.475012,-0.622705,-0.234477,-2.499287,-2.748233,1
-0.327047,-3.155402,-2.185189,-0.175531,-1.541186,-2.815066,1.227131,1.034431,-3.635758,-0.054172,-3.492090,-4.036896,-0.536426,-3.536857,2.365642,-4.947698,-0.053612,1.346440,2.761781,-4.279695,-5.673460,-2.338648,-1.646515,-0.612513,-3.109830,1.737026,-0.761200,1.558945,-1.923911,0.023201,2.747551,-2.268474,1
-2.368667,-7.270202,-2.038127,-3.156688,-2.021184,-3.658964,0.355561,-2.143677,1.499851,-2.357596,-2.571550,-3.857724,-2.057721,-2.555108,-2.080899,-0.483481,-4.253330,2.572286,0.221590,-0.452628,-0.354776,3.014131,-1.817957,-1.565799,-1.056234,-2.186076,0.071979,-2.652601,1.604682,0.930469,-2.352690,-0.711094,1
0.311665,-5.995184,-1.082953,-1.019315,-2.687330,-2.677290,0.204691,-2.522722,-0.234397,0.999345,-1.834740,-2.251801,-3.283758,-2.008819,0.264330,-3.224552,1.910747,-3.327575,1.791421,-2.668447,-0.332487,-3.256096,0.786394,2.686123,-1.464180,1.848808,-0.201838,-1.200498,-3.134435,-3.543204,-2.358299,1.223463,1
-2.641862,-1.289980,-3.011024,0.126091,-0.182485,-2.966353,5.127329,-1.210478,-5.466209,-2.752374,-1.037281,-2.429033,-2.309331,-1.219986,-0.318050,-4.076311,-3.182957,0.730500,-1.124226,1.790882,0.658437,-0.326359,1.064686,-2.867811,-0.627070,-0.004086,1.879532,-5.044971,-1.103764,2.094948,-2.275851,-1.070949,1
-2.368687,2.134024,-1.003305,-2.686584,-2.204713,-5.295146,0.602828,-0.310770,-2.286112,0.491304,1.895954,-0.735578,2.351823,1.780598,-1.594570,-1.715557,4.452603,-2.119680,-1.109915,0.333842,-1.453807,-0.297079,1.012618,0.322442,-0.638928,-1.718669,0.873302,-1.904359,-0.492523,-0.488844,0.973615,0.176757,1
-3.341800,-2.236894,-3.472171,2.909609,-2.714787,2.618984,-1.837185,-2.522018,-2.032108,0.922275,0.725973,-4.270201,0.724439,-1.362097,-2.273963,-0.206549,-1.549123,0.400225,0.392419,-0.507081,-0.863326,-1.867265,-3.489383,2.994583,0.189722,-0.879912,0.046669,1.237893,-0.150205,-1.855730,-0.398847,0.915771,1
1.578945,1.978722,-0.946474,1.053211,2.807804,-2.740869,-3.260832,2.206793,-0.605948,1.376669,-3.954817,-5.575513,-2.050180,0.550900,0.487437,3.723191,-2.892206,-0.030425,1.488508,-2.239184,-2.447331,1.922260,2.926618,-0.158107,-0.643431,0.247684,-3.748724,0.712239,-2.251432,-0.815042,1.591241,-0.787019,1
-0.703016,-0.537823,-5.371943,-1.750690,-3.171059,-0.335116,0.448714,-1.482215,-3.828062,-2.851079,1.848242,-1.622239,3.495454,-0.660706,1.359502,-1.559446,2.971036,-2.818982,0.653497,-0.602577,-0.647901,-0.004071,-1.640291,-0.596517,-0.224772,-0.291760,-2.635402,-3.501416,0.523666,-0.043079,-1.833184,-1.823401,1
-1.747423,-1.805148,-3.364505,-2.049550,-3.149284,-1.685626,-3.618152,-2.839201,1.055117,-2.004944,-1.376648,-1.883859,-1.634362,-2.500982,-1.305289,-0.807548,-2.077899,-3.410465,4.234044,0.003489,-1.750757,-3.005109,-1.988136,-0.704654,4.489938,-2.280325,-3.240740,-3.454641,0.953386,-0.233539,0.065588,-3.936370,1
0.239584,0.864648,-2.285617,-1.573611,3.499899,0.970510,-3.581336,3.215654,0.458882,-1.431095,-1.005814,-2.345120,-1.043319,-0.243764,-4.744897,1.918454,0.712551,-6.872375,-1.697289,1.017754,-5.111059,-2.213207,-2.948017,0.067660,-1.434008,-2.461586,-1.968657,-2.583839,-3.722717,1.213614,0.667614,1.043492,1
-0.180930,0.799519,-0.561699,2.397764,-0.966406,0.277442,-2.112733,-1.536927,-4.372857,-2.520716,-1.920985,1.444879,-0.878815,-0.110146,-2.172679,-2.901751,-0.188666,-0.747584,-4.197920,-0.881495,-2.343878,-3.648195,-3.114042,-0.680218,-2.445143,-3.077868,-1.836901,-0.265697,0.971467,2.369255,-1.537256,-1.224056,1
-2.306053,-1.717444,-0.256582,-4.949476,-2.023376,-1.586573,-1.607247,-4.195919,-3.613798,-0.740088,-0.748944,-2.460587,-3.146284,-1.309790,-1.938697,0.016666,2.023843,1.080754,-1.903426,3.939851,0.111485,-3.063723,1.191052,-2.334894,0.630041,-3.543893,0.483880,-0.941345,-3.873856,-2.886402,-1.917498,-4.561717,1
-2.591193,-2.786404,-0.273377,-3.725054,-0.367319,-0.837638,-2.415840,-0.267544,1.132535,1.389307,0.631778,-1.023046,-1.856049,-2.213632,0.810321,0.422557,-0.986508,1.296608,3.169252,-1.189429,3.561975,-3.078160,-2.214206,-0.684889,-1.842436,-1.742099,-0.940143,-6.660589,-1.197586,-1.447488,0.699178,-2.475593,1
0.630739,0.202118,1.839110,-2.486461,-4.641612,-2.888476,-3.739183,-1.484971,-4.864599,-3.440596,-3.275202,-4.243050,0.700510,-4.597903,-2.066669,-0.654389,-4.094419,-3.357411,4.131897,-1.318026,1.665865,-3.206719,-1.098167,-1.033642,2.329854,-1.888966,3.549029,-4.090632,-1.910328,-5.141246,3.347566,-1.893255,1
0.733786,-1.049320,-3.254587,1.237084,-1.368185,-2.476677,-1.422382,1.504896,-3.109957,-2.604044,-0.042231,0.270695,-2.506392,-2.359758,0.064412,1.144250,-0.209660,-0.737657,0.318415,1.128639,0.750365,-1.344389,-2.135939,-0.118722,-1.356090,-1.662911,-0.189457,0.179698,-1.143448,0.393986,-3.496558,2.548864,1
1.241724,-1.386020,-0.655169,-1.733279,-0.052381,0.291701,-0.020196,1.158850,-5.096698,-3.338339,1.198739,-2.467514,-0.324499,1.446102,-3.580226,1.070315,-0.412107,-2.982297,0.646667,-1.441172,-4.947505,-2.673920,-0.273045,2.670944,2.294315,-3.928111,-1.329535,-2.535275,-1.635627,0.135784,-1.671007,-4.122320,1
3.104500,-3.147687,1.424620,0.084101,0.257361,-0.900646,0.833662,0.335855,-2.027549,-1.448495,2.673946,0.595307,-2.259852,-0.921459,-2.339556,-1.347980,0.375520,-4.650907,-7.205476,1.478224,-0.546322,-3.582263,-4.045078,-1.037580,-2.633830,-3.573408,-0.612335,-1.292687,-1.382229,6.387901,-0.066274,-0.839214,1
1.901405,0.719382,-0.744466,-0.982482,3.235855,-0.888851,-5.408212,-0.198566,-1.580208,-0.840074,1.640454,-3.443895,-1.807583,-1.390502,4.395282,1.059418,-0.820027,-0.521836,-2.879049,1.449881,0.326549,-1.905322,-4.836373,1.976727,0.236445,2.128221,-0.531635,-5.007892,-4.982822,-1.627721,0.946922,0.540455,1
-3.097775,-3.956888,-1.550633,-2.104931,-1.679006,2.283392,2.896280,4.501966,1.832575,-2.479979,-1.029895,0.295849,1.032759,-0.812734,-1.979087,-0.867009,-4.791473,0.984343,0.360168,-0.645340,-0.953700,-0.865030,1.727221,0.071648,-0.368671,-1.260065,-1.089701,-1.072020,0.459985,0.410729,-2.831605,0.342340,1
-0.991781,-4.475364,-2.674884,-2.540423,3.840591,2.208081,-3.099953,0.658701,-1.673050,-0.945454,-0.148505,3.434038,1.545836,-2.779560,-1.697449,-4.390821,2.125035,-1.623629,-1.206852,-2.995913,-0.891051,-1.569644,-3.858990,-1.967059,-0.617281,-0.536052,0.933498,3.143952,4.598833,-4.234012,0.252854,-1.397037,1
-0.479790,-3.222768,1.462993,-2.168976,-1.141386,3.037512,0.401038,-1.632117,-1.325136,-1.582353,-2.806601,-5.646855,-4.467835,-0.048846,-2.187581,-3.649140,0.200708,-0.376574,-2.520375,-2.087082,-1.550078,-2.625707,-0.845094,-0.330861,-0.607948,-1.688804,-2.102255,-1.080607,3.852821,0.669122,-0.284400,-2.633476,1
-3.740140,1.256680,1.655340,-2.088012,6.646435,2.954687,0.298690,1.352752,-0.635800,0.575477,3.523725,-0.618239,4.004127,-1.972879,-1.869974,-2.000315,-3.982266,0.509817,1.988962,2.138801,-0.760604,-1.905671,-1.397931,-3.636104,0.480618,-1.131669,3.401632,0.565796,-0.431581,-0.014467,-3.871064,-0.428366,1
0.547444,-1.301747,-2.115252,-1.187418,0.035542,-0.683828,-1.443102,-4.095758,-2.028690,-1.214268,-1.120405,-6.091541,-5.688943,-0.348782,2.125512,1.284417,0.363057,-2.843536,-0.229550,-0.278877,3.671528,-0.974491,2.146326,-3.362910,3.844374,-2.339530,-3.038626,-1.214849,-2.270576,-0.433843,-0.612609,-0.664953,1
0.568101,-4.383265,-3.571453,0.063197,-2.913234,-0.311152,-0.108893,-3.769224,0.891762,-1.575666,-0.380737,-2.328814,-1.333823,1.012912,3.132142,-2.036982,-0.386353,0.467635,-0.681911,-2.111366,-1.782844,-2.024899,-1.430739,-3.001252,-2.238787,-2.685609,-0.589207,-0.048169,0.893490,0.105299,-5.040586,-2.442533,1
-2.129225,-3.614473,-2.184269,-1.132745,-3.578726,-2.089140,1.306955,-1.826146,2.454312,1.587799,-4.400530,1.776391,-2.456611,1.536308,0.063144,-2.687198,-1.658981,-1.241929,-4.251585,0.694114,-3.706975,-1.648005,-1.845333,-3.376810,-2.254794,-3.387375,0.193410,0.847533,-3.212446,-2.859389,0.599611,0.663688,1
2.237657,-3.777649,-0.336096,-2.831209,-0.113451,0.677136,-1.362647,-3.871634,2.198737,-1.344011,-2.091551,-0.538510,-1.765079,0.062712,-1.933787,0.287636,-0.839915,1.945513,0.896215,2.030788,-2.807067,-1.458303,-1.186031,-0.313707,-0.611299,-1.916976,-2.446526,-1.810122,-1.329324,-0.867641,-0.355717,-0.554478,1
-1.369394,-4.558178,-3.929590,-4.200599,-0.438405,-0.416349,-7.131521,-0.730063,0.552609,2.469149,-0.580387,-0.791182,0.462420,-0.581577,-3.172915,-1.495000,0.443787,0.655018,-3.430045,-2.571732,-1.524066,1.153158,1.365235,-0.636032,-3.100226,-0.595476,-2.084404,-2.810480,-1.078247,-5.862114,0.522379,-1.485459,1
-0.657250,-1.778013,-2.949345,1.044055,-0.182014,-5.199751,1.520960,-1.535938,-2.246820,4.335827,-1.738117,-2.417679,-0.474706,2.057116,-3.642906,-3.536373,-0.512529,-3.205444,-3.902569,-2.439515,-1.053436,-0.344360,-1.684680,-3.492970,-0.478191,-5.925457,-2.166739,-1.652406,0.916332,-1.033528,-3.727416,0.421436,1
-5.831450,1.368901,-3.728408,-0.291576,0.827486,-2.544547,-0.739552,-4.446284,2.203035,2.348470,-3.438174,-0.771438,-3.633010,-1.430439,-0.973492,-1.020793,-0.495006,1.683737,0.939229,-0.268819,1.746226,1.317702,-2.401451,-2.576894,-3.692935,-0.985546,0.643716,3.255779,-0.644446,-2.336314,-1.234141,-1.854175,1
-3.155142,-0.155607,-1.034339,0.216073,-2.112062,-3.019073,3.868079,-4.871762,-2.117955,1.584882,0.832872,-4.421655,-0.318692,0.278105,2.269035,-5.585666,-1.835627,-1.729153,-0.931169,0.171169,-4.005783,0.645714,-3.571570,-2.316049,-0.725098,-0.008447,0.224401,-4.152767,1.064020,-0.248924,0.585046,-2.401449,1
-4.383992,-6.177230,1.007257,-0.558388,-0.897656,-1.065624,-2.003366,-3.435328,1.692325,-1.581386,2.905391,3.013530,-2.078930,-2.267934,-1.915422,-0.073396,-4.570705,2.276897,-0.854403,0.762801,-0.626323,-4.267377,1.555362,0.882759,-1.633134,-1.142590,1.570153,-1.771422,-1.214711,-2.212570,3.201095,-3.836414,1
-1.259747,-3.071714,-1.441932,0.645761,-3.088165,0.189251,0.395428,-3.306485,1.047084,-2.572793,6.471224,-0.955041,1.621018,-4.883385,-3.537898,-1.416870,0.208023,1.561114,-1.737234,-0.448361,-2.553797,-1.914190,-1.262007,-2.983919,2.902177,2.188949,-4.462173,0.924443,-1.853093,-0.335252,-0.511911,-1.853793,1
-0.087126,-1.346251,-3.596784,-2.218684,-0.527818,-2.364688,3.722892,-2.213498,-1.668750,-4.830961,-1.328700,-4.409387,-2.143382,-1.027055,-3.315416,2.465246,-2.336448,0.357360,-1.142689,0.951288,-2.261912,2.405944,0.238592,1.055923,-1.857031,-3.170211,-2.092218,1.575702,1.077696,-0.716676,-3.306452,-4.966924,1
1.901505,-1.021405,1.082951,1.554855,0.277196,-2.050909,0.931115,-3.588433,-4.874831,-0.624866,-1.242363,-3.066879,1.993836,-3.605046,0.957668,0.297893,-3.652215,-1.522845,-2.011944,0.704444,-1.850911,-2.899362,2.313013,-5.156559,-2.751689,-1.685602,-0.581484,-1.442709,1.321684,0.862870,-1.768748,-2.749828,1
-0.478184,1.006703,-1.764939,-1.597244,1.866303,-1.139417,-3.731237,0.589682,-1.125896,-6.104057,-3.225904,-1.502525,1.630017,-0.436736,-5.276602,0.194845,-3.032166,-0.697544,-1.259974,-1.323091,2.731903,-2.888969,-1.294987,-0.509332,-3.846606,-1.204103,-3.498286,-1.590940,-2.152563,-3.118876,-1.322628,-4.273226,1
-0.483070,-4.651609,-1.948722,4.024875,0.580538,-1.109510,-3.871064,0.964674,-0.757606,-1.909462,-2.367684,3.538044,-2.768357,-1.688680,0.793418,-3.007306,-2.549357,-0.727850,-1.985614,-0.577063,0.106128,-2.315196,-3.052164,-1.324410,-1.486315,-0.339404,2.055932,0.192979,-5.639536,-0.403790,-0.694113,-2.738863,1
2.616448,-0.336343,0.727671,-3.296522,0.442276,0.442959,2.386784,-0.996245,-5.080818,-3.104045,-1.318080,-0.390368,0.404172,-0.007202,0.762762,1.743294,-1.785701,-0.589225,1.670000,-2.309788,1.924913,-1.085785,-0.181821,-3.015499,-2.859047,-3.029655,-4.102838,-0.259874,-1.892757,-0.722942,-1.896323,-1.115288,1
-0.902514,-2.464539,-1.383532,-0.391768,1.621699,-0.639369,1.075186,1.032557,0.941235,-0.721538,-2.768106,0.439350,1.609750,0.164403,1.431984,0.806623,3.828062,-1.557994,-3.073156,-4.130821,-5.038025,-2.477898,0.652637,-0.416388,-1.439881,-5.092133,-0.150989,0.110047,-1.249339,-4.940762,-2.038623,2.732302,1
-3.375690,-2.521496,-1.975261,-0.398039,0.938329,1.273831,-0.922148,-0.700006,-1.689338,-0.499124,1.397840,-2.852910,-3.117315,-1.526772,3.333795,-3.111091,-2.360508,2.241595,6.173300,-3.646130,-2.261376,-7.224564,-2.263921,-0.556467,-2.767570,-0.755864,-2.656887,-0.141030,-5.998364,-5.066898,3.165182,1.222154,1
2.045948,-1.054604,-2.598148,-1.088352,-2.583169,-0.338992,-1.687600,1.164481,0.631946,2.504444,2.354257,-0.787772,-1.640870,-4.483974,1.854065,-3.144422,-1.179776,1.097454,-0.003382,-2.450109,0.859938,-0.558173,-4.008659,-3.036195,0.094531,1.185988,-0.516183,-0.866970,1.186220,0.090302,1.042731,-1.257033,1
-0.998556,-3.045524,-2.702982,-2.722898,-3.433956,-0.622007,4.414567,-1.690364,-0.907044,1.615252,4.411190,0.619061,3.376893,-0.521578,-0.051040,-3.192356,-3.299881,-0.251342,-1.572629,-0.946808,-1.024181,1.272363,-1.079348,-1.083621,-0.907332,2.293159,-2.535205,-1.704810,0.127879,-0.561026,-0.027488,4.538570,1
-1.973594,-3.031778,0.242989,-1.604588,-0.421339,1.758958,3.810605,0.392686,3.343836,-1.851008,-6.305902,0.826496,0.004704,-1.268641,-2.201330,-2.687174,1.002443,0.742354,-0.700844,-2.011642,-2.380073,-0.664178,-2.224008,-0.335450,-2.253125,2.351018,-1.682047,2.953271,-2.350468,1.224154,-2.117373,-2.373324,1
-2.250082,0.019552,-0.811518,-3.679446,-3.509654,0.233557,-5.281557,-2.429880,-1.377579,-0.811225,-0.842775,0.017531,1.204444,-1.920972,-1.625973,-0.839904,-0.365410,0.281237,1.337535,-4.792965,-1.137745,-0.655034,-5.291311,-1.674657,0.408464,-1.292449,1.712945,-3.031489,-5.375284,0.129336,-1.237099,-1.124466,1
-2.727027,-1.370214,-2.554679,-7.034672,-2.285346,0.781199,-0.600421,-4.690179,4.164381,0.833489,0.186656,1.647864,-3.416150,2.426324,-3.361781,-9.642386,0.563090,-0.897823,-2.247328,-1.839087,-0.293895,-2.003515,-3.579811,-0.268826,-2.527495,-2.061331,0.682412,-0.171683,-1.513083,1.978246,-2.118547,0.878417,1
-1.301661,-1.307163,-3.507484,1.556284,-4.085818,-3.504613,-4.132439,-0.185920,0.681673,-2.266147,-3.336837,-4.838112,2.693195,0.564769,1.595999,-4.710720,-2.815905,-2.106587,-2.404623,0.299691,-0.729554,0.020872,-0.664630,-3.094432,-4.465880,-1.971072,-1.847574,3.821490,0.587632,-0.798953,-2.290035,-2.424855,1
-1.699057,1.475338,-1.635379,-0.472830,-2.562490,-1.357203,-0.166025,-2.037166,-1.023417,-2.711309,-4.036509,2.565111,-2.032442,0.076922,3.113152,-0.266940,-1.995786,-1.882257,-4.294556,-2.134627,-3.494004,-0.805100,-0.896671,-0.439517,-0.353751,0.642607,-0.386994,0.697181,-1.582679,0.579835,-1.191504,0.952909,1
-0.834393,-0.004925,-0.018357,0.477289,-0.277840,-0.550923,0.816025,-0.147757,-2.504163,-1.036117,-2.634970,-1.461272,-0.676972,-3.997904,1.041618,-1.168570,0.054043,-5.564188,-2.802773,-2.177925,-1.182524,-1.627834,-3.545553,0.478581,1.584786,-3.194750,-3.754132,2.083499,-4.786236,1.365185,0.079597,-0.800399,1
-1.731949,-0.372334,-3.670672,-3.192310,0.498895,3.082763,0.507347,-2.719410,-0.120545,-3.604372,-2.614308,-1.366444,0.777767,-0.240356,0.728428,1.618941,-1.772022,0.564119,-0.452354,-1.580069,-2.823309,-1.840983,-0.683331,-4.878832,-0.128092,1.970462,-5.409440,3.448975,1.511902,-2.094084,0.345581,1.546897,1
1.654272,0.958732,-0.648807,-4.197446,0.369362,-2.925000,-0.869343,-2.430143,-3.023690,-1.561952,-1.811248,-1.039575,-0.976615,-0.510397,-1.416205,1.304884,-3.079762,0.136111,-0.426240,-1.123081,-1.068374,-2.139219,-0.164798,-1.134293,-2.964880,-2.184365,0.251485,0.967156,-0.660625,0.295500,-0.991863,-1.769754,1
0.354916,0.367757,-2.943797,1.934352,0.455205,1.120918,-2.967683,-0.957907,-2.516012,-0.626431,-1.452766,-1.426125,-1.143201,-0.819985,-1.638906,-1.720204,-1.305546,-2.118577,-0.263987,-1.806206,3.617328,-0.840294,-1.173331,-1.511276,-4.611278,-3.771407,1.354548,-0.253094,-1.738684,-2.336351,1.241676,-0.807850,1
-5.776020,-2.919554,-1.248024,1.852540,2.930928,-2.181024,0.404678,-3.685755,-0.305929,0.475666,-1.106036,-2.053606,0.030385,-3.103415,0.052316,2.196951,2.538372,3.079836,-0.941721,-2.085684,-0.204480,-2.263064,-1.498111,1.167745,-0.668047,-4.867100,-1.468804,-3.558117,-0.085588,-5.875344,-0.622112,-2.987005,1
-1.263194,-3.278979,-1.450822,1.537893,-1.117204,-1.350155,-3.615888,1.218068,-0.646745,0.188927,1.166771,-0.831306,-2.535431,-0.851608,-1.664614,3.061734,-0.862470,-1.510414,-2.338268,-3.165453,-0.322251,-3.687824,-0.477234,2.030726,-0.344941,-3.613769,-2.157400,-3.251721,-3.849371,-2.710265,-0.835653,-1.208100,1
0.352662,0.855621,0.381539,-1.414782,-1.294616,-3.864360,-2.036901,1.230433,2.321054,0.099697,-3.612302,-0.464058,0.746132,-1.099567,-2.367622,-1.900988,-0.152630,-1.027148,-3.588111,0.362098,-2.209217,0.736632,-2.346242,0.099877,0.454184,0.523117,-1.187180,-0.134431,-3.035792,-4.199801,-3.705606,-4.416719,1
4.274411,-1.641104,0.772437,-3.651889,1.506794,-4.425864,-5.910125,-1.232525,-0.784176,-3.377640,-3.336202,-0.749962,-0.598027,3.586132,2.645329,-0.507987,1.555925,3.069907,-3.502817,-2.481285,-0.332008,-2.947752,-2.528170,-0.738584,0.786376,-1.341141,-1.188431,-0.474229,0.277443,-2.949817,-3.197021,-0.590925,1
-4.071105,3.630002,-1.493464,2.508491,-0.809813,-3.974355,-2.695792,-3.004435,-1.981016,-0.991820,-2.099991,-0.291470,0.184305,-1.317286,-0.144526,2.264969,-2.327223,-2.571239,0.041945,-0.058210,-4.351157,-2.130740,-3.431684,-4.447196,1.322235,0.428505,-2.308931,-1.851536,-0.296120,-1.182667,-4.018384,4.920630,1
-2.604490,0.405860,0.130521,-1.285896,-2.746997,-0.790719,1.179726,1.264243,0.173050,2.504260,-2.475137,4.294807,-1.682158,-3.635491,0.047107,1.999804,-0.275410,0.353865,-0.867494,-4.727556,1.348868,-1.189956,-0.983315,2.043306,0.154114,-1.987641,-5.793662,-1.023018,0.616754,-0.748060,-1.806835,-1.109418,1
-0.838538,-1.529167,-3.823983,1.897221,-2.635329,-1.773651,-1.064262,-4.582625,-0.968773,-0.909134,0.246655,-1.118866,-3.934985,0.158112,-2.545351,0.315706,-6.000907,-4.932116,-2.465858,-1.579272,0.123221,4.091087,0.045281,2.382064,-2.653829,-2.319734,-2.440744,1.808390,-2.017872,-3.757171,4.212474,0.612311,1
2.279877,0.420968,-3.388381,-0.115149,-3.759642,1.171428,3.601982,-1.841397,2.710074,-0.356875,-2.514290,-1.756577,0.989564,-2.250555,-3.837579,-5.239136,-0.646005,0.029257,-1.746329,-0.946974,-2.064722,1.140648,-2.576091,-1.374359,-0.532384,-0.485564,0.382485,-2.992063,-1.800987,-1.387851,-1.846572,0.266531,1
0.457217,-1.059355,2.223729,3.097200,-4.095446,1.790717,-1.875585,1.343994,-1.374895,-4.161925,-0.895195,-0.981159,2.296757,-1.934209,-0.451198,-2.543493,0.306012,-1.762222,-1.078519,-6.263928,3.861064,-1.130923,1.977504,-0.587928,-1.154622,-0.662171,-0.359828,-1.214417,-2.401647,-2.621360,-2.042174,-4.746481,1
-4.620586,-0.122486,-1.670532,-3.039047,0.783544,-0.048411,2.466581,-4.465852,2.586280,-2.616392,-0.208902,-4.690814,-2.878408,-3.883498,0.794721,-0.999507,0.405576,5.600859,3.664001,-1.375533,-0.604674,-2.364819,-3.891319,-0.379729,-1.217809,-2.910574,-2.169237,0.944216,1.185899,-2.778380,-4.630683,2.097577,1
-3.698867,-2.122181,-4.217793,-2.072346,-4.226427,0.734473,-1.532876,0.762581,0.241084,-2.690570,0.563521,1.307465,-0.723560,-3.421155,2.022476,1.798801,0.108431,-0.470263,-1.037796,0.048981,-1.997647,-5.538246,-3.574486,0.126612,-1.350650,-1.135105,-2.512283,-0.732278,1.846351,1.623457,-4.580339,-3.774569,1
0.148445,-2.734092,-0.952913,1.054172,-3.258942,-1.472034,-1.850138,-5.923102,-2.098614,1.704288,-3.091511,4.444822,-3.462439,1.662707,-2.433689,-1.536191,-1.220532,-1.327307,-1.743390,-0.849229,-1.422229,-3.591145,-1.498043,-2.665010,5.809208,-0.279792,-5.401395,-4.632527,-1.281028,-0.727547,-0.155463,-2.543922,1
0.157166,-1.608145,-1.083143,-3.382950,1.409220,-2.670454,-0.527396,1.651964,0.419016,1.360356,0.965192,-5.192894,1.523594,-1.168402,-1.100590,-2.639596,-0.319667,-0.660748,-4.230131,-0.820288,-0.265816,-1.640660,1.641243,-3.190119,-2.786618,-1.988740,-1.814712,1.948549,-2.556272,1.000849,-3.347244,-0.641978,1
0.604815,-0.694901,-1.691726,-2.229440,2.724290,0.201897,-1.506191,-0.123739,-2.295722,0.213631,-1.318587,3.981119,2.134254,-3.330307,1.268018,-1.025880,-0.991347,1.808516,0.119863,4.444494,0.433094,0.023462,-2.188765,2.879714,-3.276324,-1.979022,-1.782415,1.576292,2.665145,-0.891877,-2.794117,-1.925935,1
-0.724478,-3.655821,-2.619293,0.569984,-1.835125,-1.340615,-2.895528,-1.007504,1.309410,1.680184,-0.521925,-3.430459,-3.927544,2.259782,-0.125142,1.210493,-0.740642,-0.892218,0.403033,-1.299801,-0.299730,-1.635800,-1.133204,0.100050,-1.323277,-0.999859,-1.424445,-0.685922,-2.048737,-1.950180,-1.151388,-3.814173,1
-2.199523,-1.451796,-4.398365,-1.761951,-3.465249,-2.207174,-0.919752,-1.716398,-2.122720,-2.470436,-0.941783,1.086017,-0.676051,1.570790,-2.496023,2.759126,-3.244315,-2.499290,-4.073767,-1.144718,-3.814950,-0.721314,1.206822,-2.626104,0.167863,-2.594413,-5.018982,3.545386,-2.309176,-2.256195,-0.783083,-3.333289,1
0.385835,-2.954101,-3.437881,-4.741139,1.246794,0.592698,-0.835678,0.681261,-2.857888,2.628294,1.389727,0.463385,-0.957375,0.810838,0.542782,-1.870342,-0.952683,-1.228403,1.255225,-2.677407,-2.714963,2.111300,-2.498016,0.083061,0.132134,-0.921456,-4.308547,-4.075844,-2.905704,-0.690424,-1.996679,-0.777717,1
-2.228917,-0.383311,-3.879995,-1.977786,-3.026978,1.430753,-2.328755,-1.732097,1.004764,-2.354440,1.869595,-1.605365,-1.512920,1.426370,-0.519626,-1.749295,-3.107541,-5.878429,0.215092,0.344078,-0.724431,-2.222318,-0.612166,-0.456639,-1.255451,-1.664177,-3.504012,1.037833,-0.836720,3.052534,-0.592725,-1.412437,1
-1.614206,1.210467,2.326829,1.570849,0.248300,-1.421715,0.870901,0.828745,-1.812200,0.536935,-1.011461,-3.893335,-1.982442,-3.985727,0.578054,0.527822,-1.606004,-2.431036,1.163345,-4.115862,0.184437,-1.998256,-1.797972,-0.558299,-4.713942,-1.939219,-0.835813,-5.666285,3.223773,-0.055918,-2.099096,-0.269007,1
-1.481391,2.499200,-0.941824,-1.412140,0.898098,3.554919,-0.636992,1.190486,2.779594,1.357629,-2.958256,-2.950106,-0.573396,1.129210,-3.111283,1.362861,-4.607854,-0.705430,-0.734990,-2.858198,-6.213529,-2.503860,0.664608,-0.277429,-3.329427,-3.343255,-0.833837,-2.222184,0.584558,-2.225761,-2.464863,-1.856613,1
0.065063,0.677548,5.203243,2.502583,-0.518135,-0.012993,-0.481536,0.543882,-0.911871,-2.174208,-3.553221,-1.496887,-1.038432,1.563140,-3.929450,-1.518303,-0.126822,-4.935902,-0.560843,-1.827440,1.220900,-2.712280,-0.561142,3.060214,-4.433773,-1.483073,-4.660782,-1.345230,-1.191253,-4.060527,0.378586,-0.360183,1
-0.535423,-0.727130,1.218765,-0.152016,-1.732980,-1.397102,-2.655261,1.200769,-4.034169,-4.075274,-3.140634,-1.512293,-0.959691,0.972218,1.385629,3.390347,-1.164732,-5.086574,-0.246819,-3.713915,-1.016086,-1.888331,-2.294924,0.277570,-2.450934,1.383729,0.008636,-3.690418,0.199636,1.793730,-0.359411,2.032873,1
-1.715361,-0.662030,-0.409890,-0.352160,-0.033518,-3.870084,-0.094598,-2.789183,-1.386517,-3.597399,2.249798,-0.054477,-3.676558,-0.121588,3.485440,-0.613433,-0.894724,0.687632,-0.746495,0.669429,-0.092281,0.989791,-1.439616,1.495371,-4.117049,2.055367,1.100760,-2.072060,0.591366,1.349545,1.789253,0.336000,1
-2.915327,-2.768561,0.125314,-3.127200,2.249021,0.287394,-0.221263,1.477757,2.642791,-0.240627,0.960958,-1.457316,-2.598491,-0.556342,-5.417597,-1.519987,-0.157345,0.186225,-5.640641,1.181920,0.131078,-1.616830,3.280833,-0.866159,1.008307,0.473386,-0.018514,-3.072145,-0.151661,-2.487365,0.127204,-2.665133,1
3.171410,1.226398,2.030051,-2.170490,-2.296997,0.363445,0.498983,-2.185493,0.877704,0.023702,-0.036332,-2.715613,0.246298,1.444736,-0.993894,1.884621,-1.352593,0.730576,-0.745291,2.922835,-1.479096,-4.056807,-3.924770,-1.056593,-6.908400,-5.442601,-1.842634,-0.810969,0.766194,-0.811801,-2.915015,-1.185271,1
-1.251802,0.189996,-0.223766,-0.942266,-1.480622,-5.352755,1.740677,-0.328938,-2.771052,-2.696184,0.375119,-1.292857,-3.937212,-4.619922,3.147137,-3.577060,-2.080114,0.495450,-3.200806,1.128275,3.050735,0.212338,1.325985,-4.012668,-2.799090,-0.283024,0.792728,-1.496093,-2.137763,5.565472,1.261494,-5.191275,1
-1.157168,1.810729,2.022603,-0.537281,-3.302936,-1.826397,-5.197882,2.498477,0.792539,-5.986835,-1.896588,-4.474030,-0.599568,-3.523428,-2.209945,-4.076396,0.645253,-2.853980,-1.705211,-1.399914,-1.511003,-0.908217,-2.194983,-2.627344,-0.426253,2.534147,0.739949,-2.710555,-2.801369,-0.821725,0.125633,0.316738,1
-5.081988,-1.635359,-1.325175,-2.508657,-4.232529,2.071856,-1.854369,-1.504081,-2.384169,-0.873140,1.631430,-1.906493,-3.374666,-2.108994,-1.652305,0.128684,-4.432573,-7.297657,-1.410325,-4.652177,1.056098,-2.659324,-1.026310,-1.177771,-4.045843,0.466659,2.601884,0.375522,-0.449585,-1.375311,-0.238099,-2.940737,1
0.862717,-0.821898,2.565649,0.507561,-4.802174,3.052966,1.498934,-0.387738,-0.507667,-2.526055,-4.756214,1.395731,-0.929824,-5.761303,-0.550127,0.856724,0.524405,-1.282662,-0.280728,1.311719,3.073069,0.258634,0.161652,0.861139,3.171170,0.908911,-3.483912,-1.398574,-1.030242,-0.601255,-1.540004,0.300794,1
-0.698007,0.940364,-1.759354,-0.060639,0.281835,0.138251,0.901043,-0.001726,2.146706,-1.588987,0.639848,-0.382104,-1.270783,-4.040086,-0.921475,-1.444741,0.903659,-0.327116,1.255166,-0.179830,0.280105,1.728242,-1.374219,-1.087349,-1.959220,-3.046052,-1.132826,-0.450907,0.142030,-1.121481,2.218302,0.417263,1
1.240731,-1.666321,-2.257244,-0.633083,-2.455426,2.789301,2.788634,-0.697639,-3.784725,-0.043296,1.384469,0.600860,-2.003171,2.726609,-1.275957,-3.111178,-1.832176,-2.575819,1.572307,-7.041129,-0.789048,0.728416,1.877989,-4.887935,2.016391,0.835518,-2.210571,-2.635549,-1.485937,-0.369704,-3.105370,-2.252631,1
-2.394191,-1.745028,-0.295937,-2.680879,-1.286964,-0.039706,-1.287474,-3.798768,-0.107827,0.765742,-0.559285,-3.663221,2.368155,0.838837,0.469893,-3.134235,-0.260981,-2.768739,-2.163759,-4.128930,-1.320693,-1.047749,-2.777525,-0.095006,0.668221,-4.486406,0.969365,-1.304650,1.125327,-2.574324,2.207672,-2.314415,1
0.552127,-1.146193,2.229793,-1.003431,-1.024767,-1.594973,1.168467,-3.667495,-0.855626,3.306190,2.290839,1.523619,-2.528456,-4.279871,-3.049012,-2.185809,-1.955292,-2.068078,-2.825603,-0.693866,-2.320352,-3.736207,-1.713512,-1.876698,-1.270087,-5.263909,-1.936212,1.781282,-4.163516,2.340360,1.028819,0.360484,1
-2.543169,1.552704,-4.191782,-0.262191,-3.930639,2.380204,-2.381662,-1.628787,-2.640153,-0.403518,1.859185,0.009396,-4.368301,-0.282155,1.894623,-3.048115,0.982590,-2.935220,-4.065969,0.722877,-1.517920,3.248489,0.669192,-2.279727,-3.679421,0.643764,-0.567453,2.910584,-0.916453,-1.966402,0.702521,-5.434794,1
0.336267,-1.940520,0.792199,2.093002,-4.516893,-1.715796,0.222977,-2.233924,0.094786,0.833588,-3.464879,-2.949481,0.179222,0.829374,-1.231545,-2.562369,0.816683,-3.154191,-3.821155,-1.284375,1.261187,-4.208837,-3.041399,-1.366351,-0.996702,2.343126,-2.607324,-3.249084,-0.137072,-0.906416,1.722260,-0.978271,1
0.265934,-4.728300,2.594633,-1.124046,0.415444,3.902864,-3.871836,-1.041071,-1.602406,-4.417374,-4.380811,-2.114810,-1.124780,2.168536,0.738697,1.317045,-3.431566,1.352941,-1.350384,-2.673683,-1.425408,-1.170459,0.722331,-1.906044,-0.542300,-0.424008,-2.545806,2.730289,-4.699212,-2.582535,-3.392449,-1.927468,1
0.544334,1.273160,-2.769761,-1.133255,-2.423885,-1.423041,2.051681,-2.157405,1.342255,1.954098,-2.498320,-1.880719,-1.035059,-0.015038,-1.623327,0.179654,-3.647601,-2.937227,-0.464479,0.250739,1.261076,-0.976828,-2.174178,-4.946849,-1.442636,-1.192805,-2.735282,-0.016425,-1.059780,-1.061433,-2.619897,-5.181160,1
-4.380568,-0.419433,-1.769232,0.173098,-1.632249,-0.197273,-2.379522,-0.532346,-1.723694,-3.281901,1.360177,1.564704,-3.928037,-0.972361,-3.290355,-2.118419,-3.205174,1.094717,-2.716783,-1.493874,-1.454021,0.663115,-1.106902,1.669108,0.862970,-5.425151,-2.265806,-2.313839,3.346715,-1.009630,-0.465044,3.086391,1
-3.882188,0.588477,-3.290051,0.422771,2.606144,-4.691168,0.662987,-0.952717,0.142012,2.235698,-2.360214,-6.091031,-1.437648,-2.420128,3.487357,-1.111792,-1.929482,-4.509334,-1.389381,-0.176980,4.936018,-1.021367,-1.944377,-4.644369,-1.308352,-0.602630,-0.132349,0.116412,1.374920,2.016785,0.028941,-0.512634,1
-3.556182,-2.114460,-5.050725,-1.072430,0.804683,-1.640231,-2.030692,-1.525730,0.111114,0.684842,-3.677077,-2.739082,-1.035385,2.312880,-1.939318,-1.909510,0.245131,-0.361856,-2.777820,-0.936349,-0.606841,-1.338295,1.559786,-1.645858,-3.097165,2.546362,-4.782562,-2.061813,2.094349,2.184381,-2.093540,1.407691,1
-2.225677,1.512370,-2.612386,-3.121794,-2.301012,-0.462809,-0.442975,0.968879,-2.083168,0.300614,-0.005388,-2.079762,1.558303,-0.708508,-1.586604,-0.356210,-1.522140,-4.551280,1.553630,-1.483320,0.761095,-0.237701,2.174721,-0.503883,-2.302783,0.704080,1.293955,-1.762185,-0.902511,-2.559685,1.654158,3.172946,1
-1.183810,-1.029307,1.142489,-0.040145,-4.043916,2.679680,0.257745,-1.578815,-1.449579,-3.505529,-1.199548,1.011123,0.598219,1.432600,-2.794765,1.596526,-3.510882,1.404201,-3.929952,1.205408,2.135155,-1.352320,-1.989106,-2.582297,0.532514,-1.018794,0.860394,-1.479690,1.136481,0.462676,0.424194,-2.115324,1
-4.511217,-4.268996,-0.955666,-0.657334,-1.811349,-3.302174,-0.249401,1.572275,-2.325408,-0.404163,1.648404,-2.786994,0.972523,-0.350767,2.261913,-6.157031,-3.463510,3.505848,3.192575,-1.394287,-0.340514,-3.142494,-0.500152,-2.701985,1.942213,-0.968163,-3.881518,-3.931036,-1.349012,1.102365,-0.293293,0.707572,1
3.768709,1.062822,-2.423812,-1.070680,-0.314834,2.011558,0.822159,-2.534932,1.236740,-3.407962,0.297241,1.063422,3.306386,-0.628852,-5.193482,-2.443754,0.151859,0.495305,-2.253922,0.363939,3.091693,2.219744,-1.416853,0.576990,-0.636491,2.662912,-2.741001,0.120343,-4.661748,-0.784686,-2.487540,0.980666,1
4.261346,0.193657,2.211915,-1.224565,1.705115,-0.515424,-3.739350,-1.474563,0.968265,-1.103395,-1.415627,1.402860,-0.403077,0.068353,0.503297,-0.516750,-0.904628,-1.108275,-1.353761,-2.757790,1.753822,-1.928527,0.080216,-4.241439,0.261496,-1.793138,-1.698050,1.763796,-2.948184,-1.916309,-2.646601,0.719103,1
-2.700659,-2.999666,-1.548586,-3.454267,1.079214,-3.733371,-1.743660,1.039422,-3.164941,-1.019184,-1.588400,-1.522173,-0.773774,-2.484176,-1.041972,-0.308702,-1.092576,0.190335,2.575123,-2.853720,0.521179,2.298994,4.577700,-0.715211,-3.393009,0.586946,-0.511866,-4.165044,-0.025372,1.033153,-0.047642,1.744142,1
0.184452,-1.168232,1.377095,1.630595,-3.028349,-3.717074,0.623042,-3.942266,-1.287478,-0.620269,0.614139,-2.855701,-1.174255,2.092623,1.790798,-4.774400,-5.139937,-2.450643,-4.300418,-0.103642,0.942161,-0.003955,-3.395862,-2.428580,-1.863559,-1.857805,-2.172394,0.895133,-0.434484,-2.036102,-0.842205,-0.797237,1
-3.768927,-0.560724,-5.277025,0.134736,-0.963013,-3.291586,1.589664,-3.320336,1.163038,1.696522,-1.518157,-0.009109,2.374815,4.216523,-0.558003,1.815359,-3.886800,4.532644,2.929633,0.279099,0.114137,0.982817,0.809280,0.955560,-4.489103,0.976033,0.491296,4.480989,-1.509442,-3.827592,-0.664665,3.619435,1
-0.595803,1.223105,-4.137785,-2.698177,0.474800,-2.236829,-3.988084,-2.174090,-1.449124,1.434592,-1.000728,-2.282447,-2.691724,4.981600,0.157510,-2.645017,-0.302466,-1.313795,-0.965738,-1.043140,-2.057538,-1.880157,-6.385050,-3.555350,-2.213986,-1.206428,-3.124640,-3.058340,-1.805689,-1.299926,-0.174811,-2.854468,1
-4.429775,1.130516,-4.067206,-3.310834,-1.367747,-1.725932,-0.483606,-2.190201,-1.703429,0.747921,3.615934,-0.380901,-1.843909,-3.238972,-6.311565,-2.159196,-1.576245,-1.499413,-3.610164,-2.350297,-3.947092,1.319012,-4.019766,-5.275038,-4.375991,-3.840290,1.363798,-2.258789,-2.418019,-6.633024,0.533691,-3.552741,1
-1.537137,3.930782,-1.002996,-4.715720,-2.444415,1.074231,-2.983952,-5.178389,-2.621576,-5.937009,1.410809,-1.449325,-0.167755,-1.722452,-0.422680,0.045125,-0.576068,-0.119266,-3.149758,-1.063272,-1.591533,-2.864828,-2.718902,-0.763247,1.674441,-2.496082,-1.507858,-2.898271,-4.188512,-5.812903,-1.752710,-1.723218,1
4.988483,-0.260202,-3.830962,-1.075212,1.268188,-1.988788,1.125592,-3.634449,-0.109438,-0.984424,3.258730,-1.557651,0.441622,-2.691500,-0.525808,-0.260020,-0.660189,0.118682,0.914607,-0.584430,-0.660444,1.346693,-1.579313,0.784266,-2.685815,1.377090,-1.421819,1.674778,-2.172841,-0.561995,-1.079873,-0.759068,1
