1.280817,-1.438135,2.396115,1.185633,0.361051,2.936212,-1.216164,-0.954402,2.946700,0.435453,-1.470191,2.634166,3.336571,2.085508,2.097716,0.043589,0
0.109334,3.349452,1.054814,-0.116872,0.951088,0.580194,-2.413481,1.301166,0.767103,0.117371,3.518725,0.321202,-0.891547,1.239020,1.451084,2.769593,0
0.491364,2.602752,1.416955,1.498806,2.577665,1.727664,0.497051,0.729198,-0.892797,0.936446,-0.519943,-3.337589,1.298901,-1.440064,5.550964,2.043411,0
1.826084,2.237131,1.242825,-0.043166,1.175067,0.835551,2.188388,0.323060,0.454135,1.072997,4.234093,2.318151,1.771271,1.553543,-1.477849,1.621176,0
3.167472,-0.142640,1.943416,-0.090498,4.044130,2.903524,-0.775441,2.382299,0.830438,3.982349,0.984400,3.491678,3.598594,1.305627,0.608095,1.047772,0
2.591395,0.968297,3.479820,-0.134901,4.007966,4.443624,1.676859,3.028472,2.238709,-1.395326,-0.388691,1.568273,2.247563,-0.653609,-0.560391,2.234363,0
-0.376772,-2.129764,0.686140,-0.560227,-0.215471,3.350063,-0.967076,-0.833201,1.214229,-0.123050,1.024341,3.382009,1.007086,0.384878,-1.778803,4.410599,0
3.603646,-0.666173,0.427788,0.728737,-0.972783,-0.120703,1.056152,0.381371,-0.196638,1.301690,2.461375,-0.102149,0.114903,-0.222363,-0.959967,0.181659,0
-0.471876,-1.528181,2.941532,0.183725,-0.807214,-2.170759,1.866036,-3.162722,0.159491,1.091078,4.230037,-0.191209,3.078796,2.750462,-0.694108,0.803224,0
2.288173,-0.046487,0.044051,-0.205743,2.881786,0.170255,1.699175,1.367556,0.037536,5.157280,3.183402,-0.846134,2.516518,-0.379828,2.435979,0.489937,0
2.062958,0.185005,0.421824,1.980383,2.292174,0.235417,1.379609,2.396091,-2.148022,1.123284,0.356279,-1.079996,-1.566030,3.555618,1.624762,-0.321243,0
0.439457,-0.610044,1.577304,-0.622059,0.456140,2.025454,2.381745,0.282527,1.172313,0.079777,1.170037,2.045161,-0.015960,1.641274,0.103898,-0.022039,0
6.453747,-0.161080,0.518130,-1.184524,0.832831,-1.886905,-2.305229,2.081958,-2.661865,-1.339627,-0.206954,1.939178,2.566985,0.315434,4.347187,1.550369,0
2.951199,0.015954,3.043222,1.764274,3.737220,-0.182480,-1.165242,1.548593,2.121161,1.705172,-1.205256,-0.044700,0.936987,-3.010512,1.174262,-0.237299,0
3.513509,3.307678,4.118211,1.860481,0.437984,0.522922,0.656396,1.311440,1.642018,-0.016165,1.324484,-1.633783,0.130860,1.598098,1.991302,-0.909994,0
0.343674,0.018537,0.896383,1.356855,3.919947,0.192751,-0.145031,1.871949,1.084998,2.032240,-0.106858,0.535724,-1.099024,0.503445,-1.541229,1.113729,0
1.332973,-0.427730,4.789793,3.667194,0.311978,1.756920,0.527378,0.403222,1.815902,-1.251953,0.022382,1.720560,0.097195,0.874509,-1.387039,1.589314,0
1.665830,2.118757,2.832455,3.970687,1.956564,2.351350,0.942982,-1.772865,-0.403783,1.415037,0.287915,5.534401,1.128660,0.027089,4.438281,3.191928,0
3.877415,5.640727,-3.180267,0.680944,-0.062759,-1.336094,0.765011,1.483669,1.554888,-0.278581,1.786716,0.110733,2.045660,2.669217,2.541740,3.987019,0
1.638227,1.400640,0.838614,0.908600,1.390038,-0.857727,1.381372,-2.113140,-0.040906,-3.335615,2.933940,1.926929,-0.395914,0.840443,1.227912,1.623940,0
3.475773,0.741374,-1.136753,-1.242295,1.966476,0.830729,-3.240971,0.067492,0.402493,0.945746,-0.233124,2.447604,0.920145,2.066543,-0.468605,1.158099,0
4.327010,2.370205,-0.196839,0.989349,3.633142,-1.051895,-1.931374,-0.541460,2.948292,1.575793,2.213518,1.772381,0.281607,5.066609,1.646582,0.229454,0
2.527376,-0.560375,2.437173,2.223542,-0.737486,2.638012,3.045887,1.708938,1.155844,-0.698212,1.789019,-0.187272,0.973586,2.112073,0.301832,1.549982,0
0.394382,0.182878,-0.555807,1.098929,1.399651,1.720157,0.830972,0.965691,3.109587,4.946337,4.031759,2.429316,-0.861329,-0.501928,1.690878,2.886393,0
0.595374,-0.059045,1.732851,1.685555,3.707582,-0.712948,2.403936,0.322545,-0.334363,3.921635,3.588142,1.072783,-0.008645,2.431945,-2.735129,1.874665,0
0.597042,1.045417,-2.330548,3.373600,-1.079942,-0.662250,1.896114,4.437910,2.302859,1.081023,1.683296,2.277711,3.524708,2.420751,1.100342,4.674243,0
1.788013,0.743077,0.899220,4.586240,1.127631,1.832052,-0.413331,1.016532,-1.644009,0.745098,1.724927,0.684297,1.834191,0.365223,1.865522,0.781924,0
5.237327,-0.379940,-1.373447,-0.177953,3.949060,0.517584,-0.868017,1.102617,0.878078,2.906225,-1.069514,1.224108,2.921653,-2.532869,1.129262,-0.824906,0
1.774458,2.190697,1.643519,6.937465,1.608038,-0.919701,0.843518,1.581066,2.442970,-2.826599,1.248763,0.239683,0.867783,-0.183080,2.645712,3.676061,0
0.372629,0.118301,-1.293534,0.781135,-2.352252,3.990704,-1.720034,3.627642,3.814916,-0.446761,0.254431,2.496322,-0.924473,1.796081,1.725170,-0.729721,0
1.754903,2.084233,-1.973639,-0.290186,0.213145,-0.439591,-1.815569,0.924057,0.723647,1.534057,2.333461,1.946258,0.242543,1.653589,2.958304,2.020506,0
-0.917387,0.020659,0.858783,0.887658,2.798909,1.425112,2.932058,1.779647,0.625182,-1.581149,0.361726,-0.494554,-2.122942,1.726490,2.793330,3.680235,0
0.058936,0.155838,3.919024,1.912800,3.822614,0.465735,1.030801,-2.948791,-1.196474,-0.668192,0.429915,0.696925,-1.031353,2.603758,0.313139,-0.363734,0
3.585124,6.030537,1.171736,1.430239,3.213022,1.028442,-1.687629,2.965692,1.163700,1.976715,-0.794666,1.959076,0.650361,1.041813,0.378905,2.840812,0
1.794969,2.536764,2.728828,0.969949,2.217112,1.599789,2.066367,1.244152,3.444880,4.566545,-0.529460,2.639524,-0.505836,-1.621037,0.832411,3.493019,0
1.768312,-0.068807,-0.024409,0.075228,1.512901,3.366106,-1.511151,0.914434,-0.013935,2.120230,1.013212,1.305066,0.451437,-0.414536,0.643407,3.767060,0
0.833359,2.259037,3.055431,0.665738,0.026220,5.249702,2.931496,0.606582,1.077664,-1.444613,4.079254,1.843622,1.476461,3.090802,3.056803,2.186227,0
0.493961,1.616102,1.531139,0.988785,0.779147,0.444699,-1.971066,0.461542,-1.134099,4.172812,2.813959,0.992028,-1.477996,2.107022,1.336490,2.090429,0
1.252517,1.566269,-0.084161,2.585895,0.598063,-0.722858,2.690910,-3.236721,0.260947,1.396588,0.823323,0.299706,-0.388528,-0.147818,1.428926,1.428774,0
1.736466,0.862495,0.667929,-0.979425,0.324155,0.668324,2.516431,-2.989035,-0.362907,1.399127,-1.798520,2.817693,2.354180,0.276617,-0.970894,0.883316,0
4.730927,2.639523,3.061834,2.802190,-3.072046,-0.404129,0.077633,1.718347,2.289330,1.400684,3.038499,2.646646,-2.156926,0.684157,-0.489445,3.048530,0
1.825419,3.823766,2.545649,2.746563,2.097903,0.795334,2.598433,7.668927,2.407948,1.332232,-2.356439,-0.382758,-1.642742,-1.870634,-0.198581,2.937806,0
0.454675,1.456535,1.179579,2.555670,2.418982,3.416278,2.384358,2.528857,-1.253413,0.693261,1.642854,-1.794496,0.746264,1.013184,-0.290752,3.941028,0
0.726202,-0.385254,-0.766472,-2.831128,0.215096,2.715228,2.387638,8.431267,0.476677,-2.922225,-2.169095,2.202936,-2.069611,3.461979,2.188163,2.399987,0
0.729699,0.526784,1.293348,1.022549,-0.315077,-0.843187,-0.501458,0.625056,1.941982,-0.914830,1.065548,0.365264,0.363575,3.450326,-0.536975,2.898890,0
-2.625253,2.223312,1.640007,0.533714,-1.201708,4.781073,0.846262,2.223454,3.505350,-0.892527,-0.108227,2.611128,1.357858,0.428598,-0.231892,-0.687597,0
-2.348391,-0.045320,-0.320152,3.714586,-1.221898,-2.243055,0.044290,2.489591,-2.345734,2.060168,-0.332924,-1.888274,2.901098,3.788346,4.660824,0.838380,0
2.812209,4.597396,-1.735294,2.600239,1.220161,4.091219,-3.221808,1.434548,0.925041,-2.175809,0.812554,0.272593,2.956252,2.069635,-1.232313,1.167031,0
1.762445,2.008885,1.064835,2.229222,-2.409503,1.476651,0.502332,1.993925,3.057072,-1.400058,2.404975,0.436005,2.062111,-0.757244,4.485785,2.615082,0
1.869231,-1.376779,-0.932235,1.854480,2.447138,1.787534,2.380270,0.949074,0.612627,0.157043,0.595589,0.592559,2.973948,-1.744426,-1.469609,-0.941514,0
0.383948,1.855786,3.511394,1.043008,2.410789,0.594769,1.102106,0.137746,3.653344,3.411525,0.296116,2.205720,0.682619,-1.723174,0.336789,0.906080,0
2.346949,0.402673,-1.017829,3.493400,3.048168,-1.306478,1.248667,0.148879,-2.144515,0.834303,2.034675,1.286526,0.642443,2.592912,1.470969,0.941486,0
-0.010333,0.175293,2.544865,-0.025443,0.507581,2.535276,3.212898,2.831316,2.876152,2.151411,0.528394,2.875782,1.752115,0.166431,1.747877,1.983058,0
0.736689,-1.793997,-0.394994,1.556855,0.969974,-3.141330,3.326521,0.696912,2.250691,-1.374671,1.310698,2.870734,2.753462,0.352529,1.845501,-1.270833,0
3.070585,-0.364360,2.038114,3.202040,2.494382,4.337275,1.697956,-0.367772,3.386251,2.952215,3.527175,1.204097,-0.014884,3.680948,0.153654,0.865959,0
-0.460983,2.955452,2.023087,-5.517482,0.225132,-1.388227,-2.252438,1.282429,0.507875,-0.152215,1.942127,-0.217981,3.045231,-2.890786,0.649508,3.328358,0
0.054406,3.363687,-0.118115,3.627787,1.639626,-0.578178,2.146334,1.284225,-0.685741,1.955561,-1.883082,2.004455,2.355769,-1.660043,2.432789,1.417513,0
1.888467,1.425145,5.049974,1.358541,-1.280164,-0.496596,-1.748645,0.449068,-0.508882,1.590768,-1.670116,-1.905253,1.674432,-0.909511,2.387482,3.160192,0
-0.260281,0.707709,-2.122988,-1.597549,1.037140,2.889185,2.418397,-2.498932,1.028395,6.447621,2.104009,1.707874,1.837495,0.306638,3.729201,-0.096612,0
0.304464,0.696135,-2.094942,0.864511,4.914457,1.419459,-2.255861,-0.242202,0.010643,1.348287,2.672079,2.029895,0.206171,-0.478195,-0.408680,1.184670,0
-3.065959,0.544907,0.344248,-0.963310,0.635432,5.523481,2.393622,0.181772,0.731609,3.562726,-0.083275,4.958930,3.798363,0.706939,0.317354,0.525691,0
3.383056,-0.555671,4.967395,-0.695241,-0.640642,0.598570,1.309055,0.339346,2.232581,-0.276316,0.695585,1.335550,3.044341,0.563982,1.907092,0.023700,0
3.563455,1.565771,2.705502,1.434706,0.276143,2.452236,3.425677,3.922132,1.990778,-1.330143,-1.749711,2.153116,3.309883,-0.182683,2.778537,0.649842,0
-2.053595,0.092447,1.890348,2.113356,0.635633,-0.207378,3.699531,-0.242515,-1.225904,0.372722,-1.289593,2.571536,-1.157940,1.363932,-0.177404,2.455353,0
1.498900,3.441117,1.160043,0.609529,0.129323,1.406134,0.133700,-0.992299,0.996048,0.686295,-1.384303,-0.634170,1.790180,1.578925,-3.208194,0.074767,0
3.662562,1.150617,4.941486,3.496767,2.448022,2.109230,1.425830,0.684971,0.821498,0.944819,1.844843,1.052112,0.104100,0.292171,0.422210,-0.748738,0
0.879313,-2.864593,-0.620657,1.282255,2.016418,4.051938,2.096319,-1.060154,-1.540299,1.461816,2.986196,0.215319,3.372926,0.034890,-0.025348,0.499299,0
0.244646,-0.820255,0.018401,2.132339,5.409098,1.001871,0.738684,0.888041,1.656474,-0.025723,0.646934,-0.840291,2.643888,-1.593278,-0.940959,1.045424,0
-0.234116,4.098263,3.361896,8.998215,0.975921,0.450766,2.196997,0.835627,1.482448,0.596164,-0.393536,0.667598,1.681550,-1.541311,0.864276,-1.331445,0
4.327437,3.370551,2.928052,0.293910,3.089970,-1.111953,0.559347,0.847664,2.155492,0.139422,2.136498,2.368895,0.053838,2.098823,5.419690,-1.094516,0
0.525399,2.713683,0.708203,1.077353,-0.144753,2.011210,0.842416,0.764984,0.996951,3.334032,-0.170116,1.625566,-0.496222,2.036405,2.487240,1.161187,0
2.325260,0.394524,0.019899,-2.771776,0.642390,1.767509,0.166024,0.329120,-0.467727,2.298366,3.117800,4.268524,2.348333,0.773933,0.526142,-0.994485,0
1.622296,-1.168560,1.308720,2.380167,3.657090,1.320280,-0.691857,3.143372,2.833522,-2.521431,-2.138166,2.228829,3.084601,0.506497,-1.168773,2.669226,0
1.852261,2.029470,2.740499,0.682813,0.701371,3.004808,0.451500,3.059590,-0.266708,-0.106755,1.280613,0.197558,-0.467816,0.280976,-0.191611,-4.137288,0
0.271365,2.249498,-0.823466,2.136138,0.642905,-0.988444,-1.406285,-1.220578,2.267253,3.430466,1.626245,1.519947,4.174664,-1.433414,2.918135,-0.497746,0
1.348660,2.001850,0.159949,0.298962,-1.454976,0.586856,1.094083,-0.073555,4.269549,-0.075849,2.875018,0.505780,0.181581,2.375938,5.849347,3.763561,0
-1.096741,2.190372,3.318186,2.153768,2.475732,0.221294,2.442080,2.333152,1.332180,-0.217958,1.282739,1.974978,3.534951,0.697831,3.068723,-2.127450,0
-0.780962,1.368183,4.564061,0.119146,1.957399,1.880543,0.512814,-0.035695,0.965065,-2.143836,2.742579,3.239603,-0.871491,-1.170709,0.128365,0.966140,0
0.783007,4.674445,2.074367,0.211629,2.401181,2.499402,-0.976842,5.961657,2.792776,4.042870,-1.354865,2.720802,0.897388,-0.012754,-2.653880,2.122008,0
0.980894,1.780754,3.481174,4.307672,2.336790,-0.249597,-0.693857,2.980122,-1.162313,3.977935,-2.222503,1.839767,2.374131,-1.076691,0.546593,3.436686,0
1.278058,2.550908,2.463190,1.643980,1.575144,1.245717,-0.910644,-0.809387,1.822447,2.482313,-1.401077,-1.496079,-0.418004,3.254710,-0.960981,-1.278683,0
2.595371,0.441806,2.780000,-0.021419,1.784883,0.443159,-0.664663,0.793280,2.197612,1.579828,0.492541,1.320838,3.305590,-1.117762,0.490193,0.577105,0
1.665565,4.315243,1.292274,1.092010,-2.341153,1.081473,4.137774,1.117353,1.172470,0.143203,0.670674,5.482790,-0.619268,-0.147755,-1.658882,-0.296156,0
2.066464,1.290696,1.862383,-1.159832,-1.773779,1.894531,0.216161,-3.450375,1.945589,-2.732953,-0.904539,2.023376,-0.403113,-0.181405,1.602069,2.454720,0
1.422784,-3.053905,0.605650,-0.803690,0.484458,-1.783406,1.206752,0.771636,1.673388,1.729155,2.448773,2.130802,-0.595230,4.211952,2.821259,1.189594,0
1.830546,-1.009261,-0.399372,-2.050867,-1.206890,3.934982,0.116944,3.897289,0.676295,-1.907705,3.131616,-0.142983,0.177672,-1.567657,1.356345,-0.999359,0
1.058968,-1.558497,1.264727,-0.433448,-1.403993,2.353353,1.346304,0.017102,-1.255318,2.364564,2.016719,2.292328,3.481598,-0.163813,1.993429,1.145885,0
1.111632,4.845024,2.414136,3.255906,2.340608,-2.116265,0.098362,4.620851,0.710177,-0.143051,1.189944,-3.824648,5.109488,2.862804,4.480582,1.396845,0
0.800450,1.892866,2.324845,0.505342,-1.941972,-0.458588,-2.501430,1.141426,-0.173035,0.086338,-1.308131,2.125997,-0.098866,-0.066208,-1.530587,-1.656274,0
1.368315,1.302029,1.121301,2.013682,0.674271,1.426928,3.342990,1.819715,-0.263179,-2.763281,-0.326757,-0.532384,-1.263556,0.997043,0.884551,0.806445,0
2.355083,2.241780,2.050253,1.513808,2.992542,-1.387680,-0.332576,1.702995,1.317820,-2.010138,1.372990,-0.361327,-0.314813,-0.317571,1.048918,1.311088,0
-0.685017,4.816761,-0.108604,2.926307,4.361645,0.219949,0.935399,-2.270715,2.410073,1.610332,1.713696,2.430055,1.012190,0.612958,1.546017,-0.283381,0
0.665962,3.005638,0.669905,1.469912,-3.508151,2.903456,0.522733,1.535446,1.930642,2.338473,2.776916,1.243091,2.283543,2.638028,1.306856,4.491818,0
0.542951,1.358437,1.617583,-0.725910,0.961229,1.178943,0.519488,1.060042,1.841949,3.539281,1.824462,-0.819023,2.424933,1.652763,1.734460,0.391494,0
-0.331121,2.364182,1.518494,0.934066,4.413556,-2.639817,3.315828,2.316589,1.755227,0.138667,-0.170658,1.793778,-4.087609,0.604562,3.609878,0.591252,0
-0.032645,2.153097,1.287693,2.231629,-2.672347,4.389423,2.557811,2.348733,0.705276,3.609498,3.319526,-0.471941,3.279868,1.920536,2.116360,1.987842,0
3.134078,-2.398550,2.971551,-1.927900,3.308593,1.794123,-0.615263,2.278444,-0.600005,0.891891,5.375630,-0.991179,1.543182,-0.152671,3.394968,3.901307,0
1.627572,-1.631044,2.660332,-0.509784,2.950368,1.753628,4.964207,-0.015075,4.556104,2.780952,0.241796,-0.836484,0.058537,2.375914,3.820887,1.617659,0
0.571866,-0.096232,-0.183668,-0.135767,0.716000,2.829067,4.997930,1.387560,2.614876,-0.023391,0.898068,-0.615031,1.902020,2.390864,3.318715,0.547039,0
1.310348,1.512604,1.027922,0.994521,-0.987072,2.734643,-1.709043,0.325490,1.388628,-0.158139,2.057529,0.380731,1.712201,-1.196004,0.936234,-0.988849,0
0.733570,1.391082,1.575444,2.106020,-0.632048,2.425952,1.807042,3.658398,-0.676794,1.313633,2.931991,0.158864,1.236801,1.826464,0.886702,0.289065,0
2.010578,0.905070,3.225272,-0.156088,1.682286,1.281318,-1.438111,1.760077,1.565702,-0.841992,0.930917,1.930761,2.310031,2.192357,2.195587,0.802537,0
-1.695569,-0.347607,0.878790,-0.033590,-0.705415,-0.966338,-3.415735,4.486423,1.708325,0.764590,-0.712524,-1.139760,1.692379,1.824368,1.117019,0.355243,0
-2.245848,0.752944,-1.254872,-2.575643,-0.610317,0.417904,2.611634,-0.117889,3.718109,-0.038151,2.392186,3.139427,2.365324,2.613370,5.287056,1.087853,0
2.669945,0.190800,1.399362,-1.027553,0.384661,0.076162,-2.978804,-1.089986,2.778415,2.187914,-0.260670,1.360457,-1.345127,0.380495,-0.673234,2.905437,0
-0.185721,1.201733,3.224689,1.928490,3.519731,2.831476,1.822811,2.796594,1.573687,0.402430,0.622396,2.627538,0.884770,0.032408,0.096046,1.318930,0
1.145367,0.103962,-1.663927,1.406526,0.228144,0.556901,0.690846,-0.672218,-3.275605,-1.659986,0.679427,1.479569,-0.348449,0.854519,2.579627,-0.465339,0
-1.815107,2.306538,5.024724,1.662909,-0.878101,0.128672,-1.850538,0.285249,1.027634,0.577579,-0.715956,-0.520912,0.400391,1.163612,2.604244,0.576974,0
-2.016897,0.351757,3.306822,1.681498,1.582580,-0.490242,2.783415,1.305675,-1.388809,3.310269,2.568589,1.291102,1.678816,3.787261,1.703005,2.044827,0
0.526606,1.879922,0.577981,0.175034,0.007576,3.012551,-0.180881,1.460429,5.696406,-2.215499,3.099677,2.217115,-1.524084,3.422534,-1.328090,0.844090,0
0.341705,-2.264317,3.143085,-2.059027,1.278581,0.367741,1.129350,-1.541169,0.302049,-0.103317,0.783473,1.494068,-0.456352,-0.191537,-0.215467,-1.486381,0
4.523788,1.335720,1.681540,2.892506,-0.203369,0.123762,1.444859,1.919532,-2.725902,3.621464,0.307464,2.765274,4.651066,0.293972,1.090429,1.663488,0
0.687406,1.971706,1.842761,2.155012,2.121765,-0.077691,1.968016,2.275618,-0.385772,0.627929,0.479918,1.834661,1.706703,1.388265,-0.408227,-0.035699,0
1.714881,5.396171,1.956893,-1.318054,0.736018,-0.651548,3.710149,1.656031,1.627218,0.299670,0.372897,1.977572,2.572568,-0.962244,1.363503,2.684042,0
0.359359,3.395997,-0.553384,-0.460987,3.028844,0.485785,1.609762,4.572729,0.606602,1.578938,0.640160,-1.219632,4.870514,0.821024,2.228342,4.491947,0
-0.209595,0.213938,1.884895,2.910133,0.889267,2.398338,2.270092,1.032960,2.740707,3.529448,3.253283,4.418141,-0.074761,1.773250,-1.742414,2.470888,0
0.175026,2.825015,-1.464489,2.167811,-0.435578,-1.150091,-1.105559,-2.011774,2.945141,0.484594,1.492665,1.239786,-1.004509,-0.765942,1.278509,-0.261125,0
1.728371,1.336591,-0.780925,-1.972454,3.537189,3.899997,0.828331,0.834360,-0.131092,1.037558,1.724882,3.141682,1.878251,1.187372,0.982846,0.034315,0
3.011983,1.921810,1.476136,2.574594,0.847217,1.001278,3.387602,2.155491,3.433526,0.793717,-0.051598,0.188951,0.897230,0.390010,1.666348,-1.153264,0
1.912375,0.521214,0.981924,3.250272,-3.254631,3.046564,1.795938,1.761011,1.656671,0.355924,3.011963,2.525528,3.037375,1.644696,1.780660,-0.690563,0
-0.873316,0.330150,-0.534116,-0.473535,-0.790516,1.830999,0.168514,0.528152,1.555565,0.535591,0.810920,3.038616,-0.480333,0.196436,-1.000549,0.438763,0
2.595860,0.424368,-0.711898,4.542196,3.483008,4.799137,-1.090605,-1.872191,1.420868,1.294130,0.747580,1.449122,1.372730,3.627140,-0.253043,2.327496,0
0.467425,1.115529,2.071132,-1.058350,-1.212217,1.100088,-0.205173,-0.974362,2.980193,-0.584866,2.036933,3.731822,0.926173,0.571006,0.301198,1.546618,0
-0.149316,-1.063416,0.899601,0.785383,2.770240,1.504016,1.573649,1.563280,1.676639,-3.161664,0.200124,0.868458,0.057104,2.892810,0.526297,-0.470114,0
2.116680,-1.154231,-3.610114,1.818759,2.142088,1.418764,-0.377961,0.298116,2.491866,2.495965,-0.216576,2.192498,1.233219,0.073643,2.873278,5.693353,0
-0.868651,0.783243,-0.350641,-2.081100,-0.807781,-2.156890,0.444604,-2.453959,0.092209,-3.299787,-0.433925,-0.849239,-0.662490,-3.247153,-0.201140,-1.590658,1
-3.791034,-0.798426,0.013810,2.256432,-2.008084,-3.389493,0.267110,-0.703214,-3.141233,-1.302647,-1.739810,-1.320600,-0.762090,-1.323841,-0.727383,-0.279370,1
-1.522802,-3.849703,-4.158628,-0.973929,-1.889931,-1.002200,-1.676897,-1.586001,0.991665,-4.251704,0.841753,-0.659061,-2.417893,-2.258263,-1.076415,0.445973,1
-0.713491,-0.795108,-2.548629,0.693691,-3.589124,-1.432445,-2.519369,-1.444943,1.441514,0.776662,-1.530629,-2.238153,-2.408696,-2.573612,0.907594,1.108388,1
-0.968801,1.206945,-1.955374,1.049998,0.102395,-0.642939,-0.505092,-0.502129,2.377760,0.901914,-0.948591,-0.717087,0.487701,-3.899251,0.716491,-0.191059,1
-1.499033,-0.179487,-1.325778,-3.732771,0.686146,-1.089395,-3.307173,-1.137654,0.117100,-3.040647,-2.168221,-3.736405,-0.095114,1.080219,-0.272627,0.107315,1
2.387656,-0.457365,-2.149654,-2.991534,-2.414308,-1.822543,-0.009007,-0.598976,0.474292,-3.975204,-2.038674,1.259385,-4.025859,-0.583592,0.560200,-1.421638,1
-1.909342,-2.909662,-3.868700,-0.843433,0.114617,-1.684222,0.350918,-0.179777,-1.158395,-2.864747,0.606654,-1.386144,0.254198,0.492757,1.524390,-1.663383,1
0.618985,-1.482344,-1.268965,0.746536,1.906959,-0.469718,-3.148043,-0.059341,1.021790,0.290249,-0.047559,-1.983628,-1.495485,-3.043207,-1.618152,-0.508234,1
1.246606,-0.692692,1.780864,-1.462243,-4.438240,0.872659,-0.250984,-1.082614,0.429474,-0.352201,-2.825117,-1.821472,0.044903,-3.864617,-1.467748,-0.062797,1
-2.796779,-1.848149,-0.219504,-3.520557,-2.669221,-1.297704,-1.720695,2.094116,-1.349810,0.073005,-1.378613,0.392939,0.949080,-1.016422,-3.386376,-1.671702,1
-2.249322,2.178555,-2.682079,3.457473,-1.767556,-3.010386,-2.757165,-2.694190,0.004622,-2.350431,-1.889802,-2.633136,-1.820657,0.127579,-0.371764,-2.106794,1
-1.993973,-3.956438,-2.217502,-2.255474,-2.331501,-2.529598,-1.329599,-1.457551,-2.727922,-2.476368,-1.321713,0.924820,-0.293570,-1.902793,-3.718084,0.315514,1
-0.724374,1.155670,-1.089009,1.843057,-3.085090,3.147989,-1.503191,-3.063865,0.463142,-0.283512,-4.019377,-0.233098,0.244384,-1.738886,1.055369,-2.372561,1
-1.898568,-2.108339,1.156324,-2.491433,-0.545732,2.677371,-2.008510,-5.720225,-2.179410,0.027522,0.254985,-0.516188,-0.702978,-0.874083,-2.224463,1.221211,1
-0.479939,0.544325,-1.413656,1.777717,-1.079803,-0.893768,-0.142020,-3.150331,-0.525563,-2.447675,0.419090,-4.123565,-2.980331,-1.199545,-0.504591,-1.574010,1
-2.189344,-1.892312,-2.448216,0.439076,-0.431249,0.262785,-0.125151,-3.317070,-1.113732,0.959292,0.211290,1.600074,0.098327,-0.823796,0.811842,-0.758093,1
0.020308,-4.984483,-4.240437,0.211524,-3.721525,0.246438,-1.199144,2.558108,0.705443,-0.032426,-1.098519,-0.158445,-0.489153,0.981931,-0.159369,-0.057455,1
-3.521127,-3.269767,-0.560536,-1.483854,-1.466829,1.113712,4.124753,0.537630,-3.796645,-1.575504,-2.148180,-3.611082,-2.303613,-1.122931,-0.374358,-3.440075,1
-0.133687,-0.431455,-0.434340,-0.044982,0.312922,0.779605,-0.571293,0.294269,-0.469855,0.315430,0.056536,-2.093012,-0.046422,-1.429366,-0.431534,-1.742602,1
-3.137700,-4.424857,-2.703045,-2.650586,-2.722764,-3.659147,-2.025558,0.670988,-2.258851,-2.088091,1.254078,0.112993,-0.980225,1.714219,-2.245636,-4.150583,1
-0.081792,-1.832996,-1.463041,-0.203363,2.745582,-0.478782,-0.741501,-0.194467,-1.406998,-0.432993,-2.629158,0.419457,-0.786035,-3.440940,-0.751182,-4.992831,1
0.993956,-1.952005,-0.912912,-3.669633,-0.938389,-2.753051,-0.100552,-1.681094,-3.673829,2.192989,-0.542199,-3.774751,1.417711,-1.438364,1.317831,0.715412,1
0.159360,-1.286489,-1.953389,-2.403225,-4.048461,0.782235,-1.058183,0.174362,-1.171384,-3.696775,-0.421625,2.362271,-0.224908,3.486515,-1.055779,-2.468605,1
2.259647,-2.117983,-0.610695,-0.056509,-1.693245,0.105812,0.299744,-0.599457,-1.734414,3.818195,-1.452139,-1.238253,-2.249480,-1.143410,1.326367,-3.930828,1
0.218777,-1.975492,-0.745275,-0.609548,-0.976346,2.217147,-1.337269,-1.610419,0.082846,-2.170962,-5.599451,-4.714908,0.658131,0.333594,-2.647704,-0.363278,1
-1.968042,-0.923470,-0.513209,0.021225,-0.436126,-1.356665,-2.303868,-3.676403,-2.250810,-2.232738,-0.268790,3.768814,-3.701905,-2.056339,0.257628,-6.606788,1
-0.990169,1.169353,0.595728,-0.002272,-2.907673,-2.320957,-0.072498,-0.325096,0.454123,0.870132,-0.473773,-2.329995,-3.414497,-2.189903,1.186641,-3.943156,1
1.267197,-0.773626,0.780250,-0.333478,-2.881788,0.684563,-4.524863,-2.141888,-1.152475,-2.857379,-0.470133,0.388749,-1.109801,-0.246811,0.147780,0.897165,1
-2.546730,-0.037659,-1.731784,2.025247,-2.603836,-0.705097,-1.157521,-1.503350,-1.690347,-1.747993,-1.633724,0.383048,1.436411,-3.097868,1.906043,-1.939369,1
-3.357385,-2.471066,0.229187,-4.132276,-1.559911,1.116222,-2.254867,0.646244,-1.093135,-1.605290,-2.601411,-2.858313,-2.524189,-3.274342,0.796278,-1.095286,1
0.630878,-0.883788,-2.053216,0.274412,-3.876547,-1.638922,3.200496,-1.548103,-3.205918,-0.808079,0.490963,-5.266241,-3.841112,-1.487955,-1.659923,0.515943,1
-1.044747,-2.211920,-1.832867,-4.370803,-1.291115,-1.088790,-4.177716,-0.441586,-2.541574,0.994161,-0.409558,1.623988,-1.803246,-1.588795,-0.712612,-2.145449,1
0.214135,-4.811726,-3.900620,0.361885,-1.210156,-3.258171,-0.945027,-2.400494,-3.709287,-0.140209,-0.043950,-0.273409,-0.847153,-0.451613,2.495700,-0.322724,1
-1.779164,0.807224,3.038106,-1.861991,-2.085392,-2.076477,2.412204,-2.760611,-0.019381,1.346130,1.050201,2.907513,-0.808796,-0.645279,-2.466892,-0.675960,1
-1.522776,-2.902957,-2.195496,-1.568267,-1.846733,-2.711048,-0.917706,-1.836236,0.474922,0.224010,-2.181861,0.481373,0.236879,-0.371324,-1.721378,0.479921,1
-1.965693,-2.488768,-0.318786,-2.338830,-4.781338,0.669523,-0.757915,-1.711159,-2.222152,-0.810348,1.931037,-3.644728,-1.963572,-3.064993,-0.164619,-1.282955,1
-2.454727,-1.890813,-1.459872,0.243829,1.349340,-1.337075,-2.305737,-1.688881,-0.654407,-1.748418,-1.559120,-0.427864,-1.885390,-2.058778,0.856087,-0.996712,1
-1.191337,-0.983568,-3.164421,-2.304786,-0.482065,-1.536827,-0.851512,-2.941588,-2.239335,0.304266,-1.521693,-1.283974,0.942390,-4.830954,1.856345,-3.586880,1
0.193316,-2.341618,-1.366975,0.739128,-3.516810,-0.583663,-2.072032,0.421543,-1.770719,2.845784,-1.805384,-2.355258,-1.539804,-1.880063,-1.012099,-3.598100,1
-0.508372,-3.388019,0.466792,2.762219,-1.223498,1.899163,-1.522866,1.547227,0.572939,-0.947203,-0.141672,-0.752233,-2.393384,0.124647,-3.045978,-1.783402,1
-1.738013,-1.906560,1.084634,-1.014407,-0.026761,-0.359462,-3.679615,-0.404906,-2.341256,-2.529153,-0.012295,-1.072703,1.554869,-2.908226,-0.742635,1.478839,1
2.382530,-1.744767,0.133307,2.395290,0.068719,-2.034045,-2.571162,-1.086588,1.142656,0.157795,-2.074984,-0.519336,-1.178853,-2.838788,-3.972957,0.557529,1
-4.017590,-0.852173,-0.042067,2.008145,-2.166474,-1.905146,-0.987064,-2.197648,2.307730,1.637997,0.022680,-3.770778,0.890656,0.601471,-0.282710,3.401275,1
-1.106676,-2.502432,-1.240350,-4.486575,2.160542,-4.246574,1.272910,-1.426991,-5.237680,-0.655999,0.550734,-0.920244,-3.848470,1.941654,1.780191,-2.369492,1
-1.678377,1.235622,1.471928,-3.717391,-2.145759,-1.101576,-1.771283,-0.841768,-0.321877,1.144126,-1.817157,-2.936563,-2.938571,0.159952,1.089447,-0.228391,1
0.940485,-0.021398,-1.978960,-0.433165,-2.807536,-1.580447,-4.494174,-3.075854,-1.984526,-2.222257,-3.067814,-0.875611,-0.740714,-1.389039,-2.171792,0.808743,1
-0.388762,0.498371,-0.444356,-1.941300,-1.968498,-5.414742,-3.510036,-1.762650,0.099307,-1.091260,1.155089,-3.024827,-4.160086,-1.286855,0.120472,0.036777,1
-1.430552,-0.735505,-2.471423,0.735851,-2.200160,-0.508460,0.218561,-2.308101,-0.333906,-2.600272,-2.699512,-1.298527,-0.750778,-3.066191,0.307692,-0.831255,1
0.691284,1.883768,0.128733,-0.734190,-3.436553,-1.255061,0.350266,1.645350,-1.748788,-1.942834,-4.575332,-2.692588,0.063128,-1.561281,-0.583212,-1.502846,1
-3.016303,-0.847377,-3.842413,-1.204293,0.813302,-1.769441,-0.510538,-2.350637,-2.405940,-0.880138,1.763587,0.649616,0.318009,0.269110,-1.721139,1.701685,1
1.539583,-0.294234,-3.304069,0.285811,-2.606962,-3.239495,-3.164831,0.366887,-1.640533,3.379285,0.768211,-4.153516,-0.332186,-2.244509,1.050667,-1.826097,1
-3.236910,-4.530861,-1.327907,0.049270,-1.981585,0.865513,-1.012124,-0.745778,1.477054,-0.553089,4.014351,-0.318554,0.054226,-2.709845,0.528930,-0.810187,1
-0.510880,0.869429,-3.547120,0.062453,-1.560467,-0.572005,0.974248,1.201226,-1.007094,-2.094876,1.444523,-1.045342,-4.588730,-2.042294,-4.483747,3.452912,1
1.956211,1.429901,-1.926220,-4.435647,-0.359794,-2.677857,-2.525783,0.918665,1.226460,-2.928678,-1.336565,0.353675,0.186719,-1.429101,-1.252621,0.281987,1
1.046825,0.374964,-1.449071,-2.090716,-3.872350,-0.996963,0.211037,-3.148767,0.128066,-0.852226,-3.031985,-1.371221,2.403315,-1.289788,-3.754049,0.529961,1
-1.321959,-3.589622,-0.464795,-2.093346,-0.571040,-1.923926,-3.159788,0.554233,0.829576,0.898737,-0.064574,-3.897118,-2.597508,0.472710,-0.942111,-0.505535,1
-1.147369,-0.583024,-1.387421,-2.009385,-0.996728,-4.742127,0.780628,-4.256654,1.291142,-1.133117,0.279835,-0.483977,1.865182,0.635873,0.086621,3.561436,1
-0.188074,-1.474135,-1.084725,0.888439,-1.060226,-3.239511,0.281171,-1.880731,-2.591540,-4.131061,-2.279399,-7.950825,-0.648334,0.207868,-1.248405,-4.810031,1
-1.111441,-0.781313,0.940711,-0.980503,-1.596617,-2.191193,-0.262332,-0.256691,1.543138,-0.790004,-1.264235,-1.803015,-3.123880,-4.343432,-1.675159,0.754838,1
-4.354275,-0.154833,-1.224666,0.461906,-1.554979,2.380057,-1.726091,-0.452287,-0.136698,-1.244397,-0.833557,-0.501347,-1.764541,-2.255696,-1.827611,0.391026,1
1.390463,1.848948,-1.440629,-1.738507,0.576923,-2.502215,-3.512613,-1.911974,1.014822,-3.137396,-3.624331,-2.536714,0.991735,-1.704865,1.149945,-0.021371,1
-0.687860,0.045994,-0.459069,-2.516467,-1.221526,-1.966560,1.267176,-1.156378,-2.525651,1.963788,-1.375578,-3.522134,1.178035,-1.741412,-4.368804,0.599425,1
0.331321,-3.521212,-1.018534,-2.386251,1.105586,-0.659039,-3.040658,-3.020728,-1.705183,-1.545007,1.524051,-0.261101,-0.225932,-1.307865,-0.005639,-2.975066,1
-0.630357,-5.498637,-0.796354,0.933499,-3.617028,-4.090206,-1.537274,-3.075270,-2.014649,0.269661,0.723761,2.801533,0.288670,0.769967,-0.272120,2.417621,1
-1.265195,0.044727,-3.189061,1.673751,-3.029474,-0.940962,-2.748521,-0.882434,-1.799990,-1.289463,-1.350993,-3.656459,-2.089128,-3.016999,0.203638,-3.550578,1
-3.391571,-3.762253,-2.870367,1.726887,1.421800,1.200212,0.580727,-3.985620,-1.618615,-1.549009,1.166525,-2.696965,-2.972393,-2.442649,-1.800384,2.687344,1
-1.449029,-0.612279,-0.316864,-0.084185,1.985367,-2.205814,-4.235626,-2.096336,-1.904370,-5.023348,-0.049810,-3.170596,-1.596528,-2.496305,0.879370,-1.738598,1
-2.344422,0.578859,-2.566887,-1.744846,-1.496859,-2.146996,-0.142532,-2.586035,1.751038,-3.560899,1.222032,-1.090060,-1.734871,2.250214,-0.037896,1.025483,1
-1.142449,0.079754,-1.364065,-0.348662,0.273754,-0.030258,0.926168,-0.613358,-0.571929,-0.710377,-3.765728,-1.866482,-2.417907,-3.155852,-2.213443,0.011631,1
1.341355,-5.507688,-0.293578,0.322928,-1.377907,0.971211,-0.425845,-0.098771,-1.772581,1.785925,-2.581336,1.554930,2.626353,-1.720882,-2.158803,-0.516190,1
-1.316454,-2.474004,-0.886427,0.159222,0.789769,-3.420828,-3.877820,-0.855644,0.133430,-1.411201,-2.131037,-1.400581,0.283085,-0.866205,2.039175,-1.100054,1
0.168674,-1.889839,2.903931,0.350337,2.541630,-1.095482,-2.154489,-3.389251,2.291049,-2.049757,0.240323,0.197688,0.641582,-1.867996,-1.288829,-4.660594,1
-1.126209,-1.056672,-0.627806,-1.533158,-1.533605,-0.909736,-3.244924,0.916171,0.526902,-1.778718,-1.501418,-2.872602,-1.560042,0.897205,-5.589237,-2.461841,1
0.801430,0.532753,-0.714336,-4.645628,0.468929,-1.329524,-0.247185,-0.153994,-3.097566,-1.248469,-1.112311,-1.887212,1.551808,0.836238,-3.815836,-2.440263,1
-0.921166,-2.720774,0.662276,-3.137472,-0.655584,-2.871280,1.942005,-0.660666,-1.755047,-0.041570,0.681779,-3.164751,1.376667,1.886102,0.952271,-2.330783,1
0.107478,-1.953402,-0.140767,-1.988311,-2.138041,-0.148906,-1.522448,-0.737141,-0.887023,0.438919,-1.064199,-2.735058,-0.377790,1.171844,0.899414,-0.957500,1
-1.332518,0.490960,-2.062877,2.165711,-0.903632,-0.039369,0.745984,-2.086872,1.030882,-5.308021,-1.622649,-0.675707,0.726345,-0.094016,0.588199,1.666868,1
2.581038,-0.177573,-3.080345,-2.646651,-1.122686,-2.337979,-2.582598,-0.326159,-0.165587,0.927452,0.049980,-3.501411,1.132994,-1.326540,0.818573,-4.206036,1
-1.511037,0.269483,-1.629592,-0.240884,-0.085340,0.478229,-0.931124,-4.260614,-0.822207,-0.631832,-0.734812,1.410219,0.049422,-1.488368,1.513887,-0.932799,1
-2.248840,-2.584628,1.365272,1.697959,-2.393843,-1.576316,-2.248971,-1.150874,-2.217473,-1.008073,-2.040413,-2.200173,-1.313466,-1.937153,-1.508408,-2.100987,1
-1.183484,-0.084612,-1.458338,-2.295786,-1.600675,1.119326,0.884913,0.664908,-1.205240,-0.907460,-1.588771,-6.015276,-1.028128,-0.197803,0.357090,-2.016068,1
-1.309608,3.119438,-1.141160,0.837873,-0.114004,-2.288111,-3.892921,-1.877500,-4.136834,-3.502167,0.583230,-3.395813,-1.341728,0.883709,-0.106916,-2.592613,1
-1.394751,1.749930,0.925606,-0.505351,1.428298,1.522464,3.212442,-2.706832,-2.567702,-1.506723,-4.455804,-1.825728,-2.351628,-0.764061,-2.664402,-1.530689,1
-0.789871,-0.767702,1.667044,-3.058521,-1.368816,-2.713821,-3.211922,-0.533607,-1.514844,0.334186,-2.955629,-3.621278,-3.270460,-0.745640,0.856148,-4.138226,1
-1.493290,-2.061307,0.070188,-0.282077,-1.051880,-1.216596,-0.778832,1.956903,-1.268807,-0.544736,-2.903956,-0.770001,-1.471378,0.886391,-0.174292,-1.609963,1
-1.994689,-1.344650,-1.186155,-0.576015,-0.753033,2.152369,-4.369957,-1.807085,0.839134,3.505412,-1.030050,0.183306,1.060252,-1.465685,-2.413509,-4.170629,1
-0.223821,-2.115522,-1.252111,2.781063,-4.909066,-1.619961,0.432028,-4.511165,0.082387,2.879996,-0.041624,-4.038850,-4.979884,-0.103656,-4.986007,-0.330907,1
-2.957482,0.487019,-1.526534,-3.284346,-3.026250,-0.157884,0.263143,0.232073,-4.942932,-2.604307,-0.246488,-1.420804,2.176093,-0.212670,2.963717,-0.747690,1
-2.966953,-4.197420,-5.235223,-0.670352,-2.221778,-1.013543,-1.133533,-1.507610,-0.886632,-2.770685,-0.754537,-0.552980,-1.444513,0.018330,-2.495443,-2.579878,1
-0.958130,0.637339,1.398701,-0.822992,0.246682,0.456821,-1.373355,0.805241,-2.321958,-0.056726,-0.163335,-0.025188,-2.000996,-3.369217,0.935612,-2.730336,1
-1.446140,-0.623012,-1.681720,-0.990792,-1.443923,0.243213,-1.839617,-0.926077,-0.457236,-0.001281,-3.635659,-2.606272,-0.001994,-3.804978,-0.837730,-2.476394,1
-0.485017,2.713077,-2.624719,0.953991,-2.515502,-1.893719,-0.037665,-1.785157,-1.469416,-5.082011,0.384848,-2.386722,-0.533786,0.527254,-1.425854,-0.190089,1
0.341359,-1.613404,-1.902052,1.277252,-2.322092,-1.609851,-0.918535,-1.377593,-0.963139,-0.357614,1.791899,0.398413,1.285834,-1.838525,0.123881,-0.729125,1
-0.294267,-2.095098,0.794513,-1.351232,-1.795009,0.866591,-0.136505,-1.378552,-0.972260,-0.232644,-0.731632,3.036604,-0.765677,-1.409395,-1.587721,-0.950064,1
2.091200,-2.585459,0.467029,0.440673,-1.064800,0.906485,-0.872918,-1.248623,0.022947,1.038366,-3.895024,-1.026849,0.687828,-1.183332,-1.047297,-0.017923,1
0.635955,-1.473698,-0.745383,-1.287822,-3.510210,-0.923488,-1.930266,-0.066995,-3.022115,-3.468070,-2.480819,-1.911218,0.126897,-1.856020,-2.914333,-0.381178,1
-2.265860,-1.313677,-0.036244,-0.576226,-2.691597,-0.299545,-4.221299,1.353805,0.190816,-2.923394,-3.214539,-1.711518,-4.506886,-3.398324,-0.371415,-3.752536,1
-1.362787,2.395152,-1.823732,-0.667464,-3.743915,-2.977035,0.051207,-3.100084,-1.975731,0.612332,2.465102,-0.135052,-0.658793,-4.040346,-2.285949,-3.449129,1
2.521003,-4.706255,-5.711181,-0.619172,-2.534972,-1.012644,3.253181,-1.674417,-2.034945,2.422708,0.656055,-2.982409,0.721334,-1.973465,-0.470303,-0.472021,1
-2.574190,0.321214,0.290760,-0.505533,-1.058374,0.800044,-0.746113,2.481961,-2.726564,-3.401477,-2.506987,-4.897416,-1.490616,-3.328146,-0.151564,-2.023674,1
-2.133621,0.718191,0.020831,-0.175882,3.605138,1.942415,0.049584,-2.833094,-3.331561,2.592241,0.098023,-2.709892,0.130733,0.039307,-3.696392,-0.421557,1
-0.150085,-2.490290,-1.760465,-1.203228,-5.197097,0.183701,-0.931317,-2.269590,0.687214,0.094872,-1.600236,-0.585246,-1.683241,-2.565009,-1.705776,2.486248,1
0.334896,-1.442682,-2.601683,-3.314049,2.087020,-1.440678,-0.691142,1.821407,-2.097762,-3.270797,1.263559,-1.868830,-1.992977,-1.918452,0.845984,-1.467741,1
0.619132,-3.528941,-0.914794,-0.357559,-2.025445,-2.654627,0.015231,-1.955690,-0.310333,-0.025219,-1.506279,0.302979,-2.258638,-2.673163,-2.325935,-1.694839,1
-2.086099,-1.649371,-3.317024,-3.488395,1.060240,-2.334883,0.032670,-0.665318,-3.076809,-1.900815,-0.667377,1.188552,-2.549605,0.885468,-3.982851,-0.393565,1
-1.811348,-0.544474,0.210592,0.306531,-0.487290,-1.576580,-2.295209,0.849762,0.710308,-5.008142,0.034354,0.157492,0.385131,-3.106865,-1.662454,2.765662,1
-0.436579,-1.373602,-1.302110,0.910615,-3.518253,-1.136278,-0.424497,1.565932,-1.293855,-3.864923,-2.702227,-3.573483,0.677664,-0.525328,-5.530121,1.909079,1
-0.025903,-2.848914,-4.369256,-0.416677,-1.451497,-1.017303,-1.636751,-0.852236,-1.386249,-3.257496,-1.367927,-3.674841,-3.656980,0.826836,3.145466,1.032676,1
1.998841,0.817169,-2.380615,2.265865,-2.324518,0.441833,1.002570,0.584108,1.259566,-0.982677,-2.148646,-0.614097,-2.126476,-1.493631,-2.308258,1.256216,1
0.067793,-2.736480,-2.356602,-2.404526,0.102523,-2.663238,1.108449,0.318715,-0.057745,0.996988,-1.053700,-1.371840,-0.773643,-2.620168,-2.573068,-0.633332,1
-3.318691,-0.606808,2.492640,-1.422955,-1.029597,-0.946370,-0.291408,-1.815550,0.496721,2.092089,-1.582065,1.104879,-0.303110,-0.767291,-2.617616,-0.417063,1
0.184270,0.562866,-2.751655,-1.574112,-4.352116,-0.935431,-2.367054,-1.021114,-3.175661,-1.354795,0.697387,-0.780086,0.135183,-1.539825,0.401696,-1.922410,1
-0.516455,-2.054275,0.758484,-0.515121,-2.963364,-2.489564,-1.142840,-2.268757,0.808882,-0.324446,2.432458,-0.175186,1.360161,-0.206841,-1.971130,-4.034220,1
0.468678,-1.660045,-2.305914,1.250889,2.998950,-4.407878,-0.776314,-0.699048,1.219541,-3.954317,-2.317075,-1.583586,-0.817420,-2.047739,-0.679626,-0.634850,1
-3.042609,-0.569734,-0.071726,1.675231,1.458061,-2.270079,-0.236678,-3.836319,-0.335558,0.697250,-0.610206,-3.785853,-2.223310,-1.116567,-2.795773,1.507675,1
1.430734,0.880306,0.007768,-0.130460,-3.282430,-1.616743,-1.341385,-2.008164,1.024503,1.904980,0.088544,-0.126852,1.793835,-0.495719,-3.772793,-3.070045,1
0.817784,-1.092203,0.106061,-0.237296,-0.708883,-0.287620,0.742878,1.665208,-3.436832,-2.305600,-0.577738,-2.104273,-0.910362,-1.547178,-1.664233,-3.102476,1
3.649212,-0.486266,-6.251172,3.214624,-3.449600,-2.229252,3.010983,-2.065040,-1.444275,2.743465,-2.185700,1.335360,-0.986954,0.003603,-2.335830,-3.396800,1
-2.633691,0.174026,-0.268298,-2.648322,-1.294064,-3.791800,-2.814349,1.492505,0.888602,0.850050,0.305743,-1.342112,-2.984001,-1.247108,-0.562573,1.260820,1
-0.076799,-5.632372,-0.941285,-2.172306,0.229165,1.561044,-1.649687,-5.256365,0.810898,-4.400125,-2.818561,-0.343467,-1.703797,-5.684597,-2.783821,1.414388,1
-0.135037,-4.219191,-2.569583,0.429852,0.017624,3.251817,-3.366028,-4.496012,1.010262,1.538947,-3.903665,0.844913,-0.250887,-2.353432,3.685348,-4.951526,1
-0.272574,-3.879520,-0.182650,0.997075,2.500424,-1.908383,-0.449274,-3.182814,-2.598149,-0.221554,1.178701,1.459752,1.886032,-1.979559,1.326712,-2.072182,1
-1.992085,-3.213849,-2.033329,0.494241,2.223876,0.504333,0.729499,-3.255053,0.540839,1.385571,-2.349958,-1.300220,-1.658612,1.550167,-0.625441,-5.436574,1
-0.988675,0.993247,-1.823762,-1.012619,-0.540650,-0.780733,-2.300515,-5.020128,0.090109,-0.646625,-0.744547,0.084122,-0.863373,0.543883,-1.786901,0.047548,1
