2.537622,1.881186,2.188161,0.392003,0.993629,-0.190453,1.189898,-1.311519,-2.138937,3.801275,0.054404,3.055330,-0.454862,-0.237298,-1.404900,3.478982,0
0.031938,2.093703,5.142449,2.034101,2.448505,5.346595,1.079716,0.199002,0.901188,0.519934,-3.400148,0.766932,1.177305,-0.505060,-2.138239,-0.548649,0
0.929760,-0.608689,0.805856,1.218197,2.194493,3.114326,0.368134,-2.204627,-0.545987,1.811642,2.512172,2.486151,1.285848,2.812946,0.789094,0.032189,0
1.654528,2.936134,0.194783,2.104844,-1.663172,1.391314,1.524840,2.289967,0.457504,1.868683,-0.886576,1.163533,2.966919,1.518412,-0.976104,4.728603,0
2.324341,3.794726,0.080526,-0.249100,1.178588,0.782294,1.355545,1.786518,-0.835472,0.601331,1.710751,0.948385,-0.371302,3.994161,0.855359,1.341124,0
1.473271,1.885755,-1.331983,-0.551701,-1.643396,2.432044,0.522275,-1.791806,-0.632736,-1.568054,0.977320,2.654696,1.538473,-0.961372,2.688647,5.463160,0
3.455354,2.126994,2.657180,3.293591,1.250552,1.007482,1.835256,1.611382,2.684632,2.779819,2.881874,0.081012,0.822738,1.484896,-0.286089,-0.957326,0
3.758816,-1.323601,0.271127,-1.558582,5.093231,-1.044872,1.060504,-0.313395,1.742356,2.505987,3.844731,2.120328,-3.089968,2.743929,0.904778,-0.103116,0
4.903147,3.474021,-0.916589,0.766448,0.967818,2.262455,-0.256963,-0.422628,-0.341913,-0.163422,-1.904774,1.677103,2.129689,-0.403114,1.128997,-1.423680,0
2.671485,1.520644,-0.562362,3.415336,-0.243491,0.162564,1.535412,0.321671,-0.212335,2.141942,1.683979,-0.810230,0.858680,1.323547,1.967550,1.519413,0
-1.445805,0.482464,2.756132,1.026454,2.731826,1.552710,0.599951,-1.343003,0.125885,-0.129622,1.447210,-2.861857,-1.693818,0.072967,2.575144,-1.924423,0
4.253142,2.814050,0.334205,2.678695,0.539974,3.739163,3.079081,5.039536,3.725778,0.283577,-0.293452,0.555506,-1.778625,0.894762,0.789031,2.615008,0
0.765644,2.048533,0.144415,1.674411,-0.357239,0.843390,1.306077,-1.924262,1.581559,1.502570,3.147464,3.773380,-2.370561,-0.117841,0.431542,-0.718093,0
-2.383811,3.269211,0.843082,-0.548651,1.006710,3.031725,1.055350,1.752339,1.610584,-1.677063,1.641624,2.434113,2.942413,-2.591400,-2.103582,-0.586993,0
-0.742518,0.352072,3.034765,3.588451,2.029986,-0.930854,0.877425,4.266157,2.168816,3.403796,-0.091020,-1.180517,2.482492,1.963464,0.828186,1.092416,0
1.379293,-1.819058,0.964234,-0.434385,-1.792337,-0.454502,0.275222,3.152439,1.804169,1.016912,1.057195,2.634993,-1.089511,-2.273568,-1.815422,-2.851956,0
0.099705,3.853673,1.795442,1.851113,-1.863391,0.184530,1.071846,0.303797,-0.131034,-1.013929,-0.108247,0.308751,1.356794,0.217791,3.122097,5.659843,0
1.885703,-1.343994,-1.603153,2.128770,1.190754,2.013240,-2.093750,-0.007907,-1.947334,2.360492,1.098497,-3.609194,-0.774179,-0.418512,2.620988,1.244565,0
2.238871,0.308153,-1.438613,4.216709,0.150993,3.611130,2.144486,0.968433,-0.789845,1.335482,0.405941,2.970387,0.765874,0.028438,2.012351,4.201047,0
0.280795,-0.606132,0.927524,0.243026,-0.143687,1.157553,0.271782,0.510053,0.055161,-2.019691,-0.928879,2.109189,0.466551,3.802979,1.356264,2.363815,0
4.122088,0.568318,1.004630,1.813942,-0.665909,4.423688,-0.384693,-0.701236,1.903022,-1.325821,0.039478,0.723990,1.503476,0.085459,2.181346,0.851293,0
-0.711195,-1.491788,3.648932,1.202583,-0.967243,2.203986,-0.955088,1.232569,0.322577,2.689847,1.351345,1.649533,-1.281846,5.085454,-0.134044,4.125767,0
1.487199,-2.091858,1.874229,-1.053329,-1.985718,-0.887617,-0.659755,1.934762,3.226554,0.780530,0.167095,1.390371,0.103209,1.146926,2.605620,3.207167,0
0.096237,1.164404,1.964743,2.057534,0.681263,0.649022,-0.357474,0.234292,-1.261160,2.265263,0.128126,3.035321,1.637511,0.589593,1.768408,2.192262,0
1.495275,-0.788348,2.258368,0.566293,-2.789183,1.995739,-1.747350,0.838676,3.419193,-1.456090,3.111790,3.016986,-1.058482,1.909581,0.038765,0.015385,0
0.829024,3.266081,1.879870,6.550323,3.519491,2.351796,0.061110,1.469650,2.606803,-1.899330,0.502421,1.539940,2.128353,3.368413,3.532861,-3.390721,0
1.704511,2.673756,0.589466,1.528445,0.989719,-0.300442,-0.172782,2.118288,-0.155159,-0.506394,3.968447,-1.952114,1.103391,1.679499,-2.502028,0.018248,0
-1.700008,1.921583,-2.178151,0.469768,2.010609,0.074014,0.577046,2.090642,1.742627,2.167459,2.594893,1.319704,2.357914,1.769564,0.358136,2.123000,0
-0.022506,-0.197209,0.287531,-0.585708,3.119864,0.037603,-1.905710,3.692832,-0.080897,-1.144203,2.555279,2.496405,-1.821472,0.912015,-0.062156,3.240984,0
-0.394312,-4.405518,0.609307,0.062000,0.339108,3.990782,-1.525675,0.697093,-1.703589,2.158747,1.778629,1.732196,0.395319,0.461186,3.316875,0.492869,0
-0.070582,3.622230,1.897544,-1.687282,1.563355,-1.218147,1.154304,-0.571152,-0.539547,2.176354,0.437857,-0.310664,0.727210,0.423285,-0.496090,1.242491,0
0.500669,1.929968,1.064116,2.840498,-0.458224,3.305973,2.428594,3.083457,-0.306227,0.041229,2.022785,0.640964,-0.677758,1.639585,-2.194873,-0.115171,0
1.813659,1.880442,-0.835739,1.663605,0.883174,-3.445585,0.408725,-1.050878,0.933969,1.995075,5.074987,-0.717278,-0.459520,-0.190452,4.349323,2.737273,0
2.706326,1.739046,1.675337,3.170902,-1.737953,2.790900,0.088397,2.504197,1.260077,1.080196,0.135560,1.140967,3.365544,-2.026301,-1.515266,-1.690948,0
-1.242246,-0.730994,0.094410,-1.068400,1.586527,1.344090,2.240252,3.550035,1.799532,3.670112,0.135570,2.921020,0.289743,2.925714,1.626290,-2.449828,0
-0.392803,0.888744,2.296456,0.110252,-0.670089,0.431336,-0.098357,-0.734511,1.235605,0.659475,3.064351,2.434319,0.781736,1.893086,1.093676,2.169088,0
1.653780,1.621572,0.984275,2.618128,2.820844,1.597689,-0.421762,0.696059,1.457344,3.838388,1.157416,-1.142209,0.575831,0.562176,1.815048,-1.481111,0
2.752450,2.826324,-0.676328,0.579749,0.134204,-1.703354,1.962109,-0.598820,-2.402229,0.869805,0.546306,-1.148613,2.885174,-0.661823,2.519233,2.136822,0
2.725675,4.563560,0.571929,1.028378,2.565935,0.153843,-1.261851,1.742125,-0.625930,2.233351,2.545395,0.121312,0.672314,1.934789,-0.890946,3.268596,0
2.342294,2.273144,0.512570,2.022935,1.717914,2.861488,-4.009702,4.023523,-1.105323,0.692039,3.638854,-0.859485,2.219788,4.919325,3.152410,1.354334,0
2.940526,-1.540129,-0.794131,2.060738,2.058161,2.993101,2.213888,0.275696,0.409729,-1.170116,-1.115828,3.402629,1.613153,-1.207796,0.754523,2.802038,0
-0.668204,2.467220,-1.617298,0.072767,-0.026098,1.549697,1.186553,1.261513,-0.691578,1.661215,1.348400,-1.471292,2.069993,2.222300,-0.026512,0.430055,0
2.634225,0.387547,0.830919,1.890753,1.501318,3.200059,2.382313,3.157584,0.959218,3.639338,0.474530,2.064851,-0.644372,-0.681188,-1.263552,1.342345,0
1.747128,-0.955533,1.985273,3.010344,-0.786690,-0.589718,1.369022,1.612848,3.566339,-1.888996,-1.826953,2.154235,1.948423,1.797421,0.047132,1.315678,0
2.126450,1.301404,0.841375,0.333769,-2.322907,-1.558412,1.099563,1.572539,1.980322,2.776164,2.996444,2.074677,1.406595,2.792356,2.566112,1.475718,0
-1.038514,1.381001,1.739052,0.782634,0.211851,1.652726,2.050285,1.364820,-0.014706,0.261139,1.135039,2.659532,2.870799,-0.653924,-0.005564,-0.275865,0
-3.583531,3.467637,0.700961,-2.452163,-2.819383,0.065666,2.746000,2.343131,4.349591,2.134082,0.729434,0.033044,2.123006,0.362772,2.451101,0.313780,0
-1.222940,-2.058991,-2.590479,3.161320,0.821987,0.623053,3.209815,5.608286,1.073636,1.873146,0.202620,0.177793,-1.975837,1.446245,2.691157,0.996115,0
4.230817,0.355022,-2.400732,0.549140,1.629195,2.086040,-0.669069,0.560177,-0.922042,1.178183,1.022855,2.773932,1.012244,2.157059,1.041718,-1.462175,0
2.764126,2.836661,-1.779123,1.126024,-0.471222,-2.472867,2.765690,3.086496,1.911962,1.083552,-0.336049,-0.668074,-0.568706,0.747928,1.351163,-2.201276,0
1.450393,-2.510458,3.177008,1.624372,1.397191,3.327300,-1.518112,-1.499252,0.112687,1.799244,3.074708,0.099390,-0.047213,1.800440,4.635909,1.857442,0
2.425718,-1.089122,2.324066,0.128417,0.532849,2.879838,1.664593,1.185655,0.864322,1.142105,-0.147243,2.854573,0.424645,1.864988,1.091652,0.975320,0
-3.195342,0.561308,0.283272,2.361459,0.749619,1.053349,-2.598531,-1.792827,3.155121,-1.672739,2.958179,2.623387,2.622964,4.315735,1.853337,-0.708750,0
1.672197,-0.818275,0.591315,1.205656,0.491207,0.698442,2.571582,4.450428,-0.674982,1.253388,-0.106136,1.351040,-0.670420,2.553702,0.362026,1.324006,0
0.690279,-0.679503,4.405598,1.569278,2.931726,1.558440,0.347902,2.196915,-0.279502,-1.169172,1.894124,1.425233,-0.714160,2.227935,2.028737,0.544289,0
1.542913,2.606475,3.391610,-0.085698,1.658051,0.152478,-0.357994,0.267096,0.816159,-0.510633,-0.952018,3.170126,0.349521,-0.169787,0.535318,-3.410710,0
-0.056838,2.090863,1.483334,-0.222503,-3.219610,-0.652223,1.726309,-1.586618,-3.246230,-2.313141,-0.399404,-0.471542,3.618034,2.385879,3.065939,-0.839416,0
3.049865,0.909648,2.161925,2.643634,4.213040,2.297191,3.202496,0.835854,0.955501,1.860001,0.209010,-0.203969,-0.707860,-1.192221,3.498826,-1.386951,0
2.536251,-0.165978,2.660905,-0.023526,2.373842,-1.245149,0.998441,1.405595,-0.378649,-1.460357,2.088132,1.517942,1.066066,1.010580,0.021143,0.460245,0
0.732993,2.350951,0.907372,3.584560,0.811410,-1.138791,3.433899,-3.184672,2.857980,-2.831213,-0.697510,1.716649,-1.420862,2.410470,3.499932,0.561464,0
3.658718,-0.824019,0.430725,-2.168807,0.616860,-0.038550,0.924014,2.156193,-1.471519,2.231452,0.101824,0.623619,-1.279373,1.936460,0.792104,0.411051,0
2.075489,4.679134,0.864443,0.973816,0.099190,-2.033525,-0.026885,0.298399,0.452516,0.864336,2.160908,3.980515,2.563976,2.356090,-1.814240,-0.498544,0
-1.213953,1.270231,0.743192,0.908769,1.551338,3.694924,-1.657524,-0.316230,-0.668773,-1.881392,-0.060474,-0.952902,-0.774570,2.988527,-0.298354,3.132215,0
3.288690,2.528760,0.404696,0.326646,-0.221572,-1.521713,-2.440291,1.595063,0.755195,-0.552788,2.051246,1.190192,-1.505575,0.220249,-1.406184,0.911783,0
1.917965,0.208674,-0.601834,2.810769,-0.795089,3.337706,0.412496,3.654531,0.389423,1.720108,0.024936,3.330050,1.718075,0.415339,0.717755,3.005083,0
-1.024210,-1.039529,1.529634,-1.259702,-1.518632,2.439087,2.372383,0.312235,3.258334,2.877133,0.795544,4.661406,1.877038,2.092944,3.623381,1.171409,0
2.607628,0.590073,2.197306,0.303818,2.579188,-1.418920,2.113521,1.580708,3.203930,2.044527,2.961345,-0.340433,3.453253,-0.025744,1.995587,2.772009,0
0.330990,2.352829,2.291175,2.839180,-0.285868,2.275398,-0.388441,3.948849,-0.171341,2.841474,1.408506,2.397365,4.635959,-0.915367,-0.170731,2.190187,0
0.340678,2.532949,3.979796,-0.459367,2.700288,-0.485803,-2.329193,-1.170540,0.422274,-1.179173,-0.033284,0.935568,1.765852,-0.058251,0.738590,1.128391,0
3.312015,0.708252,1.809456,4.844169,0.790145,3.155204,2.240437,-1.742955,1.051361,1.120981,2.745631,2.655861,-0.930320,3.345960,-1.951622,3.387162,0
2.687635,0.919463,2.325428,2.334127,3.157818,3.046990,-0.232188,-0.356656,-0.736207,0.310401,0.316065,1.230544,1.545938,-0.285105,1.111135,2.650714,0
1.533784,0.721729,-0.288086,0.945994,-0.811798,3.003851,0.578790,-1.197156,1.702661,0.134920,0.064689,2.373892,-0.429644,1.663829,-1.074190,3.306952,0
-0.240842,0.675098,2.682115,1.168645,1.702930,3.681025,2.724106,-1.216684,1.195792,2.934641,-1.331227,1.175794,-0.924634,3.140855,-2.371670,-0.417912,0
1.065524,3.069938,1.514058,1.022644,0.878884,-0.369132,-0.309203,3.959483,0.447056,-0.797068,0.227643,0.609444,-0.315751,2.459829,2.637871,2.375875,0
2.724398,0.663313,-1.220882,2.428733,0.858838,0.960732,2.179879,0.823491,1.792090,0.137106,-0.627857,3.256218,3.861088,1.321972,1.403657,1.442035,0
2.971048,0.502692,-1.252480,0.791499,2.027896,0.039474,-2.848749,1.743113,-2.107431,3.309492,0.128340,2.075084,2.620289,-0.374969,1.496899,1.264630,0
-3.966558,0.904968,-2.856719,-0.159426,0.997092,-0.352411,0.420470,2.094734,0.224988,0.216517,-0.571694,0.588687,4.884969,0.229464,-0.513169,2.785930,0
0.173987,-0.594623,6.561103,-0.238664,0.030447,-0.616781,2.008279,-1.861205,-1.773395,-0.416833,2.156682,-0.510113,-0.162202,4.427914,1.295376,1.243144,0
-1.764375,1.913978,2.398447,1.430670,0.582298,2.039698,1.649701,4.933153,2.433374,-2.635421,0.408841,-0.376772,0.168198,1.197861,4.232168,-0.633793,0
-1.040306,1.597239,1.663456,2.527044,0.327892,1.640414,2.734399,-1.182569,1.864786,0.223280,-1.968328,0.894082,-2.692875,1.786142,2.497098,-1.721112,0
0.763680,-0.058543,-0.092525,2.668079,1.026163,-1.492669,0.796015,-2.188020,2.631587,0.659465,0.770188,1.764420,4.948059,1.133210,0.660884,-0.842012,0
1.733255,1.950450,1.823831,2.131501,-1.942142,0.149791,-2.373955,0.081026,0.269756,2.596220,-0.264258,0.872136,0.427437,-0.851050,-0.952572,2.412358,0
1.082211,0.178875,-0.271698,2.337771,-0.239532,4.866650,2.705900,0.117533,-0.012352,0.745498,-0.859303,0.406211,2.780423,2.037273,-2.388091,2.328400,0
-1.364613,0.792398,2.690762,1.862414,2.909621,1.053981,2.964554,2.861675,0.600765,-2.920316,-4.370114,0.047439,0.609393,3.565074,0.675439,2.236309,0
3.105079,3.670203,-0.409448,2.215780,1.282468,-0.686092,-0.222882,2.276574,-0.778039,1.671857,3.896094,0.338076,2.865135,-1.605840,0.503394,0.637480,0
-1.841428,1.471490,1.003117,0.478706,5.427032,-0.326686,-0.777555,3.039285,3.668880,1.617303,2.401395,2.101329,3.054439,-2.126282,0.719921,1.111397,0
-0.272502,2.979759,0.419657,0.118343,-2.993469,-2.209852,2.648543,4.247097,-0.297911,2.584758,1.733715,2.910653,-3.855201,1.624484,1.061153,-0.423920,0
2.534044,0.074813,1.448015,-0.153607,1.376440,-0.439786,0.689922,0.142219,-0.334079,2.275141,1.269103,0.766585,1.834972,0.352171,0.397842,0.130054,0
-1.193267,1.763531,0.444325,-1.926459,-1.247413,0.007886,2.972514,0.737277,2.369658,0.146660,-0.208646,2.416028,1.079771,1.925914,-2.191396,1.741115,0
-0.639590,5.222318,-1.415730,0.310610,0.684607,1.705118,2.739142,0.841951,0.592865,1.614301,0.483193,-1.213318,5.718973,0.115314,-0.088730,-1.928302,0
2.635687,0.196226,-0.759402,4.571259,-0.471442,3.786741,0.825257,2.251508,1.507257,-0.414700,1.515895,3.928825,4.582992,-1.745489,3.788588,2.073927,0
0.145834,0.608994,-3.325382,-0.389299,2.533059,1.151045,-0.950092,0.480555,0.433196,3.522140,5.475298,-1.265219,2.794671,3.098625,-0.088430,-0.320847,0
-3.118121,-0.735685,1.362358,0.380774,-0.059372,0.934961,-2.198245,3.740626,0.685902,1.808371,2.268805,-1.649514,1.060300,0.874127,2.121044,0.253530,0
2.644990,0.282412,1.986907,0.762699,2.695967,0.368173,-1.014567,-2.661155,1.479338,2.789936,-1.704151,0.908897,3.206779,1.214526,4.373881,-2.686062,0
1.981328,0.712448,0.359634,0.498317,2.094390,1.459682,2.933126,0.477068,-0.323870,4.273383,0.766589,4.401829,0.317785,-1.017952,0.931908,3.195633,0
0.748048,0.438351,-1.055916,1.683631,0.011064,1.259795,-4.068856,1.160970,1.239411,1.227695,1.245084,4.410818,-0.240742,1.289715,-0.931773,0.749977,0
2.118074,1.943102,0.800097,3.255167,2.899033,2.126155,1.541581,1.252016,3.165844,0.934173,2.259584,-0.812325,0.677265,-0.269764,2.211013,-0.742561,0
-0.968995,-0.466426,0.092978,0.412099,0.851685,1.208377,3.195073,-0.412048,0.681160,-0.818394,1.469461,0.908800,1.654560,-2.119713,2.425623,-0.804121,0
0.797540,-0.367031,-3.414087,1.634280,0.411384,-0.094047,3.816509,-0.968268,1.451614,3.938136,0.841841,2.077904,2.259262,0.330909,-2.645596,-0.860917,0
-1.048865,1.219144,-0.859217,-1.368770,-0.302783,1.659020,0.869855,-1.416617,-1.520842,-1.075666,2.033245,-2.669725,-2.240434,-0.826049,-1.648686,0.341191,0
2.580748,5.014491,-0.132422,2.073846,4.673617,-0.478677,2.498704,2.086774,3.923242,-0.135595,1.816248,0.295841,1.835508,0.725424,1.379182,3.300291,0
-0.473286,-0.293466,-3.152142,1.132954,-0.646387,2.044321,1.429168,1.023317,-0.276040,0.890450,0.587816,-0.406427,1.052555,-2.660546,0.831094,-0.943511,0
3.870955,3.253179,0.328594,0.096819,-0.836216,2.719415,1.782911,1.009432,1.029644,-1.314607,2.406072,3.902862,1.242353,0.133996,4.253732,-0.109774,0
3.058898,-1.907651,3.136313,1.480639,-0.458069,-2.341169,2.064281,1.631464,3.067734,3.644957,0.245009,2.021497,3.106765,3.585132,-0.872580,0.555041,0
1.293420,-0.479865,0.557441,0.374419,1.434785,1.269957,2.087719,3.478175,1.576096,2.194396,2.425202,2.182017,0.892573,3.209740,0.211679,5.674023,0
-1.515372,4.907875,-1.648256,0.424533,0.257268,0.314125,2.302772,2.534395,-1.242894,0.385755,0.273863,2.708211,0.756186,-0.742958,-1.126412,1.388212,0
4.404498,0.778457,-3.921237,1.981789,1.187060,1.144045,3.210735,-0.442294,1.458335,0.823900,4.572918,3.146638,1.334619,0.087339,-0.214812,-0.097371,0
1.318969,1.778678,2.521502,2.491671,-0.522028,2.998925,-0.134870,1.265521,-0.741586,3.081923,2.835811,0.126627,0.267193,1.403013,-1.366568,-0.403389,0
-0.476345,3.060915,2.124518,-0.014854,2.353746,-0.339925,-0.041957,5.389799,0.719092,-1.298045,-1.172124,-4.317289,-0.750330,1.999945,-0.507341,-1.291835,0
4.454989,0.708138,-0.258531,-0.362399,-1.492211,-0.544472,1.317294,-2.578899,-2.012401,2.516023,0.622941,2.083405,-2.425407,-1.909900,-0.356590,-3.023329,0
0.702046,0.749706,1.106995,-0.490959,-0.491399,2.413051,0.516320,-0.424921,-0.146137,2.471428,-0.430847,2.987267,0.193978,1.700933,2.047221,-0.770782,0
-0.754042,-0.005627,1.487883,1.600941,0.819289,-0.280152,3.734304,1.864223,2.079539,3.960974,3.049261,0.946426,0.853165,1.498856,-0.024282,2.565817,0
1.351336,-0.044763,-0.866580,-0.054103,3.512372,0.257887,0.547995,1.107698,2.208612,-2.445071,-0.095792,-0.290860,-1.869724,-0.206422,3.267458,1.008161,0
5.280442,-1.055859,0.642152,2.707724,2.280328,-0.212104,0.314059,2.838629,1.195125,1.860754,-1.181941,0.770374,-3.952384,1.889916,1.665716,4.572330,0
2.225348,-0.671206,-2.692461,0.964194,2.235942,2.539403,-1.239630,-0.463619,2.141114,2.223266,0.243834,0.937873,6.088605,1.181097,1.320580,1.972754,0
1.909361,1.215263,1.336760,-0.831353,0.969693,2.080441,3.532020,-0.156445,0.914633,3.034936,3.288690,2.840703,0.469887,2.832456,2.294401,-1.294240,0
-0.453307,2.506747,-0.409891,1.892570,5.000003,2.348017,-2.975205,2.838188,1.240902,1.521148,1.159653,0.999222,1.231899,-0.337093,2.687589,2.832268,0
2.281442,-1.299045,1.429912,1.283238,1.804889,2.889699,4.815196,1.143836,2.965669,1.604443,1.813416,0.745749,-2.673827,-3.543140,0.815559,0.307874,0
0.107323,-0.446528,0.732399,1.292558,-0.115869,0.389480,-1.441447,-3.338783,0.677664,3.087281,0.271781,0.010010,0.680104,-1.775308,0.963764,1.381900,0
-1.443641,2.966692,0.549513,3.231815,2.886904,0.932356,2.853509,0.438918,3.544221,-1.366219,1.742272,0.306082,3.407163,1.525735,0.794904,2.277165,0
-1.734870,-1.478544,4.142528,2.938987,-0.175900,-2.048738,-1.900382,0.034628,3.152829,1.975989,0.267366,-0.345938,1.396374,-0.799195,1.794911,1.262686,0
1.066945,1.000620,-0.410415,-0.641194,0.504632,3.624128,0.341079,0.636198,4.116495,1.651848,2.941122,2.925180,3.197232,-0.621095,-0.082217,1.781777,0
4.321647,2.157905,0.406775,5.334796,-0.277714,5.682420,-0.784360,3.312092,2.493939,1.477778,4.580254,1.521241,-1.301515,-1.474388,0.209469,-0.490177,0
-1.920066,2.088875,2.006449,-0.881822,-0.520564,1.139510,1.147475,2.546766,-0.493720,-0.538345,1.389044,2.650433,0.016448,0.157525,1.876082,-3.224005,0
1.548529,-1.373045,-0.142750,2.550279,0.190100,-1.428206,1.607126,-1.755716,1.949327,2.793056,0.692043,0.873683,4.896435,-1.430833,5.088829,-0.629765,0
1.582730,-0.966432,-4.266167,-2.200487,-0.289600,-1.819848,0.949874,-0.692974,-1.778090,0.206462,-0.675295,3.869743,-3.627581,1.260623,-0.709987,-2.168591,1
-0.929892,-1.009130,2.182255,-2.911900,-0.148711,-4.882476,1.959643,-0.309932,-0.618677,-1.847141,-1.547640,-4.276238,1.295647,-1.833341,-1.169940,-2.084477,1
1.137129,-0.975599,0.314670,-2.850762,-2.718982,-4.916405,0.217996,-2.756309,0.413586,1.896049,-3.006604,-4.099149,-1.214342,-1.791715,-1.682347,1.778111,1
1.382606,-1.512279,0.462611,-1.828074,0.604537,-1.712900,-1.150913,-1.259282,-1.889889,-4.502820,-1.104925,-0.514671,-0.162786,-3.057175,-2.168082,-1.450926,1
-1.225944,2.201114,-1.968643,-1.692463,-3.209235,-0.950297,-2.396789,-5.022168,0.122873,-0.694361,-1.421384,0.983092,-1.560728,-4.132453,1.543120,-2.082714,1
-0.628659,0.901886,-2.389715,0.014235,-1.062224,1.006836,0.410990,-1.489140,-0.506952,-3.745330,-0.948663,-0.209936,-1.990082,-1.129517,2.707348,-0.244329,1
-0.601510,-0.217597,-2.913392,-2.257309,-0.058938,-0.143387,-2.131183,0.411124,2.371600,0.161421,-1.441088,-0.477418,-1.132730,0.900892,-7.175976,-0.776867,1
-2.694279,0.837206,1.948112,1.940653,-1.818753,-0.634954,-0.876878,-1.618052,-0.282969,0.597195,-1.233840,0.047319,-0.934443,-1.777440,2.524088,-0.212311,1
-1.526263,-2.034119,-2.865616,1.078699,-4.250123,-4.315114,-2.711076,-1.810206,-0.799731,-4.680937,-1.929580,-2.749190,1.270632,-4.771552,0.339672,-0.467682,1
1.241015,-0.692877,-0.392048,0.211281,-4.090611,-2.272546,-2.587296,-3.177523,-2.187191,-2.038883,3.010417,-1.361738,-2.160532,-1.339171,-1.543359,0.400318,1
-2.741772,1.945560,-1.088217,-4.296227,3.104598,-3.113245,-1.031643,1.074924,-0.225433,-1.271048,-4.644235,-2.271089,-0.992226,-0.590198,-1.177770,1.007079,1
-2.425741,-2.388056,0.639486,-1.466269,-1.589777,1.349564,-0.470969,-0.086659,2.265986,-5.253476,-1.434680,2.173323,-2.540596,-0.975755,0.279112,-2.735985,1
-1.540462,-3.630181,-2.771668,-3.032593,-2.730502,-2.486275,-3.707811,-1.503239,-0.634483,-1.942333,0.046084,-2.364594,2.290201,-0.982266,-0.644369,-1.009934,1
-0.508796,0.784648,-2.376540,-0.772452,-1.430317,-1.450899,0.619127,-2.573848,-0.741883,-4.173245,0.980548,-0.234736,-1.460408,1.297792,-1.150150,-0.463736,1
-1.976421,-0.695515,-3.244516,1.009864,-1.106678,-0.907478,-2.140743,-1.494199,1.547008,-2.846854,-1.381950,-2.955451,-0.790252,-3.419555,-0.680771,-1.505081,1
0.016766,-3.174817,-1.389132,-0.947679,-2.229930,0.261271,-0.122257,0.854349,-0.365237,0.769480,-0.680326,-3.320630,-1.866658,-5.386162,-2.832805,-0.402557,1
-1.584621,-0.648318,-0.658772,1.959545,-1.103146,-2.524611,-0.102428,-0.414297,-2.831883,-3.606793,-0.493055,-1.053714,1.263972,1.506498,-0.766198,-1.193075,1
2.041687,-4.911188,-2.738653,-2.128345,0.876115,0.426510,-1.521484,-2.184500,-3.419688,-1.839923,0.809909,-2.986703,0.687676,-0.561329,-1.305976,-0.602332,1
-0.562791,-0.863158,-1.175270,-4.281867,0.228807,-3.487353,-0.549514,0.541277,-1.334769,-0.213569,1.398800,1.257771,-1.152062,-0.734532,-2.017140,3.142762,1
0.517363,-1.016462,0.480743,-0.473392,-4.232636,-1.016148,-0.179824,-3.387862,-1.159817,-1.421182,-3.346148,0.194375,1.492562,-0.908113,1.306489,0.006531,1
-1.688796,-0.632399,-1.684769,-1.190887,0.040400,-2.188756,-0.997709,-0.471147,0.056287,-0.507615,-1.825594,-0.457385,-1.531579,0.087054,-1.804967,-0.012556,1
-3.740332,-2.514933,-1.033264,1.383842,-2.265410,-1.361993,0.772449,2.422795,-0.328487,3.505878,4.211356,-2.203808,-2.608576,-5.455388,0.408239,-1.794118,1
-2.066590,-1.474092,-3.535702,-1.023794,1.219398,-3.203143,-1.324378,2.524728,-1.482769,-2.399793,-0.426011,-2.062533,0.358121,0.519856,-3.388280,-3.758727,1
-2.002592,-5.286715,-1.813117,-1.633036,-1.563052,-0.555772,-1.441760,-1.922077,0.205643,-0.223083,2.045351,0.683849,-0.797116,-3.969455,-0.220341,-1.420078,1
-0.599121,-0.167192,-1.313271,-1.609903,-6.331948,-2.578292,1.112504,-3.249695,-5.834382,1.141358,-0.544486,-0.752960,-3.792323,-0.756270,-0.882472,-4.513735,1
-3.597567,-2.164471,-0.861145,1.190186,-5.153525,-2.878405,1.274851,-2.892661,-0.424047,1.408537,1.308065,-1.375297,-0.600163,-0.981433,-0.652318,-1.662267,1
1.118695,-1.326639,1.461857,2.062555,-0.353836,0.245391,-3.151535,-3.644089,-0.455215,0.567365,-3.973806,-2.163921,-0.028736,-2.241972,-1.844934,-2.202139,1
-1.567811,0.653008,-1.685662,-2.586409,2.316674,2.055976,0.506336,-0.768670,-0.190804,-2.562511,0.590637,-2.871029,-0.370127,-0.573727,-0.963904,-2.301091,1
0.585238,-2.290242,-0.237471,-2.654701,-2.225811,-0.447678,-1.341460,-2.384167,-1.944217,1.789420,-2.818294,-0.822554,-0.012327,-5.896517,-1.770786,-3.635177,1
-0.876199,0.634136,2.341871,0.411142,-2.365077,4.126760,-0.651715,0.186974,-0.775150,1.249754,0.587860,0.915380,0.855919,0.141421,-1.318127,-3.030823,1
1.253253,-3.753922,-2.846229,-1.522381,-5.697309,1.178481,0.365716,0.797186,0.360459,0.033806,-1.021752,-0.952827,0.438033,0.760376,-2.663058,2.116943,1
-1.684410,1.345484,0.394210,3.956248,-2.311826,-0.581475,2.068422,-1.143103,-0.526525,-2.465562,-1.701430,-0.667617,-1.637401,2.094252,-1.560379,-3.660184,1
1.214995,-0.644956,-3.924225,1.189407,-1.020127,-1.028989,0.383868,-0.185049,-1.709795,0.385320,0.000303,-0.067958,0.348222,-2.913798,-3.486524,-0.245436,1
-0.568257,0.607904,-1.302118,2.543864,-3.486525,-0.566987,-0.745500,0.434368,-0.240635,0.369390,-4.648371,-0.161757,-5.281319,-0.999280,-0.865833,-0.052032,1
-3.133178,-5.179604,-2.878356,0.022225,-1.127863,-0.938264,-0.464990,-1.361651,-2.955954,0.426999,0.315258,-2.523252,-0.205616,0.879190,-1.646936,-2.995337,1
-2.836412,-1.050973,-0.858096,0.120562,-2.523772,2.290418,0.186422,0.982331,-3.229740,-3.343244,-1.249413,1.036348,0.224285,3.285816,-2.596388,-0.467878,1
-0.353716,1.105813,-2.784985,-0.743346,-1.466833,-1.423618,-1.820719,-0.226853,2.274660,-0.336192,-0.448277,-5.146773,-0.589546,0.560141,0.201054,-1.012327,1
-2.437941,-1.115276,0.305511,-0.434813,0.363461,-4.213562,-1.939002,-2.372164,3.186881,-1.448485,-2.751529,-0.371338,0.816397,-1.000872,-2.361371,0.157885,1
-3.500479,-5.076732,-2.295645,0.288731,-1.421166,-1.921327,-0.262470,-1.348864,-2.890642,-1.533565,-1.687316,0.162851,0.733584,-1.519547,-1.044663,-0.395581,1
-0.604527,-0.961400,-2.128925,-1.374768,-2.048220,-1.251456,1.689181,-0.982060,-3.194630,-3.482064,-0.035670,-2.071271,0.805099,2.629734,2.673956,-3.452631,1
-2.256776,0.262570,-3.547829,-3.173100,-1.494226,-1.422595,0.074618,1.289007,-1.372868,-1.768632,0.926575,-1.855449,-0.931887,0.193838,0.487332,0.748964,1
-4.523362,-4.148450,0.559153,-0.669487,-1.185358,0.787259,-4.971368,-3.788174,-0.152401,-0.909351,-1.936666,-1.087645,-4.081848,0.119447,-2.845866,-0.267634,1
-1.452113,-1.915599,-1.703747,1.001404,-4.345880,-2.060101,-4.351407,-0.984114,-0.157557,0.137736,-3.130344,-3.034462,0.963426,0.697188,0.913064,-2.731403,1
-1.027987,2.858800,-1.114237,-0.520998,-2.799579,2.327305,0.806460,1.280183,-2.151381,-2.145836,-2.022331,-1.470203,-3.447433,0.316919,0.227598,-2.730457,1
0.088843,0.228895,-0.313128,-6.442450,3.258738,-0.429655,-2.452959,1.450946,-3.525381,-0.406902,2.591166,-2.069327,1.290382,-2.697161,-1.808869,-1.870363,1
-3.201068,-2.917595,-0.732825,0.913400,1.059650,-4.297867,-1.589250,-0.489930,-0.718598,-3.668872,-0.761808,-1.242167,-1.407378,-3.161624,2.048687,0.488111,1
-0.445287,-1.731693,-2.655339,-3.153647,-1.378964,-3.014441,0.552858,-0.487853,3.778927,-0.105926,-4.772542,-1.376082,-0.018723,-1.116531,0.457000,0.942918,1
-3.862581,-0.800859,1.514697,-0.964449,-3.885464,-0.670396,0.011024,2.839592,-1.068780,-0.169500,-1.970893,0.034303,-2.747573,-1.676948,-0.723341,-0.850406,1
1.143822,-3.096807,-1.629233,-0.942876,1.138574,-1.735102,-2.726835,-4.238462,-0.253742,-0.913624,0.461925,-4.429493,2.739509,-1.436495,-3.244905,-0.754476,1
-3.473240,0.349483,-2.656105,-0.333486,0.413153,-1.435962,1.940673,-2.479342,-2.855838,-2.329585,-1.276619,-3.093943,-0.611705,-2.431844,-1.908714,1.206866,1
-0.635920,-3.064192,-0.447537,-0.553436,-1.793842,-2.262543,-0.747169,-0.939651,-3.975451,-0.082185,0.418270,1.981511,-2.775852,1.653752,0.657469,-1.037227,1
-2.081606,-0.630733,-3.905818,-4.661253,-1.184379,-0.362894,-0.922833,-0.085078,-1.942942,0.740757,-2.958621,2.431812,0.095167,-3.576433,-3.727307,-0.209648,1
-1.649411,1.712327,1.634750,-3.368820,0.201941,-0.606216,-3.252543,-1.996886,-3.130247,-2.237162,-3.222521,0.617479,-0.180774,-2.640997,-2.523346,-3.540829,1
-2.371192,-1.167554,0.341959,0.167216,-2.062972,-3.584970,0.858856,-1.925289,0.008275,-0.091540,-3.225695,-2.203703,-2.587099,-2.134004,-1.565310,-0.504469,1
-1.047666,-2.680789,-0.601788,4.324774,0.459061,-2.486017,-5.517907,-2.752764,3.271460,-0.986626,-0.626203,-1.081083,-0.370692,-2.369265,-2.555747,1.867987,1
2.248707,-2.362199,-2.752571,-4.805541,-0.380223,-1.556245,1.343000,2.083962,-1.690814,-1.992086,0.073456,-1.783647,-0.954334,-1.582874,-0.418907,-1.900193,1
-1.075233,-0.760901,0.480057,1.021194,1.987552,-0.357947,-2.218333,-0.578158,-2.035650,-0.749433,4.208513,-3.579882,-2.857138,-0.331392,-0.398755,-0.914553,1
-1.984281,-1.861589,-0.868696,-0.355556,-3.632083,-0.968003,0.449759,0.714160,0.044362,-2.440344,-0.132214,-2.593410,-2.240780,-0.715420,-4.617127,0.579541,1
-3.546325,-4.056919,-5.228802,-0.380177,-1.628773,-2.765414,-2.086133,-1.073950,1.119228,-2.642164,-2.690097,-2.077087,-0.537656,-0.870634,0.025728,-1.760439,1
0.056975,-3.360896,0.333319,-3.549018,-0.296614,-0.820633,-0.569867,-2.057332,0.969227,-0.197797,-0.280702,0.643223,-2.789721,0.114280,0.057567,-2.385753,1
-4.262598,1.432899,-2.767073,-0.486954,0.271972,-1.389215,-3.891652,-0.073767,-0.220679,-1.370535,-1.113701,-5.753546,-3.751032,0.310659,-1.221793,-3.018563,1
-3.284929,-1.108356,-2.501341,-3.084674,-1.585981,-3.497437,-1.035386,1.491066,-3.941016,1.796147,-2.663310,-1.602123,-3.299513,0.548165,-3.689643,-0.494937,1
-3.973055,-1.403631,2.102535,-0.627807,-4.887020,1.101152,1.100568,2.266164,-1.363389,-0.498382,-0.546635,0.758445,-5.012114,0.693508,-1.131930,-0.033726,1
-2.318651,1.241813,-2.219411,1.714654,1.425385,-3.825150,0.618176,-1.256181,1.035549,-0.892886,0.928061,1.193696,-0.413838,-0.500489,-0.096622,-2.551990,1
-1.545391,-0.821524,-1.491533,-3.755096,1.770617,-3.804699,-2.078705,0.856830,-2.031768,1.390132,-0.309077,-2.711596,-4.181345,-1.491130,-0.761742,0.624017,1
-1.363456,2.029953,-1.646819,-1.277051,0.102503,-3.552206,3.421041,0.250668,-0.707912,-2.138041,-0.292539,2.373429,-2.631327,-3.879569,-0.355717,-1.581973,1
2.582540,-0.002524,-1.807176,-3.717403,3.006568,-0.733325,-2.106928,0.886736,-4.823294,-1.708485,0.077191,0.870420,1.348535,-1.564673,-1.680286,-0.452739,1
3.254633,-1.832090,-0.858609,-0.844542,-2.732827,-2.451984,-1.217891,0.581132,2.402384,0.669865,-2.617699,-2.159939,-0.548990,-0.496940,-1.194740,0.250978,1
1.851701,1.292122,1.287865,-1.551621,0.436248,-1.705055,-1.941531,-2.247292,-1.655925,-1.257128,-4.282799,0.817169,-2.058639,-3.162507,-0.199619,-4.189498,1
1.683741,-2.113777,-0.353739,-0.731817,-3.266119,3.668669,-2.343906,-4.084745,-0.431332,-0.705615,0.382586,-1.226194,-1.170352,-0.047615,-2.309539,-1.041663,1
0.347025,-0.264138,1.654315,1.337077,1.449013,-4.970987,-0.647420,0.193799,-4.451025,-0.268448,0.891332,-0.770155,0.150131,-0.315184,1.965075,0.590413,1
-2.737420,0.735955,0.085242,0.652555,-1.062259,-4.653873,-1.380430,0.363837,-4.808044,-1.984654,-0.318955,-6.943743,-1.594673,-1.287523,-1.378295,2.525861,1
1.205619,-2.307344,-1.525031,0.695442,-2.314352,-1.255422,-0.649496,-1.718390,-1.642962,1.535275,3.582389,-0.027865,1.286729,-0.562209,-3.781240,0.908587,1
-0.967007,1.952484,-3.508082,-2.191891,-2.893524,-0.557500,-3.795826,1.583734,0.397699,-1.710965,-0.173534,0.708259,0.153606,-5.404212,-2.347947,-0.961570,1
-2.070528,-0.880978,-0.850331,0.568505,-3.189611,2.234575,1.589531,0.110430,-4.360329,-1.905980,-1.597427,-0.232178,-1.883601,-1.425600,-2.831268,0.627263,1
-0.959795,-2.051738,0.794902,0.684158,0.260825,-2.683251,-0.968011,-1.656726,-4.582704,-0.101534,-3.027067,-1.832222,0.521676,-1.684462,-1.888215,-2.680287,1
-1.903185,-1.906058,-1.606716,0.998722,-0.456963,-1.852215,1.183777,-2.232717,-3.714262,1.595510,-2.835938,-0.867008,-2.212416,0.275386,-2.076083,-1.739961,1
-2.143567,0.442259,-3.021087,-1.777253,-3.360726,0.833058,1.386830,-0.602641,0.089816,-0.093290,-1.163409,0.329712,-0.467928,-5.177492,-0.813571,1.366327,1
-1.277185,-1.909915,-5.250100,1.737028,-0.503043,0.479025,-1.732237,-0.740286,4.274661,1.717690,-1.876744,0.726313,-4.372819,-0.203082,-1.064448,-0.718777,1
-3.547711,-3.814603,0.194609,-5.036311,2.334526,-3.103402,-1.787046,-5.094637,-0.927916,0.064917,1.940184,-3.344727,-0.407434,2.506546,0.436823,-2.239014,1
1.439421,0.925653,-1.649244,-0.285559,1.127851,-1.702935,1.497532,1.057147,0.068817,0.972980,1.390393,-0.381322,-0.288626,-1.649408,-0.764766,-1.404616,1
-1.196091,-2.401970,-2.825363,-3.689936,-2.457887,0.335937,-0.425397,-1.167264,-2.500578,-2.268014,-1.417243,-0.644938,0.781064,-4.423024,0.744052,1.029282,1
-2.305166,-2.338157,1.328001,-2.693892,-2.061506,-4.624525,-0.653013,-1.404840,-1.846667,-0.600418,1.765326,-4.906124,-0.856859,-0.041018,1.488501,1.146647,1
0.530384,-0.655425,0.048242,-2.931540,-0.619752,0.028538,0.156621,-2.786635,1.911258,-2.404886,-3.671507,-1.838779,0.216588,-2.630405,-3.370179,-2.000625,1
0.081692,-2.140795,-2.847221,-0.545359,-3.182295,-1.755502,-2.556396,4.157455,-1.105944,0.214272,0.340837,-2.846066,0.531902,1.728148,0.415000,-0.419683,1
-0.886863,-1.260622,-0.278038,-3.075657,-2.851892,0.255730,-0.315659,-3.360868,-2.621997,-0.702893,0.563653,-1.679060,-0.253402,-1.223211,-0.430108,0.157434,1
0.149865,0.380568,-0.380566,-4.045968,1.779058,-0.726219,-2.584204,-1.052176,-3.730872,1.458218,-0.761964,0.824254,-3.815080,-1.728495,-3.723906,0.095654,1
1.244421,-1.764414,-1.033684,-4.514635,-0.686129,-0.835804,2.127037,1.741441,-0.494786,-0.515068,-4.142511,2.589887,-2.023174,-1.727167,-0.505182,-2.254155,1
-0.300828,-3.238415,-6.367188,-5.908926,-1.674010,-0.027556,-0.428405,-0.742704,-1.100050,-1.741332,-3.690647,-3.525283,-2.071120,0.494524,-2.965016,-3.907236,1
-5.356236,-1.519364,1.524680,-2.454524,-3.067896,1.181689,0.723973,-1.599879,-0.906900,-0.255533,-0.656587,-2.036459,0.326822,-3.971622,-3.818887,0.005099,1
0.654313,0.571686,-2.598484,2.632338,-0.476707,1.610588,-0.547936,-3.870687,0.414170,-1.493784,0.055305,1.624319,-2.550181,-0.486260,-2.380381,-0.423940,1
-0.306013,1.135815,-3.636092,2.188300,-1.182969,-1.410373,0.385118,1.851324,-2.009670,2.004670,0.032511,-0.148836,-1.028256,-5.218047,-1.669977,-0.510230,1
-1.208770,-0.258390,-2.118845,-3.650237,-3.473142,-4.264239,0.797764,-2.863878,0.693803,-0.498145,-2.243692,-3.955586,0.691996,0.530459,-0.942591,-2.271643,1
-5.362515,2.963398,-3.976487,-3.873280,-0.388902,-1.655555,-1.303373,-0.054470,-1.277412,-3.813819,0.008908,-0.393936,-4.856376,-3.440859,-3.381589,-1.058761,1
1.637161,-1.604591,-0.718984,-1.514613,1.351028,-1.479073,-2.508143,-1.024714,-2.163108,-2.081614,-2.660047,-2.447296,0.092103,-1.585161,0.076519,-2.248711,1
0.479014,-1.221140,-0.942774,-1.395080,-0.874957,-1.213917,-2.117644,0.482587,-0.536147,0.557134,4.352746,-3.506073,-0.663490,1.239996,1.674131,-0.043549,1
-4.031030,-2.337101,-2.898647,-2.201962,-0.545419,2.215921,0.482227,-1.952014,0.126165,-0.358092,-0.751573,-2.517546,0.952289,-4.143196,0.273877,0.714521,1
-1.673403,-0.836883,0.594783,-1.737250,-1.700831,-0.455311,-3.605050,-1.576732,-1.914053,-0.775790,-5.505805,-1.165815,-4.318619,0.551537,-0.542113,-2.393930,1
-1.500476,0.868073,3.247300,-1.055351,0.273162,-0.881302,-0.012514,-2.756248,2.240063,-3.911402,-1.102445,1.209392,-1.648878,1.793107,0.205290,-0.581430,1
-1.220428,-1.659904,-2.488746,1.786545,-0.048576,-0.636701,0.582976,-0.732430,-1.941473,0.556123,-0.856552,-1.714230,2.220792,0.871432,1.192352,0.417207,1
-2.422193,-3.868728,-3.704240,0.566582,-2.290155,-1.349058,-1.973227,-1.501956,0.138232,-1.192945,0.037498,-0.706650,-2.409585,-2.960769,-1.994311,0.847334,1
-3.347090,-2.367911,-1.417920,-1.761044,-0.843075,-1.231236,-2.880685,1.496363,-0.129322,0.553696,-3.944631,-2.048535,-2.502521,-5.330572,-2.752260,-0.876625,1
-4.957099,0.573716,-0.087113,-1.555493,-2.033775,-2.479489,-2.331285,0.395179,0.038744,-1.289599,-0.248895,-4.622457,-4.201283,0.222280,0.393952,-1.784681,1
-1.876897,-0.385982,-2.821892,-4.234711,0.843638,-2.550043,-5.499398,-1.847745,0.031728,-1.620955,-0.739826,-3.469639,-0.379187,-2.849694,-0.821080,-1.023499,1
-2.779054,1.499172,-3.855203,-2.196184,1.630639,-3.069968,-1.619460,-1.279707,-1.825308,-3.932759,-3.366451,-3.297236,-0.601209,-2.301705,-2.527488,0.448471,1
-2.547003,-0.618080,0.686449,-2.169555,-1.162636,-2.636690,-2.965737,-0.904677,-2.941226,-3.062043,-2.795774,-0.825385,-2.305475,0.454091,-2.799883,-2.242040,1
-2.081111,0.073136,-2.202340,-0.661168,-2.963798,0.917968,-1.903758,-0.207846,-0.918264,0.479020,-4.013878,-1.990389,-0.917117,-0.672543,-1.011177,-1.556504,1
-3.881516,1.423395,1.039179,-0.176954,2.483212,1.621582,-0.312663,2.426878,-2.278425,1.185709,-0.493699,0.492300,0.657287,-2.566691,-0.787945,-1.453057,1
0.305116,-3.090949,-1.367911,-4.498075,0.322668,-2.551239,-2.325091,-0.953244,-1.111781,0.262512,-0.466612,-2.198172,0.688596,-0.681387,-4.295708,-0.932855,1
-1.790672,0.124389,0.389284,-1.371362,-1.832053,-1.139692,0.108980,0.375113,-4.113742,-3.952568,0.538861,-0.190980,-2.302086,-2.405165,2.483500,-2.543742,1
-0.619963,-1.065933,-2.166778,4.030158,0.458837,-0.768612,-1.209423,-3.172243,-1.750754,2.191031,2.506712,0.395730,-1.642578,-0.220667,-0.737756,0.786648,1
-0.611584,-3.496074,0.748161,-0.635007,-0.445960,0.243911,-2.430938,-2.815167,0.318295,1.069401,-0.734550,-0.419819,-2.420632,-1.214622,-4.542440,-0.813861,1
-2.932658,1.301773,-5.318945,1.532902,1.313558,0.836042,-4.250233,1.829088,-3.299264,-2.963565,-0.894454,-0.855444,-0.086429,1.451455,1.413562,-2.549981,1
0.836165,-3.670221,-1.961678,-1.569358,-2.381816,-2.008472,1.262831,-1.595088,0.746595,0.850533,0.809456,-2.359499,1.079146,-0.898582,-1.094151,-1.986562,1
0.716464,1.868862,-2.154756,-1.817480,-2.020895,-0.282032,-0.824079,-3.267853,-0.900417,0.067911,-1.817760,-0.185403,-0.378767,-2.710923,-1.588212,-0.228308,1
-1.496062,-0.532031,-1.694521,0.703778,-2.185147,-0.108940,1.252953,-2.060767,-2.058337,0.063497,-0.958806,0.058264,-1.282578,-0.857065,1.115322,3.851252,1
-1.916648,0.821435,0.416691,-1.213305,-1.112918,-1.862647,0.495964,1.023041,-3.706922,-1.094619,0.590549,-3.809168,-2.208861,-1.672283,-3.493956,1.163242,1
-3.208742,1.502611,-2.081304,0.144948,1.458601,-2.379309,-0.235174,-2.289913,-4.072992,-0.435041,-0.518600,-2.797020,-2.856253,-1.772679,-2.149883,1.775048,1
-1.478335,0.140388,-1.185445,-1.440905,0.570053,-0.346655,-2.771166,-0.131294,-4.407852,1.408792,0.061598,-3.599177,-1.531494,-1.893054,-3.531885,1.575591,1
0.672285,-1.883384,-2.331264,1.672494,-0.557086,-1.838210,-2.551452,-2.783043,-1.916995,-2.486897,0.730222,-2.791521,-0.144270,-2.192713,0.519534,-1.794556,1
-5.729113,-3.842947,-2.595897,0.682539,-1.361763,0.327738,-3.271056,-1.304932,-1.153259,0.346869,1.607866,-3.432597,0.618416,1.453366,0.716867,-3.660977,1
1.008434,-0.911975,-3.502570,-2.978746,0.397448,1.271234,-0.347188,-1.012595,-3.759388,-3.361498,-0.158271,0.675378,-0.798865,1.138936,0.785306,-2.583489,1
-1.649276,-1.157760,-2.398114,-1.331895,-0.553340,-1.271970,-1.111234,-2.014369,-2.809411,-1.186236,-1.028751,-3.921796,-0.511209,1.027073,-0.290757,0.303651,1
-1.375615,-3.846504,-1.963535,-1.900858,-2.073008,-1.876993,0.061258,-0.497202,-0.254671,-4.375305,-2.562012,-1.951160,-1.706886,0.025024,-0.717813,-0.605742,1
-0.358562,-3.008015,-1.830409,-1.172639,-0.653680,2.063547,-2.536916,-2.055912,-0.609728,1.725281,-3.808978,-0.042731,-2.007330,-6.568748,-2.409664,0.523536,1
