1.081879,-1.431396,0
-0.321340,0.206544,0
-0.093753,2.388287,0
1.738144,-1.366104,0
-0.387659,0.062334,0
1.653316,-0.306612,0
0.277284,-1.284032,0
0.917743,0.141623,0
1.352239,0.563849,0
2.319999,0.468569,0
1.227747,-1.397761,0
1.171098,-0.259673,0
1.768292,-0.898424,0
0.489277,0.718635,0
0.296894,0.468859,0
0.854441,0.756455,0
0.553785,-0.065392,0
0.633713,1.015852,0
-0.146230,-1.243285,0
0.110175,1.307582,0
1.041903,-1.131248,0
0.059161,-0.082341,0
0.868743,0.145227,0
1.694841,-1.203092,0
1.505309,-0.101862,0
0.789435,-1.805736,0
1.535069,0.136230,0
-0.381206,0.554157,0
1.660836,-0.611325,0
2.216432,0.139490,0
1.434679,0.628514,0
2.075869,1.021330,0
-0.120566,-0.903641,0
0.966803,-0.328056,0
1.399010,-0.354474,0
0.716104,0.260148,0
0.798462,-2.027668,0
1.122886,-1.231605,0
2.271909,-0.399812,0
0.846973,-0.131578,0
2.097400,0.100081,0
1.908314,-0.081227,0
1.905246,-0.843636,0
1.168571,0.080687,0
2.034814,0.789184,0
0.334914,0.052856,0
1.014784,1.373088,0
1.354877,-0.246045,0
1.172241,0.711246,0
2.194963,0.806387,0
3.290653,-0.143498,0
-0.526923,0.220943,0
2.094214,0.734921,0
0.822449,0.264167,0
1.743881,-0.076211,0
0.918169,1.160810,0
0.818956,-0.503670,0
2.042768,0.491246,0
0.652726,0.960069,0
0.705648,-0.960852,0
1.212049,0.140755,0
1.082033,-0.371714,0
0.613220,0.124605,0
0.879852,-0.936624,0
0.116665,-0.860662,0
0.822567,0.788971,0
1.136690,-0.555483,0
2.092726,1.393058,0
1.042124,1.154596,0
0.888397,-0.737383,0
1.519057,-0.990193,0
1.317602,-0.888252,0
0.521547,0.452508,0
1.056426,0.224016,0
1.276916,1.139692,0
0.844667,0.511371,0
1.829885,-0.912807,0
1.765977,-0.876184,0
-0.839206,-0.566565,0
2.144982,-1.142013,0
0.421615,-0.678288,0
1.154575,0.345830,0
1.985068,0.917315,0
0.311401,0.016579,0
-0.226119,1.580674,0
0.010170,-2.072894,0
0.602864,-0.041001,0
0.361639,-0.698777,0
1.509947,0.458115,0
0.077027,0.541241,0
-0.667030,-0.708315,0
0.135589,0.052745,0
0.174045,-0.121473,0
0.044197,-0.475542,0
0.575119,0.711939,0
1.661657,-1.039358,0
2.169600,-0.164009,0
1.563687,1.099119,0
1.481739,0.406508,0
0.744640,-0.589158,0
0.585968,0.213133,0
0.866490,-0.211519,0
1.300265,-1.382576,0
0.372068,-1.361005,0
1.275827,-0.362640,0
1.940074,-0.302999,0
0.932322,0.547867,0
1.050830,0.451439,0
0.677425,-0.577720,0
1.104706,-0.203064,0
0.886429,0.898606,0
0.831280,-0.996905,0
1.318962,0.240395,0
1.640484,0.300809,0
0.154083,0.956183,0
2.109321,-0.667242,0
2.290478,-0.056670,0
1.541185,-0.037855,0
0.357905,-0.920094,0
0.684589,-0.683905,0
2.186921,1.012074,0
2.128722,-0.007415,0
0.585343,-0.272129,0
1.267172,0.205586,0
0.954854,0.379151,0
0.665116,-0.163684,0
0.140919,0.085401,0
2.925676,1.048980,0
0.809816,0.734866,0
2.170278,0.369695,0
0.377679,0.093859,0
0.901311,0.156104,0
0.974168,-0.575570,0
0.734598,1.196163,0
1.550375,-0.046093,0
1.681556,0.252317,0
0.260571,0.395159,0
0.789413,-0.336948,0
1.299136,0.206415,0
0.266135,-0.088420,0
0.613024,-0.007606,0
-0.154928,-0.393410,0
-0.444443,0.041657,0
0.636534,0.876029,0
1.261307,0.236259,0
2.089502,0.360848,0
0.605164,0.109912,0
-0.825614,-1.922834,0
1.721671,-1.035978,0
-0.767804,-0.126955,0
0.128136,-1.132300,0
1.753788,-1.035052,0
1.666836,0.727417,0
0.548074,-0.362944,0
0.025845,-0.322722,0
1.149767,-0.917628,0
0.461708,-0.217360,0
1.252208,0.458932,0
2.121373,0.259568,0
0.783113,-2.327199,0
1.139614,1.578820,0
0.810506,1.282570,0
0.980042,0.880638,0
0.035808,1.214267,0
0.127224,0.112786,0
1.768850,-0.142516,0
1.849911,0.036329,0
1.229426,-0.266301,0
1.173219,0.525576,0
2.048001,0.266827,0
-0.579961,0.196261,0
-0.098207,-0.798072,0
1.905610,0.205216,0
1.192457,-0.533518,0
0.543247,0.538766,0
0.582864,-0.244058,0
1.260165,-0.830121,0
0.123516,-0.206595,0
1.481038,-0.521082,0
0.177954,-1.859209,0
1.382109,-0.757957,0
1.160986,0.769761,0
1.069997,0.648749,0
0.621628,-0.009914,0
0.247504,-0.915278,0
1.637023,0.177723,0
0.195013,-0.386796,0
1.908262,-0.134234,0
1.024344,0.916741,0
0.366211,0.538293,0
0.657831,0.099655,0
1.159040,-0.850963,0
1.725777,1.270621,0
0.717812,-0.739213,0
2.661851,0.808750,0
1.912229,1.580120,0
2.468434,1.107485,0
-0.329859,0.619327,0
1.944113,-0.374632,0
2.667106,0.133775,0
0.782781,0.500691,0
1.774984,-0.675508,0
0.551374,-0.059623,0
1.713393,-0.006169,0
2.022758,-0.157660,0
0.765292,-0.598167,0
0.486187,-0.291357,0
0.767575,0.805643,0
0.527691,-1.115627,0
1.022966,-0.532741,0
1.241390,-0.352632,0
0.068539,0.860486,0
1.269629,0.189547,0
0.562626,-0.018870,0
1.782421,0.916454,0
1.114244,0.113255,0
-0.191296,-0.144520,0
0.549958,-0.894996,0
0.544150,-0.925475,0
0.233984,0.977164,0
0.675123,0.653603,0
0.601944,-0.162476,0
-0.489851,0.295538,0
1.633482,0.552224,0
0.751162,0.803031,0
1.433300,-1.310181,0
1.531807,-0.102574,0
-0.212087,-1.328324,0
2.066781,0.291303,0
1.712992,0.089322,0
1.213166,-0.398934,0
0.984566,-0.380183,0
0.476446,-0.716330,0
0.937233,-0.263734,0
1.342426,0.936192,0
0.352559,-0.405736,0
-0.226365,-0.552421,0
1.454852,0.525768,0
1.490329,-0.317077,0
1.768457,0.447459,0
1.375321,-0.798975,0
0.941196,0.630633,0
0.762971,1.199243,0
1.265182,-0.742668,0
0.759180,-0.477686,0
0.080844,-0.772629,0
1.441503,0.840501,0
1.571717,1.326510,0
0.284941,-0.556607,0
0.116861,-0.232367,0
1.671054,0.263048,0
0.924956,0.997137,0
0.110451,-0.175952,0
0.359848,-1.088844,0
1.480405,-0.642146,0
1.077085,0.581509,0
1.483977,-0.095809,0
1.548936,0.917805,0
1.646314,0.331663,0
1.393251,-0.007525,0
0.246466,0.284745,0
0.799327,0.349292,0
0.508829,-0.252672,0
0.697038,0.756053,0
0.608447,-0.247383,0
1.205354,0.177277,0
0.716964,1.326254,0
0.601652,-0.096663,0
1.014145,-0.371965,0
0.263914,-1.624531,0
1.570917,1.317994,0
1.553927,-0.189690,0
0.078552,-1.221461,0
0.283196,0.854410,0
1.071807,-0.230242,0
0.993070,0.175701,0
0.399305,0.772972,0
1.262592,-2.320984,0
2.144203,1.189433,0
0.908455,-0.879622,0
0.510955,-0.431484,0
0.704267,0.261781,0
1.161707,0.862708,0
0.548499,0.831100,0
1.416679,0.641350,0
0.596819,0.419654,0
1.604766,-1.341294,0
1.116689,0.420258,0
1.688359,-0.202839,0
0.159669,0.426329,0
0.784684,0.312010,0
0.681420,-0.179672,0
0.721237,-0.233045,0
1.519744,0.138987,0
1.948610,-0.739169,0
1.163964,-0.551442,0
-0.171198,0.399121,0
0.081838,-0.067390,0
0.369864,0.541960,0
0.131413,-0.717245,0
0.449893,-0.253488,0
0.790354,0.150308,0
0.429944,0.350878,0
0.943344,-0.608530,0
1.641772,-0.338593,0
1.184837,1.144655,0
1.235112,0.143159,0
-0.648618,0.832676,0
0.503655,-0.948007,0
1.829293,0.288643,0
0.890936,-0.817810,0
0.488481,-0.653878,0
1.515713,-1.097658,0
1.930065,-0.082609,0
0.566514,0.908164,0
0.938905,-0.658201,0
1.261585,-1.063778,0
0.945123,-0.265324,0
0.524518,-0.163974,0
1.213241,-0.827213,0
1.732951,0.020936,0
0.174564,-0.756368,0
1.739516,0.601617,0
1.282386,0.531757,0
1.335482,1.932846,0
0.376678,-0.142873,0
0.629802,0.143253,0
0.543794,-0.529674,0
1.242733,0.774380,0
0.488878,1.135835,0
1.704161,-2.408698,0
0.601939,0.207193,0
1.327078,-0.874505,0
0.918418,-0.881648,0
0.020006,-0.152250,0
0.832937,1.524641,0
1.849502,1.280831,0
-0.732116,0.746806,0
1.041074,-0.630490,0
-0.565339,-1.036729,0
-0.067799,0.099441,0
-0.286217,0.789015,0
-0.087598,-0.976440,0
0.858087,-0.838842,0
2.696341,0.646711,0
1.125020,-0.170617,0
0.979870,-1.838158,0
-0.076772,1.456020,0
2.287645,-0.505086,0
2.735180,0.885924,0
0.864536,0.157055,0
1.371936,-0.645021,0
0.837755,0.181292,0
1.038494,-0.996305,0
0.188625,-0.420677,0
0.782742,-1.117092,0
1.063432,-0.395077,0
1.344658,1.055445,0
0.871390,-0.878848,0
1.556810,-0.435061,0
0.753937,-0.082798,0
0.946242,-0.723118,0
-0.171884,0.958195,0
0.726802,1.560792,0
1.522591,0.004096,0
0.691844,0.563882,0
1.699937,0.316751,0
1.546056,0.758942,0
1.128306,-0.070085,0
0.570736,-0.074221,0
0.689362,0.269128,0
0.608509,1.630064,0
0.959590,-0.429043,0
1.097443,-0.081231,0
0.039736,0.205816,0
2.427677,-1.118550,0
-0.074734,-1.138860,0
-0.244581,0.020880,0
-0.001529,0.072593,0
0.632866,0.100608,0
1.253745,0.350247,0
0.787641,0.031090,0
-0.251063,-0.718398,0
0.844524,1.097926,0
0.837379,-0.071941,0
0.938209,-0.392131,0
-0.639712,-0.925724,0
1.913039,1.645205,0
2.088967,0.094470,0
1.205332,0.754256,0
0.188014,-0.288531,0
1.602936,0.361773,0
0.255984,0.056643,0
0.663995,1.296885,0
0.111037,0.520667,0
-0.111094,0.837820,0
0.613810,-0.918977,0
1.771617,0.811947,0
1.459090,1.158104,0
1.097661,-0.325549,0
0.913719,-0.774745,0
0.488450,-0.997027,0
0.433655,-0.892951,0
1.893635,0.664354,0
1.294478,0.686265,0
0.779215,-0.222952,0
1.528724,0.601638,0
1.493728,0.009902,0
0.829147,-0.972831,0
0.854905,0.024099,0
0.881906,0.612670,0
0.621848,-1.370211,0
1.719153,-0.649995,0
0.934141,1.239633,0
1.762343,-0.405813,0
1.336975,-0.393153,0
2.294539,0.802260,0
0.787182,-1.210185,0
1.331899,-0.444539,0
1.280545,0.805537,0
0.750250,-0.543592,0
1.307325,0.353728,0
0.339258,-0.660726,0
1.384311,0.464621,0
0.731078,-1.171612,0
0.741206,-0.403009,0
1.527360,-0.206136,0
0.849393,-1.097539,0
1.343471,0.885046,0
2.268043,-0.607926,0
1.163088,1.471730,0
1.527844,-0.228287,0
0.159419,0.355599,0
1.206146,-0.834169,0
0.814491,-0.328905,0
0.277036,0.340898,0
1.016371,-0.160510,0
1.369224,-0.321236,0
0.268727,0.828254,0
0.913356,-0.002763,0
1.498539,-0.141742,0
1.433975,-0.069781,0
0.595789,-0.085824,0
1.430484,1.445885,0
1.541015,0.615909,0
-0.120977,-0.158047,0
0.986262,-0.514371,0
2.436216,1.030162,0
0.853956,0.268542,0
0.739159,-1.177036,0
1.599346,0.559736,0
1.558346,-0.571501,0
0.873025,-0.090074,0
1.497942,0.834885,0
-0.094384,0.056967,0
0.893364,0.192334,0
2.485731,0.731925,0
1.203139,-0.596467,0
1.942270,0.298422,0
2.320091,-0.890396,0
1.389849,0.001714,0
1.623885,0.303819,0
1.441905,0.050053,0
0.887921,0.100937,0
1.279216,-0.812796,0
0.279411,0.047302,0
1.270176,0.548690,0
1.374281,0.619295,0
1.004682,0.365554,0
0.914805,-0.370174,0
1.288786,-0.179194,0
2.154368,-0.185697,0
1.850241,0.066220,0
2.571621,0.282402,0
0.320633,0.005518,0
0.074237,0.198395,0
0.520561,0.191151,0
2.034392,-0.116442,0
2.164164,0.128637,0
0.862699,0.379771,0
1.530897,0.469181,0
1.130131,0.678847,0
1.545513,0.322342,0
-0.247597,-0.945178,0
0.560953,0.547500,0
0.960217,-0.509692,0
0.108418,-0.828438,0
0.382150,0.855802,0
0.257054,0.285312,0
0.843794,-0.456241,0
0.830857,-0.003508,0
1.074005,0.375212,0
1.094557,-0.669703,0
0.718163,-1.067424,0
1.065902,0.796341,0
2.054133,2.322045,0
0.099466,1.694941,0
1.827389,-0.605183,0
1.227207,1.677901,0
0.015478,-0.155574,0
1.902466,0.006234,0
1.179247,1.172771,0
2.609817,-0.874471,0
1.668258,-0.644532,0
1.144554,-1.152211,0
1.200807,0.574888,0
1.055576,-0.085118,0
1.144923,0.619385,0
1.390500,-0.859690,0
1.400192,-0.915571,0
1.442226,0.867562,0
1.098587,1.650270,0
0.750295,-0.323769,0
2.499779,-0.548634,0
1.089254,1.283274,0
1.593133,0.234542,0
1.824387,0.418792,0
2.594817,-0.294520,0
0.520210,0.940512,0
1.613251,-0.410708,0
1.451269,0.185475,0
1.580317,0.043882,0
0.550831,-0.589957,0
0.465913,0.225517,0
1.349014,0.602339,0
-0.581883,0.674451,0
1.601969,-0.821124,0
1.995470,-0.379012,0
1.859741,0.301339,0
0.486734,-0.684464,0
1.756363,0.026124,0
1.307347,0.196497,0
0.189591,0.038919,0
0.725035,0.270891,0
1.021726,-1.200012,0
1.108824,0.356230,0
0.634933,1.030179,0
2.654151,-0.958449,0
1.189806,0.678210,0
1.892303,1.394784,0
0.884768,-0.692929,0
1.661333,0.555932,0
1.022366,0.289146,0
-0.034421,0.848525,0
0.136507,0.397414,0
1.308747,-0.294462,0
0.976598,-0.221639,0
0.934134,-0.157022,0
0.413970,-0.006422,0
1.588903,1.343775,0
1.480259,0.308634,0
0.845124,0.133777,0
1.252183,0.708944,0
1.953362,-1.038984,0
2.254112,-0.755081,0
0.931031,-0.020749,0
1.375566,0.669360,0
1.251225,0.188152,0
1.025083,0.388384,0
0.284228,0.015911,0
1.497819,-0.649197,0
0.389980,0.079178,0
0.661670,-0.491873,0
1.804404,1.214553,0
0.549476,-0.153207,0
-0.043133,0.387044,0
2.465420,0.727895,0
0.372496,0.536577,0
1.857968,0.383684,0
1.026377,-1.487527,0
2.216374,1.020025,0
0.495789,-0.172700,0
0.688862,-1.081006,0
1.442886,-1.845336,0
2.188160,-1.246670,0
0.219493,-0.539279,0
0.791958,0.344514,0
0.570334,0.729251,0
1.296076,0.208057,0
1.659544,0.286593,0
0.908718,2.093570,0
0.256616,0.242615,0
0.575063,-0.325284,0
0.701590,0.827067,0
0.853873,0.234092,0
0.279011,0.506515,0
2.292343,-0.580138,0
0.172009,0.601837,0
2.116019,-0.660692,0
2.183819,0.551009,0
0.408467,-0.004609,0
1.952139,0.525438,0
1.437576,-0.342164,0
0.471053,-1.028363,0
0.411355,0.389055,0
2.599973,-0.810876,0
0.880117,-0.351328,0
-0.297334,0.551603,0
1.894747,-1.089335,0
0.419847,-0.044194,0
1.456122,-0.272602,0
1.095558,0.254313,0
0.388382,-0.041001,0
1.635907,-0.196463,0
0.475680,0.210901,0
0.585687,0.564080,0
1.283418,0.371701,0
0.788360,-0.996224,0
1.482679,0.795840,0
1.408563,-0.445343,0
0.324540,0.322633,0
0.975586,-0.672140,0
1.060356,-0.663349,0
0.486778,-0.734014,0
-0.710512,-1.744473,0
0.275717,0.680272,0
0.927057,0.706922,0
0.265381,-0.967339,0
0.876195,-0.567425,0
0.981801,-1.073184,0
1.018389,0.725597,0
1.155185,0.127350,0
2.154625,-0.436112,0
1.994344,-1.270651,0
1.253472,-0.087789,0
1.997781,-0.410382,0
1.768564,0.043094,0
1.748938,-0.372077,0
1.062199,-1.301615,0
-0.867082,0.298944,0
-0.050625,1.116242,0
1.457766,-0.821241,0
0.766914,-0.782261,0
1.545507,-0.444312,0
0.946125,-0.468085,0
2.341060,-0.011848,0
0.847833,0.198156,0
1.166317,1.324366,0
-0.939013,-0.200581,0
0.413846,0.030284,0
0.584827,0.056464,0
2.025462,-0.214033,0
0.854420,-0.001606,0
1.195325,0.508575,0
-0.355668,0.317500,0
1.049566,0.999025,0
0.668222,1.644846,0
0.907662,1.066336,0
1.811911,1.106558,0
0.102216,-0.008566,0
1.375690,0.113714,0
1.624338,-0.463798,0
0.955650,0.131401,0
-0.591735,0.001976,0
0.578589,1.398213,0
0.462279,1.321511,0
1.074270,0.656641,0
1.047436,0.479359,0
-0.041778,-0.588882,0
1.163292,0.472265,0
0.358580,1.375711,0
1.142412,-0.031726,0
1.967112,0.047095,0
0.588844,-0.095680,0
1.310356,-0.224935,0
0.070204,-0.406067,0
2.580904,0.507406,0
0.246308,0.286046,0
0.996953,0.043177,0
0.201746,-0.002102,0
-0.124838,0.601141,0
2.127729,-0.360336,0
1.818298,0.006859,0
1.932231,-0.667777,0
0.834965,-0.303521,0
1.879357,-0.444307,0
0.260552,-1.104674,0
0.331309,-0.093862,0
-0.180951,-0.533045,0
0.534617,-0.474519,0
0.999185,-0.789015,0
0.680055,0.165363,0
0.592001,0.287900,0
-0.053977,0.549558,0
0.466697,0.163522,0
2.351837,-0.266166,0
0.732823,-0.309433,0
0.178405,0.213192,0
2.405769,-0.865528,0
1.164259,0.572256,0
0.653645,-0.808832,0
0.231673,0.574357,0
1.519423,0.505289,0
2.365434,0.785187,0
0.764963,-1.305021,0
0.640818,0.443438,0
1.270960,-1.834589,0
2.059866,-0.411782,0
1.928359,-0.332084,0
1.206021,-0.426522,0
1.168806,-0.557215,0
2.568671,-0.301442,0
-0.235125,-0.084185,0
0.387958,1.105735,0
2.706556,-0.273622,0
1.984785,-0.441020,0
1.822259,0.665159,0
0.647166,-0.215105,0
1.119857,1.393186,0
0.295079,-0.642431,0
0.815198,0.814843,0
1.238416,-0.691011,0
0.300924,1.197888,0
0.780203,-1.006441,0
2.478874,0.391468,0
0.121130,-0.440143,0
1.295087,1.519614,0
2.006693,-0.507173,0
1.003149,1.231874,0
0.938343,-1.070095,0
1.989137,-0.727879,0
0.011897,2.618479,0
-0.656914,-0.271007,0
1.189936,1.002570,0
-0.326480,-0.096642,0
1.993921,-0.972074,0
-0.691442,0.679749,0
2.336004,0.067379,0
1.017246,0.291834,0
0.621168,0.495172,0
1.116341,-0.831942,0
0.297454,-0.008499,0
0.392884,-0.237752,0
0.813987,1.365900,0
1.376615,-0.023321,0
2.037052,-0.368899,0
1.493112,1.290882,0
-0.365019,-0.878541,0
0.728997,1.275456,0
1.675388,0.597605,0
2.737742,-0.417274,0
0.275053,0.267812,0
0.823313,-0.161702,0
0.842144,0.194342,0
0.856791,0.700452,0
1.476017,-0.282225,0
1.581737,1.456532,0
-0.394171,0.832199,0
1.412739,0.281446,0
0.654475,-0.875763,0
1.023457,1.300610,0
0.762487,-0.651715,0
0.438221,-0.276685,0
1.777906,0.352861,0
-0.945088,0.312311,0
0.909671,-1.176461,0
0.700845,-0.015539,0
1.781417,-1.447230,0
1.237864,0.365590,0
0.991938,0.833894,0
1.485302,-0.351643,0
1.743679,-0.963809,0
1.377779,-0.447169,0
0.995959,-1.250907,0
-0.094121,0.711282,0
-0.324457,-0.606302,0
1.166928,-1.133627,0
3.007427,0.211787,0
1.294979,0.830183,0
1.623070,-0.787508,0
-0.590665,-1.048354,0
1.060109,0.040220,0
0.415408,-0.715367,0
-0.542935,0.309554,0
2.166094,0.772161,0
-1.054496,-0.049378,0
1.008160,-0.235892,0
1.747866,0.587142,0
1.321633,-0.004693,0
1.165724,-0.514253,0
0.113869,-0.074054,0
1.347473,-0.300897,0
2.542256,-1.131124,0
0.829235,0.328089,0
2.124480,-0.142285,0
0.466699,-0.632316,0
2.156520,-1.755541,0
1.058056,-0.683096,0
1.164487,-0.297551,0
1.407351,0.342129,0
-0.057440,0.895935,0
0.256720,-0.314461,0
1.605351,0.277776,0
0.425756,-0.939820,0
0.677818,0.055457,0
0.846537,-0.655938,0
1.298478,0.132293,0
1.098757,0.528698,0
0.263350,-0.794370,0
1.238526,1.373311,0
0.551919,1.471021,0
0.358850,-0.111712,0
1.156908,0.357041,0
0.786675,0.742758,0
1.494882,0.975712,0
0.264761,0.613753,0
0.820426,-0.201354,0
1.511679,0.094371,0
0.874359,0.598849,0
0.481471,-1.000637,0
1.249094,-0.165711,0
-0.078178,0.604087,0
1.313391,-0.203310,0
0.193876,-0.299678,0
2.068415,-0.275514,0
1.335079,1.000905,0
1.389194,-1.026778,0
0.785225,-0.084043,0
2.658494,0.694458,0
1.235946,-0.470277,0
1.055467,0.677626,0
0.404249,-0.366300,0
2.248947,0.959893,0
1.160596,0.008797,0
0.145135,1.144048,0
2.669680,0.400254,0
1.047770,-0.713676,0
0.475106,0.187011,0
1.214641,1.674059,0
0.745022,0.340103,0
2.103968,-0.573761,0
2.266246,0.864960,0
1.090198,-0.563153,0
0.726757,1.765423,0
0.400074,0.273842,0
0.667159,-0.562561,0
1.385412,0.052639,0
0.587887,-1.238548,0
1.530573,-0.803978,0
1.685457,-1.055477,0
0.548768,-0.802154,0
1.186245,-1.380057,0
2.063025,0.209382,0
1.352761,-0.374137,0
1.881506,-0.338259,0
1.097359,-0.056535,0
0.999285,-0.508948,0
0.534239,0.228891,0
1.556331,0.465067,0
1.101025,-0.390798,0
1.939912,0.111797,0
0.671909,-0.287302,0
0.387945,0.470845,0
1.113769,-0.210917,0
0.881788,-0.324294,0
-0.642693,0.743010,0
0.393860,-0.180200,0
1.806295,1.324344,0
1.052634,0.781571,0
1.248189,0.600570,0
0.365351,-0.317540,0
-0.052753,-1.289270,0
0.147167,0.545340,0
1.188116,-0.001569,0
-0.131932,-0.244895,0
1.047192,2.018962,0
2.665682,0.456186,0
1.117306,-0.651954,0
0.383627,1.317529,0
0.884090,-0.227552,0
1.391684,-0.825707,0
1.333715,-0.497197,0
1.429971,-0.640395,0
2.435772,0.407964,0
0.188670,0.827450,0
0.815341,-0.032081,0
2.486132,-0.744096,0
1.966404,0.698395,0
0.933401,-1.508821,0
2.583399,0.528031,0
0.295614,0.310500,0
0.271203,0.006123,0
-0.038629,0.144844,0
1.165430,-0.410438,0
1.794956,-0.899184,0
0.626353,0.294997,0
1.652645,-0.269129,0
-0.240434,0.295459,0
1.760276,0.527680,0
-0.843686,0.338712,0
0.871511,-0.953477,0
-0.510733,0.107840,0
0.968368,0.861678,0
1.160914,-0.504789,0
1.052161,-1.557787,0
1.527007,0.278404,0
2.138609,-0.320487,0
0.526457,2.417833,0
0.477694,0.197364,0
0.524682,-0.636922,0
-0.333661,-0.595625,0
0.424970,-0.177814,0
0.596993,1.096417,0
-0.763110,-0.020345,0
1.760762,0.241091,0
3.006180,0.474632,0
0.474120,0.031726,0
2.245419,-1.700160,0
-0.179363,-0.711293,0
0.303345,-1.439731,0
1.512241,-0.903125,0
0.820199,-0.344007,0
0.981682,-0.389772,0
1.555210,-0.868882,0
0.608274,0.547263,0
2.057618,0.666822,0
0.845967,-0.842310,0
1.124679,-0.019872,0
1.756297,-1.671878,0
1.840750,-0.016119,0
1.634009,-0.564193,0
1.093115,1.399290,0
1.200025,0.553766,0
0.325141,0.238089,0
1.208291,-0.249002,0
1.352069,0.567606,0
1.209470,-0.849475,0
1.683344,0.521305,0
0.744865,-0.302311,0
-0.387868,0.142854,0
1.943030,0.352947,0
2.074695,0.728163,0
0.534112,0.638320,0
1.304071,0.248401,0
1.193528,-0.977167,0
1.017067,0.225002,0
0.856604,-0.429050,0
0.938313,-0.761458,0
0.570704,0.303907,0
1.216801,0.556526,0
1.150867,-0.393183,0
0.992429,0.165899,0
1.211198,0.664098,0
0.241175,-1.278904,0
-0.276615,0.581292,0
2.160472,0.953754,0
2.294802,-0.467903,0
1.021925,0.320115,0
0.654435,-0.684552,0
0.653713,0.893852,0
-0.210216,-0.753060,0
1.080886,0.264089,0
1.654815,0.647870,0
1.571013,-0.001248,0
0.601732,0.726442,0
0.227560,0.220667,0
1.416123,-0.027019,0
0.439645,0.313729,0
1.217798,-0.492499,0
0.381848,1.317323,0
0.201631,-0.703245,0
1.563472,-0.001982,0
1.339594,0.318414,0
0.479197,0.637030,0
0.998304,-0.848699,0
0.079049,0.111024,0
0.404786,-1.212079,0
1.049235,0.071103,0
1.704555,-1.078351,0
-0.213318,1.362614,0
-0.241906,0.533968,0
0.342198,-1.783234,0
0.490795,-1.352288,0
0.838961,-0.343897,0
1.508164,-0.392750,0
0.923929,-0.620540,0
0.781900,-0.451334,0
0.604214,-1.020467,0
0.907736,0.265886,0
1.749302,0.474944,0
-0.187283,0.349290,0
0.883296,-1.301545,0
-0.434002,0.770020,0
0.586842,-0.497001,0
1.282663,-0.331361,0
2.251407,-0.950701,0
2.029241,0.815292,0
2.262951,0.089514,0
1.447613,-0.108562,0
-0.370022,0.415701,0
0.112723,-0.174352,0
0.097199,-0.400502,0
-0.451472,-1.104541,0
0.200872,-0.422932,0
0.550228,1.075922,0
0.857762,-0.164334,0
-0.140913,-0.164024,0
0.967451,-0.765507,0
1.580687,-1.039013,0
0.281881,-0.441136,0
1.199330,-1.798227,0
1.647947,0.438767,0
1.785765,0.578227,0
2.299936,-0.119890,0
2.477889,0.199300,0
0.749201,-0.347980,0
1.014719,-0.026159,0
2.826468,0.835269,0
0.892158,0.235886,0
3.170586,-0.492972,0
0.464783,0.708740,0
1.089939,0.287252,0
-0.806929,0.402137,0
2.144233,-0.330822,0
0.613958,-0.826639,0
1.106593,0.466238,0
1.519491,1.367710,0
0.661585,0.202114,0
1.521916,0.612261,0
0.448975,0.265237,0
1.875455,-0.460360,0
-0.779598,-0.550651,0
1.237508,-0.358643,0
0.418396,-0.347875,0
1.556165,-1.619717,0
0.740822,0.458175,0
0.931243,0.538416,0
0.455358,-0.154863,0
0.237198,-0.619637,0
0.689708,-0.808435,0
-0.008582,-0.398116,0
1.093030,-0.131376,0
1.019931,0.661423,0
0.514375,0.847735,0
1.250191,0.203558,0
-0.488267,0.678152,0
-0.137741,1.736509,0
2.274158,0.383219,0
1.118470,0.425854,0
1.606300,0.581097,0
1.051894,0.211652,0
0.361157,-0.016465,0
1.447010,0.330425,0
0.691493,1.132033,0
0.817145,0.459014,0
0.811865,-1.292338,0
0.977477,0.482779,0
1.319676,1.740131,0
0.254341,-0.053048,0
-0.407431,-0.392766,0
1.178631,0.136263,0
1.723254,-0.153325,0
1.135796,-0.074548,0
1.529844,0.600083,0
1.753650,-1.053602,0
0.844688,0.984355,0
0.909054,-0.209455,0
2.231906,0.174335,0
-0.439230,-1.076861,0
1.676035,1.179397,0
0.587048,0.856317,0
-0.066958,0.844770,0
0.130080,-0.300289,0
1.764946,-0.450453,0
-0.045577,-0.734578,0
2.190187,-0.294836,0
0.575944,-0.234190,0
0.463201,-0.458806,0
0.914083,0.782282,0
1.039248,-1.362242,0
1.273299,-0.557277,0
0.728485,0.577723,0
0.616070,-0.034547,0
1.597805,-0.475882,0
0.867842,0.245600,0
0.901181,0.403630,0
1.345574,-1.259289,0
-0.377087,1.121790,0
0.577095,-1.397517,0
1.163239,1.027300,0
1.439626,1.280271,0
-0.401204,-1.232868,0
0.918947,0.943841,0
0.985448,-0.687391,0
-0.011112,0.607371,0
0.956729,0.920481,0
2.433572,0.267048,0
1.882603,-0.636403,0
0.298959,-0.047624,0
0.630039,-0.314186,0
1.407347,-0.173223,0
0.745124,0.123391,0
1.338314,-1.919883,0
1.284202,1.594950,0
1.174696,-0.168947,0
-0.013797,0.091974,0
2.251132,-0.624717,0
1.719403,-1.271988,0
1.128393,-0.976197,0
2.132523,0.508295,0
0.566169,-0.631667,0
0.291427,-0.206810,0
1.689007,1.143447,0
1.177804,-0.264472,0
-0.719862,0.087533,0
1.054635,-0.757256,0
1.094943,-0.630995,0
1.677487,0.298743,0
1.021080,0.495676,0
1.318983,0.115008,0
0.766138,0.591942,0
1.165833,0.904553,0
0.515679,-0.319473,0
2.120517,-0.261864,0
-0.865514,-0.100567,0
1.788182,-1.046480,0
0.676481,0.247156,0
1.659821,0.547819,0
1.867847,0.472843,0
0.528325,-1.499416,0
0.540260,0.019090,0
0.756166,-1.681386,0
1.172769,0.572158,0
1.663933,-0.221864,0
1.645379,0.376960,0
1.877560,0.099333,0
0.797629,1.195243,0
0.602498,-0.683193,0
2.024258,-0.116880,0
1.648567,0.718617,0
0.808248,-0.225509,0
2.317717,-0.761420,0
0.925961,-0.888655,0
0.526991,0.726315,0
3.440995,0.359050,0
0.310158,-1.141857,0
0.164324,-1.354726,0
2.090595,-0.393323,0
0.929264,0.258527,0
0.827390,-0.053748,0
1.793169,-0.178447,0
0.654519,0.083733,0
1.420118,0.476988,0
0.156208,0.785148,0
1.985635,-0.340389,0
0.262252,-0.347574,0
1.163512,-0.123381,0
1.434302,-0.009087,0
1.980142,-0.452136,0
1.979470,0.707478,0
1.425770,0.308533,0
0.848061,-0.693635,0
0.841839,-0.090455,0
0.716766,1.619229,0
0.114604,-0.031976,0
0.265791,-0.002785,0
0.755564,-0.001936,0
1.315315,-0.132039,0
1.093912,0.748351,0
1.655554,-0.921020,0
0.912625,-1.475844,0
0.839041,-0.079083,0
1.009521,-0.237895,0
2.900806,-1.137494,0
-0.134676,-0.117710,0
0.550946,-0.615283,0
0.331160,-0.051950,0
1.172523,0.165814,0
0.968898,-0.831367,0
0.160806,0.804426,0
2.044570,0.342947,0
0.609936,0.179504,0
1.502694,-0.061295,0
0.828479,-0.815214,0
0.127262,0.280524,0
0.185238,-1.073304,0
1.759319,-0.593385,0
-0.017965,-0.298053,0
2.340638,0.439724,0
1.204715,-0.175146,0
2.711302,-1.291995,0
1.716194,-1.181940,0
-0.954639,0.975523,0
1.623070,0.204064,0
1.908222,-0.604604,0
1.048160,0.210915,0
1.656115,-0.663102,0
1.463095,0.317863,0
0.280073,-0.123985,0
1.226704,0.665039,0
1.958403,-0.945109,0
1.175178,-0.415452,0
0.373632,1.867874,0
-0.066547,-0.696983,0
0.475469,-0.412775,0
-0.276521,1.296774,0
-0.410486,1.041999,0
2.359245,-0.945225,0
0.776232,0.261946,0
-0.006834,1.167224,0
0.128603,-0.665910,0
0.763692,0.406664,0
0.247088,1.334282,0
1.190108,-0.693771,0
2.084224,-0.317592,0
1.318303,-1.058585,0
3.329993,-1.208940,0
2.049300,-0.045630,0
1.834360,-0.227542,0
1.037587,-0.214042,0
2.357291,0.116790,0
1.465102,-0.864413,0
1.639592,0.132360,0
0.981506,0.874564,0
1.257437,-0.323543,0
0.985402,0.576768,0
0.589789,-0.510674,0
-0.580934,-1.274910,0
1.324478,0.375658,0
0.745352,-0.338039,0
0.118355,0.482472,0
1.146469,-0.429603,0
1.591395,-1.026415,0
1.000821,1.742666,0
-0.873139,0.028708,0
1.814375,0.592422,0
0.068736,-0.573914,0
0.732062,-0.168622,0
1.361139,-0.104414,0
0.764378,0.574546,0
0.095585,0.220505,0
1.496922,-0.039045,0
0.779813,0.538381,0
1.859019,-0.296653,0
0.936473,-1.920000,0
1.016109,-0.324147,0
0.979639,-0.642851,0
1.884579,1.690136,0
1.592373,-0.495343,0
-0.104183,-0.258627,0
-0.675455,-0.771585,0
0.796211,-0.100938,0
2.966876,-0.352268,0
0.749526,-0.113617,0
-0.480403,-0.130033,0
2.030606,1.118520,0
0.776891,0.632042,0
1.565705,1.414412,0
1.138366,0.696379,0
-0.323749,0.163780,0
1.571579,0.965483,0
2.247992,-0.005806,0
-0.126730,1.285559,0
0.219812,0.589485,0
1.627254,-0.569656,0
2.641410,-1.801475,0
0.495635,-0.795984,0
0.665581,-0.682716,0
0.675881,-0.475346,0
0.518195,-0.491528,0
1.224808,-0.294345,0
2.881258,-0.744584,0
1.366164,-1.826472,0
2.072107,-0.558861,0
0.442729,-1.569297,0
1.387201,1.066344,0
1.322050,-0.680605,0
0.938453,-0.879099,0
0.710445,1.157574,0
0.775331,-1.096872,0
1.482237,-0.713465,0
2.277596,0.912754,0
0.822493,0.305538,0
0.261890,0.648445,0
-0.025619,0.549585,0
0.191278,-0.945466,0
0.792520,-1.058363,0
1.713837,-0.063436,0
0.727532,-0.914709,0
0.016749,-0.305155,0
1.193413,-0.021483,0
-0.002249,-0.550316,0
1.657106,0.214865,0
1.058327,0.161055,0
1.314214,1.737545,0
0.322725,-0.708071,0
0.766949,0.617126,0
1.652732,0.899597,0
-0.053348,-1.005409,0
1.309571,-1.508497,0
1.506284,-0.401639,0
0.922403,0.537691,0
1.268019,0.765438,0
0.917767,0.431522,0
1.177667,-1.623689,0
0.747158,-0.678385,0
2.120795,0.277702,0
2.055509,0.729312,0
0.691869,0.882182,0
-0.916616,0.419009,0
-0.202463,0.305633,0
0.028619,1.052502,0
1.242643,0.067144,0
1.685948,-0.302136,0
0.249718,-0.112853,0
0.455621,0.309674,0
1.515783,-0.361167,0
1.672797,-0.776267,0
0.745835,0.368488,0
0.388578,0.496130,0
1.372114,-0.358465,0
1.105166,-0.587607,0
1.427396,-0.335254,0
-0.818819,-1.418023,0
0.604070,1.949330,0
1.557699,-0.860928,0
0.222013,-0.553123,0
1.402023,0.761348,0
0.896332,0.188914,0
0.640522,-0.418896,0
0.499357,0.007308,0
0.516834,-1.180462,0
2.108461,0.901631,0
1.370855,-0.580972,0
0.838430,-0.487838,0
0.897372,-0.938807,0
0.557183,1.444575,0
0.349126,-1.405852,0
1.824593,-1.154873,0
0.530826,1.221317,0
0.809546,-0.701017,0
1.201074,0.599538,0
0.764897,-0.385119,0
1.279264,-0.998491,0
0.215997,0.387265,0
2.007582,-0.515124,0
0.989542,-1.030952,0
0.775953,-0.713866,0
-0.163056,0.444682,0
0.572340,-0.709659,0
-0.298280,0.158499,0
2.056621,0.226862,0
1.746896,-0.910294,0
0.163913,0.208414,0
0.913832,-1.537684,0
1.220457,-0.163813,0
3.174020,0.332867,0
-0.302701,-0.052478,0
1.437971,1.281599,0
1.106475,0.614540,0
1.447027,0.331824,0
0.663317,0.413007,0
1.036035,-0.008222,0
2.124603,-1.352495,0
0.195610,0.487699,0
0.988873,1.014936,0
1.245935,0.696098,0
1.115719,0.829909,0
0.998680,-0.337676,0
1.939360,1.059284,0
1.092432,0.771313,0
1.047519,0.886184,0
2.022241,-0.211090,0
0.710046,-0.762841,0
1.063367,0.260374,0
1.037658,-0.226278,0
0.729631,0.690300,0
0.953983,0.504689,0
1.143669,-0.031883,0
-0.058656,0.334847,0
1.022226,-0.602724,0
1.410647,-0.317186,0
0.506068,-0.414455,0
2.245812,0.455428,0
1.651998,-0.185074,0
2.045899,0.414549,0
1.776572,-0.934714,0
0.806322,0.887751,0
2.380995,0.645599,0
0.785112,-1.969876,0
0.601278,-0.723091,0
-0.357324,1.266959,0
-0.577417,-1.576409,0
0.632721,-1.183190,0
1.304357,0.482768,0
0.043403,-0.457367,0
2.435373,0.240437,0
0.903805,0.057617,0
1.188684,0.700401,0
0.983775,-0.008955,0
1.402346,0.681426,0
0.561736,0.876330,0
1.287777,0.656893,0
1.158206,-0.135006,0
0.706119,0.715348,0
1.397858,-0.509929,0
1.230531,-0.829246,0
1.209064,-0.162819,0
2.368065,-0.125680,0
0.003166,-0.957482,0
-0.326460,-0.236272,0
1.839428,0.556396,0
1.065286,-0.733758,0
1.074253,-0.256846,0
1.730136,1.362806,0
1.319093,-0.391495,0
0.240764,-0.892049,0
1.562525,0.694064,0
1.146762,-1.505276,0
1.456663,-1.598375,0
1.937830,-0.039484,0
0.479536,0.459243,0
0.600753,-0.855759,0
0.400834,0.295010,0
0.656180,0.429064,0
1.097967,-0.937749,0
1.037401,0.676236,0
0.058992,-0.560069,0
0.009475,0.360319,0
0.597573,-1.879810,0
1.146644,1.704896,0
1.394125,1.556821,0
1.411181,0.996397,0
0.783531,0.204555,0
1.288952,-0.350953,0
0.486627,0.263131,0
-0.791169,0.013392,0
1.113223,0.762316,0
0.643717,0.869069,0
0.070481,-1.674108,0
0.673089,-0.113025,0
2.370791,-0.666071,0
0.326790,-0.627342,0
1.202288,-1.791395,0
0.214656,-0.974476,0
0.680207,0.087610,0
0.735809,0.115006,0
2.151402,-0.945978,0
1.139069,-1.835867,0
1.509887,0.456023,0
1.709654,0.172652,0
1.117085,-0.244428,0
1.003943,-2.058374,0
1.363491,0.842485,0
1.988030,-0.102663,0
0.625614,-0.032393,0
-0.233077,-0.739802,0
0.678330,-0.446487,0
0.938658,-0.563540,0
0.741557,1.442001,0
-0.446699,0.858983,0
1.743746,0.338070,0
1.088043,-0.752653,0
2.155444,0.148069,0
1.598418,-0.649437,0
0.846276,-0.292742,0
2.435215,0.091580,0
0.878294,-0.583176,0
0.544070,0.076138,0
1.008828,0.779550,0
0.845640,-0.517045,0
0.511733,-1.139927,0
1.801561,0.546660,0
2.379248,-0.599270,0
2.756089,-1.366647,0
1.326356,-1.027462,0
-0.384231,-0.823413,0
0.744023,-1.185219,0
1.435233,0.193260,0
1.027682,-1.217973,0
1.775194,-0.771866,0
1.200276,-0.131642,0
-0.460811,0.422230,0
1.484864,-0.408081,0
0.790042,-1.201889,0
0.747732,-0.640118,0
0.696325,0.122196,0
1.894500,-0.700709,0
1.587317,-0.859650,0
-0.106056,-1.608098,0
1.304650,0.528025,0
2.062381,0.132188,0
0.396085,-0.992139,0
2.198307,-0.183235,0
1.800890,0.949509,0
0.808160,-0.706473,0
1.607690,0.096535,0
1.061016,-0.160441,0
1.712188,-0.022929,0
0.790202,1.802815,0
1.116069,-0.857581,0
1.477408,-0.006465,0
-0.557230,0.938017,0
1.452533,0.926411,0
1.389310,0.772218,0
1.254770,-0.294301,0
2.358021,0.110433,0
1.508998,-0.117695,0
2.323121,-0.626148,0
0.747319,0.444903,0
0.842775,0.250105,0
-0.181664,0.985286,0
1.174175,0.607677,0
0.727288,0.435595,0
1.279204,1.171282,0
0.948891,-0.044073,0
0.955701,-0.424881,0
-0.041558,1.084673,0
0.778263,0.420228,0
2.273068,1.411270,0
0.439451,-0.488182,0
1.187778,-1.307305,0
1.344195,0.977342,0
1.643887,-0.051586,0
0.831164,0.724661,0
3.109409,0.582871,0
0.500796,0.240375,0
1.405288,1.235924,0
1.453454,0.907737,0
0.724310,0.390464,0
1.407791,0.286999,0
0.371677,0.941896,0
0.582662,0.554054,0
0.679695,0.545449,0
-0.510606,0.641687,0
0.807004,-0.123870,0
0.314056,0.193035,0
0.805244,-0.197586,0
1.915034,0.179218,0
0.382311,-0.326104,0
0.613531,1.091017,0
1.468832,0.168308,0
1.356240,0.100206,0
1.655301,-0.500173,0
2.042618,0.368514,0
1.442861,0.714135,0
0.412837,0.199248,0
0.729643,-1.310536,0
0.659567,-0.877754,0
0.715964,-0.087423,0
1.009332,-0.344891,0
-0.164321,0.205242,0
1.136481,0.432942,0
0.526316,0.303469,0
0.076602,-1.414403,0
2.118613,-0.311754,0
-0.044302,0.975523,0
0.223117,0.638181,0
1.351545,-0.202525,0
1.952911,-1.088707,0
1.988724,-0.113158,0
-0.115750,0.193510,0
0.380094,-1.079076,0
0.947287,-0.101400,0
1.133375,1.866733,0
1.188431,0.281913,0
0.942465,-0.882650,0
-0.218848,-0.397492,0
-0.196764,-1.094540,0
0.695394,-0.981695,0
0.922729,0.795919,0
2.539622,-0.184965,0
-0.064805,0.035021,0
1.598556,0.045912,0
0.902175,0.578665,0
2.166456,0.504200,0
0.963650,-1.210690,0
1.647029,0.134504,0
-0.024534,-0.386413,0
-0.263361,0.883097,0
0.902315,-0.779771,0
1.707089,0.408334,0
0.657230,0.537071,0
0.483914,-0.054189,0
1.028141,0.261362,0
0.579790,0.484468,0
2.637136,0.110353,0
1.988183,-0.061695,0
1.602123,0.303525,0
1.997283,0.031623,0
1.069898,0.559062,0
0.749643,0.210161,0
-0.285820,-0.080751,0
1.572741,0.333647,0
0.768323,-0.386156,0
1.564428,-0.081261,0
0.911735,-0.782693,0
2.137592,0.130143,0
1.242315,0.152467,0
2.114455,0.541151,0
-0.071393,-0.818470,0
-0.327470,0.956520,0
-0.116076,-0.159307,0
0.686091,-0.686472,0
0.794112,-0.065711,0
1.578173,0.738543,0
1.521455,1.878130,0
0.827094,-0.830998,0
1.880912,-0.000942,0
0.789608,0.005215,0
0.856784,0.067686,0
0.336465,-0.615134,0
1.639945,0.784165,0
1.730522,-0.974180,0
2.668604,0.291849,0
1.743053,-0.251834,0
0.543192,-0.693268,0
3.210701,0.655991,0
0.894758,0.736691,0
1.581576,-0.135212,0
2.312505,0.198764,0
0.028220,-0.205940,0
2.133526,0.732907,0
1.871601,-0.977132,0
-0.375161,-0.679404,0
1.350970,0.585598,0
1.467284,0.829736,0
1.029245,-0.654370,0
1.312910,0.765256,0
1.842325,0.545611,0
0.240258,0.022795,0
1.839775,1.872282,0
1.848804,-0.788143,0
2.011152,-0.327527,0
1.777905,0.183924,0
1.763201,-0.482515,0
-0.501949,0.473688,0
0.902888,0.471042,0
0.402779,0.467719,0
1.221091,0.984925,0
0.513248,0.992968,0
1.524444,-0.001977,0
0.586435,-0.956036,0
1.632755,-0.234339,0
1.067128,0.004494,0
1.053958,0.436297,0
0.297236,1.173082,0
0.180764,0.489199,0
-0.327908,0.731282,0
1.810973,1.077696,0
1.372932,-0.397471,0
1.327867,0.560184,0
0.922402,0.118631,0
0.034693,0.050996,0
0.503854,-0.027024,0
0.456069,-0.835678,0
-0.432777,-1.247666,0
1.539254,0.979773,0
2.258841,-0.222644,0
1.731584,0.023549,0
1.654074,0.927358,0
2.458318,0.979363,0
0.497439,0.837648,0
-1.310575,-0.132803,0
1.582657,-0.841813,0
0.265075,-0.714630,0
0.477077,0.750817,0
-0.129065,-1.334158,0
-0.207588,-0.706469,0
0.795752,-0.501212,0
0.988530,-0.321339,0
0.414981,0.716788,0
1.264534,-0.542248,0
-0.329824,-0.208203,0
0.607478,-0.156810,0
0.868046,0.040598,0
1.386509,0.349046,0
1.422160,2.045070,0
1.210836,-0.101893,0
1.696933,-0.000104,0
2.021138,-0.658948,0
1.536464,0.457031,0
0.839601,-0.829315,0
0.111108,0.033304,0
2.293512,1.501387,0
0.620852,0.125543,0
1.832838,0.203566,0
-0.380914,0.829581,0
1.635760,1.594649,0
-0.400591,-0.427867,0
2.417292,0.331530,0
1.571957,0.513620,0
0.017200,-0.337824,0
1.167569,-1.018802,0
-0.431379,-0.223054,0
0.280755,0.144162,0
1.880608,-0.406222,0
0.219943,1.066045,0
0.579599,0.516210,0
0.916770,0.223686,0
0.524290,0.868337,0
1.556046,-0.140011,0
0.117113,-0.249152,0
-0.007624,-0.468758,0
1.740524,-0.045899,0
-0.215924,0.550562,0
1.236854,0.315982,0
0.982887,0.216944,0
0.894426,0.090837,0
0.931471,1.612270,0
-0.466968,-0.460687,0
-0.188873,-0.010045,0
1.714458,1.334717,0
2.128294,-0.149401,0
-0.147072,-0.229240,0
1.511095,0.180573,0
-0.575027,-1.090232,0
-0.062232,-0.062017,0
1.016783,-0.885311,0
0.982567,0.374294,0
0.732730,0.607200,0
2.097743,-1.008538,0
0.926214,-0.415264,0
0.956605,-0.630588,0
2.206273,-0.508231,0
0.382304,-0.669162,0
0.253771,-0.807154,0
1.634958,-0.332338,0
0.694944,-0.834758,0
2.096330,1.022902,0
1.085181,-0.009303,0
0.434639,-0.205537,0
0.472428,1.070838,0
0.782128,-0.004471,0
-0.459519,0.153056,0
1.058635,-1.406222,0
0.548989,-1.654546,0
1.031090,-0.138227,0
-1.102680,-0.663570,0
1.733115,-0.322378,0
1.376131,0.287951,0
0.454064,-0.072473,0
0.099775,0.265207,0
1.709185,0.715628,0
0.779647,-0.195609,0
0.658142,-2.030254,0
0.608072,-0.163338,0
0.840689,0.989812,0
0.227157,-1.828830,0
0.122610,-0.435457,0
1.489846,0.335106,0
0.817207,0.022013,0
3.124849,-0.611318,0
0.533258,-0.810536,0
-0.061750,0.738343,0
1.658446,-0.416445,0
1.224245,-0.692925,0
1.457620,-0.128323,0
0.985388,0.452248,0
0.707760,0.674230,0
1.085818,0.030676,0
0.815286,0.635882,0
0.926474,0.173630,0
0.763098,-0.248444,0
1.486757,-0.227548,0
0.863640,-1.189653,0
0.435293,-0.571908,0
0.988854,-0.219415,0
0.954982,-0.591357,0
1.408696,-0.664553,0
2.897940,-0.878890,0
0.407883,0.512810,0
0.236490,-1.217559,0
0.751188,-1.082302,0
-0.239066,0.407821,0
1.839171,-0.571247,0
2.183348,0.218392,0
0.385506,-0.240760,0
1.045491,-0.875152,0
-0.008268,0.467827,0
2.534089,1.135426,0
0.838138,0.493890,0
2.142565,-0.121011,0
1.098284,0.541188,0
1.906179,-1.575218,0
0.634373,-0.189206,0
0.823906,-0.504526,0
0.749655,0.865466,0
0.446667,-0.980986,0
0.794050,0.339760,0
0.431761,-0.569452,0
1.008542,-0.599765,0
0.225201,0.624362,0
0.821012,1.432217,0
1.866359,-0.092890,0
1.234242,-0.773871,0
-0.438205,0.095665,0
1.158488,0.146126,0
3.127977,0.721511,0
0.321848,0.019336,0
1.992992,-0.884833,0
-1.508256,-1.353676,0
1.535213,1.375832,0
1.131940,-0.144695,0
1.193073,1.112375,0
-0.109258,-0.227785,0
0.536196,-0.083756,0
0.595706,0.975367,0
0.204387,0.196068,0
0.959796,0.351676,0
1.096188,-1.201349,0
1.090192,0.063784,0
0.553350,0.017108,0
1.831747,0.071394,0
0.831501,0.588225,0
1.844138,-1.808012,0
1.582279,1.213010,0
1.084829,-1.190765,0
1.800796,-0.647935,0
0.280762,1.006131,0
1.274871,0.978973,0
1.887983,-0.152623,0
1.283483,0.360867,0
1.243060,0.055925,0
1.030999,-1.078430,0
2.337436,-0.267262,0
1.854773,-0.029201,0
0.285821,1.086557,0
1.880635,-0.694484,0
0.189583,0.203600,0
0.015932,-0.188720,0
1.543855,-1.666281,0
1.527282,0.708930,0
1.268352,-1.648519,0
2.020366,-1.323524,0
1.402745,-0.689036,0
0.035344,-0.087670,0
-0.457833,-0.058884,0
1.346287,0.330616,0
1.112027,-0.599064,0
1.443511,1.339581,0
1.428200,-0.598097,0
1.784982,-0.965119,0
0.460912,-0.354017,0
0.112337,-1.159848,0
1.824661,-0.096639,0
0.153766,-0.185370,0
0.697656,-0.653158,0
0.971393,0.065744,0
0.315767,-0.006995,0
1.028897,0.424203,0
-0.644912,-0.789603,0
1.576254,-0.262734,0
0.434972,0.713062,0
1.920582,0.786811,0
1.531042,-0.343440,0
-0.816768,0.864930,0
-0.520941,0.684260,0
1.420914,0.405754,0
0.428483,0.956253,0
0.856093,-1.095785,0
0.697620,-1.573271,0
1.715059,-0.432852,0
1.874569,-0.828679,0
1.695669,-1.357401,0
0.154226,-0.220506,0
0.518754,-0.480417,0
0.970189,0.464003,0
0.684415,-0.172628,0
0.520454,-0.769684,0
-0.411954,1.335153,0
0.700936,1.657078,0
0.074500,0.867587,0
0.439191,1.927976,0
1.394331,0.030401,0
-0.242040,-0.906818,0
1.280816,-1.197793,0
0.209457,0.200692,0
0.799782,-0.137045,0
-0.290250,1.363714,0
1.226503,-1.426528,0
0.748559,-0.061393,0
1.998920,0.461632,0
0.910814,0.941885,0
0.292519,0.666614,0
-0.011276,-1.633427,0
-0.468089,-0.707322,0
1.886985,-1.472618,0
0.472762,-0.767836,0
0.623262,-0.068981,0
1.192508,0.684624,0
1.042073,-0.170684,0
1.147994,0.884327,0
0.971588,0.441203,0
0.487096,-0.411276,0
0.666428,-1.229031,0
2.027450,-0.913653,0
0.290084,-2.877680,0
1.198023,-1.244309,0
0.200137,1.420594,0
2.467130,2.310111,0
0.047349,0.298252,0
0.979652,-0.511673,0
0.849655,0.053939,0
-0.068184,-0.814219,0
1.731833,-0.363439,0
0.912993,0.025730,0
1.230535,-0.342722,0
1.520248,-0.538754,0
-0.429208,-1.335627,0
0.624112,0.615719,0
0.524661,0.210483,0
2.621986,0.510782,0
0.656965,-0.410396,0
1.601920,0.253163,0
0.532719,-0.381648,0
1.382364,0.273816,0
1.409169,-0.354578,0
1.199967,1.399900,0
1.398314,1.510617,0
0.654843,-0.217461,0
0.399978,-0.434242,0
-0.155687,0.586060,0
1.408379,0.385479,0
0.983908,-1.419845,0
0.415694,-0.327326,0
1.535513,0.656994,0
0.650824,0.484402,0
1.361949,0.250402,0
2.282814,0.063964,0
2.172518,-0.135653,0
0.178946,-0.620871,0
2.442774,-0.723235,0
1.883663,-1.207507,0
1.392588,0.701413,0
0.987382,0.222130,0
1.192928,0.348069,0
1.627671,-0.440298,0
1.821525,0.189860,0
0.925431,-0.118985,0
1.496920,-0.143698,0
-0.477871,0.603080,0
1.155158,-0.129061,0
0.572412,-0.249458,0
1.706530,0.815674,0
0.468082,-0.098675,0
0.373105,0.607344,0
-1.151679,0.213008,0
-0.668786,0.371313,0
0.776659,-0.682947,0
-0.301212,-0.923325,0
1.670380,-0.548620,0
1.814686,-0.583919,0
1.828283,-0.746869,0
2.205967,-0.155600,0
1.007989,-1.179158,0
0.974155,-0.566941,0
1.329385,-0.079163,0
1.136289,0.585265,0
1.835896,0.246464,0
1.143296,0.132206,0
-1.246493,0.337154,0
1.257995,0.819443,0
0.274430,-0.340813,0
0.910812,-1.572119,0
0.402791,-0.294928,0
0.998056,0.828206,0
0.045027,-0.031011,0
0.507395,0.273456,0
-0.266792,0.390717,0
2.150244,0.210922,0
2.003616,0.686978,0
1.242006,0.056408,0
0.846088,-1.457603,0
1.371638,-0.721200,0
0.489331,0.610648,0
0.874373,-0.426660,0
1.472312,0.547655,0
1.796201,-0.062050,0
0.980872,-1.467323,0
-0.070963,-1.553395,0
1.144946,-0.593985,0
1.142912,0.094850,0
0.147298,0.724677,0
0.780306,0.800474,0
-0.384253,-0.191840,0
0.773630,1.298017,0
2.505296,-0.473271,0
0.456469,-0.727485,0
-0.121355,0.182786,0
0.815017,-0.358575,0
0.705312,-1.275817,0
0.212981,0.338603,0
-0.472834,-1.352197,0
1.181766,-0.559307,0
1.289387,-0.336881,0
2.230277,0.594243,0
1.238465,-0.310690,0
1.659487,-0.977071,0
0.837167,-0.578295,0
-0.390452,0.757193,0
2.028662,1.259905,0
1.488169,0.101773,0
1.070736,1.329792,0
0.366576,-0.718637,0
1.892817,-1.363724,0
0.653607,0.989483,0
0.887245,0.072091,0
-0.227429,0.059720,0
-0.190418,-0.442957,0
-1.235005,0.464670,1
-1.357980,-0.617860,1
-0.781484,-1.555077,1
-0.318631,0.988058,1
-3.138666,1.386873,1
-0.972504,-0.353385,1
0.092237,1.390819,1
-0.414999,-0.387809,1
-1.481156,0.951142,1
-2.712299,-0.513882,1
-2.630658,-0.581420,1
0.466251,0.223060,1
-1.462898,0.277421,1
-1.810535,0.608468,1
-0.058525,-0.570748,1
-0.754242,1.363134,1
-1.456186,0.810268,1
-1.860952,0.127271,1
-1.602861,0.003181,1
-0.746119,1.708687,1
-0.503403,0.272204,1
-1.558844,-0.608734,1
-1.774761,-1.053812,1
-0.570387,-0.351898,1
-0.316363,-0.363271,1
-0.182923,0.039314,1
-3.017611,-0.542701,1
-1.807259,1.181513,1
-2.457042,0.517567,1
-1.440058,-1.077546,1
-3.586883,-1.365455,1
-2.145639,-0.375176,1
-0.570842,0.569303,1
0.328997,-0.275315,1
-0.444173,-0.766486,1
-1.336622,-0.790796,1
-0.446023,-1.513762,1
-0.834332,0.552528,1
-1.396879,-0.818146,1
-1.702335,-0.459180,1
-1.011762,-0.355906,1
-1.631594,0.705033,1
-2.285751,-0.633540,1
-1.093955,-0.059886,1
-1.448988,0.568080,1
-0.189444,1.700164,1
-0.631959,-0.514105,1
-0.838148,-0.437364,1
-0.584009,-0.159448,1
-0.055169,-0.042918,1
-1.288252,0.030851,1
-1.131048,-0.810910,1
-0.400650,0.332165,1
-0.929973,-1.327060,1
-1.843498,-1.362446,1
-0.970208,-0.239076,1
-1.496106,-0.010797,1
-1.918511,0.273089,1
-0.074608,0.433447,1
-1.842412,-0.404994,1
-0.510016,-1.470764,1
-1.733342,0.929041,1
-1.209328,-0.011202,1
-2.859841,-0.607790,1
-0.656382,-0.037128,1
-0.143808,1.576383,1
-0.241375,0.215369,1
-1.337655,0.037325,1
1.340227,0.635651,1
-0.798199,1.439775,1
-0.888200,0.173579,1
-1.255675,0.204378,1
-1.372028,0.031103,1
-1.809453,-0.643331,1
-0.179181,-1.076473,1
-0.615674,1.109448,1
-1.583957,-1.268385,1
-1.689605,0.018164,1
-1.330858,1.377375,1
-0.937118,-0.377319,1
0.084508,0.402707,1
-0.964967,0.033325,1
-2.147809,-0.168800,1
-1.512603,1.345202,1
-1.999037,-0.115208,1
-1.118104,-0.800301,1
0.016027,0.793963,1
-1.566810,-0.038266,1
-1.517404,-0.191590,1
-0.574743,1.613283,1
-0.968526,0.800767,1
-0.796959,-0.643529,1
-0.238506,-0.120854,1
-0.637201,-0.298127,1
-1.302823,0.106534,1
-0.790526,0.447349,1
-1.265698,-0.463433,1
-0.785303,-1.721825,1
-0.637152,-0.455347,1
-0.969089,-0.394884,1
-1.831549,-0.650671,1
-1.178169,1.337407,1
-0.986485,-1.009735,1
-1.049531,-2.041056,1
-0.938001,0.926194,1
-2.309520,-1.294754,1
-1.224985,-0.108537,1
-0.902553,-0.344784,1
-0.872497,-0.914589,1
-0.865246,1.135747,1
-2.052900,1.034067,1
-1.413814,0.044291,1
-0.416931,-2.291700,1
-0.374227,0.616100,1
-0.757193,-0.723829,1
-2.053290,0.047728,1
-2.360911,1.334237,1
-1.468147,0.367073,1
-0.138081,-0.282513,1
-0.413007,1.387391,1
0.563135,1.841738,1
-0.355667,-0.406153,1
-0.851728,0.121949,1
-0.151590,-0.718529,1
-1.325553,0.032446,1
0.131937,-0.583351,1
-2.308258,-0.364995,1
-2.110083,-0.606310,1
-0.574651,1.058875,1
-1.270401,-0.356318,1
-0.364219,0.564240,1
-1.029462,-0.078675,1
-1.625039,0.028226,1
0.319296,0.881789,1
-0.685899,-0.564376,1
-1.260952,0.325448,1
-0.595284,1.615460,1
-1.715691,1.473353,1
-0.417412,0.609686,1
-1.162663,0.703132,1
-0.901529,0.348408,1
-1.613980,-0.416272,1
-1.478615,-0.269492,1
0.078158,-0.725792,1
-0.161355,-0.057607,1
-0.252456,0.505481,1
-1.881523,-0.401531,1
-0.918403,-0.016808,1
-1.184140,-0.276808,1
0.303222,0.109078,1
-1.314256,0.601939,1
-0.647788,-2.148330,1
-1.694921,0.278506,1
-1.004774,-0.147693,1
-0.031918,1.158693,1
0.582409,1.483516,1
-0.572425,-1.120954,1
-0.233039,0.566114,1
-0.294986,-0.006070,1
-1.322408,-0.481390,1
-1.308046,0.466708,1
-0.182875,-1.289916,1
-1.299922,-1.004318,1
-0.437414,0.190462,1
-0.505209,-1.559455,1
-2.441055,-0.344933,1
0.243561,-0.245915,1
-0.791284,-0.036658,1
-0.034555,-0.035403,1
-1.191502,1.113438,1
-1.634055,-1.287016,1
-1.650948,0.153691,1
-1.946349,0.496356,1
0.600538,-0.318501,1
-1.414092,1.232770,1
-1.254935,-1.228349,1
-0.728713,1.648952,1
-0.959689,-0.425197,1
-1.872227,1.135490,1
-1.279505,0.909208,1
-0.486945,-1.786705,1
0.263647,-0.033227,1
-0.550795,-0.546163,1
-0.681815,-0.969306,1
-1.448708,0.051907,1
0.628417,0.039124,1
-1.447976,-0.933525,1
-1.803192,1.013142,1
-0.962352,-0.857832,1
-0.839405,0.670516,1
-1.175252,-1.083860,1
-1.398435,-0.601513,1
-0.767088,0.564983,1
-2.163306,-0.102232,1
-0.550900,0.725159,1
-1.457545,-1.327179,1
-1.181693,-0.639721,1
-1.657746,0.345189,1
-1.001758,0.357785,1
-0.514821,-0.893495,1
0.331962,1.620060,1
-1.083442,0.613670,1
-1.968540,-0.963794,1
0.073780,0.034149,1
-1.776020,-1.770348,1
-1.285300,-0.447098,1
-1.576128,-0.927718,1
1.882404,-0.480311,1
-0.569191,0.453566,1
-0.922409,-0.945428,1
-1.639017,0.209625,1
-1.598592,-0.506961,1
-0.243232,0.147152,1
-1.912527,-0.112696,1
0.459042,0.347123,1
-1.249490,-0.129017,1
-1.521299,-0.478205,1
0.747366,-0.855876,1
-0.829102,0.421147,1
-0.623761,-0.662809,1
-0.306051,0.515219,1
-0.894223,0.670768,1
-0.823717,1.214166,1
-0.337406,0.205016,1
0.109015,-0.681285,1
-0.837787,0.542725,1
-0.675519,0.918636,1
-0.174813,-1.989662,1
-1.840250,0.082670,1
-2.092319,0.385845,1
-0.956971,-0.236176,1
-0.628689,-1.358080,1
-0.259051,-1.165051,1
-2.200693,-0.109094,1
-0.603186,-0.309586,1
-1.700641,0.023962,1
-1.695729,0.089211,1
-0.656935,-0.628061,1
-0.924536,0.226083,1
-0.191676,0.210199,1
-1.083940,-0.524054,1
-1.274342,-0.421170,1
-0.821880,-1.439497,1
-0.424783,-0.601330,1
-1.543498,-0.522963,1
-0.765860,-0.531905,1
-0.851248,0.263003,1
-0.276439,0.807036,1
-0.456663,0.191191,1
-1.511649,0.229239,1
-1.148434,-0.520784,1
-0.824677,-0.245778,1
-0.947798,-0.571983,1
-0.956980,-0.732759,1
-0.502062,0.089701,1
-1.233552,0.143832,1
-0.928640,-0.854556,1
-0.154400,0.121806,1
-0.782794,-1.165816,1
-0.288988,-0.802070,1
-0.329912,-0.125630,1
-1.350626,-0.791877,1
-0.717527,-1.490695,1
-0.343843,0.451716,1
0.808577,-0.450837,1
0.392465,-1.070057,1
-0.068813,0.663037,1
-1.365373,0.089823,1
-1.641689,0.436656,1
-0.268476,-0.184399,1
-1.487274,0.750254,1
-0.166895,-1.383962,1
-1.317110,-0.650432,1
-2.228151,-0.409252,1
-0.903303,-1.848506,1
-1.068372,0.242985,1
-0.024500,-0.968039,1
-2.531558,1.909605,1
-0.392437,0.480669,1
-1.265491,0.589885,1
-1.844392,0.843710,1
-1.808081,-0.180229,1
-0.192419,-0.416621,1
-0.595183,-0.672200,1
-1.241832,0.944184,1
-1.961745,-0.120768,1
-1.052605,0.194846,1
-1.731308,0.142129,1
-1.385258,-0.931025,1
-1.351069,-0.935417,1
-1.341422,-0.374103,1
-0.087440,-0.367382,1
0.228264,0.314752,1
-1.531369,0.333443,1
-0.230721,-0.700606,1
-1.047850,-0.535362,1
-0.810311,0.260534,1
-2.440254,-1.124403,1
-1.083268,1.406497,1
-0.563364,0.349342,1
-1.819708,0.231065,1
-2.048892,-0.383123,1
-0.813405,-0.220490,1
-3.023301,-0.714558,1
-1.796217,-0.298980,1
-2.349299,0.148604,1
-1.449479,-0.433082,1
-1.332197,0.359091,1
-1.957903,-1.024400,1
-0.431710,-1.999353,1
-0.594491,-1.346221,1
-0.123646,1.619418,1
0.652935,-0.722000,1
-1.197419,-0.167019,1
-0.082491,0.165043,1
-0.834708,-0.019929,1
-1.611867,-0.856831,1
-1.103262,-1.803186,1
-1.232465,-0.034847,1
-0.924186,-0.470949,1
-1.457748,1.043609,1
-0.718549,0.143042,1
-0.581906,-0.051037,1
0.389763,0.672541,1
-2.559061,0.460564,1
-1.329403,-0.920598,1
-1.583817,-0.303104,1
-0.246305,0.897302,1
0.014950,-0.187307,1
-2.220135,-0.353906,1
-1.735059,-0.468732,1
-0.808090,0.081016,1
-1.076591,-1.044365,1
0.240826,-0.686737,1
-0.339375,-0.154340,1
0.222673,-0.389345,1
-1.324946,-0.347354,1
-1.140020,0.229956,1
-1.368640,0.127937,1
-0.268537,-0.073384,1
-0.883397,0.253008,1
-2.685166,-1.030786,1
-1.849016,1.127830,1
-2.511614,0.502968,1
-1.622740,-0.472414,1
-0.734977,0.277237,1
-0.159928,-0.055252,1
-1.638843,-0.355079,1
-1.781923,-0.955289,1
-1.304708,0.370790,1
-1.614181,0.828492,1
-1.198996,-1.308623,1
0.739168,-0.080617,1
-1.330346,0.801852,1
-0.862758,-0.056789,1
-2.171357,-0.045385,1
-1.443694,0.864304,1
-1.763265,0.997051,1
-1.205876,0.957749,1
-0.489988,-0.287289,1
-1.387437,1.513654,1
-1.908194,0.556304,1
-0.414522,-2.149795,1
0.949715,-0.170718,1
-1.990199,0.725397,1
-1.115311,-0.845735,1
-0.942425,-0.306590,1
-0.553793,-0.399401,1
-1.919916,-1.303640,1
-2.654445,0.517253,1
-0.786280,1.000182,1
-0.725351,0.059263,1
-2.445168,0.704079,1
-1.124595,1.036056,1
-1.650197,-1.157827,1
-0.994935,-0.574203,1
-1.316853,-0.613756,1
-0.341874,0.241464,1
-1.789179,-0.248388,1
-1.251488,0.267465,1
-1.754827,-0.483238,1
-0.883743,-1.529185,1
-2.778140,1.164128,1
-0.488852,0.456115,1
-1.360038,0.180051,1
0.042798,-0.682424,1
-0.353061,0.266726,1
-1.756876,0.343007,1
-0.435763,1.005475,1
-2.105890,-0.477200,1
-0.885523,-0.179988,1
-1.558339,0.156990,1
-1.666965,0.487937,1
0.120651,-0.026317,1
-1.509446,0.554656,1
-0.984083,0.161890,1
-1.075203,-0.753511,1
-1.108581,-1.010640,1
-1.065478,-0.030004,1
-2.586661,-0.874748,1
-1.538610,0.727985,1
-2.356869,1.151971,1
-0.256013,1.343440,1
-1.542768,-0.877776,1
-0.824089,-0.268659,1
-0.865863,-1.109288,1
-0.920882,0.509032,1
-2.350031,-0.517771,1
0.139721,-0.838831,1
-1.969066,1.673752,1
-1.804083,-1.342032,1
-0.622406,0.474070,1
-1.390259,0.366122,1
-0.808105,0.976294,1
-0.992453,0.802854,1
-2.461676,0.630433,1
-0.836123,-1.226272,1
0.369191,-0.171012,1
-0.132277,0.829272,1
-0.911764,0.700363,1
-0.659492,-1.487867,1
-1.477174,-0.388468,1
-1.345535,0.497262,1
-1.002757,0.912136,1
-1.006313,-0.210879,1
-0.281258,-0.569309,1
-0.825062,-0.528038,1
0.080760,-0.695092,1
-0.476440,-0.694882,1
-0.665613,0.020260,1
0.504442,1.235160,1
-0.330359,-0.363768,1
-0.925620,0.600195,1
-0.273273,-0.097899,1
-1.961863,0.120285,1
-0.969793,-1.461379,1
-1.416075,0.169372,1
0.055263,-0.246448,1
-0.743617,0.071530,1
-1.055708,-0.600939,1
-1.195767,0.257821,1
-2.425928,0.507520,1
-0.376202,1.418301,1
-0.232214,0.391399,1
-1.198052,0.063356,1
-0.088093,0.197323,1
-0.951066,-0.009962,1
-0.109449,-0.423964,1
-2.900815,1.902586,1
0.467136,-1.335075,1
-1.116367,-0.262002,1
-1.703077,-1.934180,1
-1.227186,0.340814,1
1.249581,-0.016356,1
-1.568745,0.242679,1
-1.010349,-1.311349,1
-1.493144,-0.832337,1
-0.313400,-1.048852,1
-0.904959,-0.828417,1
-0.317295,0.064507,1
-2.096748,-0.386510,1
-1.484599,-0.729877,1
-1.854721,0.091151,1
-1.043191,1.211680,1
0.124733,-1.518560,1
-1.495619,0.172352,1
-2.054572,-1.018857,1
-1.085687,-1.556629,1
-0.518099,0.394470,1
-0.479434,0.659386,1
-1.028269,0.401029,1
-1.229827,0.519412,1
-0.912837,0.716086,1
-0.953802,-0.373770,1
-1.865303,0.002529,1
0.341588,-0.397820,1
-1.013087,1.003790,1
-0.823019,0.355271,1
-1.947665,-0.767692,1
-1.322649,-0.971073,1
0.305937,-0.157405,1
-2.077526,-0.403555,1
-1.280049,-1.176006,1
-1.796891,-0.602338,1
0.098828,0.537731,1
-0.941315,-0.105415,1
-0.509980,0.790025,1
-1.837106,0.059428,1
-1.135508,-0.596900,1
-0.484982,0.313827,1
-0.462262,-0.295099,1
-1.022475,-1.278135,1
-0.737572,0.708987,1
-2.065498,0.416347,1
-0.827542,-1.166576,1
-0.784006,0.202590,1
-2.489022,0.418378,1
-2.133475,-0.121294,1
-1.181262,0.579918,1
-2.780008,0.581249,1
-0.519435,-0.783309,1
-0.983032,0.986706,1
-0.975065,-0.885051,1
-0.215810,1.335978,1
-1.458816,0.464594,1
-1.587117,0.319843,1
-0.374324,0.720638,1
-2.385677,0.539289,1
-1.962866,0.603147,1
-0.662085,-0.051679,1
-1.941644,0.502696,1
-1.037847,0.236523,1
-0.512798,-0.074258,1
-0.455296,0.430785,1
0.026873,-0.299819,1
-1.874301,1.392451,1
-1.055795,-0.930210,1
-2.526996,-0.229603,1
-0.873673,-0.153503,1
-0.784175,-1.460330,1
-0.092645,-0.307210,1
-1.289548,0.087382,1
-0.289192,0.194122,1
-0.211273,-0.491483,1
-0.922435,0.551022,1
-0.690076,0.385068,1
-1.691478,0.796583,1
-1.396145,-0.462281,1
-0.516126,-0.375409,1
0.998817,0.126410,1
-1.230452,0.931711,1
-0.311901,-0.035256,1
0.262776,-0.436158,1
-0.541941,-0.858056,1
-2.292109,-0.123416,1
-0.583902,0.982219,1
-0.867379,-0.085786,1
-1.077487,1.469575,1
-1.001875,-1.146345,1
0.548886,0.697322,1
0.053712,-1.171856,1
-1.163467,0.272019,1
-1.603601,-0.621705,1
-1.726262,-1.867219,1
-0.450196,0.831932,1
-1.167683,-0.718828,1
-1.027645,1.306158,1
-0.522736,0.291540,1
-0.337964,0.413035,1
-0.860494,-1.996952,1
-0.740791,0.113889,1
-1.368052,-1.227790,1
-0.174180,-0.232946,1
-2.922267,1.030460,1
-1.497772,0.402625,1
-0.998363,0.859983,1
-1.386692,-0.000932,1
-1.291281,-1.480683,1
-1.386154,0.261145,1
-0.783676,0.988242,1
-1.016956,-1.494675,1
-1.438421,-0.208492,1
1.735813,0.428674,1
-0.880018,-0.328073,1
0.056685,0.217430,1
-1.541565,0.785876,1
-0.977799,0.217515,1
-0.880888,-0.069211,1
-0.690067,0.216647,1
-1.926186,-0.464229,1
-0.373480,0.827581,1
-1.945724,1.469747,1
-1.629874,-0.160645,1
-0.893858,0.945297,1
-1.254163,0.716305,1
-1.191488,-0.126612,1
-1.067195,0.700612,1
-1.603059,0.827902,1
-1.359942,0.233828,1
-0.247177,1.474150,1
0.457727,-1.423425,1
-1.121275,0.338700,1
-1.032131,0.519695,1
-0.967103,0.195824,1
-2.363076,-0.140120,1
0.473450,-0.491995,1
-1.190611,0.040613,1
0.126852,0.615657,1
-0.711402,-0.875906,1
-1.409287,0.595620,1
-0.580915,-1.314049,1
-0.563966,-0.628505,1
-1.466987,0.635980,1
-0.832963,0.198624,1
-1.408313,0.444462,1
0.241043,-0.032452,1
-1.850382,1.655307,1
-0.764473,0.013594,1
-0.668553,0.983104,1
-1.611609,0.612360,1
-1.266284,-0.155306,1
-1.400404,0.028175,1
-0.484585,-0.472791,1
-0.886295,0.755625,1
-0.834847,0.996479,1
-0.131055,0.940045,1
-1.999629,-0.292695,1
-0.579739,-1.188142,1
-1.959448,0.222399,1
-0.117363,-0.143059,1
-0.385802,-0.120858,1
-0.338743,-0.836814,1
-1.769208,0.460656,1
-1.745322,1.365852,1
-1.008394,-1.049837,1
-1.637213,0.389506,1
-0.707808,1.584410,1
-1.797081,1.453474,1
-0.814766,1.577232,1
0.232761,-1.474189,1
0.567417,-0.589684,1
-0.827789,0.745856,1
-0.207390,-0.007519,1
1.043583,0.148703,1
0.147990,-0.479187,1
0.026145,-1.073958,1
0.196483,-0.752664,1
-0.451375,-0.627576,1
-0.037637,-0.221533,1
-0.308827,-0.299354,1
-0.883562,0.057980,1
-2.380191,1.625470,1
-0.983071,1.158643,1
-1.248888,0.259577,1
-0.533629,-1.205521,1
-2.756150,-0.108290,1
-1.933317,0.120064,1
-0.893538,0.681210,1
-0.170707,-0.149723,1
-0.340846,-0.104217,1
-1.527333,-0.092624,1
-0.934035,-0.716154,1
0.168708,0.559328,1
-0.379029,0.286764,1
-0.549934,-0.156996,1
-0.976463,0.581815,1
-2.348314,0.002027,1
-0.285086,-0.030142,1
-0.791777,0.504192,1
-0.451829,-0.509826,1
-1.243643,-0.970476,1
-2.202460,0.776917,1
-0.831571,0.007287,1
-0.969125,1.045061,1
-0.244098,-0.797533,1
-0.765997,-0.562123,1
0.763217,0.228586,1
-0.680686,-0.902899,1
-1.187555,-0.828605,1
-0.624951,0.711044,1
-1.513883,0.489312,1
0.379603,-0.269439,1
-0.640786,0.112076,1
-1.055575,0.191252,1
-0.670860,-0.499677,1
-0.576689,-0.777424,1
-1.603394,1.061085,1
-1.010219,1.597933,1
-1.321572,-0.709299,1
-1.338790,1.167530,1
-1.369648,-0.347641,1
-0.906485,-0.493984,1
-0.289899,-1.105295,1
-0.783339,0.100120,1
-2.523053,0.465957,1
-1.614007,0.692647,1
-1.302308,-0.653975,1
-2.213202,0.254618,1
-2.036513,0.002274,1
-0.322539,-0.461412,1
-1.852926,-0.597729,1
-0.893225,0.957500,1
-2.012638,0.447565,1
-0.831340,0.872909,1
-1.090198,-0.316601,1
-0.773289,0.608309,1
-2.485422,0.962496,1
-0.720058,-0.075585,1
-0.485402,-1.673381,1
-1.167516,-0.163555,1
-1.579903,-0.460460,1
-0.637915,-0.996712,1
0.325229,-0.092164,1
-0.271451,-1.522641,1
-0.520592,0.297011,1
-1.874787,-0.724792,1
-1.238707,1.508753,1
-2.084925,-0.619277,1
-2.374239,-1.061998,1
-2.054676,0.455312,1
-0.570646,-0.878047,1
-1.534256,0.433503,1
-0.660645,-0.176853,1
-1.388812,0.942684,1
-0.796598,0.229868,1
-1.327603,0.999126,1
-0.562013,-0.699750,1
-0.606729,0.097775,1
-0.537578,0.254558,1
-1.184037,-0.728795,1
-1.285868,-0.479287,1
-0.941958,0.960562,1
-1.923733,-0.869427,1
-1.123526,-0.142857,1
-0.947168,-0.943682,1
-1.056082,0.290926,1
-1.894941,0.994168,1
-0.870424,-1.194039,1
-0.082406,-0.085036,1
-1.955289,0.045680,1
-1.998599,1.775610,1
-0.755931,0.879556,1
-1.698148,-0.048418,1
-1.702730,0.502421,1
-1.052449,0.727879,1
0.222538,0.663835,1
-0.511140,-0.149527,1
-1.492411,-1.646550,1
-0.394223,1.136482,1
-1.920923,0.550675,1
-1.562442,-0.106670,1
-1.075965,0.501264,1
-1.583361,-0.383869,1
-1.553015,-0.914386,1
-0.968516,0.851337,1
0.234293,0.406179,1
0.080831,-0.907831,1
-0.428857,0.251179,1
-1.702586,-0.030995,1
0.901158,0.482236,1
0.616590,0.797487,1
-1.324033,-0.541603,1
-0.835185,-0.195712,1
-0.285229,0.402867,1
-1.192054,0.424896,1
-1.851551,-0.628714,1
-0.407462,0.652052,1
-0.512608,-0.513358,1
0.968386,-1.033652,1
-0.651137,-0.582182,1
-0.205590,-0.590139,1
-1.035881,0.613843,1
-0.761127,-0.520309,1
-1.804229,0.890583,1
-0.888345,-0.403910,1
-1.653357,-1.013554,1
0.081601,-0.811244,1
-0.822567,-0.550838,1
-0.012122,0.534318,1
-1.867726,0.442618,1
-0.586622,0.308536,1
-2.106055,-0.021312,1
-1.719724,0.408060,1
-1.198363,1.458167,1
-1.320758,-1.152039,1
-0.957537,-1.424316,1
-2.494036,1.044723,1
-0.633897,0.059709,1
-1.348574,0.499258,1
-1.360112,1.098133,1
-1.551874,-0.367366,1
-0.190653,1.248636,1
-0.267390,-0.806389,1
-1.314213,-0.490907,1
0.918870,-1.121588,1
-1.056195,-1.196358,1
-0.752141,0.147015,1
-0.365615,0.542700,1
-1.520420,0.587072,1
-0.121322,-0.906060,1
-0.809934,1.547527,1
-1.129563,-0.209923,1
-1.167461,-0.322175,1
-0.732583,0.046592,1
-1.247143,-0.443095,1
-0.600760,0.208565,1
-0.836300,-1.140122,1
0.086355,1.838543,1
0.099922,-0.482540,1
-2.668100,0.572237,1
-0.229156,-0.431341,1
-1.549743,0.787259,1
-0.042833,0.497448,1
-0.867946,0.588609,1
-0.286382,1.530351,1
-2.287309,-0.698427,1
-0.323164,0.442514,1
-0.182961,0.227045,1
-1.000615,-0.127207,1
-0.894084,-1.629952,1
-1.237151,-0.444384,1
-2.023427,0.972736,1
-1.222359,-0.659311,1
0.039448,-0.187624,1
-0.241868,0.130679,1
-1.178221,-0.202264,1
0.247148,-0.291283,1
-0.961010,-1.372350,1
-0.192046,0.306630,1
-0.480738,-0.267144,1
-2.273756,0.617461,1
-0.775622,0.204516,1
-0.658008,-0.630147,1
-0.383141,-1.122126,1
-0.167980,-0.748101,1
-1.603222,-1.089488,1
-1.176990,1.104681,1
-2.049243,1.051429,1
-0.244204,0.147116,1
-1.888318,0.231417,1
-0.328754,0.420525,1
-0.844454,0.134867,1
-1.005792,0.242908,1
0.589448,0.185906,1
-0.893209,1.033500,1
0.167889,0.301394,1
-1.672119,-0.877433,1
0.214141,0.193819,1
-2.277401,0.824264,1
0.417477,-1.432981,1
-0.848174,0.581508,1
-1.004689,-0.429636,1
-1.728706,-1.009177,1
-0.756863,0.313192,1
-1.440164,-0.695214,1
-0.210957,-0.471507,1
-1.502698,-1.035905,1
-0.821847,-0.284141,1
-1.014383,0.392806,1
-1.743271,-0.288839,1
-0.256693,0.956759,1
-0.258729,1.193382,1
-2.244142,-0.218531,1
-1.527008,1.190639,1
-0.415384,-1.322888,1
-1.048678,-0.566792,1
-0.292641,0.525906,1
-1.261202,-0.243951,1
-0.553164,-1.103715,1
-1.146874,-1.403504,1
-0.379102,-0.665364,1
-0.435761,0.046493,1
-0.598912,0.698074,1
-0.752354,0.488878,1
-0.977108,0.334131,1
-1.594320,0.074128,1
-1.544040,-1.243238,1
-1.461329,-0.799108,1
-1.433377,1.262985,1
-0.617774,0.938051,1
-1.058988,0.896466,1
-1.802652,-1.572078,1
-2.625645,0.124592,1
-0.698593,-1.241302,1
-1.314386,-0.239468,1
-2.222048,0.176937,1
-2.082898,0.295885,1
-1.611096,0.106723,1
-0.757985,1.583535,1
-0.285512,0.337309,1
0.611796,-0.602108,1
0.557967,0.918408,1
-1.068541,-0.249153,1
-1.453669,0.511327,1
0.517539,0.181289,1
-1.052496,-0.098125,1
-1.911440,-0.110308,1
-1.595983,0.107593,1
-0.126884,-0.645474,1
-1.986670,0.742425,1
0.024439,0.404239,1
0.047972,0.172750,1
-1.030026,0.939100,1
-0.502890,0.102724,1
-1.192482,0.510353,1
-2.070421,1.260561,1
-2.601235,-1.509052,1
-0.469431,0.678785,1
-0.060981,0.243825,1
-0.462963,0.091403,1
-2.245362,-0.849977,1
-0.867762,-0.221309,1
-2.154123,0.268529,1
-2.076974,-0.157632,1
-1.322062,0.033034,1
-0.922893,-0.056159,1
-0.978215,0.235893,1
-0.878549,-0.362040,1
-0.976654,0.686204,1
-0.803011,1.513538,1
0.203941,1.081909,1
-1.450361,0.454929,1
-1.204831,0.380885,1
-1.032522,-0.695872,1
-0.003093,1.042636,1
-2.518625,0.048121,1
-0.680979,-1.214431,1
-2.581695,1.028524,1
-1.411165,0.242420,1
-1.143723,0.849869,1
-0.292569,-0.172222,1
-0.634747,-0.215995,1
-0.100845,0.689058,1
-1.567830,-0.065916,1
-1.319330,-0.308583,1
-0.744748,0.072314,1
-1.109512,0.398288,1
-0.424849,0.076899,1
0.269193,-0.888709,1
-1.686182,1.412005,1
-1.595244,0.291725,1
-1.696712,0.824525,1
-0.749395,-0.140681,1
-0.767688,-0.496843,1
-0.388759,-0.522090,1
0.800806,-0.372284,1
0.182591,0.114873,1
0.136328,-0.098037,1
-1.235407,0.346120,1
-1.603519,-0.527137,1
-0.171487,1.055617,1
0.882134,-0.091315,1
-1.625207,0.219054,1
-0.925464,1.303464,1
-0.251966,0.813073,1
-1.170633,-0.423081,1
-0.403726,-0.504193,1
-2.350698,0.447975,1
0.067436,-0.338645,1
-1.163107,-1.392181,1
-1.268622,0.257831,1
-2.491962,0.097331,1
-0.390433,1.005866,1
-0.798486,-0.147926,1
-1.339072,-0.432351,1
-1.276231,-0.125245,1
0.317915,-0.937593,1
-1.781605,-0.933047,1
-1.158574,-1.645484,1
-0.642308,0.713230,1
-0.034017,-1.373466,1
-0.413396,1.038503,1
-1.155827,-0.456598,1
-0.319972,-0.156859,1
-2.586833,1.003831,1
-0.333047,-0.643619,1
-1.788822,-0.566472,1
-1.080829,-0.408589,1
-0.426642,0.899670,1
-1.093380,1.466170,1
-1.628897,0.087445,1
-0.227307,0.710684,1
-0.492708,-0.087888,1
-1.279735,-0.156143,1
-0.657400,-0.791341,1
-1.806513,0.687466,1
-1.639245,-0.930083,1
-1.383191,-0.091457,1
-0.717191,-0.095373,1
-1.538849,-0.118131,1
0.284235,0.451265,1
0.195148,0.060706,1
-1.605304,-0.302754,1
-0.386261,0.213250,1
-1.606400,-0.579708,1
-2.618857,1.320720,1
-0.507766,0.515000,1
-1.054774,0.017083,1
-0.879696,0.587899,1
-1.304398,0.218973,1
-1.158790,0.308614,1
-0.928803,0.917075,1
-2.652721,0.859708,1
-1.645711,0.193103,1
-0.586679,0.512501,1
-0.431227,-1.540614,1
-0.361241,0.583469,1
-0.324940,0.527625,1
-1.123456,0.700686,1
-1.331831,-0.739695,1
-1.236205,-0.702866,1
-1.944803,-1.128163,1
-1.030453,0.619744,1
-0.913768,0.721964,1
-0.932133,-0.186798,1
-0.181924,-0.343502,1
-0.767288,-0.348943,1
-1.351508,-0.517616,1
-1.562459,-1.197467,1
-2.563069,0.335441,1
0.463130,0.369953,1
-0.529806,-0.355611,1
-0.998552,-0.160932,1
-0.934847,0.455129,1
-2.204198,-1.309978,1
-1.657747,-0.534582,1
-0.541999,0.929153,1
-1.049527,0.051002,1
-0.176119,0.035961,1
-1.350108,-0.393544,1
-1.011023,-0.152610,1
-0.731358,0.954318,1
-0.171087,0.320225,1
-0.313429,0.359500,1
-1.216284,-0.017247,1
-0.689616,-0.399935,1
-1.266800,-0.587219,1
-1.410896,0.937778,1
-0.733039,-0.378858,1
-2.395436,0.862832,1
-0.609668,1.127109,1
-1.629887,0.670509,1
-0.348712,0.020731,1
-1.237345,-1.003415,1
1.021182,1.287110,1
-1.881540,-0.413284,1
0.147472,0.286663,1
-0.284953,1.405463,1
-1.249329,-0.284513,1
-1.001261,-0.017419,1
0.206881,0.003730,1
-1.580798,-0.451168,1
-1.739756,0.759185,1
-0.491436,-0.164490,1
-1.364028,-0.424753,1
-0.606257,-1.108282,1
0.068746,-0.558758,1
-1.451269,-0.033854,1
-1.586823,-0.412458,1
-1.758427,0.220564,1
-0.998392,2.471318,1
-2.066072,-1.890530,1
-0.506357,-0.014045,1
0.112276,-0.380135,1
-0.808558,-1.187722,1
-0.794454,0.211864,1
0.689446,-1.305779,1
-0.198483,-0.359514,1
-0.614840,-0.734549,1
-1.679866,0.379878,1
0.228761,1.131010,1
0.463663,-0.467623,1
-0.661613,0.432928,1
-0.652528,0.469215,1
-1.334848,1.023136,1
-0.494959,-0.261646,1
-1.065197,0.562371,1
0.094092,-0.174769,1
-1.750213,0.418986,1
-0.538225,1.138472,1
-0.614316,0.232247,1
-1.932271,1.080494,1
-0.467490,-0.203808,1
-1.038429,-0.798961,1
-1.002752,0.019889,1
-1.593830,-0.857953,1
-1.177903,-0.577780,1
-0.465391,0.024900,1
-1.351589,-0.690585,1
-1.210268,1.815713,1
-1.830467,-0.396080,1
-1.416295,-0.824298,1
-1.064281,-0.236888,1
-0.455483,0.251409,1
-0.556483,-0.793101,1
-2.575959,-1.134151,1
0.933582,-0.075935,1
-0.860472,0.400670,1
-1.365880,-0.411456,1
-0.150600,-0.198712,1
-0.803865,-0.297544,1
-0.753207,-0.881896,1
-1.140401,-0.536484,1
-0.744520,0.108232,1
-0.311966,-0.814054,1
-1.078406,-0.519863,1
-1.119333,-0.727287,1
-2.429266,0.308346,1
0.243855,-0.801758,1
-1.441144,0.254592,1
-1.339527,0.944429,1
-0.856174,0.542519,1
-0.981817,-1.837327,1
-1.812168,-1.707428,1
0.712138,0.097723,1
-1.149939,0.859387,1
-1.798955,0.218809,1
-2.122511,0.519535,1
0.094651,0.311630,1
-2.006903,0.989002,1
0.664404,0.708553,1
-0.000216,-0.641191,1
-1.840627,-0.428034,1
-0.243515,1.717045,1
-1.513378,0.293757,1
-0.521210,-0.717748,1
-1.061352,-0.973737,1
-0.738561,0.980463,1
-1.393829,-0.449015,1
0.047076,-0.471864,1
-0.846417,-0.448964,1
-1.927630,-0.479753,1
-1.600939,0.096870,1
-1.027293,-0.409408,1
-0.642736,-1.599396,1
-0.135315,0.590165,1
-1.688377,-1.720138,1
0.102228,0.095486,1
-1.721648,-0.192046,1
-0.686755,0.044199,1
-1.351068,0.170668,1
-1.419128,2.264342,1
-1.193384,-1.693903,1
-0.546017,-0.149884,1
-0.527282,0.235312,1
-1.045469,0.765428,1
0.218122,-0.660449,1
-0.100687,-0.101942,1
-2.476407,-0.876422,1
-1.226579,-1.137785,1
-0.176043,0.005239,1
0.174012,-1.012493,1
-1.732900,0.761194,1
-1.506109,0.147571,1
-0.164546,-0.136694,1
-0.880325,-0.140039,1
-1.628539,-0.189371,1
-0.964889,0.331614,1
-1.777911,0.938277,1
-1.379571,0.207454,1
-0.589403,-0.161183,1
-0.576847,0.671031,1
-1.387262,0.046334,1
-2.087423,0.518057,1
-0.606246,0.297819,1
-0.789318,0.662149,1
0.526330,0.086347,1
-1.409554,-1.109992,1
-2.084633,-1.018458,1
-1.578073,-1.823753,1
-1.295434,1.463480,1
-0.762553,1.376370,1
-1.688542,-0.129143,1
-1.192990,0.492223,1
-1.352754,-0.364061,1
-1.349910,0.466614,1
-0.002302,-0.956426,1
-0.306376,0.633883,1
-1.052824,-0.767884,1
-1.422881,-0.161820,1
-0.722538,1.789533,1
0.417506,1.695581,1
0.161654,0.317871,1
0.171552,0.428176,1
-1.154331,-1.496003,1
-1.524400,-0.234570,1
1.228549,-1.896454,1
-1.477175,-0.785777,1
-1.037854,-0.165915,1
-3.025766,0.125680,1
0.030638,-0.434915,1
-0.862095,-0.733936,1
-0.331352,0.430855,1
-0.462047,0.231834,1
-1.655919,0.494469,1
-1.564341,0.769640,1
1.313952,-0.196373,1
-0.343393,0.314360,1
-1.163652,-0.053327,1
-0.138560,0.588489,1
-1.480079,1.244686,1
-1.085688,-1.146773,1
-0.770663,0.773695,1
-1.576157,-1.139961,1
-2.016435,0.872442,1
0.724774,-0.968945,1
-1.462641,-0.990380,1
-0.219211,0.766299,1
-1.558558,-0.418971,1
-1.478153,-1.108741,1
-1.133185,0.305930,1
-0.166152,-1.363847,1
-0.998099,-0.337785,1
-1.737461,0.396727,1
-0.547472,-0.103691,1
-1.193554,0.160213,1
-0.367614,0.411893,1
-0.876384,0.740183,1
-1.785555,-0.283054,1
-0.640574,0.751150,1
-2.603855,-0.124776,1
-3.605799,0.550486,1
-1.310361,0.027987,1
-1.347797,-0.124804,1
-1.007787,-1.987744,1
-1.246519,-0.006646,1
-0.974469,-1.001006,1
-1.510499,-0.230371,1
-0.786187,-0.485133,1
0.857773,-1.168271,1
-0.665122,0.690195,1
-0.741421,-1.154233,1
-0.194948,-0.544571,1
-1.380458,0.716830,1
-1.552297,0.598347,1
-1.278991,-0.196444,1
-1.867769,0.205655,1
-1.543997,-1.115609,1
-1.372097,0.793248,1
-0.486912,-1.459290,1
-0.291725,-0.987463,1
-1.031909,-0.424367,1
-1.125060,-0.232249,1
-1.474352,-0.578828,1
-0.225128,1.037654,1
-2.669895,-0.064338,1
-2.645653,0.462252,1
-1.644444,-0.109690,1
-0.500086,1.273876,1
-0.975408,0.572733,1
-1.593294,0.590205,1
-2.498238,-1.034042,1
-0.595839,0.215749,1
-0.910187,0.880752,1
-1.550766,0.148362,1
-1.649788,2.536078,1
-1.979775,-0.319897,1
-1.737761,-0.394842,1
-0.543641,-0.495545,1
-0.264322,-0.076891,1
-0.736347,1.104851,1
-0.323377,0.295132,1
-1.846326,-0.749846,1
-0.074865,-1.055278,1
-1.119344,-1.001062,1
-0.457761,0.438764,1
-1.744407,-0.893080,1
-0.626469,-0.094647,1
0.143960,0.059650,1
-0.685547,-0.196212,1
-1.151735,0.924409,1
-2.058185,0.611930,1
-1.665593,0.385206,1
-0.327996,0.541839,1
-1.646029,-0.320223,1
-2.174601,-0.062494,1
-1.312398,-0.086399,1
-1.006945,0.497059,1
-0.198080,0.657607,1
-0.916310,-0.223123,1
-0.495035,-0.274871,1
-1.583254,0.051021,1
-1.540923,0.706571,1
-2.001335,-0.373249,1
-1.322687,-0.399476,1
-1.033146,0.356209,1
-1.133313,-0.113790,1
-1.566393,-0.028404,1
-1.657638,-1.108501,1
-0.138756,-0.847344,1
-1.364649,1.134095,1
-1.768786,0.032893,1
-2.849530,0.135320,1
0.924800,-0.887393,1
-1.229486,0.627690,1
-1.246826,1.362538,1
0.023840,-0.921476,1
-1.543666,0.663649,1
-1.289528,1.196559,1
-2.200626,0.028081,1
-0.772042,-0.064331,1
-1.133125,-0.530694,1
-1.162285,0.462090,1
-1.616888,0.780670,1
-1.241045,0.268174,1
-1.056123,1.283689,1
-0.297235,-0.543973,1
-1.850719,0.014895,1
-1.511706,-0.761594,1
-1.012264,-0.047381,1
-0.329667,-1.357397,1
-1.037701,1.194599,1
-0.109760,0.218510,1
-1.687503,0.665658,1
-0.108812,-0.518440,1
-0.583687,-0.775165,1
-0.834147,-0.187704,1
-0.779646,0.051161,1
0.683294,-0.276387,1
-0.465355,-1.039886,1
0.105485,0.245862,1
-0.934342,-2.024297,1
-0.179692,0.296498,1
1.381070,0.400206,1
-0.059980,0.618242,1
-1.703651,0.022543,1
-1.414863,-0.203977,1
-0.563452,-0.597620,1
-2.517518,0.328733,1
-2.022370,0.320544,1
-1.870018,-0.775815,1
-0.843009,0.925437,1
-1.467765,0.142171,1
-0.048673,0.364583,1
-0.946009,-0.740640,1
-0.494423,0.848223,1
-0.657884,-0.143220,1
-1.085989,-0.306181,1
-2.426279,-1.155912,1
-0.879677,0.595226,1
-0.317095,0.321036,1
0.128571,0.165610,1
-0.362171,0.400185,1
-1.588593,-0.187278,1
-1.920607,0.625181,1
-0.135417,-0.330494,1
-0.751438,0.695922,1
-0.861179,-0.581451,1
-1.709756,0.298435,1
-0.525908,0.172224,1
-0.374337,-0.305519,1
-1.013913,-1.051634,1
-1.259667,1.347344,1
-1.021487,-0.728130,1
-1.721738,-0.446274,1
-0.858843,-0.246955,1
-1.583424,-1.661601,1
-1.312465,0.433800,1
0.218656,0.398072,1
-0.142736,0.520658,1
-0.550922,-0.273139,1
0.377018,-1.055384,1
-0.017421,1.141835,1
-0.383703,1.277227,1
-1.080337,0.274637,1
-0.557911,-1.115880,1
-0.247080,0.442283,1
-1.367193,-0.789802,1
-0.374232,0.904830,1
-1.135774,-0.223745,1
-1.087658,-0.626580,1
-1.628918,-2.221886,1
-0.793111,-0.132234,1
-1.113412,1.244187,1
-0.867972,-0.297180,1
-0.328763,0.130934,1
-1.172353,0.358090,1
0.069573,0.693970,1
-2.359865,0.734420,1
-1.386783,1.042241,1
-0.263988,1.591835,1
-1.438892,-2.378451,1
-1.537368,-0.335274,1
-1.901067,-1.160986,1
-2.591750,-0.382433,1
-0.665673,0.312390,1
0.669880,0.285558,1
-1.613819,-0.035086,1
-1.737079,0.262454,1
-1.942370,1.011669,1
-0.443099,-1.790904,1
-0.547925,-0.544939,1
-1.405162,-0.767078,1
-1.719335,-0.190512,1
-1.476792,-0.331120,1
-0.894098,0.650365,1
-1.369881,-1.058345,1
0.611858,-0.956666,1
-1.074265,0.161774,1
-0.605938,-0.786364,1
-1.051847,-0.351564,1
-1.609327,-0.435477,1
-0.934779,-0.544364,1
-1.505490,0.571715,1
-0.196778,-0.163962,1
-0.895758,-1.374292,1
-0.341628,-0.388661,1
-1.081373,0.572232,1
-1.640014,0.190882,1
-0.187551,-0.176515,1
-1.020023,-0.286413,1
-2.077784,-0.626333,1
-1.402730,-0.077189,1
-0.275942,0.557765,1
-0.777364,0.048832,1
-1.451186,1.570065,1
-0.861740,-0.607826,1
-1.402125,-0.174813,1
-0.739876,-0.551071,1
-2.521795,-1.023792,1
-2.364280,-1.171873,1
-0.302848,-0.462594,1
0.474792,-0.523812,1
-0.937301,0.087904,1
-0.617545,-0.980545,1
-1.144421,-0.092709,1
-1.539395,0.654516,1
-1.008810,-1.103312,1
-1.927132,-0.640926,1
-0.995116,0.217878,1
-0.469590,0.633235,1
-0.949253,0.325141,1
-1.189365,-0.193807,1
-1.688661,-0.031303,1
-1.386937,-0.947072,1
-0.276639,-0.722218,1
-0.596463,1.030341,1
-1.455579,0.113083,1
-0.686442,1.116482,1
-0.053503,-0.518092,1
-2.594133,-1.749141,1
-2.011467,0.100518,1
-1.795199,-0.697917,1
-2.059945,0.488335,1
-1.397233,0.096929,1
-0.823335,-0.104180,1
-1.262589,-0.913102,1
-0.953575,1.239269,1
0.312121,-0.619076,1
-1.061658,-0.548751,1
0.010410,0.540631,1
-0.670667,-0.786294,1
-1.447914,-0.988378,1
-0.707082,-0.678056,1
-1.404706,-0.200520,1
-0.676582,-0.279929,1
-1.548440,-0.514711,1
-1.687778,0.479003,1
-0.836771,-0.696835,1
-1.362100,-0.007427,1
-2.008876,-0.300296,1
0.023773,-0.699593,1
-0.565479,-1.771423,1
-0.729581,-0.935124,1
0.044855,0.461538,1
-2.346383,1.259247,1
-1.775408,-1.134395,1
-1.221778,-0.809785,1
-0.345395,0.780755,1
-2.022671,-0.242028,1
-0.447301,-2.292513,1
-2.251652,-0.283252,1
0.337146,1.275812,1
-0.848073,-1.180198,1
-1.121081,1.528691,1
-1.036625,-0.139099,1
-0.489974,0.610498,1
-0.380585,-1.268341,1
0.608408,-1.746896,1
-0.219463,-0.003083,1
-2.192348,0.313904,1
-1.442790,0.010794,1
-1.129182,-0.246295,1
-1.051328,-0.903187,1
-2.483066,1.020945,1
-0.604378,-0.027728,1
-1.569068,0.301260,1
-1.640936,0.487375,1
-0.678675,1.196811,1
-2.100373,-0.996418,1
-1.467645,0.917807,1
-0.597562,1.589089,1
-1.825641,1.022046,1
0.209127,-0.603575,1
-1.251240,1.015485,1
0.523060,-0.152562,1
-0.827224,-1.180467,1
-2.286638,-0.852655,1
-1.331576,-0.747720,1
-0.931329,0.984295,1
-0.246434,0.169122,1
-1.661892,0.123410,1
-1.948129,0.560395,1
0.666690,0.532994,1
-1.108753,0.892240,1
-1.354351,-0.313295,1
-1.446929,-0.532466,1
-1.929962,-0.247305,1
-1.446049,0.285062,1
-1.148593,-0.335631,1
-0.494421,0.974643,1
-0.466304,0.835114,1
-0.415581,-1.383417,1
-0.209653,-0.265056,1
0.743287,0.458330,1
0.149327,-0.361538,1
-1.985134,0.779124,1
-0.587189,0.664667,1
-1.390529,-1.101390,1
-1.944140,0.306474,1
-1.356066,-0.341545,1
-1.699690,0.311351,1
-0.859162,0.865487,1
-1.638189,1.696347,1
0.701788,-0.597395,1
0.212118,-0.399749,1
-0.437749,1.545258,1
-1.912345,0.797542,1
-1.481215,-1.697646,1
-2.063234,-0.022086,1
-2.158012,1.203364,1
-0.206870,1.394741,1
-0.299592,-0.316215,1
-0.618445,1.070991,1
-1.513503,0.437762,1
-0.797778,0.472659,1
-1.035686,0.755104,1
-1.087974,1.756407,1
-1.515538,-1.159400,1
-1.964777,-0.844455,1
-0.863338,-1.166055,1
-2.824097,0.095565,1
-0.462615,0.703762,1
-1.129319,-0.369952,1
0.784657,0.475841,1
-1.809570,-0.051322,1
-0.463359,-0.825532,1
0.827465,0.388627,1
-1.056519,-0.178858,1
-0.621094,-0.571225,1
-0.978842,-0.355636,1
-0.619813,0.575129,1
-1.199169,0.737162,1
-2.442505,0.357280,1
-0.552855,0.197864,1
-1.296487,0.465771,1
1.262319,-0.345234,1
-2.527568,0.025948,1
-0.740530,-0.673602,1
-1.102026,0.145102,1
-1.299130,0.351756,1
0.394485,1.245415,1
0.009134,0.335346,1
-1.281869,-0.486653,1
-1.251647,1.161331,1
-1.117358,-0.661341,1
-0.220577,-0.265156,1
-0.427452,1.957323,1
-0.966187,0.461828,1
-1.525803,0.296334,1
-0.689521,-0.688166,1
-1.006418,-0.796542,1
-2.363380,-0.341566,1
-1.143005,0.031280,1
-0.554928,-0.410646,1
-1.373250,-0.009982,1
-1.536590,-0.081581,1
-0.819877,-0.832894,1
-0.509159,-1.313858,1
-2.012737,0.645891,1
-2.104195,1.425634,1
-0.539476,0.265775,1
-0.498192,-0.813911,1
-0.689737,-0.020120,1
-0.172747,0.304313,1
0.086329,-0.327253,1
-0.208880,1.220368,1
-0.550922,0.279661,1
-0.959751,-1.048296,1
-0.807385,0.188482,1
-2.458813,1.029550,1
-1.187136,0.185026,1
-1.070681,-0.405332,1
-0.322638,-0.826558,1
-1.242347,0.335200,1
-1.389902,0.291847,1
-0.687221,2.618532,1
-0.555500,0.567793,1
-2.019904,0.400428,1
-2.265846,0.907124,1
-1.036190,0.312214,1
-1.409960,-0.176070,1
-0.982743,-0.987740,1
-1.339198,0.684176,1
-0.527095,1.033820,1
-1.064884,-1.191343,1
-2.063419,-0.769206,1
-1.807463,-0.165882,1
-1.129658,0.664036,1
-1.809763,-0.580984,1
-0.549225,-0.042421,1
-1.166360,-0.198648,1
-1.309029,0.349095,1
0.067811,0.830998,1
-2.517620,-0.536789,1
-1.377650,-0.562170,1
-0.608399,-0.237496,1
-2.740513,0.162856,1
-1.644126,-0.137974,1
-0.360670,1.921351,1
-0.164026,-0.091280,1
-1.440487,0.557765,1
-2.175792,0.704313,1
-2.992236,0.469319,1
-0.780324,0.338709,1
-0.172657,0.423869,1
-0.008200,0.330024,1
0.296265,-0.699371,1
-0.169724,1.609920,1
-1.255042,0.680438,1
-0.897958,0.692860,1
-1.915004,-0.443847,1
-1.816815,0.074457,1
-1.279994,-0.007457,1
-0.709219,-0.622571,1
-1.539920,0.214617,1
-3.165754,-0.414510,1
-1.130121,-1.391295,1
-2.302072,0.545694,1
-1.768714,-0.385391,1
-0.439583,-0.820441,1
-0.137017,0.595952,1
-1.726621,1.459533,1
-1.082592,-0.251558,1
-0.769802,0.058111,1
0.350411,0.996379,1
-1.102155,-0.920384,1
-0.245603,-0.754822,1
-0.870444,0.349143,1
-2.165458,1.112767,1
-1.684338,-1.102256,1
-0.666401,0.182459,1
-1.609023,-0.293110,1
-2.132585,0.157875,1
0.075296,-0.557771,1
-0.904946,-0.031865,1
-1.773113,0.751247,1
-1.665148,0.362497,1
0.853040,0.457034,1
-2.845455,0.581590,1
0.092765,-0.580183,1
-2.420666,-0.075060,1
-1.473811,1.580493,1
-1.503208,-0.084206,1
-0.712474,0.090018,1
-1.776564,-0.734185,1
-1.370320,0.200215,1
0.850871,1.074271,1
0.714920,0.628886,1
-1.083583,0.477279,1
-1.546524,0.632212,1
-2.662226,-0.893976,1
-1.342183,-0.441600,1
-0.642033,0.149781,1
-1.595029,-0.274635,1
-0.886315,-1.576238,1
-1.200696,0.321342,1
-2.193918,0.893746,1
-0.749484,1.322900,1
-1.187695,0.711424,1
0.074623,0.233798,1
-0.978526,0.497373,1
-0.606774,-0.502038,1
-1.270432,0.598781,1
-0.848218,-2.108201,1
1.543679,-1.625258,1
-1.865410,0.494128,1
-1.758905,1.057855,1
-0.595309,-0.075817,1
-1.330159,0.134178,1
-1.113029,-1.058198,1
-1.534207,0.023621,1
-1.334388,-0.905368,1
-1.199781,0.595788,1
-0.737547,-0.885247,1
-1.659822,-0.558515,1
-1.312235,-0.518778,1
-1.049464,1.650013,1
-0.839448,-0.045335,1
-2.181439,0.495238,1
-1.447780,0.421118,1
-0.941845,0.315238,1
-1.869524,0.788782,1
-1.784979,-1.617395,1
-1.633157,0.821227,1
-1.354334,0.419963,1
0.049037,-0.481791,1
0.120553,-0.481413,1
-1.465042,-0.266528,1
-1.336885,-0.883989,1
-1.694387,-1.537221,1
-0.158301,-0.158700,1
0.239557,-0.608504,1
-0.815094,-0.668091,1
1.061840,-0.355937,1
-1.752075,1.062119,1
-0.804686,0.479559,1
-0.907349,1.235898,1
-0.814933,-0.511064,1
-0.799175,-0.530262,1
-0.905267,-1.001022,1
-0.911210,0.355453,1
-1.902339,-0.818988,1
-0.331992,0.638315,1
0.110241,-1.537655,1
-0.276259,-0.951980,1
-1.175797,2.270264,1
-1.249367,-1.437679,1
0.628817,0.714139,1
-3.372308,-1.040463,1
-1.203596,-0.153950,1
-1.310729,0.149920,1
-0.196972,-0.779106,1
-1.280024,-0.880445,1
-1.935534,-0.571395,1
-1.268523,-1.003410,1
-0.872821,0.161238,1
-1.031355,-0.547756,1
-0.243951,-0.202764,1
-1.192855,0.990930,1
-0.128160,-0.210015,1
-2.948662,-0.565878,1
0.508948,0.260323,1
-0.402542,-0.903934,1
-1.649761,0.222686,1
-0.695662,-0.133264,1
0.029233,0.897711,1
-1.465336,-0.195758,1
-1.423048,1.290795,1
-0.612325,1.018517,1
-1.834768,0.485435,1
-1.542904,-0.340890,1
-1.398564,-0.464762,1
-0.726511,-0.216085,1
-0.720603,1.114088,1
-0.792484,0.965084,1
-1.857807,-1.034765,1
1.012584,0.129909,1
-1.284967,0.288028,1
-1.834381,-1.511185,1
0.040902,-0.999265,1
-1.418100,0.175368,1
-1.427264,0.189051,1
0.155455,0.084154,1
-1.940629,0.199223,1
-0.129271,-0.170423,1
-0.044071,-0.250485,1
-1.053336,0.408406,1
-1.387661,0.099893,1
-0.478610,0.472667,1
-2.221544,-0.934999,1
-1.266917,0.475289,1
0.466277,0.002108,1
-1.244258,-0.217480,1
-0.873103,-0.862668,1
-0.917408,-0.809982,1
-1.372352,-0.798701,1
-1.508842,-0.147330,1
-0.399454,0.396724,1
-0.994044,-0.347250,1
-0.932475,-0.893429,1
-1.101751,-0.006243,1
-1.751477,-1.869252,1
-1.220752,-1.366057,1
-0.354609,0.531796,1
-0.708346,0.968348,1
0.209409,-0.109442,1
-1.170707,0.231783,1
-0.797690,0.836091,1
0.228579,-1.214687,1
-1.070152,0.790733,1
-2.771971,-0.199610,1
-1.116611,-0.913671,1
-0.955798,0.455775,1
0.211555,0.632575,1
-1.416878,0.322589,1
-0.740195,0.098558,1
-0.071822,0.087632,1
-1.372152,-0.173053,1
-1.315460,0.187937,1
-0.270428,1.040869,1
-1.163317,-1.238605,1
-1.041746,-0.238827,1
-1.250191,0.721258,1
-1.483989,-0.005241,1
-1.644291,0.359069,1
-1.479149,0.748508,1
-1.432603,0.131997,1
-1.451328,0.325187,1
-2.512646,-0.710482,1
-1.583689,0.840214,1
-1.228654,-0.516882,1
-1.793692,-0.232500,1
-2.041161,0.839689,1
0.228692,0.099572,1
-0.044360,0.667771,1
-1.287110,0.997445,1
-1.083894,0.633539,1
-1.251966,1.119560,1
-1.080359,-0.652024,1
0.339930,0.205850,1
0.518994,-0.312298,1
-0.363262,1.641403,1
-1.382286,0.617016,1
0.777801,-0.001515,1
-0.379763,-0.009239,1
-0.396878,0.462799,1
0.047772,1.278443,1
-1.004066,-0.775138,1
-2.557622,-0.670975,1
-1.390337,-0.674183,1
-0.965267,0.511807,1
-0.227870,1.007215,1
-0.094600,0.099738,1
-0.264513,-0.796568,1
-1.734227,-0.461850,1
-1.607258,-0.787977,1
-0.833913,-0.029928,1
-0.808826,-0.110911,1
-1.302747,-1.204679,1
-1.732977,-1.118405,1
-1.795554,0.508675,1
-1.570400,0.327779,1
-0.145223,1.069359,1
-0.570784,0.428199,1
-2.048590,-0.308894,1
-0.318644,-0.138696,1
-1.734117,-0.978281,1
-1.145164,-0.506612,1
0.619812,-0.825422,1
-1.106925,-1.724195,1
-0.588532,0.076079,1
0.342382,-0.291558,1
0.233318,-1.703003,1
-0.484154,0.623855,1
-0.656621,-1.092665,1
-0.012281,-0.488794,1
-0.197373,0.044731,1
-1.128324,0.634256,1
-0.338439,-0.378642,1
-1.102380,-0.182386,1
-1.300816,0.890015,1
-0.014683,-0.750312,1
-1.683558,-0.712927,1
-1.592541,-0.258571,1
-1.529110,1.408687,1
-2.315157,0.058104,1
-0.258156,0.943077,1
-0.308407,-1.391443,1
-3.119699,0.808065,1
0.214686,-1.079538,1
-1.303634,-0.073436,1
-0.632158,0.969999,1
-0.913187,-0.530048,1
-1.584862,1.876220,1
-1.332263,-0.003561,1
0.086992,-0.135636,1
-0.908527,-1.456519,1
-0.672262,-0.584034,1
-1.429179,-0.534867,1
-1.385528,0.710022,1
-1.580244,0.385547,1
-1.142194,0.106941,1
-1.622819,0.098972,1
-0.485015,0.398841,1
-1.412987,-0.879087,1
-2.057140,0.349903,1
-0.731151,0.456457,1
-1.755526,0.741818,1
-1.209630,0.264905,1
-1.678876,-0.339302,1
-0.281362,-0.798430,1
-0.732491,0.044314,1
-0.391900,0.260554,1
-1.366444,0.344713,1
0.079168,-0.127198,1
-1.776641,-1.157829,1
-0.848052,0.222447,1
-1.087985,0.391011,1
-0.816286,0.306452,1
-2.391934,-0.621305,1
-1.071151,1.267427,1
-1.551081,0.437527,1
-0.785952,1.202154,1
-2.207568,1.045092,1
-1.615683,-0.071727,1
-1.327812,0.707928,1
-0.300298,-0.347167,1
-0.152615,-0.926483,1
-0.570400,0.450594,1
-0.060120,0.199134,1
-1.412327,-0.796228,1
-2.156071,-0.230929,1
-2.572284,0.752879,1
-0.998007,-0.234333,1
-0.806496,-0.213093,1
-1.402590,0.278480,1
-1.850683,-0.963485,1
-0.246026,-1.377421,1
-0.238517,0.736304,1
-1.228291,-0.222572,1
-1.109262,-0.059206,1
-0.371005,-0.734681,1
0.276711,-1.402241,1
-1.222567,0.670709,1
-1.204494,0.061014,1
-1.670897,1.074460,1
-0.557110,-0.942750,1
-2.034090,-0.519027,1
-0.685554,-0.972617,1
-1.202719,-0.243491,1
-0.737002,-0.339708,1
-1.127912,1.245792,1
-1.224938,-0.489101,1
-0.294564,0.380762,1
-1.508283,0.409214,1
0.446128,-0.728122,1
-0.436226,-0.173798,1
-0.793706,0.971267,1
-0.446192,0.437234,1
-2.547068,-0.367427,1
-1.177247,0.933336,1
-0.637673,0.933466,1
-1.815954,1.188510,1
-1.219661,0.370775,1
-0.731238,1.769024,1
-0.805530,-0.164846,1
-1.183430,-0.115421,1
-1.994872,-0.306236,1
-1.934142,0.851847,1
-1.427525,0.968539,1
-1.260949,-0.309803,1
-0.557459,0.719151,1
-0.657438,-0.803167,1
-0.480013,-0.581804,1
-0.806135,0.516143,1
-0.638772,0.925996,1
-0.824579,-0.043787,1
-1.026762,-1.147014,1
-0.584491,0.789116,1
-1.063754,-0.418314,1
-1.484687,1.137100,1
-1.281919,-0.071658,1
-0.288473,0.588232,1
-1.078415,0.488625,1
-0.840810,0.948011,1
-1.056449,-0.673657,1
-0.921245,-0.481759,1
-1.463343,0.210611,1
0.714343,1.577179,1
-0.400524,-0.154417,1
-0.614184,-0.506236,1
-1.062824,-1.152850,1
-0.963232,-0.595003,1
-0.598061,0.339689,1
-1.256540,-1.535444,1
-1.072315,-0.372718,1
-1.696456,1.048756,1
-0.898930,0.134277,1
-2.181466,-0.569265,1
-0.562347,-0.227137,1
-2.750253,-0.243928,1
-1.447021,1.044215,1
-0.451380,0.059589,1
-1.454103,0.622577,1
-0.504228,0.033536,1
-1.880516,0.189197,1
-1.078929,1.300508,1
-0.408175,0.962152,1
-1.602350,1.395972,1
-0.443564,-0.160372,1
-1.421682,0.318587,1
-1.345403,-0.037663,1
-1.532156,0.118325,1
-1.185941,-0.020849,1
-1.005735,-1.393567,1
-1.651067,-0.176165,1
-0.987738,-0.374630,1
-0.873920,-0.791829,1
-2.417188,-0.602158,1
0.144852,1.417164,1
-1.724705,-0.394747,1
-0.280955,-0.733899,1
-0.749097,0.201104,1
-1.491947,-0.721085,1
-1.660353,0.570349,1
-1.301892,-0.471549,1
-1.563759,0.667956,1
-1.027434,-0.229946,1
-1.477649,-0.428330,1
-0.423579,-0.451996,1
0.009604,0.124062,1
-0.254549,1.449998,1
0.177480,-0.544640,1
-0.811959,0.982439,1
-0.072282,0.010567,1
-1.578871,-0.337790,1
-1.038085,0.050760,1
-0.322201,-0.879842,1
-2.626624,-0.279938,1
