-0.832566,0.830864,0
0.888602,1.756434,0
2.103525,0.806036,0
-0.343297,2.090556,0
0.106762,0.506485,0
-0.582977,1.276899,0
0.643548,0.498766,0
0.687009,0.202680,0
1.178257,2.260149,0
2.450987,1.012640,0
0.442448,1.052857,0
0.977155,3.634959,0
0.627677,0.344406,0
1.877822,-0.605755,0
-0.109170,-0.715153,0
1.506281,1.746953,0
-0.200706,-0.338564,0
1.587731,-0.378666,0
1.344291,0.730499,0
-0.301190,1.742109,0
0.964572,4.105953,0
0.034405,-0.678166,0
-0.528009,0.427522,0
1.822948,1.071071,0
1.775168,0.670805,0
-0.748777,0.118973,0
1.997744,1.071817,0
1.164763,2.907024,0
1.337315,-0.655436,0
1.455681,0.567791,0
-0.057198,1.337746,0
0.326445,1.001111,0
2.220005,-0.033235,0
0.734117,1.580480,0
1.618516,1.298687,0
1.684375,2.142995,0
2.072444,-0.806060,0
2.708686,0.338215,0
0.844658,1.538253,0
2.776311,1.867452,0
1.914866,0.256352,0
1.811765,0.649488,0
2.120043,0.986352,0
1.186638,0.878431,0
1.610173,1.527586,0
-0.721367,-1.486392,0
1.211583,3.444293,0
0.407115,1.522230,0
2.246031,2.017696,0
1.595907,1.907608,0
1.794258,1.280866,0
1.898254,2.399572,0
0.205753,1.516863,0
2.052713,1.687892,0
1.814137,1.305621,0
0.767708,1.903437,0
0.970244,0.176881,0
2.784142,2.011672,0
2.179207,-0.723459,0
0.146880,1.382222,0
2.939796,1.783762,0
2.026666,1.626577,0
-0.167565,1.643432,0
2.083508,0.717417,0
-0.057913,2.242140,0
0.345831,3.231981,0
0.600599,1.173534,0
2.159101,0.534519,0
1.438579,1.569104,0
2.505195,0.572830,0
2.114240,2.919788,0
-0.666841,1.880416,0
0.849882,-0.240257,0
-0.272060,0.989044,0
-0.957609,1.298854,0
0.971921,2.715920,0
1.580699,1.200669,0
0.397653,1.659520,0
0.773249,0.044116,0
0.394595,0.799693,0
-0.218740,2.069685,0
2.548111,1.526929,0
2.272273,-0.005058,0
0.486843,0.655100,0
3.170546,0.691812,0
-1.172907,0.783608,0
0.492470,1.050397,0
0.285310,-0.719059,0
1.847592,3.085795,0
-0.908356,1.077810,0
0.164475,0.974050,0
2.157445,1.838911,0
1.038620,1.643838,0
0.448452,-0.438095,0
1.865389,1.608665,0
1.725402,1.326011,0
0.970236,0.505000,0
0.377129,-1.158723,0
1.760123,-1.604095,0
1.662213,-0.211214,0
0.281778,2.509559,0
1.182119,1.202897,0
3.124397,0.129422,0
1.865289,1.462406,0
-1.739939,1.897807,0
-1.817854,2.005874,0
0.082928,1.267161,0
0.863621,0.040417,0
0.535401,0.205928,0
2.891994,0.229233,0
0.380679,0.929400,0
1.324105,0.391194,0
1.159667,0.698124,0
1.416745,2.779187,0
1.025813,1.464836,0
1.932881,1.289781,0
1.666418,2.218633,0
2.080129,0.963268,0
0.130070,2.591382,0
0.528842,0.857043,0
0.328285,2.227307,0
1.636709,2.536114,0
-0.788161,2.488766,0
1.705941,1.330782,0
0.609928,0.286046,0
-1.434825,-2.219071,1
-0.877133,-0.292157,1
-0.702248,-0.811035,1
-1.417430,-1.258430,1
-0.705103,-1.363597,1
-0.012162,-0.065890,1
-0.595499,-2.322250,1
-2.162030,0.922256,1
0.730565,0.880064,1
-2.356189,-1.950512,1
-0.063265,-0.574581,1
0.271415,-2.345061,1
-0.531013,-1.430678,1
-0.660415,-1.102988,1
-0.960472,-2.037172,1
-0.894433,-0.671089,1
-1.269351,0.826028,1
-0.026932,-2.525707,1
-0.573279,-1.418778,1
0.020025,0.862232,1
-2.017552,-1.396399,1
-1.754998,-1.206628,1
-2.916171,2.168644,1
-0.723365,-1.440868,1
-1.732055,-1.156992,1
-0.419924,-1.868104,1
-0.576670,-1.483225,1
-1.565964,0.552688,1
-0.205129,-1.596852,1
-0.557834,-1.045828,1
-3.005826,-1.907698,1
1.533837,-0.975941,1
-2.140721,-3.146049,1
-0.961218,-2.077184,1
-0.305613,-2.796598,1
-0.625453,-0.242833,1
-0.859036,-1.830816,1
-0.482706,-1.032622,1
-0.822927,-0.141034,1
0.279070,0.251934,1
-1.686956,-1.864358,1
1.024750,-1.543028,1
-0.986213,0.434593,1
-1.195555,-1.652735,1
-0.118940,-0.011185,1
-1.224818,-0.222579,1
-2.362119,-1.230280,1
-1.534208,-3.440963,1
-1.619043,-1.703482,1
-0.259521,-2.041884,1
1.963994,0.516355,1
-2.565213,-1.931031,1
-0.694195,-0.333328,1
-0.184136,-2.329925,1
-2.418486,0.319721,1
0.283379,-1.887837,1
-2.867451,-3.314750,1
-0.752042,-0.727935,1
-0.725403,-0.184159,1
-0.855310,-1.009956,1
0.452552,-1.798699,1
-1.721197,0.270067,1
-0.317796,-3.146091,1
1.578008,0.341669,1
-0.492986,-0.804498,1
0.018992,-0.359220,1
-1.544437,0.166328,1
-0.286122,-0.288255,1
-2.354263,-0.121015,1
0.738341,-0.410707,1
0.396055,-2.244923,1
0.301807,-0.519689,1
0.521592,-0.765586,1
-0.449269,0.140453,1
-1.438972,-0.206112,1
0.030406,-0.853788,1
-1.729307,0.460011,1
-0.743441,0.810389,1
-0.055515,-2.731306,1
-0.887108,0.671464,1
0.239002,1.129975,1
-1.376864,-2.557640,1
0.103787,-0.694481,1
-1.867650,0.472898,1
-1.640409,-1.732208,1
-1.532119,-0.717238,1
-2.502028,1.547380,1
1.650690,-0.150256,1
-1.021720,-1.619131,1
0.720688,-2.573226,1
-1.519372,-1.765258,1
-0.927457,-1.399492,1
-0.601480,-1.690089,1
-0.309444,-0.667379,1
-0.629511,-0.992718,1
-0.784130,-0.143643,1
-0.430610,0.846059,1
0.140146,-0.729817,1
-1.936497,-3.094337,1
-1.763389,0.247794,1
-1.049050,-1.011003,1
-1.597142,-0.002087,1
-0.968085,-0.689547,1
-0.962420,-1.649615,1
-1.079926,-0.062435,1
-1.878637,-1.606278,1
-0.244270,-0.237457,1
-1.046397,0.611372,1
0.909293,-1.176594,1
-1.206684,-1.855514,1
0.068053,-2.329379,1
-0.449779,-1.330791,1
-2.555223,-1.070186,1
-1.262043,-2.284256,1
-3.672333,-0.320785,1
-0.849825,-2.996587,1
-1.184183,-3.577662,1
-0.759618,-0.268398,1
-2.103766,0.048522,1
-1.585357,-0.633590,1
-0.784006,-0.506331,1
1.084858,-0.506979,1
-2.014651,0.228909,1
-0.932214,-1.571883,1
-0.494688,-0.243279,1
