0.717051,1.210279,-0.741284,0.140462,-0.474286,-0.405463,0.785885,1.759803,0
-0.142301,-1.213647,-0.942746,0.779750,-0.886715,0.349177,0.703602,-1.107623,0
1.056123,1.557287,1.385277,-0.394622,-0.587934,-1.442656,-0.480209,1.199860,0
1.953334,-0.637939,-0.541152,-0.095712,-0.920275,0.036055,0.193851,0.635240,0
0.710377,0.559358,-1.055093,-0.921359,1.146259,0.274343,-0.051254,-0.748958,0
0.630617,-0.740669,1.081229,0.900431,-0.491237,-0.073060,0.016151,-0.450765,0
0.517870,-0.918065,0.198763,-0.172195,0.518452,0.254566,1.251272,-0.355718,0
0.816552,-0.964170,-1.101705,0.021798,-1.745689,0.705411,-0.615113,1.150839,0
1.167507,0.479242,-0.008063,0.648233,-0.952104,0.377875,-0.289682,-0.455710,0
0.849018,-0.737264,-0.936754,0.360574,-1.221173,0.017760,-0.284198,0.627020,0
1.399392,-0.644146,-0.706278,0.168834,-0.035468,-0.360151,0.105778,0.982924,0
-1.030346,-0.128612,0.561847,-0.016180,-0.568983,1.204989,-0.615367,0.874469,0
2.013371,1.673267,0.556323,-0.541864,0.410593,0.649430,0.661502,-0.296644,0
1.165630,1.245247,0.488695,0.080317,-1.028201,-0.448650,0.327144,1.262896,0
1.278783,0.527817,0.857778,0.108576,0.430031,0.723647,-0.435273,0.876328,0
1.194795,0.010365,0.200527,0.189606,-0.114583,0.725164,0.354208,-0.288269,0
1.825257,0.647766,-0.404345,-0.409781,-0.814510,1.059556,0.084195,1.364099,0
0.975698,-0.133164,-0.473439,-0.284836,0.689223,-0.518264,-1.343090,-0.975267,0
0.270377,-0.498937,0.229947,-0.306919,-1.953915,0.316377,0.240485,-1.489705,0
1.235995,0.583752,-1.031814,-1.182426,-0.095072,0.550750,0.150981,-0.951792,0
1.043468,-0.250762,-0.092069,0.616346,-0.372182,1.353061,1.153738,0.507392,0
1.122304,-0.455228,-0.513887,-0.199284,0.552035,0.181245,0.169205,0.302745,0
1.084846,-0.166711,-1.055998,1.727257,-0.085338,0.545516,-0.801614,0.540557,0
0.900921,0.084526,0.958637,0.353627,0.583116,0.228235,0.544961,-0.090913,0
2.037865,-1.107256,-0.040575,-1.364270,-0.079188,-0.691847,-0.649443,-0.709120,0
0.331366,-0.750571,-0.330039,-0.484187,0.813627,0.149399,-1.587231,-0.375205,0
0.327894,-0.199100,1.636632,0.141263,-0.700022,-1.318132,0.520976,-0.650641,0
1.848998,0.534871,-0.325588,0.963089,-1.269500,0.356928,-0.529159,0.844464,0
3.225869,1.000542,-1.388858,-0.172564,-0.971908,-0.345507,0.212844,-0.281931,0
0.656056,-0.137650,-0.887043,-1.017586,0.711173,0.634762,1.556783,-0.198559,0
0.769635,0.855328,1.118196,-0.596163,-1.009604,1.735627,0.706780,-1.051667,0
1.966011,0.669935,-0.201113,0.488336,-0.542846,-1.080872,1.252093,-1.296168,0
0.889765,0.758811,-0.693758,-1.081933,0.166748,-0.182021,-0.622175,0.357284,0
1.343661,-0.224289,0.990853,-0.440840,0.305927,-0.618773,-0.606311,-0.992633,0
0.996024,0.982617,1.112249,1.369558,1.016765,-1.256455,0.973275,0.209759,0
2.774828,1.617921,0.821984,-0.662226,1.330220,0.435979,-0.337717,-0.914208,0
2.448346,0.719543,0.097648,-1.150861,-0.065216,1.585844,1.328140,0.533231,0
1.568707,1.218235,-0.561007,1.084357,-0.554973,1.731352,0.328166,0.887728,0
2.059286,0.041618,0.146121,0.637606,-0.685563,0.479959,-0.299608,-1.631399,0
1.673104,-1.177986,1.039001,-1.089866,-1.271657,-1.007169,-0.296714,0.186780,0
1.116571,-0.740426,-0.328495,-0.837188,-0.905284,-0.887472,-0.034114,-0.547683,0
2.410588,-0.271579,-0.615879,0.286979,0.436172,-0.095527,1.234164,0.923668,0
0.078681,0.015810,1.041298,-0.319928,-0.227875,0.098376,-1.368495,-0.093632,0
0.701434,-0.269191,0.194916,-1.121397,-0.875823,-0.178741,-0.202586,-0.370540,0
1.301670,-0.868714,0.696407,1.426793,-0.241813,1.214616,0.714952,-0.043170,0
1.672796,-0.575631,0.961350,-0.735554,-0.000585,0.820762,0.681625,-0.280488,0
1.464902,0.394424,-0.518740,-0.965951,-0.684508,0.390774,0.029480,0.237324,0
0.948608,0.301209,-0.717569,-0.306143,-0.800602,0.548597,-0.142054,0.744695,0
2.372191,-0.725900,-0.357167,0.704906,1.140431,-0.605433,0.386164,-0.562196,0
3.176372,0.871629,-0.140707,-1.413555,0.546353,0.426924,0.865681,1.541795,0
-0.676186,0.863893,0.400931,0.999747,-0.120715,-0.167799,-0.217237,-0.165873,0
1.451859,-0.759537,-0.966245,-0.332412,0.160213,2.553406,0.407919,-1.048295,0
2.010848,0.718928,-0.330800,0.323873,0.654114,-0.271271,0.097075,-0.743490,0
1.849612,0.236698,0.545262,-0.397654,-1.972130,0.264388,-1.762640,0.205858,0
0.061630,-0.833874,0.601126,-0.060542,0.308539,1.233118,-0.046240,-0.406811,0
0.349354,0.145379,-1.465599,0.882062,0.298560,-0.435079,0.110362,-1.071305,0
1.463492,1.656162,1.248232,-0.085969,-0.457673,0.392046,-0.066813,0.709470,0
-0.121345,1.821627,0.313187,-0.206964,-0.310904,-0.634464,-1.014544,0.946035,0
0.882061,1.291181,2.246788,-0.453393,-1.395351,-0.202155,-0.319300,-1.559343,0
1.563657,-0.318950,-0.953895,-0.768966,0.923639,2.098906,-0.141967,-0.830596,0
1.967945,0.820743,0.233570,0.362464,0.214276,0.482671,-0.264353,-1.342228,0
0.723357,-1.912258,0.116564,-0.592113,-0.626548,0.078046,0.299700,0.589775,0
1.832058,-1.468323,-1.015892,1.056449,-0.104442,-0.712678,-0.560138,-0.098240,0
0.911600,-0.527598,1.064361,1.248889,-0.668112,-0.781648,-0.617141,0.214679,0
0.466399,-0.310115,-0.365231,0.431378,0.200017,-0.938011,-0.765150,-0.043283,0
0.510152,-0.814703,1.507914,0.059043,-0.576140,-0.896069,1.609394,-0.510832,0
1.015467,-0.920160,0.010475,-0.808569,-0.147208,0.537649,-1.297141,-0.371374,0
0.030130,0.333337,-0.580393,0.054983,-1.754940,0.934315,1.673658,0.112637,0
1.794293,-2.268798,0.274867,-0.426251,-0.797900,-1.180142,-0.815227,0.503075,0
0.804157,-1.002416,-0.268727,1.162230,-0.383996,-1.656597,-0.185738,-0.332808,0
0.860828,0.482997,0.733792,-0.269436,-0.253647,-0.683882,-1.396380,0.244734,0
1.258197,0.856147,-0.218032,-1.737562,0.064518,-0.543956,-0.288009,-1.476547,0
1.472173,-1.039209,-0.250680,0.352381,1.404468,0.494322,0.180766,0.775780,0
1.730377,0.288134,1.414989,0.464521,0.906317,-0.134265,0.200182,2.599229,0
2.079962,0.199463,-0.386256,0.293874,0.334213,-0.111636,-0.058088,0.180784,0
0.731322,0.244161,0.707453,0.477513,-0.735397,0.634678,-0.948310,-0.505707,0
1.586282,1.217184,-0.632699,0.154503,-0.385776,-0.325022,-0.967119,0.996088,0
0.815646,0.041574,1.450937,-0.890014,-0.125846,-0.446995,-1.446094,0.078579,0
0.844850,-0.670698,0.171337,-1.264037,-0.159088,0.052791,0.312579,-1.111542,0
2.120417,-0.947039,-0.628680,0.511790,1.471963,0.105568,-0.176533,-0.077816,0
0.815679,0.438951,0.779812,0.526912,-0.940026,-0.166127,-1.168224,0.301615,0
0.975024,0.151743,-1.073296,0.960652,-0.895180,-1.668380,-0.444996,-0.175535,0
-0.010199,0.981800,1.643693,-1.196119,-1.088856,0.858707,-0.076357,0.572913,0
2.942713,-0.099391,0.489901,0.306735,-0.667052,-0.096020,-0.383526,1.685877,0
0.192161,-0.690341,0.342060,-0.672533,1.247481,0.017552,-1.075398,-0.785924,0
0.785336,1.124596,-0.594918,-0.389677,1.843076,-0.560579,-0.745401,1.323885,0
0.353546,-0.887954,1.664420,0.400607,-0.287108,0.902769,0.428213,0.515825,0
1.961118,1.575276,1.687864,1.179006,-0.845350,-0.351368,1.352709,0.889898,0
0.236242,-0.271004,-0.708040,0.395731,0.194047,-1.418933,-1.098860,0.413150,0
1.681178,0.252053,0.229642,-0.547089,0.531926,-1.014315,-0.426697,0.877558,0
0.159003,0.176147,0.805347,-0.370914,0.372556,0.372592,-0.675115,0.262505,0
2.035503,-0.428085,0.351539,-1.275062,-0.483439,-0.514575,0.668421,0.329925,0
1.702511,-0.356336,-0.745527,-1.474545,-0.904004,-0.196032,-0.164648,1.331080,0
0.104957,-0.059578,1.103940,0.688911,-0.403741,-0.556694,-0.168657,-0.026489,0
0.014758,-0.278970,-1.042534,-0.030180,0.667644,-0.953118,0.263596,0.469661,0
1.327358,-0.108305,0.081671,-0.328960,0.452304,-1.043587,0.343981,0.593827,0
-0.132043,0.413128,0.007013,-0.940843,1.497019,0.400636,1.654644,-0.477009,0
1.332346,0.443271,-0.273724,0.110558,-0.207521,0.505354,-0.478304,0.465899,0
1.613157,0.034891,0.916363,0.308812,0.436201,1.778890,-1.083603,1.367605,0
2.089723,0.086122,0.632595,0.577068,-0.547141,0.227205,-1.684082,-1.483655,0
0.390093,1.105393,0.657458,0.072455,0.259543,0.392065,-1.058716,0.315403,0
-0.323229,0.460726,-1.067209,1.612843,-1.010707,0.811881,-0.171015,-0.305927,0
2.264568,-0.296452,1.428229,-0.253697,1.062715,-1.316532,1.105270,-0.182795,0
1.206629,0.753219,-0.111350,-1.114817,-0.623196,0.422776,0.477301,-0.140825,0
0.320553,-0.356662,1.526881,-1.520296,-0.220150,-0.244407,0.354705,0.483694,0
0.085818,-0.668841,0.352585,-1.675819,-0.763865,-0.949858,-0.707810,-0.845273,0
0.464355,0.614642,1.675674,0.352586,-0.277934,-1.680228,-2.112776,-0.733111,0
0.924067,0.665716,-0.333406,-0.221247,0.067843,-0.325279,0.622611,-1.073468,0
0.635910,-0.268381,-1.551831,-0.138604,0.269966,0.881350,1.272907,1.716429,0
0.418390,0.538448,-0.426910,0.820501,0.383160,-0.210094,-2.784192,-1.259136,0
0.493062,1.528561,-0.304115,0.382294,0.471510,-0.285370,-0.173421,-0.639221,0
0.762915,-0.125740,0.167958,0.826724,-0.595473,0.717774,0.194686,0.258261,0
0.712273,0.616282,-1.114015,-0.056998,0.486061,-1.359978,0.035553,1.127066,0
3.243164,0.414760,1.749358,0.466316,1.042492,-1.089486,0.215645,-0.174008,0
1.640235,0.676692,0.949620,-1.034773,-1.139895,-0.501725,0.178509,0.960234,0
1.507612,0.115821,-0.209010,0.007526,-0.012055,0.633999,-0.414771,0.213672,0
2.813336,-0.345888,-0.059276,0.822280,-1.008917,-0.261955,0.065691,0.406858,0
-0.127650,1.175800,0.266758,-0.217183,0.044463,1.145634,-1.712057,0.160820,0
1.628242,0.341285,0.446983,-0.005332,0.954647,-0.756481,0.837512,-0.380806,0
0.941405,-1.623921,0.856218,-0.584518,0.075646,0.176842,-0.535931,-0.137573,0
0.381147,-0.699241,-0.077370,1.154090,-0.155109,0.100183,0.064777,-0.912216,0
0.382464,0.476628,-0.927199,0.530900,0.868344,-0.300602,0.524614,0.117925,0
1.370191,-0.361048,-0.876448,-1.139356,-0.198231,-0.141553,-0.364950,-0.534248,0
1.581335,-0.415972,-0.100489,0.780950,-0.339334,-0.137108,-0.624016,0.980076,0
2.160997,-0.818722,-0.995507,-0.295624,0.713186,0.135267,0.019353,-0.172566,0
-0.207332,-0.446840,0.634490,2.191482,1.362361,0.011467,-0.333024,1.478687,1
-0.158554,-0.621063,-1.660372,0.292368,0.231414,-0.332513,0.061984,1.042117,1
-0.445115,1.089531,0.137396,-0.770750,-1.675653,0.513200,1.124964,0.083118,1
-0.802192,-0.320580,0.402542,-0.011405,0.012268,-0.949338,-0.063772,-0.517729,1
-0.787768,-0.166569,0.276429,0.634170,-0.426332,1.608485,0.441365,-0.271472,1
-0.857748,0.584465,-0.648356,-1.174372,-0.711520,-0.081743,0.408570,0.527062,1
0.641634,-0.014491,-0.229322,0.430877,-0.707334,0.198280,-0.749516,0.108248,1
-1.343723,-0.200215,-0.218288,-1.613911,-0.441152,0.132393,-0.109541,-1.361179,1
-0.494668,-0.802685,0.570173,0.377073,-0.488965,-0.384459,0.231051,0.031582,1
-0.739529,0.549846,-0.261682,0.524233,0.493501,0.294018,0.361624,0.435708,1
-0.835272,-0.498556,-0.187502,-1.220459,0.591512,0.531720,0.081569,0.120702,1
-1.159800,0.050632,-0.400507,1.459656,-0.288555,0.103947,-1.390845,-1.404398,1
-1.307972,0.043347,-0.256610,-1.160639,0.791524,-0.812697,0.927695,0.613231,1
-1.186675,-0.782773,0.771291,-0.070057,-0.729500,-0.396588,0.551174,0.380053,1
-1.471898,-0.045864,-1.245076,-0.533332,0.211394,-0.990667,-1.054375,0.401330,1
-0.495119,0.382761,-0.028658,-0.284036,-0.336209,2.179808,1.155124,-0.402016,1
-1.556556,0.508929,0.150166,-0.364911,-0.151693,0.685783,0.125148,-0.183035,1
-0.208174,1.523094,-0.165575,0.243034,-1.924072,-0.394425,-1.399872,-0.545466,1
-0.473359,-0.685534,-1.040447,1.159193,-0.273537,0.145068,-0.169844,-1.372686,1
0.973297,0.905181,0.272694,-0.091531,0.290413,-1.087111,-0.174934,0.144819,1
-1.422597,-1.151346,-0.767398,-0.688903,-0.227746,-0.396936,-0.394431,-0.550493,1
-1.533447,1.099363,-0.707553,-1.129947,0.071680,-0.086116,-0.600896,-1.019002,1
0.251316,-1.416642,0.798642,-0.556376,0.324548,1.816781,0.176656,-0.933574,1
-0.636320,0.037311,-0.754402,-0.072618,0.012674,0.532264,-0.146658,-0.034787,1
-1.274681,0.557210,0.239578,0.264303,0.228570,-0.632003,-0.341077,0.745276,1
0.483345,0.352246,2.354131,0.237336,0.551403,-0.226538,-0.407240,0.542268,1
-1.699012,0.764201,-0.572181,-0.283534,-0.009327,0.768061,-0.074839,-0.524116,1
-0.072842,1.183715,0.919660,-0.085712,0.808113,-1.530547,-1.338329,-0.702516,1
-0.961465,1.098123,0.004934,-0.168813,0.891385,-0.511832,-0.229325,0.637003,1
-0.601585,-0.633257,-0.425490,-0.268711,1.417374,0.068510,-0.042782,1.004616,1
-0.755839,0.687281,1.359054,-0.729873,-1.206888,0.097046,0.353799,-1.151238,1
-1.432246,-0.328017,0.550149,-0.267124,1.892161,-0.029948,1.428468,0.957927,1
-0.587210,0.386190,-0.488660,-0.894188,-0.099969,1.447769,0.592921,1.048012,1
-1.755940,1.666778,-1.520840,0.658984,0.115858,-0.538797,-0.647362,-0.339796,1
-0.665869,0.859333,1.279509,-0.179145,-0.124318,0.107046,0.720598,0.708208,1
-2.396246,0.176664,0.042045,-0.164679,0.777420,-1.215323,0.342963,-1.108457,1
-0.653722,-0.575187,-0.948898,-1.623837,1.138389,0.364992,-1.178124,1.006054,1
-1.227044,0.299538,1.352308,1.184815,0.686532,0.894285,0.184736,0.729120,1
-1.700489,-0.433459,0.436543,0.843728,0.232024,-0.538648,0.064180,-0.054101,1
-0.302638,-0.412498,0.514112,-1.019120,0.453327,0.258587,-0.634564,0.087934,1
-0.653522,-0.265132,1.980181,-0.410920,-0.062427,1.101635,0.802892,0.165257,1
-1.284021,0.850553,0.395359,0.079514,0.055611,-0.022600,0.403350,-0.007767,1
-0.922002,-0.318476,0.903566,-0.502360,0.041609,0.426904,0.959378,1.581216,1
-1.426119,-0.008282,-0.203624,0.672481,-0.457669,0.583351,-0.974492,1.085198,1
-1.348036,-1.303812,-1.179121,-0.470155,0.212503,-0.560006,-0.292521,-0.183213,1
0.365334,0.504896,-1.254307,0.881530,-2.089976,-0.525076,0.053535,0.165219,1
-1.370505,-1.322537,0.581064,-0.720960,-1.120816,0.205400,0.810128,-0.930028,1
-0.117785,1.131006,-0.702620,0.916356,-0.097634,-0.155848,-0.832339,-0.312255,1
-0.351234,-0.775812,-0.968479,-0.098266,1.379036,-0.813172,1.445618,-0.721882,1
-0.622779,-0.224715,1.338043,0.253590,1.621163,-0.711188,0.961923,0.804556,1
-1.589970,1.001774,-0.994680,-0.178928,-1.131773,0.596178,-0.256890,-0.118264,1
-1.066618,-1.317675,-0.538341,-0.037552,1.037788,0.705514,0.122663,-0.138332,1
-0.945747,0.585001,0.026610,-0.578667,-0.386382,-0.805064,-0.290535,-0.513294,1
-0.104953,-0.088858,0.594340,0.992436,0.163183,-1.292017,-1.290193,1.061059,1
-1.465133,-0.276661,-0.768924,1.777186,0.118773,0.213921,-0.090832,0.498909,1
-1.710655,0.153138,-0.535844,0.541528,-1.158177,-0.281696,-0.753556,0.607001,1
0.413071,-0.189598,1.343240,1.300744,-0.343171,-0.449231,0.207044,-0.460296,1
0.471391,-0.885772,0.343135,-0.513742,-0.182606,-0.224220,0.152941,0.505924,1
-1.316808,0.425404,-1.252388,0.714017,0.829062,-0.489541,-1.060683,1.413563,1
-1.283424,-0.247633,0.572068,-0.141715,-0.478769,0.797809,-1.798234,0.666978,1
-0.448721,-1.111797,0.264443,-1.002557,-0.928579,-0.188885,-0.917708,-0.033368,1
-1.535632,0.651277,-0.195868,0.097200,1.179869,0.526003,-0.580928,0.190319,1
-0.941712,0.320390,-0.561038,-0.483429,-0.026293,-1.247608,1.354784,-0.424085,1
-1.292501,0.441770,1.986811,0.692320,1.625725,0.744807,-0.995984,1.493615,1
-1.698614,1.174141,0.352233,0.376042,0.418029,-1.279152,-0.392054,0.668014,1
-1.622020,0.759764,0.346911,0.910041,0.220216,-0.916403,-0.354444,-1.189537,1
-1.035061,-0.163710,1.331599,-1.472446,0.921800,0.178296,0.123424,-0.304025,1
-1.482809,0.322912,-0.138887,0.154705,-0.465609,-0.008099,-0.650633,0.506351,1
-0.672251,-0.339925,-0.108708,0.867591,-0.222699,-1.263021,-1.651721,0.870824,1
-0.999696,0.383463,1.310290,-1.018666,-0.003676,-1.558408,-0.901401,-0.594229,1
-0.823967,1.465136,-0.740755,0.416354,-0.125515,0.544811,0.394181,-1.251245,1
-1.025491,-0.222655,-1.119625,-1.597352,0.475625,-0.435999,0.341392,0.984992,1
-1.562984,-0.833143,-0.381823,0.987957,-0.481616,0.156804,0.495730,-0.447460,1
-1.459629,0.889528,-0.199435,0.360420,0.437935,-0.285169,0.545270,0.381252,1
-0.257576,-0.026698,0.354550,-1.145563,0.618767,1.191499,-0.468205,-0.224467,1
-0.316536,-0.159708,0.359905,-0.574031,-0.340008,0.220650,-0.375471,-0.144366,1
-1.620322,0.608119,0.200578,0.314664,-1.518203,0.753340,0.643970,-1.606674,1
-0.700738,0.766971,-0.201027,-0.406148,0.345920,1.351971,-0.233370,-0.059754,1
0.577995,0.423608,1.168973,0.559405,-0.841209,-0.506556,-0.751537,0.339873,1
-1.508293,-0.397580,0.757605,0.106076,0.670569,0.918720,0.924150,-0.089290,1
-0.716505,-0.490224,-0.052340,0.232855,0.435088,0.386019,-1.639865,1.140842,1
-0.837959,-0.665699,0.441382,0.439587,1.442486,0.310378,0.322284,-0.020325,1
0.672515,0.653426,-0.659219,-0.398909,-0.912459,-1.081992,-0.816239,-0.191990,1
-2.214918,-1.271670,-0.624070,0.305468,-0.536993,-0.876372,0.534263,0.427689,1
-1.087390,-0.459093,-0.656774,0.840610,0.027672,-0.572224,-0.010455,1.058631,1
-0.812862,0.924143,1.029459,0.293877,0.304883,-0.623826,1.049343,0.931756,1
-0.722570,0.846904,-0.327894,-0.198190,0.547061,-0.484065,-0.512317,-1.973897,1
-0.661653,0.107807,0.045103,0.148797,0.894266,0.092488,-1.838367,0.394071,1
-0.970287,0.533411,-1.248201,-0.799107,-0.318368,-0.218599,-2.238210,0.940213,1
-1.705106,0.054682,1.745320,-0.454961,1.166625,-0.070632,0.381083,-0.534820,1
-0.263547,-0.059812,0.710683,1.205075,-1.323975,-2.527541,-0.937397,0.145197,1
-1.560354,1.574275,-1.240012,0.100974,0.302386,1.296730,-0.403076,-1.582627,1
0.815613,-0.706874,0.472103,0.271218,-0.062251,-0.239187,-1.558736,0.839357,1
-0.992039,-0.883759,0.789779,-0.028506,0.434568,-0.206398,-0.527673,-0.414323,1
-1.239294,0.174427,0.107675,1.338576,-0.172516,0.024189,-0.636155,1.507643,1
-1.882652,1.975359,-0.612966,0.653825,0.359193,0.521621,-0.101817,0.078799,1
-1.770109,-0.039616,0.736588,0.760806,-0.796299,0.022597,0.856777,0.704789,1
-1.735922,-0.753756,0.487841,0.145808,-0.444565,-0.586909,-0.637081,0.320439,1
0.208629,0.425149,-0.730525,-1.160593,0.164355,0.663774,0.291542,1.890105,1
-0.787573,-0.416700,-0.531710,-0.609645,-1.783402,0.272827,0.010270,-1.309920,1
-1.100161,-0.716997,0.615874,0.413963,-0.766654,0.258372,-0.601639,-0.459685,1
-0.444450,-0.988803,1.400603,0.549816,0.390511,-0.189166,1.557923,0.626566,1
-1.839442,-1.628459,1.052099,0.328342,-0.142654,0.633927,-0.042206,0.897344,1
-1.350415,-1.271852,-0.955876,0.199850,0.251026,-0.943122,-1.539172,0.606745,1
-1.134228,-0.554150,1.460656,1.053395,0.361915,0.713880,0.921540,-0.310814,1
-1.119650,-0.975070,0.565032,0.215987,-0.403812,0.205265,0.775493,-0.071174,1
-1.745066,-0.135617,-0.104776,-0.662500,0.261739,0.239116,-0.371072,-0.398570,1
-0.547207,-0.048965,2.042830,-1.190618,-0.872340,-0.661218,-1.452700,1.017610,1
-1.113158,0.199070,-2.113663,0.532832,-0.136832,-1.453052,0.531601,1.302784,1
-2.754610,0.562920,-0.336311,-0.817319,-1.356563,-1.298110,0.598607,0.421050,1
-0.129403,0.018536,0.387305,-0.045747,-0.464773,0.526756,0.232007,-1.220597,1
-2.112823,0.781678,-0.102846,-0.226547,1.874730,-0.587352,-0.783144,1.151055,1
-1.020066,-0.518089,0.446331,-0.373359,1.330893,0.328851,-0.090307,-0.321592,1
-1.540905,0.477351,-0.670338,2.396502,0.471668,0.425643,0.084795,1.071496,1
0.078181,-0.461460,0.067030,0.489103,0.033261,-1.178457,0.168928,-1.033474,1
-0.686440,1.526020,0.007021,-0.498537,-0.486205,0.785355,-0.974308,0.265216,1
-1.003956,-0.901580,0.168318,-1.215821,0.631212,0.637123,-1.422235,-0.380319,1
-1.894308,-0.503776,0.277838,-2.207668,0.042698,-0.303734,1.025266,-1.481350,1
-1.432360,-0.731888,0.831379,-0.696272,1.087098,1.165681,-1.443705,-0.469072,1
-1.844099,-0.166437,-1.158204,-1.417878,-0.704282,1.062733,-0.348639,0.737439,1
-1.218649,0.516658,-0.696646,0.432623,-1.075086,-1.340269,-1.695601,1.034254,1
-0.390521,-1.072289,0.887321,-0.343651,-0.281216,-0.884311,1.161510,-0.868763,1
-1.549219,-0.843652,0.347650,0.188258,0.516654,-1.068251,-0.501088,0.323739,1
-2.160317,-0.063865,-0.265032,0.639273,0.360413,-1.866760,0.807624,0.495493,1
0.161327,-0.219157,0.583944,0.185630,-0.146187,0.189440,1.402211,-0.429550,1
