2.263289,0.772007,0
0.796475,-1.363372,0
1.202492,1.010980,0
0.696835,-0.535845,0
0.550722,-0.894666,0
0.544527,-0.616972,0
0.538509,1.220775,0
2.235264,0.110646,0
0.207693,-0.563060,0
1.676644,-1.111995,0
1.077412,-0.503919,0
0.357629,1.975879,0
1.635374,0.336282,0
3.294290,0.154141,0
1.116491,-0.020248,0
1.640638,-1.478461,0
1.150697,0.817099,0
1.436136,-0.311746,0
-0.574309,0.071623,0
0.675961,-0.481234,0
2.314898,-0.390441,0
2.688855,-0.032205,0
1.610423,-0.135756,0
1.350860,-0.043468,0
-0.018730,0.765212,0
0.547178,0.410428,0
2.171061,0.017118,0
0.167601,-0.076312,0
1.186276,-0.064817,0
0.416004,-0.072995,0
2.431233,-0.941030,0
-0.032376,0.544531,0
0.269926,0.667082,0
1.125125,0.098803,0
1.002442,-1.035800,0
1.612088,-1.198645,0
1.482486,-1.668270,0
1.922561,-0.846314,0
1.461190,0.041138,0
0.189401,-1.575945,0
0.967765,-1.044640,0
1.498541,0.172489,0
0.988896,1.110324,0
-0.014963,-1.046467,0
-0.526128,-0.028933,0
0.711501,0.190897,0
0.590164,0.170932,0
1.094075,0.840951,0
0.488964,0.375542,0
1.617436,0.179515,0
1.062088,1.278695,0
1.445379,0.359921,0
1.917693,0.803457,0
1.667098,-0.399596,0
2.235094,-0.473878,0
2.335580,0.359985,0
-0.259797,-1.173212,0
0.995208,1.172983,0
0.141301,-0.196565,0
-0.326717,0.083490,0
-0.269124,0.977949,0
0.946425,-0.020814,0
1.303650,-0.450872,0
2.225397,1.607076,0
1.166266,-0.380907,0
0.974754,-0.871093,0
0.526981,-1.204278,0
1.770048,-0.419730,0
0.453675,-0.884486,0
1.271053,-0.255028,0
0.400121,1.138998,0
1.345693,-0.231567,0
0.787771,0.258133,0
1.044817,0.421536,0
1.390897,0.597778,0
1.532393,1.154464,0
0.804463,-0.215777,0
0.961660,0.755681,0
0.565894,1.559007,0
1.077763,1.096248,0
2.519238,0.370521,0
0.896065,-1.423575,0
1.754847,-1.341405,0
1.236750,0.122846,0
1.076799,0.424820,0
1.962189,-0.241127,0
-1.112535,0.486027,0
0.855875,1.217029,0
1.077616,-0.581368,0
1.005851,0.894168,0
0.917102,0.949095,0
1.577480,0.062726,0
-0.013006,-0.182082,0
1.473782,-0.255749,0
1.255598,-1.118760,0
0.561488,0.278919,0
2.202077,1.649801,0
0.258798,0.038319,0
0.408457,1.760147,0
1.334853,-0.530525,0
2.417794,0.563816,0
0.828593,0.308652,0
1.861653,-0.103902,0
1.733839,0.939927,0
1.554588,1.080945,0
0.603769,-0.417797,0
1.017256,0.705030,0
-1.115786,-0.428469,0
-0.735948,0.872970,0
0.573924,0.475158,0
0.155755,-0.243397,0
0.787992,0.288176,0
1.668687,0.452272,0
0.980996,-0.885381,0
1.584253,0.525351,0
0.683938,0.188628,0
0.507020,0.267211,0
0.175926,1.836512,0
1.033576,-0.095003,0
0.666329,-0.987656,0
0.050674,0.619358,0
0.514144,0.285349,0
0.993598,0.107703,0
0.717247,-0.522018,0
0.129484,-0.971963,0
1.588101,-0.051407,0
1.290819,1.214738,0
2.975822,-1.031560,0
1.870570,-1.327662,0
2.288516,0.575585,0
1.809233,1.054712,0
0.984777,-0.089634,0
1.612889,0.428191,0
2.367653,0.635896,0
-0.011393,-0.281065,0
1.702848,0.324013,0
1.329104,-1.208168,0
0.845379,0.377946,0
1.901695,0.245531,0
0.905964,-0.835253,0
1.201412,1.407025,0
1.032028,0.470639,0
2.281335,-0.186283,0
1.986447,1.280936,0
0.738487,0.145019,0
0.672006,-0.822349,0
1.479748,1.889756,0
1.886804,-1.168828,0
0.494328,0.090094,0
1.655780,0.521716,0
0.255658,0.385221,0
0.512815,-0.599064,0
1.173720,0.724008,0
0.145303,0.879537,0
0.416760,-1.557671,0
2.388123,1.021227,0
1.393504,-1.674367,0
0.434422,0.458606,0
0.604444,0.760863,0
1.022856,0.045764,0
0.736174,-1.559426,0
1.194112,0.613832,0
1.339891,-1.306363,0
-0.019736,-0.823278,0
-0.142665,0.661044,0
0.950723,1.577191,0
0.521113,-0.857275,0
1.149784,0.772313,0
0.112690,0.044706,0
0.678887,1.194690,0
1.130488,1.177217,0
0.833777,0.836075,0
0.763288,-0.155953,0
0.061680,-0.870099,0
1.640292,-0.797209,0
1.506566,0.646487,0
2.091600,0.604090,0
0.295489,-0.274853,0
1.790414,0.566298,0
1.704063,-0.280826,0
0.819475,1.188482,0
1.822905,-0.147604,0
1.139868,2.108496,0
1.677908,0.997192,0
0.583952,-0.194788,0
2.174970,0.255647,0
1.605067,-0.943920,0
0.182441,0.511235,0
0.746364,-0.000330,0
0.686522,0.230184,0
0.420938,-1.098685,0
0.983888,1.071579,0
0.090220,-0.616524,0
2.035792,-0.281136,0
1.485981,-1.049254,0
0.841997,0.162831,0
0.694167,0.465778,0
2.081275,-1.212111,0
1.049506,0.725873,0
2.221760,0.757846,0
1.280535,-0.401964,0
-0.083457,-0.338702,0
1.236358,0.966038,0
1.097729,-0.079181,0
1.066963,1.319976,0
0.509749,0.968849,0
1.190413,0.924349,0
1.970025,-0.739021,0
1.303141,1.429347,0
1.086527,0.699248,0
0.388383,-0.187607,0
0.747335,-0.437463,0
0.937393,0.161492,0
1.442901,0.775007,0
1.330823,0.239748,0
-0.527362,-0.836315,0
1.276292,-0.468865,0
-0.144078,0.673649,0
-0.337958,0.218695,0
1.579842,-0.091835,0
2.120529,1.327283,0
-0.028816,0.534174,0
1.323516,-0.658602,0
0.892899,-0.529505,0
0.818023,0.202424,0
2.008900,0.670542,0
1.259997,-0.248327,0
1.442004,0.050312,0
1.861005,-0.396464,0
0.097981,1.157564,0
0.114291,0.114043,0
2.051528,-0.826295,0
0.630383,-0.651219,0
1.539695,-0.005718,0
1.725361,-0.547315,0
-0.021153,0.033208,0
1.267322,0.281941,0
-0.327658,0.073881,0
0.835248,-0.843480,0
0.603832,0.864624,0
0.179978,0.841212,0
0.554554,-1.088986,0
1.602697,0.525316,0
1.367700,-0.103747,0
1.042895,1.296432,0
-0.898085,0.415718,0
0.455858,-1.192954,0
1.442512,-0.980658,0
0.435844,0.869577,0
1.523987,0.345041,0
0.965549,0.680767,0
0.824140,-0.760678,0
-0.304770,-1.704556,0
0.602274,0.892253,0
2.187884,0.977444,0
0.954325,-0.877864,0
0.606844,0.268535,0
2.571689,-0.155734,0
2.299352,-0.621272,0
0.866367,0.455184,0
0.137765,-0.523692,0
0.739741,-0.724663,0
0.363788,-0.611365,0
0.326014,0.067387,0
1.369759,0.237775,0
-0.638077,-0.289388,0
0.647605,-0.143841,0
1.547392,-1.719260,0
0.162239,1.420243,0
0.841011,-0.481398,0
3.694356,-0.442452,0
1.193184,0.090988,0
1.244198,0.436036,0
1.049255,-0.503940,0
0.232035,0.271927,0
1.814191,-0.984463,0
2.651506,-0.668365,0
0.129497,-0.030856,0
2.758698,1.377020,0
0.939518,0.915270,0
2.647310,0.759918,0
1.185685,-1.208798,0
0.544219,0.311821,0
1.351871,-1.220968,0
0.961053,0.504416,0
1.461952,-1.053082,0
-0.674596,-0.424372,0
1.865432,0.159024,0
0.834279,0.547256,0
1.941752,0.362209,0
0.677576,0.352776,0
1.020928,-1.018710,0
1.060808,1.013819,0
1.278830,-0.046020,0
1.297314,0.364140,0
1.620521,0.024616,0
1.363706,0.598774,0
-1.036707,0.858429,0
2.041085,0.854550,0
0.457220,2.125683,0
1.644171,0.304954,0
0.753630,-0.941071,0
2.159428,0.693256,0
0.551892,-1.112432,0
1.504445,0.341679,0
0.396669,0.623999,0
0.891968,1.109387,0
0.941891,-0.763541,0
0.169922,0.285521,0
0.631959,0.912027,0
0.370149,-0.456575,0
0.405970,0.482001,0
1.440027,-0.141380,0
-0.806410,-0.808432,0
0.328081,-0.422585,0
2.344419,-0.704489,0
1.590289,0.981707,0
1.056184,-1.158996,0
1.007829,-0.859053,0
1.531568,0.367106,0
0.792752,0.553174,0
1.762344,0.254106,0
0.517877,0.020808,0
-0.331304,-0.941663,0
1.849759,0.416491,0
1.486525,-0.561133,0
0.103763,-1.140274,0
0.931123,0.660423,0
3.212690,-1.517160,0
1.043865,-2.023425,0
2.115903,0.429395,0
0.567754,-0.342373,0
2.334286,1.634389,0
0.990216,0.338479,0
0.256320,0.079634,0
1.277928,1.345206,0
0.654279,-0.166439,0
1.975528,0.832011,0
2.072065,-0.493304,0
-0.049363,-0.773584,0
2.075392,0.044806,0
1.430271,0.158820,0
0.000911,-0.289927,0
2.666219,-0.284461,0
2.610884,-0.244265,0
1.704776,-0.298305,0
0.773512,0.654766,0
0.680865,0.119352,0
0.771254,-0.502381,0
0.601571,1.659004,0
1.942536,-0.435898,0
0.592822,1.335984,0
0.914135,-0.251232,0
1.024858,1.314797,0
1.100775,1.050717,0
0.687180,0.078316,0
0.973859,-0.189182,0
0.969619,-1.958636,0
0.455254,0.815153,0
0.709399,0.433179,0
0.528514,-0.448164,0
0.026364,1.494824,0
-0.576832,0.058513,0
0.987814,0.610019,0
1.013659,0.553574,0
1.459553,-0.563549,0
1.191328,-1.346092,0
1.107608,-0.118328,0
-0.164781,-0.229497,0
0.279821,0.191419,0
0.472033,-0.093982,0
0.138608,0.122344,0
0.829321,-2.551593,0
2.122184,0.739664,0
0.599654,-0.458910,0
0.712701,0.124168,0
1.641852,1.064049,0
1.637661,-1.115330,0
1.573951,-1.239671,0
0.148845,-0.298271,0
-0.414437,-0.526317,0
0.979822,1.008200,0
0.127546,-0.088162,0
1.944880,-1.101650,0
0.839804,-0.036978,0
0.777902,0.428787,0
2.173089,0.149077,0
1.543662,0.632228,0
-1.078109,-1.866629,0
2.262147,-0.508430,0
1.078878,0.275016,0
-0.457489,1.156542,0
0.674954,0.846037,0
0.261018,0.155435,0
1.167899,0.518019,0
0.731091,-0.311373,0
0.729399,-0.209561,0
1.762203,0.001797,0
0.787958,0.857723,0
-0.220654,-0.130513,0
0.432270,-0.285300,0
-0.014533,0.063138,0
0.811812,-0.197216,0
0.282530,0.201534,0
1.992192,0.613165,0
0.150070,-1.345800,0
1.514170,0.492854,0
1.831716,-0.206710,0
3.091267,-0.900256,0
0.593323,0.819311,0
2.370143,0.035061,0
0.703213,0.209587,0
0.925779,-0.262941,0
1.338211,1.058448,0
1.646129,0.361659,0
0.218675,-0.794189,0
0.596177,0.381499,0
0.819685,0.687251,0
-0.241061,-0.748445,0
0.347032,-0.486162,0
0.929676,0.471759,0
0.630087,1.178132,0
2.109683,0.513374,0
0.559870,-0.240549,0
-0.135181,0.396541,0
2.034042,-0.428690,0
0.824744,-0.612617,0
1.205576,-0.138415,0
1.590357,0.445943,0
1.279745,1.044951,0
0.938507,-1.240739,0
1.740015,-0.389855,0
2.045440,0.489473,0
2.086100,-1.117290,0
0.606519,-0.006810,0
1.576087,0.660116,0
1.231351,-0.335693,0
0.976384,0.072314,0
1.805641,0.210705,0
1.089129,-0.291552,0
1.649161,-0.926501,0
1.294236,0.014224,0
1.267252,0.180328,0
-0.655836,1.367561,0
1.597536,-0.554908,0
0.692138,-1.178503,0
-0.008881,-0.025582,0
0.669321,0.564811,0
1.069259,-0.424640,0
1.174144,0.373643,0
2.405797,-1.199074,0
0.981814,0.143182,0
0.824986,0.867545,0
1.268367,-0.210167,0
0.249221,-0.613314,0
0.799798,-0.801767,0
0.719111,-0.408709,0
-0.374565,1.548949,0
0.799821,-1.006838,0
1.783210,-0.458058,0
0.762025,0.304670,0
1.620966,0.444796,0
0.921072,-0.029098,0
1.204685,-0.927163,0
1.743053,0.654428,0
1.562056,-0.306952,0
1.110757,-0.262390,0
0.366866,0.347047,0
0.395230,-0.405573,0
0.498978,0.747251,0
0.136904,1.015828,0
1.203069,0.613614,0
0.117139,1.604964,0
-0.005886,0.530418,0
0.280935,0.268637,0
0.385625,-0.819008,0
0.257272,0.065338,0
1.803017,-1.186877,0
1.874585,0.404061,0
0.965307,-0.106351,0
1.946951,0.164885,0
0.890782,-0.606032,0
-0.189481,-1.049632,0
1.831278,0.335223,0
1.469466,-0.474442,0
2.430023,-0.279651,0
0.614939,-0.183259,0
1.086920,-0.250147,0
1.103690,-0.449761,0
0.947708,0.826423,0
-0.009463,1.030164,0
1.148935,-0.544224,0
2.749104,-0.021641,0
2.297848,0.341721,0
1.111997,-0.610047,0
2.367308,-0.094083,0
0.374369,-1.265444,0
1.586536,0.565277,0
1.897296,-0.319550,0
1.250615,-1.351668,0
0.366920,-0.776158,0
-0.598446,0.151989,0
0.312708,0.060279,0
0.445531,-1.347279,0
0.205311,-1.241465,0
2.551137,0.840253,0
1.806681,1.050493,0
-0.690490,0.606413,0
1.599681,0.021984,0
0.331977,0.689018,0
0.200988,-0.019033,0
0.475077,-0.286669,0
0.698567,-0.941710,0
1.138235,0.795443,0
1.162688,0.112819,0
0.462903,-0.579732,0
0.783795,-0.460214,0
2.234450,0.763010,0
-0.035759,-0.676133,0
1.256771,0.430452,0
2.076459,-0.309143,0
-0.578681,-0.108032,0
0.840987,-0.694471,0
2.165056,0.894965,0
0.236696,0.716994,0
1.117956,-0.662081,0
0.857288,-0.285774,0
1.363436,-0.479545,0
1.184155,-0.562590,0
1.449583,-1.191414,0
0.098187,-0.733336,0
0.883046,0.886793,0
0.911823,-0.013585,0
1.079321,0.286286,0
0.333375,0.377445,0
0.964076,-0.787911,0
0.356066,-0.314286,0
2.046758,-0.020654,0
0.888281,-0.336056,0
1.598686,-0.507974,0
0.728987,-0.875383,0
0.577360,-0.387866,0
1.052586,2.457053,0
-0.513909,-0.240274,0
-0.238815,-0.089265,0
0.455911,-0.137134,0
2.188621,0.922469,0
0.895302,-1.419430,0
0.117468,1.073836,0
-0.767474,-0.380004,0
0.472216,-0.123729,0
0.639299,-0.806724,0
0.595846,-0.690894,0
1.570585,-0.370108,0
1.305654,-2.417787,0
-0.119492,0.015953,0
0.725564,0.070608,0
-0.616171,1.306247,0
0.998821,-0.859322,0
0.157457,1.150876,0
1.129789,0.173291,0
1.441097,-0.042865,0
0.965487,1.090058,0
1.031989,0.030364,0
-0.142166,0.237844,0
0.997671,0.026695,0
2.065998,-1.285834,0
1.723101,0.480679,0
-0.000727,0.838580,0
-0.867737,0.427706,0
0.923559,0.307617,0
0.733137,0.495123,0
1.409516,-0.990411,0
0.749527,0.192031,0
0.429061,-0.192816,0
-0.045490,0.019676,0
0.164710,-0.626796,0
0.738043,-0.749263,0
2.160372,-0.024518,0
-0.352603,0.983523,0
2.230032,-1.457923,0
0.540861,-1.430755,0
-0.433636,-1.017550,0
0.595041,-0.705790,0
1.451531,0.640940,0
0.551737,-0.474167,0
1.476639,0.585696,0
0.725397,0.323750,0
-0.339221,-0.055604,0
0.764511,0.865638,0
0.804225,-0.374162,0
1.316415,-0.713055,0
-0.171675,0.124095,0
-0.636614,0.017303,0
1.709831,-0.413843,0
0.538750,-0.435375,0
2.223813,-0.043585,0
0.535826,-0.619177,0
-0.366998,0.763066,0
0.766912,-0.238656,0
1.660515,-0.881785,0
0.550969,-0.595235,0
-0.531500,0.930243,0
0.757418,-0.068153,0
1.443831,-0.497968,0
3.357849,0.259870,0
0.525017,0.433256,0
1.222218,-0.815360,0
0.971561,0.394077,0
-0.389999,-0.334710,0
1.255885,-0.027229,0
1.805536,-0.770333,0
0.911317,0.086430,0
-0.329836,0.007766,0
0.490396,0.503495,0
0.897747,-0.551262,0
1.706161,0.664643,0
0.657747,-0.173018,0
-0.142803,-1.193455,0
-0.884743,2.281697,0
1.301057,0.490170,0
1.730559,0.063660,0
-0.242509,1.080869,0
1.461106,-0.185438,0
0.282401,-0.054178,0
2.397833,-0.327844,0
0.817894,0.028809,0
1.074728,-0.599997,0
0.244856,-0.820367,0
1.090499,-0.008168,0
0.113954,-0.593457,0
0.472439,0.106775,0
0.364125,-0.070426,0
2.277204,0.696964,0
0.599414,-1.527054,0
1.754183,-0.891763,0
0.677369,1.744719,0
0.404425,1.116407,0
-0.429633,0.848247,0
2.807321,-0.679740,0
-0.088464,-0.179988,0
0.779965,-0.341008,0
2.296999,0.696636,0
1.280988,-0.401453,0
1.984975,-1.427155,0
1.358661,-0.104264,0
0.905786,0.049014,0
0.812362,-1.504360,0
1.277544,0.422851,0
1.441593,0.697267,0
-0.634204,-0.987378,0
0.898409,0.563116,0
0.083922,0.107791,0
1.263005,1.813877,0
-0.006974,0.316822,0
1.076114,-1.485457,0
2.272772,0.380890,0
-0.040381,-1.081779,0
1.678778,0.302990,0
0.004837,-0.518373,0
-0.068125,0.856386,0
1.990832,0.751169,0
1.019234,0.213401,0
0.739134,0.513343,0
0.765083,0.488650,0
0.444493,-0.717179,0
1.733974,0.177888,0
1.717075,-0.503672,0
2.268665,-0.576355,0
0.750453,-0.031775,0
1.470928,-0.751053,0
0.417845,-0.581700,0
1.941228,-0.037773,0
0.848425,0.975582,0
0.048036,-0.017203,0
0.212363,-1.749974,0
0.340099,0.387789,0
0.703013,1.815703,0
1.096309,-0.564257,0
-0.593377,-0.246618,0
1.902770,-0.793648,0
0.703076,0.458946,0
1.874175,0.161788,0
1.489000,0.000349,0
0.207016,-0.653229,0
-0.270628,0.119922,0
0.853408,-0.033315,0
-0.200800,-1.748960,0
1.134040,-0.971562,0
0.146651,0.455088,0
1.822249,0.466171,0
1.453884,0.268821,0
0.954945,0.155986,0
1.322684,0.180238,0
-0.885773,0.363302,0
0.020840,0.161675,0
0.622243,0.349566,0
1.226013,-0.102779,0
1.766828,-0.232699,0
-0.006991,0.067439,0
0.329452,1.063686,0
1.229098,0.300520,0
2.222908,-0.658963,0
0.157568,0.187298,0
1.045700,-0.633641,0
-0.486572,1.253690,0
2.256269,-0.602148,0
0.422212,0.664250,0
1.295490,-0.083938,0
1.150546,0.130119,0
0.101444,-0.347401,0
1.016290,1.341056,0
2.164841,0.424416,0
1.530789,0.063318,0
1.761684,1.238202,0
0.314905,0.045340,0
0.945905,1.034113,0
0.668156,1.072249,0
0.224630,-1.772723,0
2.152568,-0.496395,0
0.481175,1.435393,0
0.583919,-0.675294,0
1.209773,-0.404686,0
1.060456,1.302875,0
1.823111,-0.562841,0
-0.502115,-0.712539,0
0.788469,-0.837016,0
1.462345,-0.340959,0
1.091547,0.930597,0
-0.312528,-0.468743,0
1.790855,0.125803,0
1.660413,0.481319,0
1.089387,-0.114124,0
-0.244459,0.102341,0
1.473196,-0.407809,0
0.349076,-0.357432,0
0.298692,0.058005,0
0.418443,-0.158034,0
0.114006,-0.292395,0
1.463643,-0.616731,0
0.786553,0.271283,0
0.125134,-0.370180,0
0.309991,-1.255748,0
-0.635042,0.134417,0
-1.017715,-0.459699,0
0.774570,0.921407,0
1.702348,-0.262215,0
0.143504,0.408332,0
0.479556,-0.730080,0
1.098897,-0.558570,0
1.684287,-0.631620,0
0.487526,-1.174504,0
0.840540,0.109441,0
0.315447,-0.476887,0
1.122025,-0.397469,0
0.384454,-0.564711,0
1.669484,-0.483784,0
2.063080,0.577820,0
0.117313,-0.328135,0
1.406961,0.436067,0
-0.063066,0.768145,0
0.078750,-0.269452,0
0.300966,0.013033,0
2.830806,-0.272384,0
1.161706,-0.320331,0
2.364720,0.594463,0
0.856539,-1.103859,0
0.725155,-0.719583,0
1.347880,0.383280,0
2.897507,-0.381842,0
1.438833,-0.397820,0
0.241543,0.254206,0
1.437884,-0.243837,0
0.753000,1.782570,0
2.236335,0.407627,0
1.537809,0.998429,0
2.840775,0.526562,0
0.559352,0.004014,0
0.760309,0.248183,0
1.260152,0.563602,0
0.508812,1.608888,0
1.230123,1.291230,0
0.495905,1.477703,0
0.574949,0.686300,0
2.114064,-0.127089,0
-0.243583,0.075949,0
1.902371,-0.741177,0
0.868358,0.773188,0
1.054945,0.334804,0
-0.242121,0.074715,0
1.599797,-0.040707,0
1.003881,-0.068460,0
0.474530,1.212269,0
0.880685,0.363343,0
1.804801,0.443047,0
1.663769,1.517988,0
0.410605,-0.350925,0
-0.005715,-0.392624,0
1.237767,0.861087,0
0.715668,0.080582,0
1.019724,0.928569,0
0.953222,0.317644,0
1.235153,-0.895337,0
1.575122,-0.507972,0
1.971103,0.058589,0
2.166393,0.135360,0
2.380913,1.706882,0
1.049486,-0.885855,0
0.980613,0.383194,0
0.300273,-1.148893,0
1.051173,0.933703,0
0.129518,1.530082,0
1.047975,-0.430540,0
0.664505,1.151819,0
1.286154,0.435547,0
0.102100,-0.449837,0
1.274538,0.522982,0
1.237641,0.465888,0
0.746388,-0.002515,0
0.359755,0.736738,0
0.473217,-0.703834,0
1.524706,0.124306,0
1.018703,-0.411345,0
0.779612,-2.122948,0
-0.534774,-1.121968,0
-0.104498,1.625527,0
1.349833,-0.090671,0
0.853211,0.482049,0
1.239381,0.349241,0
0.679635,0.628351,0
0.584504,0.291959,0
0.716157,-0.963719,0
1.659455,-0.307608,0
1.484945,0.284733,0
1.755339,0.052617,0
0.727935,-0.615239,0
1.419573,-0.213176,0
1.491259,0.385762,0
1.273182,-0.244906,0
2.207699,2.051562,0
0.875268,0.956051,0
1.490199,-1.273209,0
2.304037,0.421935,0
0.083619,-0.498480,0
0.600815,-0.034441,0
1.877849,0.237771,0
-0.438599,0.012424,0
0.242198,0.715839,0
0.520371,-0.100668,0
0.844606,0.799811,0
1.904284,-0.384800,0
2.374377,-0.971992,0
1.226785,0.831599,0
1.325218,1.606000,0
-0.714650,1.262359,0
1.139837,-0.040184,0
-0.058780,0.481738,0
1.047184,0.413779,0
0.065733,1.217195,0
1.081009,-0.340282,0
-0.934907,-0.065285,0
1.632119,-0.673190,0
1.392665,-0.677201,0
1.237861,1.784049,0
1.052912,-0.110953,0
1.278691,-1.325523,0
1.223907,-0.265515,0
0.428854,-0.338672,0
1.116123,-0.742272,0
0.782030,2.925390,0
1.280956,-0.353838,0
2.490472,0.197680,0
2.221593,0.420090,0
-0.589533,0.464540,0
-0.154518,0.895506,0
1.322047,0.381039,0
1.713886,0.178685,0
0.372092,0.556820,0
-0.012436,-0.066561,0
0.974166,-1.210997,0
0.914980,0.089742,0
0.935110,-0.840228,0
1.531427,0.838443,0
1.858200,-0.443087,0
2.024704,0.982789,0
0.612093,-0.981754,0
0.076229,0.168833,0
2.112143,0.356732,0
0.993839,-0.153320,0
0.037806,0.599113,0
1.696932,-0.698525,0
0.895397,-1.095823,0
1.950750,-0.010362,0
1.287705,1.491451,0
0.935417,-1.156659,0
-0.152267,0.336451,0
0.862098,0.164046,0
1.428474,-1.022069,0
0.614232,0.118718,0
-0.043556,0.750898,0
-0.198722,0.577739,0
0.177263,0.767623,0
0.855267,0.050754,0
-0.399519,0.521657,0
0.453283,0.642463,0
-0.170630,1.017201,0
0.199795,-0.837248,0
1.247168,-0.575768,0
1.822412,-0.074772,0
-0.244707,-1.311308,0
1.195719,0.836674,0
0.738750,-0.080892,0
1.069079,-0.533164,0
0.060504,-0.291119,0
1.277411,1.144938,0
1.518046,0.692679,0
0.457861,0.093618,0
-0.634637,-0.633406,0
1.770146,-1.696408,0
-0.815958,0.682417,0
0.726820,0.116446,0
2.067159,-0.162213,0
0.991887,-1.834291,0
-0.223300,0.036275,0
0.940278,0.817482,0
1.679065,-1.047160,0
1.057099,1.179151,0
0.258664,0.041094,0
1.243617,-0.909610,0
0.482728,0.929065,0
1.947219,1.762111,0
1.594161,0.206604,0
0.967210,-0.097837,0
0.817670,0.334301,0
0.137090,-0.760814,0
-0.089582,-0.773996,0
1.405786,0.623719,0
1.511025,-0.112673,0
0.280423,-0.105034,0
2.225985,1.832662,0
1.356070,0.436698,0
1.357652,0.056640,0
0.249171,1.474918,0
1.738576,0.326535,0
0.852430,0.222877,0
0.739459,1.321761,0
0.792392,0.471096,0
0.985204,0.062495,0
-0.437152,-1.221296,0
0.652589,0.095546,0
1.286873,1.642778,0
-0.050150,-0.645418,0
0.864061,0.443882,0
1.194649,-0.831963,0
1.214705,0.632386,0
0.528892,0.994409,0
0.918206,1.254841,0
1.376107,1.135336,0
1.334635,1.119325,0
1.959270,0.135380,0
0.326897,0.181702,0
1.807760,-0.550735,0
0.831165,-0.221033,0
0.335084,-0.703026,0
1.646236,-0.201586,0
1.906016,-0.530356,0
1.314548,-0.749332,0
2.317724,1.188578,0
0.763345,0.074324,0
0.769357,0.337347,0
1.049968,0.529299,0
1.377731,2.165414,0
0.199438,0.617533,0
0.685232,1.167032,0
1.257640,-0.108558,0
1.700001,0.408707,0
1.796784,-0.703679,0
-0.154918,-0.335057,0
2.533136,-0.402554,0
0.472622,1.651209,0
1.280306,0.297613,0
0.738574,0.012656,0
-0.881908,-0.835927,0
0.245508,-0.134610,0
0.824486,0.051052,0
1.028115,1.158240,0
0.901452,-0.200589,0
0.205428,0.088120,0
2.153700,-0.318385,0
0.217534,-0.800618,0
1.250727,-0.006293,0
2.795398,0.746423,0
1.284797,-0.489835,0
1.292244,-0.103315,0
-0.194984,0.013217,0
1.386192,0.442511,0
1.974268,0.581533,0
1.414387,-0.975845,0
0.997636,-1.394339,0
2.298495,-0.257395,0
-1.830047,-1.404070,1
-1.225757,-0.427765,1
-1.681917,0.270752,1
0.693638,-0.926615,1
0.517661,0.438206,1
-1.469824,0.387161,1
0.378316,-0.749767,1
-1.906056,-0.787300,1
-1.974016,0.473343,1
-2.018907,-0.734407,1
-0.141364,0.110643,1
-1.668040,-1.313695,1
-1.496661,-0.371039,1
-0.667377,1.650458,1
-1.442533,0.906204,1
-0.421255,-0.182866,1
-0.850009,1.696805,1
-0.665340,-0.713083,1
-1.375922,0.915160,1
-0.443354,-0.614319,1
-0.928577,-0.666521,1
-1.020828,-0.491236,1
-0.386136,-0.223967,1
-1.632263,-1.584877,1
0.075589,-1.052477,1
-0.689577,-0.738968,1
-0.927212,-0.602726,1
-1.207571,-0.304129,1
-0.560663,0.507456,1
-0.915122,-1.047986,1
-1.130285,0.772347,1
-0.825968,1.365820,1
-2.003375,0.613842,1
-0.844701,-0.545417,1
-1.384005,-0.084456,1
-0.292898,1.136681,1
-0.263752,0.018982,1
-1.312334,-0.151876,1
-0.851271,-0.879870,1
-1.715068,-1.008437,1
-0.653938,-1.427624,1
-1.084187,-0.436594,1
-1.723179,-0.738478,1
-0.689982,-0.265589,1
-0.169229,-0.289799,1
-0.560281,0.128994,1
-0.722670,-0.483889,1
-0.586098,1.235275,1
-1.008218,0.664035,1
-0.931941,0.386791,1
-1.056449,-1.002110,1
-0.306680,0.272290,1
-1.150313,0.101614,1
-0.427446,1.104561,1
-0.128336,-0.140546,1
-0.557531,-1.686345,1
-1.641342,-1.113239,1
-0.349918,-0.847436,1
-0.527094,-0.452060,1
-1.004612,-0.593525,1
-0.073832,0.053756,1
-0.831758,0.572033,1
-0.467906,0.101685,1
-0.484538,-0.632194,1
-0.763903,0.080235,1
-0.703745,-0.060300,1
-1.588888,0.941099,1
-1.031139,0.657603,1
-1.760982,-1.428928,1
0.107448,0.212723,1
-0.412064,1.140386,1
-1.771632,0.269116,1
-0.106747,0.139728,1
-0.137702,1.623696,1
-0.740708,-1.252736,1
-0.721388,0.172638,1
0.005091,0.727978,1
-0.869326,-1.630816,1
-1.028508,0.802333,1
-1.728148,-1.034994,1
-0.442406,-0.443034,1
-0.922562,-0.796888,1
-0.818079,0.107025,1
-1.551138,0.504046,1
-0.119833,-0.373926,1
-1.600813,0.239817,1
-0.938272,-0.689831,1
-1.060169,0.633901,1
-0.997158,-0.094290,1
-1.543271,-0.952834,1
-1.395935,-0.690596,1
0.176870,-0.514403,1
-0.108454,0.854706,1
-0.710949,-0.523845,1
-2.174887,-0.000099,1
0.823876,0.475780,1
0.224879,-0.275476,1
-1.343228,-1.578363,1
-0.324636,0.533329,1
-0.542032,-1.017159,1
-0.004143,-1.148656,1
-1.530036,-0.236248,1
-1.446794,-0.040917,1
-0.900154,-0.803539,1
-0.150733,0.948312,1
-0.570222,-1.338618,1
-0.801139,0.226441,1
-0.792146,0.873580,1
-1.423155,-0.282158,1
-1.316608,0.298959,1
-0.868858,-0.154167,1
-0.399882,0.656225,1
0.314424,-0.529053,1
-1.129341,0.212212,1
-0.615272,0.131844,1
-0.847601,-0.685124,1
-1.160121,-0.475334,1
-0.405526,0.279997,1
-1.298094,1.365078,1
0.383240,0.792005,1
-1.599985,0.297789,1
-0.028917,0.503660,1
-1.023610,0.449613,1
-0.246590,-0.257187,1
-0.701355,-1.216460,1
-2.475999,0.919852,1
-0.859354,-0.676747,1
-0.640728,0.032374,1
-0.610505,-0.641903,1
-1.611254,-0.106744,1
-0.984978,-1.788034,1
-1.042770,1.003752,1
0.083497,-0.762735,1
-0.437945,-0.289344,1
-1.789530,-0.652458,1
-1.314785,-1.054602,1
-0.295307,-0.030862,1
0.117932,0.276446,1
-0.211093,0.275604,1
-1.656626,-0.217803,1
-0.104025,-0.288978,1
-0.983957,-0.721518,1
0.330357,0.498943,1
-1.813315,-1.119884,1
-0.616751,-0.192291,1
-1.023841,1.518152,1
-0.638852,0.128632,1
0.375566,-0.623731,1
-0.673149,0.240008,1
-1.395122,0.165349,1
-1.606538,-1.223968,1
-0.846574,0.477020,1
-1.379647,-1.226677,1
-0.515141,0.889105,1
-0.327172,-0.348145,1
-1.610281,-0.100036,1
-1.630085,-0.160378,1
-0.336817,-1.380827,1
-0.892963,0.558808,1
0.572435,-0.437944,1
-1.038110,-0.448392,1
-0.581562,-0.626666,1
0.131917,-1.143132,1
-0.684886,-0.088762,1
-1.012587,-0.295777,1
-1.212026,-0.415486,1
-0.656672,0.938847,1
-0.287128,1.150707,1
-2.154692,0.299367,1
-0.499283,-0.324633,1
-1.380793,0.299083,1
-1.511436,-0.621228,1
-1.937729,0.811336,1
-0.721537,-0.396356,1
0.047116,0.052469,1
-0.384235,-0.830158,1
0.418609,1.412789,1
-0.110608,-0.218102,1
-2.019678,0.097445,1
-0.730448,0.486963,1
-0.241873,1.067083,1
-2.843118,0.492231,1
0.267739,0.701839,1
-0.853039,-0.646628,1
-0.621738,0.209660,1
0.416553,-1.806643,1
-1.304862,-0.254116,1
-2.379333,-0.702237,1
-1.212128,-0.995515,1
-1.859713,-0.272521,1
1.015655,0.441851,1
-0.674361,1.198734,1
-0.309570,1.252833,1
-0.869331,0.569890,1
-0.504913,0.830984,1
-0.407182,-0.447272,1
-1.986219,-1.368383,1
-1.836463,0.438386,1
-0.587352,0.307259,1
-1.626042,0.384575,1
-1.397278,0.571567,1
-0.318594,1.009594,1
-1.062260,-0.309950,1
-1.793609,-0.291532,1
-1.524259,0.532830,1
-0.837976,-0.520640,1
-0.187632,0.793753,1
-1.057365,-0.140765,1
-1.604624,0.786527,1
-1.447950,0.052122,1
-1.591308,1.133541,1
-1.095731,-0.247631,1
-0.451612,-0.183938,1
-0.235801,0.129742,1
-1.654137,-0.415197,1
1.171401,0.912303,1
-1.775019,1.043046,1
-1.163898,-0.661245,1
-0.672418,-0.605409,1
-1.248280,-0.518079,1
-1.852860,0.869040,1
-1.829587,-1.379167,1
-0.884483,-0.105423,1
-0.616018,0.137669,1
-0.703794,0.290535,1
-0.956047,1.142321,1
-1.654623,-0.332268,1
-0.909861,-1.563645,1
-1.884364,1.560512,1
-0.332297,-0.356643,1
-2.511293,0.662639,1
-2.247856,-0.211831,1
-0.817101,-0.260914,1
-0.342210,-0.429078,1
-0.239056,-0.073186,1
-2.231078,0.143549,1
-0.461817,0.353750,1
-0.096586,0.095615,1
-1.202244,0.873061,1
-0.820401,0.978387,1
-1.669822,0.336489,1
-1.081544,0.040008,1
-0.967448,0.060063,1
-1.177456,-0.298164,1
-0.309067,-0.517267,1
-0.726173,-0.189504,1
-0.555052,-0.661090,1
-1.746325,-0.217518,1
-2.295367,0.393367,1
-0.575600,0.181334,1
-0.901231,-0.227693,1
-0.859848,-0.936070,1
-1.170679,0.460598,1
-1.562784,-0.230245,1
-1.861041,1.115237,1
-0.042081,-1.006861,1
-1.187152,-0.020864,1
-0.549237,-1.766738,1
-0.478578,-0.798315,1
0.028290,0.402573,1
-0.231082,0.100462,1
-2.195022,-1.553868,1
-2.001136,-0.557542,1
-0.261289,-1.311220,1
-2.325084,0.301017,1
-0.217757,-0.203263,1
-2.108648,1.047932,1
-1.505191,-0.400875,1
-0.554911,-0.228317,1
-0.302984,0.110180,1
-1.191396,-0.002091,1
0.338267,0.069327,1
-1.143340,-0.267164,1
-0.908212,0.825262,1
-1.164953,-0.497627,1
-1.396256,-1.319158,1
-0.569630,0.550856,1
-2.286263,-0.293967,1
-1.079839,-0.327696,1
0.065794,0.034051,1
-0.229714,0.550713,1
-2.021570,-0.049765,1
-0.807003,-0.002885,1
-1.253250,1.249509,1
-1.967177,0.083867,1
-0.370934,-1.069629,1
-1.174369,0.847401,1
-0.255100,0.807517,1
-1.596969,1.565434,1
-1.230778,0.974602,1
-1.913497,-0.120328,1
-2.589789,0.626693,1
-1.523390,-0.259718,1
-0.195213,0.930519,1
-1.768065,0.848872,1
-2.293341,1.273430,1
-1.487247,-1.200273,1
-0.008552,-0.873309,1
-0.575669,-0.296189,1
-0.922384,-0.503468,1
-2.102325,-1.023877,1
-1.010067,-1.088331,1
-1.568013,-0.237177,1
-2.828194,0.874618,1
-2.589428,-1.296523,1
-0.335816,0.078479,1
-1.194895,-0.313990,1
-0.947464,-0.769798,1
-1.480694,0.308852,1
-2.280585,0.769145,1
-0.070754,1.085474,1
-0.613986,0.931689,1
-0.571048,-1.109954,1
-0.064592,0.291982,1
-2.282212,0.454539,1
-1.084158,-1.449021,1
-0.715958,0.059481,1
-0.221370,-1.617877,1
-0.006489,0.333803,1
-0.171762,1.703804,1
-1.053387,-0.146918,1
-1.750770,0.348675,1
-1.784073,-1.269272,1
-1.731900,0.785572,1
-1.761597,1.281913,1
-1.939633,-0.621212,1
-0.425883,-0.596452,1
-0.470353,0.479470,1
-0.846418,-0.904040,1
-0.515736,1.079410,1
-1.833465,0.025654,1
-1.695269,-1.906801,1
-1.171321,0.990995,1
-1.285869,-0.173818,1
-1.538179,-0.924881,1
-1.204037,-0.343257,1
-1.882431,0.084379,1
-0.519362,-0.315112,1
-1.270851,0.821687,1
-1.422280,0.260992,1
-1.998572,-0.540080,1
-1.138541,0.163023,1
-1.797307,-0.962290,1
-0.946672,0.282488,1
-1.923494,0.486643,1
0.176064,-1.979567,1
-1.146082,-1.143336,1
-1.496197,0.811381,1
-0.257169,0.430209,1
-0.088599,-0.361158,1
-0.314301,0.646114,1
-1.258002,-0.276249,1
-1.317163,0.539300,1
0.554937,0.094906,1
-0.525222,-0.669252,1
-2.092116,0.012508,1
-0.126517,-0.915715,1
-1.508466,-0.309149,1
-1.135053,0.067394,1
-1.782076,0.228238,1
-1.043638,-1.220035,1
-0.872958,-0.264326,1
-0.759695,1.324194,1
-0.475205,0.288376,1
-1.640878,0.356784,1
-2.208124,-1.704796,1
-0.899870,-0.220052,1
-0.659872,0.008221,1
-0.874101,-0.121596,1
-0.118021,-0.170338,1
-0.930797,-0.096905,1
-0.276938,0.558408,1
-0.838230,-0.022686,1
-0.941049,-1.653560,1
-1.038762,0.226365,1
-0.376318,-0.432014,1
0.521964,-0.065485,1
-0.437853,0.214621,1
-1.405854,1.655920,1
-2.104727,-0.256142,1
-0.633537,1.712473,1
-1.681293,0.883024,1
-1.637009,-1.211420,1
-0.527681,0.006268,1
-0.895970,0.522473,1
-1.253902,0.254926,1
-1.612911,1.014534,1
-0.919006,-0.904831,1
-3.006542,-0.498103,1
-0.053450,-0.193025,1
0.207222,-0.273998,1
-1.428972,-0.703257,1
-1.822963,-1.193067,1
-0.818729,-0.981621,1
-0.563812,0.728418,1
-1.528704,-0.659422,1
-1.128652,1.355227,1
-0.410048,0.186029,1
-1.563971,0.350534,1
-1.499187,-0.144658,1
-1.907749,-0.286893,1
-1.071877,-0.902588,1
-2.892421,-1.200329,1
-1.621640,-1.572180,1
-2.087372,-0.560124,1
-1.334780,-1.296623,1
-0.319439,0.116980,1
-0.321177,0.757669,1
-0.145922,0.413458,1
-1.324198,0.578206,1
0.684107,-0.388919,1
-0.020308,0.160979,1
-1.911294,0.727642,1
-1.107139,0.320450,1
-0.620472,0.529367,1
-0.904353,-0.801311,1
-2.287445,0.685799,1
-0.677740,-0.635255,1
-0.528062,0.115323,1
1.309775,0.342907,1
0.153051,0.101981,1
-1.861402,0.153157,1
-1.202537,1.334295,1
-1.406634,-0.250806,1
-1.857668,0.699039,1
-1.451726,0.789647,1
0.062692,0.601387,1
-1.552696,1.773409,1
-1.304383,0.168897,1
-1.474087,1.131068,1
-3.141266,-0.999143,1
-2.034307,-0.219715,1
-1.735150,0.496794,1
-1.168055,-1.084462,1
-1.451518,-1.327574,1
-0.462068,-0.307521,1
-0.780946,0.129238,1
-0.683033,-2.850395,1
-1.671678,0.128851,1
0.677784,0.009298,1
-2.243430,0.196526,1
-1.067905,0.496627,1
-0.762197,-0.924963,1
-0.739071,0.476419,1
-1.683088,-0.484857,1
-1.013192,-1.373997,1
-1.412593,-1.516133,1
-1.481869,0.377069,1
-1.738013,0.212229,1
0.925714,0.442696,1
-1.513155,-0.754393,1
-1.268098,-1.306658,1
-1.044816,-0.221067,1
-1.391919,-1.215433,1
-0.860756,-0.170911,1
-0.186835,-0.684672,1
-2.368114,-0.490108,1
-0.415643,1.199465,1
-1.474039,-0.574793,1
-1.291666,0.062865,1
-2.540385,-0.033999,1
-1.902459,0.164739,1
-2.573900,0.044917,1
-1.743269,0.980440,1
-1.449000,0.135737,1
-1.882117,-0.549402,1
-1.072298,0.556819,1
-1.189799,-0.418618,1
-0.204424,0.855936,1
-0.810800,0.135773,1
-0.282989,-0.709364,1
-1.433920,-0.271746,1
-0.704646,1.524130,1
-1.053373,1.316788,1
-0.479617,0.198911,1
-1.013195,0.052350,1
0.109619,-0.598041,1
-1.866276,0.450689,1
0.589201,0.022175,1
-0.946970,-0.772935,1
-0.967737,0.457746,1
-0.712943,0.127002,1
-1.713829,1.819687,1
-0.992816,1.554535,1
0.098762,-0.193314,1
0.768698,-0.393525,1
-1.521244,1.026376,1
-1.806643,-1.066667,1
-0.598723,0.433877,1
-1.766375,0.627762,1
-0.116983,1.298243,1
-0.101969,-0.296908,1
-1.417186,-1.587357,1
-0.791543,0.990276,1
-1.330324,-0.677401,1
-0.222627,0.474814,1
-0.432485,-0.111014,1
-0.982013,0.164325,1
-0.519803,1.204372,1
-0.986145,-0.857293,1
-0.530088,1.589616,1
-1.625032,0.231526,1
0.508690,0.381864,1
-0.774449,0.395246,1
-1.025061,-0.998364,1
-0.367484,0.171823,1
-0.676168,1.754564,1
-0.949120,-0.705137,1
-2.163975,1.090320,1
-2.321871,-1.572166,1
-1.637875,1.341802,1
-1.608382,0.186660,1
-0.683576,-0.145894,1
-1.735575,0.448423,1
-0.840900,0.575946,1
-0.791653,-0.009091,1
-2.235183,0.543961,1
-1.167603,0.748595,1
-1.412350,1.089326,1
-0.543397,0.894852,1
-0.726114,0.117080,1
-0.617253,0.953280,1
-1.918041,-1.859852,1
-1.670441,0.770847,1
-1.678152,-0.268308,1
0.039587,-0.470034,1
0.178586,1.292961,1
-2.088307,-0.089198,1
-1.528585,-0.609778,1
-0.481859,0.330261,1
-1.509785,0.923226,1
-0.989659,0.116131,1
0.584193,-0.663723,1
-0.198685,-0.179940,1
-1.177447,-0.274820,1
-0.564576,0.767106,1
-0.471654,0.671649,1
-1.460365,1.021136,1
-1.446091,0.554250,1
-0.292577,-2.129031,1
0.839109,-1.062662,1
-0.558027,0.571862,1
-2.344337,-0.597137,1
-1.441357,-0.575439,1
-0.804229,-0.411460,1
-1.858310,0.879844,1
-0.989380,-0.282330,1
-0.992908,0.561373,1
-1.783974,0.270918,1
-2.134133,0.184657,1
-0.580565,0.064087,1
-1.237565,-1.256150,1
0.322905,-0.195101,1
-1.015728,0.461387,1
-1.404901,0.461039,1
-1.044548,-0.979397,1
-0.053579,0.867221,1
-1.265640,-1.810241,1
-1.222671,0.322526,1
-0.511471,-0.234150,1
-0.781383,0.106529,1
-0.735397,0.659926,1
-1.482201,1.626394,1
0.037984,-0.656298,1
-1.156751,-1.112363,1
-2.329565,-0.439675,1
-0.362892,0.733341,1
-0.510935,0.045658,1
-1.014183,-0.265944,1
0.900095,-0.703411,1
-0.596424,0.689017,1
-0.665904,-0.464788,1
-1.034330,-0.609445,1
-1.603173,-0.493373,1
-2.113054,-0.270798,1
-0.470575,-0.342111,1
-0.487093,0.074826,1
-1.381252,-0.574573,1
-2.336181,-1.270530,1
-2.710633,-0.143204,1
-0.277270,0.418749,1
-2.204682,0.343720,1
-0.488949,-0.242140,1
-1.977683,0.257653,1
-0.763426,-0.044526,1
-1.120002,-0.145445,1
-1.269539,-0.797895,1
0.386292,0.263214,1
-1.803621,0.167899,1
-1.401291,-0.413079,1
-1.069520,-0.724655,1
-0.831913,-0.464558,1
-1.026335,-0.989022,1
-0.683796,0.925795,1
-1.004183,-0.246263,1
-0.734066,-0.582289,1
-1.361770,-0.340930,1
-2.374208,0.813230,1
-0.418055,0.443360,1
-1.315417,-0.151959,1
-0.272018,0.218026,1
-0.934108,0.638090,1
-0.632317,0.590990,1
0.493233,-1.165023,1
-1.035727,-0.745842,1
-0.015189,-0.448304,1
-0.525577,-0.998844,1
-0.994246,-0.044120,1
-1.312270,0.166855,1
-0.216206,-0.741054,1
-1.538481,-1.415200,1
-1.549671,0.435055,1
-0.632478,-0.633862,1
0.174529,1.667220,1
-1.553158,0.120661,1
-0.955572,0.265217,1
-0.720797,1.434011,1
-1.587105,1.069121,1
-1.495230,0.940093,1
-0.054965,-0.445131,1
-1.413766,0.256846,1
-0.181755,0.016346,1
-0.740480,0.923003,1
-1.428535,0.514838,1
0.501523,0.686989,1
-1.315864,0.960596,1
-1.080528,-0.526002,1
0.213677,0.525218,1
-0.263678,2.098264,1
-0.221409,0.740053,1
-1.349449,0.571529,1
-0.572921,-0.291618,1
-0.914912,-1.835100,1
-1.181600,-0.084988,1
-1.398249,-0.292698,1
-2.136757,1.439518,1
-1.498115,-1.258483,1
-1.453094,-0.053598,1
-0.152927,0.192769,1
-1.034970,-0.117068,1
-0.784428,0.083447,1
-0.978070,-0.468780,1
-1.728788,0.190982,1
-1.495319,1.448530,1
-1.284980,0.359422,1
-0.473570,-0.694054,1
-1.902843,1.315098,1
-1.043056,1.091093,1
-1.793473,-0.566178,1
-1.170651,-0.940186,1
-2.628283,-0.433315,1
-1.226018,-1.711147,1
-3.068397,0.185680,1
-1.643814,0.677565,1
-2.310853,-0.663473,1
-1.551389,0.988779,1
-1.685623,-0.475197,1
-0.223140,-0.729800,1
0.844293,0.024329,1
-0.308134,0.716359,1
-1.622483,-0.034471,1
-1.355798,-0.774365,1
-1.304095,0.776285,1
-0.852710,-0.193657,1
-0.351581,-0.663392,1
-0.916775,0.512680,1
-0.593557,0.180855,1
-3.094270,0.348703,1
-0.373764,0.377958,1
-1.069869,-0.041240,1
-0.528553,0.247147,1
-0.149276,0.257548,1
-0.227643,0.030719,1
-0.614583,-0.475626,1
-2.216555,-0.294609,1
-1.548424,-0.103312,1
-1.530220,-1.214907,1
-0.517891,-0.048208,1
-1.435321,0.150980,1
0.080415,0.009987,1
-2.701376,0.543178,1
0.355554,-0.393828,1
-2.268075,-0.835951,1
-1.721293,-0.932017,1
-1.663831,-1.786287,1
-0.578070,-0.364691,1
-0.981640,-0.233966,1
-1.250132,0.962381,1
-0.567639,-0.398056,1
-0.888779,0.662740,1
-1.048258,0.211801,1
-1.469897,-0.404887,1
-2.321836,0.075044,1
-1.797604,-0.080708,1
-0.633812,0.010029,1
-0.640768,0.861274,1
-1.892296,-0.039619,1
-2.417065,-1.389600,1
-1.545119,0.125715,1
-0.634159,0.536685,1
-0.969321,1.124318,1
-2.065554,1.395299,1
-1.089867,1.032305,1
-2.191015,-0.345183,1
-1.597035,1.221634,1
-0.516457,-1.489054,1
-0.668415,1.379929,1
-0.827219,0.029705,1
-2.167107,0.266869,1
-1.033674,0.820597,1
-1.390814,-0.099189,1
-2.001080,-0.447024,1
-0.103847,-0.552370,1
0.073110,0.733828,1
-1.151231,-0.635533,1
0.235196,0.144173,1
-2.811353,-0.317345,1
-1.757422,-0.377003,1
-0.340280,-0.849056,1
0.238354,0.409971,1
-1.891148,0.357095,1
-0.374020,0.737967,1
-0.471713,0.135925,1
-1.790958,-1.172332,1
-1.315817,-0.853687,1
-2.584238,-2.429168,1
-1.132648,0.089927,1
-1.321593,-0.216385,1
-1.211380,-1.150081,1
-0.849458,-0.683058,1
-1.294495,-0.365156,1
0.233105,-1.215208,1
-1.082266,-1.448209,1
-2.860442,-0.347161,1
-1.388959,0.043524,1
-0.963433,-1.677723,1
-1.154456,0.555588,1
-1.665990,0.708421,1
-1.486628,-0.974222,1
-1.838400,0.995919,1
-2.854744,0.259484,1
-1.238559,0.469298,1
-1.890536,-0.480469,1
-1.921502,0.115587,1
-0.879976,-0.767975,1
-0.722662,-0.448728,1
-1.031066,-0.895359,1
-2.143226,0.119407,1
0.433601,0.092949,1
-0.398661,-0.411963,1
0.304786,0.485418,1
-1.299387,-0.338333,1
0.865304,-0.283312,1
-0.320756,-0.438222,1
-0.963077,-0.443529,1
-1.799392,-0.365687,1
-0.954156,1.258917,1
-1.925133,-0.125565,1
-0.969592,-0.005674,1
-0.846794,0.812775,1
-1.826687,-0.099724,1
-1.572284,0.409724,1
-1.515557,-0.499083,1
-1.599533,-0.224350,1
-2.080328,0.335590,1
-0.788799,-0.907670,1
-2.273583,0.248382,1
-0.759775,0.894877,1
-1.383058,-0.188710,1
-0.382494,0.018472,1
-1.109800,-0.893286,1
-1.770664,-0.352207,1
-0.230316,-0.251425,1
-1.026501,-0.037128,1
-0.197312,0.778945,1
-1.138917,-0.341463,1
-0.657454,0.598486,1
-1.048443,0.689267,1
-1.283269,1.260421,1
0.001091,-0.515248,1
-0.844988,0.515368,1
-1.999270,0.749192,1
0.772712,-0.275005,1
-2.480068,-0.288297,1
-1.075110,0.105545,1
-2.415351,-0.753270,1
-0.937817,0.214547,1
-2.052470,0.736133,1
-1.006835,0.431488,1
-1.046170,-0.399185,1
-0.792317,0.649784,1
-0.128603,-1.068435,1
-1.694518,-0.704086,1
-1.131226,0.416031,1
-0.238059,-0.370152,1
0.388582,0.374255,1
-0.988529,-0.744009,1
-0.014839,0.911072,1
-0.083950,1.339641,1
-0.450623,-0.749095,1
-2.175761,-0.035767,1
-1.140026,-0.649741,1
-1.259761,-1.288652,1
-0.471444,0.385948,1
-0.566144,-0.510090,1
-0.761028,1.095159,1
-0.289063,0.492499,1
-1.237961,0.054635,1
-2.064896,0.487959,1
-1.007568,0.482684,1
-0.353940,-0.948251,1
-0.000352,0.248070,1
-0.603752,-0.773763,1
-0.474198,1.139886,1
-0.428936,-0.706748,1
-0.604717,-0.717459,1
-1.107022,0.043997,1
-1.076743,-1.144052,1
-0.866570,-1.465285,1
-2.375500,-0.020746,1
-0.822441,-1.570954,1
-1.891699,-0.548630,1
-1.568111,-0.959997,1
0.061304,-0.161922,1
0.509669,0.117713,1
-1.191736,-0.487356,1
-0.156450,1.308793,1
-0.583091,-0.689058,1
-1.886494,-0.555526,1
-0.504901,-0.023207,1
-0.124401,0.223400,1
-0.658273,0.348848,1
-1.931009,0.641022,1
-1.116246,0.687615,1
-0.860563,-0.466558,1
-0.371394,-0.032204,1
-0.477134,-0.391854,1
-1.171170,0.978956,1
-2.147346,0.697532,1
0.413061,0.077707,1
-1.553079,-0.402864,1
0.094909,-0.051863,1
-1.013901,-1.911105,1
-0.760113,0.157050,1
-0.485602,0.657694,1
-1.077249,-0.732114,1
-1.074630,-0.454352,1
-0.045334,0.941581,1
-0.904202,-0.182077,1
-1.132582,0.120765,1
-0.007182,0.517666,1
-0.463647,-0.918639,1
-1.125362,-0.311743,1
0.334958,0.576038,1
-0.499758,-0.273659,1
-1.349432,0.412755,1
-0.182323,1.642620,1
-0.210886,0.270003,1
-1.235941,0.045794,1
0.663546,0.008059,1
-0.438658,-0.876593,1
-0.503778,0.736280,1
-0.952906,1.586511,1
-1.114575,-0.117642,1
-1.135470,0.017457,1
-0.231490,-0.504811,1
1.078700,-1.048507,1
-1.468099,0.355788,1
-0.213227,1.014520,1
-0.843123,-0.090139,1
0.099930,-1.261281,1
-0.981718,-1.618292,1
-0.080523,0.026554,1
-2.012320,0.238211,1
-1.298541,-1.144802,1
-2.115202,-0.001566,1
-1.754738,0.126303,1
-0.917518,-0.481570,1
-0.938077,0.992967,1
-1.245695,-1.020798,1
-0.776233,1.415160,1
-0.222005,1.071414,1
-1.809579,-0.914026,1
-0.241210,-0.792459,1
-0.667114,1.195116,1
-1.069959,-0.043450,1
-1.321584,-0.531516,1
-1.533516,-0.867646,1
-1.720569,0.172308,1
-2.238142,0.228336,1
-1.036159,-0.639516,1
-3.070647,-0.691965,1
-0.364808,-0.358295,1
-0.767791,-0.189390,1
-1.100394,-1.327093,1
-1.489144,0.888651,1
-0.021272,-0.638293,1
-0.811064,0.242845,1
-0.323803,-0.501526,1
-2.310432,0.329041,1
-1.251624,0.017848,1
-1.630745,-0.127894,1
-1.834528,-0.666535,1
-0.227076,0.526917,1
-1.032773,0.516683,1
-1.789159,1.205066,1
-2.159373,0.112245,1
-1.608589,-1.038968,1
-0.976200,0.554627,1
-1.042779,0.297442,1
-1.189671,-0.971481,1
-0.553468,0.738974,1
-2.126911,0.165218,1
-1.108038,1.491206,1
-1.072800,-0.851370,1
-0.990779,-0.715060,1
-1.157346,-0.165081,1
-0.419894,1.016296,1
-1.016051,-0.167854,1
-1.404878,-0.614233,1
-1.427470,-1.018991,1
-0.459711,-0.539745,1
-1.654797,0.674185,1
-0.155609,-0.530249,1
-0.248124,0.260932,1
-0.466516,-0.779442,1
-0.071032,-0.146569,1
-1.472783,0.397578,1
-0.089911,0.092743,1
-1.956292,0.612662,1
-0.978826,-0.209757,1
-0.216597,0.400295,1
-1.356998,0.761511,1
-1.646954,-0.728931,1
-1.872252,0.428751,1
-2.045578,0.348173,1
0.229869,0.235551,1
-1.160460,-1.329950,1
0.730978,0.876877,1
-1.162079,-0.703429,1
-0.227778,1.258289,1
-0.733019,0.633249,1
-1.293025,1.134979,1
-1.598028,0.897631,1
-1.821217,-1.034101,1
-1.225543,1.063642,1
-1.268973,0.313027,1
-1.738170,-1.058716,1
-0.777654,-0.528902,1
-1.414247,0.071955,1
-1.117879,-1.507995,1
-1.946785,1.248388,1
-0.098106,0.492812,1
-0.223796,0.150316,1
-1.230157,-0.918175,1
-1.064043,-0.249855,1
-1.003160,-0.416821,1
-1.996839,-0.598808,1
-1.229830,-1.857541,1
-0.307643,-2.307153,1
-2.539692,-0.029608,1
0.148539,0.755906,1
-1.617920,-0.388018,1
0.452458,-0.655490,1
-0.816210,-1.265923,1
-0.466578,0.324373,1
-1.329448,-1.274508,1
-0.498277,0.302760,1
-1.398993,-0.332363,1
-1.147870,0.276288,1
0.020479,0.083048,1
-0.107965,-0.420704,1
-1.499518,-0.534248,1
-0.172085,1.360750,1
-1.314261,-0.019495,1
-0.833825,0.565670,1
-1.917711,0.930353,1
-0.503139,-0.065980,1
-1.150246,1.112448,1
-2.107811,-0.601442,1
-0.978540,1.004435,1
0.158412,0.365011,1
-2.116580,2.128396,1
-0.598473,-0.377559,1
0.392289,0.513247,1
-0.986299,0.316219,1
-1.195689,-1.025508,1
-1.341208,-0.597589,1
-1.098178,1.163488,1
-2.016185,-0.243654,1
-1.019948,1.047937,1
-1.841281,-0.173122,1
-0.218309,1.339260,1
-1.473385,-0.636624,1
-0.159488,0.326590,1
-0.850816,0.087900,1
-0.256915,-0.586214,1
-0.641652,0.889811,1
-0.578461,-0.376894,1
-2.252661,-0.149845,1
