2.575459,0.865842,0.466095,-0.261103,0.048901,0
2.037467,1.436850,-2.532882,-1.186424,1.244287,0
2.717304,-0.423749,-0.055222,0.329730,-0.792276,0
-1.762035,0.329510,-0.150676,2.139569,1.375272,0
1.682915,-1.043124,0.867348,-1.926747,2.435166,0
0.080072,-1.945025,1.588706,-0.585781,-0.061096,0
0.199492,1.484605,-1.112185,-1.261321,-0.433791,0
2.047525,-1.311842,-2.305270,-0.817421,2.399710,0
-0.944959,-2.243521,-1.329147,2.362471,-1.554204,0
-0.450294,-1.331299,0.144133,1.078993,1.063073,0
1.703646,-0.373124,-1.511022,0.391867,0.366544,0
1.724132,1.081307,-0.920975,-1.196991,2.265491,0
1.438635,-1.486720,-1.025176,0.357137,-0.263373,0
2.028119,-0.075775,0.266192,-0.005813,-0.890440,0
0.543738,1.247125,-0.177466,-0.230112,-2.096344,0
2.271332,3.573711,0.401178,-1.430075,-1.290822,0
0.118888,-0.919043,0.153863,0.402784,1.129510,0
-0.071583,-0.652117,0.384389,1.906573,-1.649159,0
3.790541,-1.611303,1.187801,-1.946723,-0.125515,0
2.301544,0.430707,1.032022,-2.379357,-0.772141,0
2.189013,-1.179496,-0.315713,2.459351,-1.185853,0
0.284470,0.538872,-0.349987,1.399287,-4.216125,0
1.472320,-0.650021,-3.265035,-0.645317,1.139479,0
-0.516461,1.502817,2.247116,-0.985655,-0.812766,0
0.897136,-2.484468,-0.755668,1.238928,-2.115946,0
-0.358655,0.186755,1.618714,0.352569,-0.962412,0
-2.676446,-0.093057,-1.367764,1.356667,1.508426,0
-0.116638,2.551912,0.462415,-0.614811,-1.119321,0
-0.199517,-0.287075,0.341424,1.261663,1.051392,0
-0.187365,1.236041,0.607174,-0.484605,0.773990,0
-2.265882,1.532364,0.045200,0.723178,-1.756937,0
3.465404,1.710935,0.245194,0.378379,-2.416384,0
-0.185661,1.112998,-2.589788,0.800621,-0.420708,0
1.943119,0.925114,0.720974,1.581740,-1.679723,0
3.344979,2.113684,1.899061,1.811679,1.837380,0
-0.544816,-0.606306,-0.850779,1.253667,1.878576,0
2.361555,1.534342,-1.731004,2.976040,-4.348241,0
0.004495,1.558932,0.595631,-0.085974,1.506789,0
1.586755,0.076163,2.030722,0.282193,-0.057016,0
-1.802966,2.033795,1.090537,0.535995,-2.044053,0
1.155417,0.239361,1.145592,-0.471714,-0.505450,0
-0.165549,-0.268692,-0.372755,2.533700,-3.072318,0
3.463574,0.705782,-0.942263,0.040347,1.870412,0
-0.340802,1.894566,-0.049579,-1.552032,-0.724898,0
-0.033834,-0.663101,-0.483961,-0.685761,-0.968244,0
2.207067,-1.100188,1.271500,-0.638508,2.157565,0
-0.083993,-2.804498,3.341481,0.355681,-0.328460,0
0.841702,1.903877,0.096764,-3.296030,3.098083,0
2.548295,-1.436426,0.405614,-0.682596,0.914838,0
3.769349,0.162367,-3.231206,0.912694,-2.395086,0
0.091768,0.359417,0.920904,-0.768767,3.135286,0
1.957257,1.459613,1.370156,-0.838105,-1.464519,0
2.951744,0.041640,0.067798,-1.016450,-2.043544,0
1.336928,0.159417,-2.205551,-0.903410,-0.651357,0
0.439034,-1.231616,-2.319126,0.566442,-0.086197,0
0.036734,0.195321,0.636272,0.033230,-1.974366,0
2.325690,-1.313327,-2.123370,-1.079930,-0.761741,0
3.385141,-2.268158,0.967054,-1.581655,-1.087466,0
-1.029529,-0.628997,-2.997341,-1.126357,1.109526,0
1.258513,0.262333,-2.102221,-0.344656,0.908290,0
0.245028,1.058638,-1.797294,0.162532,-0.051089,0
0.926930,0.455250,0.599323,1.219970,-0.303904,0
1.212049,0.484630,1.323755,-0.859615,-1.112312,0
1.235720,-0.626481,2.820695,0.645404,-0.017408,0
-0.770598,0.502191,-1.481130,0.185655,-1.347552,0
-0.528198,0.240430,-0.692554,0.837541,1.747792,0
1.189364,0.866868,-1.762464,-2.288694,0.345758,0
1.643867,-2.826444,0.064413,-0.911602,1.507236,0
0.492014,-0.941460,2.982231,-0.008490,-1.176463,0
-0.191566,1.728568,-1.299604,-0.620195,-0.394745,0
2.322603,3.005124,1.559826,3.265335,2.139391,0
0.766277,0.163708,2.189591,-4.183839,-0.113144,0
2.493293,0.098102,-0.125239,-1.633972,0.680845,0
1.197755,0.903730,0.813267,-0.448024,1.294666,0
1.417782,-0.472143,0.000172,0.829097,-1.736285,0
1.331178,0.614801,1.851936,-1.008347,-0.943908,0
-1.182527,0.215115,0.789734,-0.590729,-1.167552,0
2.873105,-0.834238,1.738205,-0.217788,-0.600422,0
-0.646295,-0.682463,-0.288514,0.046426,0.454566,0
4.069365,1.912782,-0.862686,-0.552176,0.253952,0
3.121461,1.664093,-0.158851,-2.118742,1.563398,0
-0.264187,0.342700,-0.877708,-0.083091,1.797310,0
0.160377,-2.091866,0.894872,3.839989,3.410189,0
2.055264,0.414544,-0.222256,-0.070646,-1.596731,0
2.092479,1.930698,0.908294,-1.002985,2.520127,0
-1.357671,-0.107002,-0.254144,2.239975,-2.591072,0
0.863464,2.043962,-0.256924,0.211637,0.799663,0
2.293905,-3.132010,-0.208313,-1.019135,-3.721313,0
1.580071,0.933568,0.930069,1.325249,0.488790,0
1.545938,-0.629856,2.518509,-2.640306,-1.217735,0
2.045080,-1.740515,2.556867,-1.104427,2.321306,0
0.499322,-0.443854,2.016564,-1.159018,-0.221672,0
1.824070,0.185874,0.846075,-2.409406,-0.750060,0
-0.454947,-1.138763,1.546657,0.772872,-0.351402,0
0.547275,-0.771486,1.507141,-0.329082,1.559351,0
3.267925,-3.121080,-0.468938,-1.596611,-0.583225,0
-1.231503,0.974222,0.978517,0.400779,0.505075,0
1.203840,-0.701643,2.339689,0.479951,1.209620,0
0.672740,0.803414,-0.477389,2.253704,-0.601936,0
1.809333,-1.840793,-0.847893,1.411843,1.699344,0
1.358900,-1.402340,-0.876228,2.288206,-1.006685,0
0.878124,-0.076256,-0.294610,1.148427,-2.026532,0
-0.702497,-0.805242,-0.968668,-1.258172,-0.881666,0
2.883509,0.227549,0.665222,2.061249,-2.069440,0
-1.221914,-0.259407,2.750954,-0.667726,-0.981972,0
1.454901,-1.581607,0.891032,0.656132,1.392287,0
2.374105,2.620256,2.582940,-0.439013,-0.052959,0
-0.712007,1.442752,2.104790,1.655847,0.358778,0
3.339602,-0.553404,1.453521,-0.651330,1.012097,0
0.414972,-0.809212,-0.647151,0.496190,2.442662,0
2.094216,2.688479,0.864786,-0.244287,-1.667164,0
2.994399,1.183830,0.541544,-1.744202,-2.283697,0
-1.172348,0.173240,-1.232501,1.559107,-1.072823,0
0.486273,-1.185013,-1.139112,-3.741594,-0.133276,0
0.508313,-0.292744,-0.182809,-1.173394,0.148824,0
1.013564,-0.935513,-2.194243,2.120625,-0.251695,0
0.983571,2.115340,0.751480,1.653782,-0.363640,0
2.522949,0.813237,-1.049065,-2.092052,-3.126160,0
-0.314978,-2.104772,-3.711526,-1.081527,0.812338,0
4.053729,2.567533,-0.063912,-0.192651,-0.083567,0
-2.376347,0.220942,-1.697075,-1.096561,1.136204,0
4.359904,0.803433,-1.362083,-1.603607,0.280951,0
1.081540,-0.467481,0.139259,-1.205838,1.642452,0
1.959793,0.108092,-0.062006,0.688352,2.015436,0
-0.198483,-1.189919,2.776368,-0.671817,0.191390,0
1.295408,-0.698380,0.571783,-0.211468,0.468680,1
-0.867528,1.249448,-2.031025,2.321298,-2.441614,1
-3.292080,-2.807199,-0.276615,1.153264,0.476857,1
-1.149338,2.298644,-0.986691,-2.335201,0.537346,1
1.089429,-1.697480,-2.626543,2.058816,0.373773,1
-0.667433,-1.397094,-1.491143,-0.684764,-1.562430,1
-0.349332,-1.217309,-1.677610,-0.984046,0.950009,1
-0.404065,1.990958,2.186817,0.584748,2.959462,1
-0.260070,2.173513,-0.693834,1.596994,0.249491,1
0.251555,-0.375956,-1.734639,0.580089,-1.212712,1
-0.571543,0.449059,1.087956,1.277955,-0.899610,1
-0.876020,0.914807,1.593102,-0.589765,-0.787694,1
-2.242575,0.756004,0.528110,1.934542,1.615543,1
1.930487,-1.980571,1.276208,-0.819817,-0.700101,1
-0.763546,-2.787697,0.477820,-0.698831,-0.688416,1
0.084648,2.748144,0.753242,0.133395,-0.331983,1
0.654284,-0.799903,-1.141994,-0.574085,-0.360947,1
-0.896894,2.342899,-1.040824,-0.378041,1.593544,1
-2.080760,0.109320,1.205680,1.534014,2.269209,1
0.625738,-0.727509,0.230519,-0.441905,-3.658560,1
-1.272765,1.060466,0.222422,-1.569568,1.705186,1
-0.706189,0.184192,0.220918,-1.794245,-2.413076,1
-0.542257,0.032720,0.200912,-3.558029,1.869483,1
0.211895,0.111697,4.163667,0.635922,-2.683984,1
-3.590644,-2.137488,-0.077475,0.215879,0.183754,1
-3.729776,-1.491220,0.819351,0.141995,1.181730,1
-6.348684,2.878157,-2.910468,0.967630,0.581578,1
2.694445,-0.773800,-0.071906,-2.709957,-0.097643,1
-2.596029,2.567246,-3.058830,-0.311476,-0.726825,1
-3.248525,0.694849,1.620242,-1.154955,0.431587,1
-1.005411,2.194171,-0.499734,0.485205,2.064683,1
-2.657989,-2.221850,-0.500074,0.901318,-2.310259,1
-0.228986,0.611247,-0.861767,1.694011,0.413543,1
-1.613514,2.093229,0.876370,0.098745,-2.334290,1
-0.785151,-1.553451,1.459759,-1.241108,0.745073,1
-0.111631,-2.688825,0.349192,0.513260,-1.180137,1
-1.718021,-0.628091,0.176278,1.315063,-1.891353,1
-2.197007,1.078426,1.618798,0.151361,-0.244000,1
-0.767702,0.013964,-0.009778,-1.078707,0.765446,1
-1.083796,-0.076759,2.327858,0.545303,-2.455657,1
-1.128222,-0.111103,0.409678,1.494594,0.146063,1
-0.639973,-0.410090,0.699856,-1.822124,0.719433,1
-0.176583,1.224737,0.838917,-3.171912,0.653200,1
-0.785072,0.265779,-0.397539,-1.418025,0.522016,1
-1.448724,1.748602,2.900140,0.780914,-0.639174,1
-1.434998,0.023481,-1.088892,-1.066695,-1.022239,1
-2.823570,1.705410,-0.418872,-0.004014,-0.653416,1
-0.617893,-2.396765,0.409589,-0.017234,-2.049412,1
-3.220497,-0.604640,0.085762,0.250127,0.414207,1
-3.820259,0.594779,0.347198,2.884035,1.112554,1
-3.599523,-1.605206,0.351474,1.539795,-0.185123,1
-1.996243,1.656534,0.152382,-0.988722,2.789509,1
-0.308423,1.429226,-0.094456,-2.163800,0.398749,1
-2.820792,0.681470,1.080612,-1.426224,2.215867,1
-1.193838,0.224457,-0.493308,-0.376005,1.492831,1
-0.643796,-0.279613,-0.630389,0.748546,1.281527,1
-1.185741,4.820629,-1.375971,1.604500,-0.290160,1
0.801356,-1.574865,0.729527,-1.932168,0.236148,1
1.706614,-1.430284,-1.201019,0.300846,-2.253227,1
0.526679,-0.587302,2.335893,-0.225883,0.110335,1
0.343968,-1.004865,0.329367,-0.552333,-1.256299,1
-2.983172,2.349495,0.305954,-1.242314,-0.903192,1
-1.445352,0.146182,1.274199,-1.494373,0.657490,1
-1.578225,-0.417764,-1.157257,2.499258,0.887052,1
-2.346251,0.390917,-1.583313,-1.859426,1.742316,1
-1.157381,-3.549396,0.695487,0.855396,0.021525,1
-0.737297,-2.206387,-2.133332,1.749751,-2.199974,1
0.068330,-2.888425,2.158748,0.411376,-0.185189,1
-1.220869,0.706379,-0.697693,-1.756529,2.029163,1
-0.510094,-1.514955,2.119467,2.968132,-0.876401,1
2.575527,0.468358,1.053867,0.445670,-0.676723,1
-1.512908,-2.124701,0.181611,-1.411207,0.965429,1
-0.808483,0.257917,-1.000864,0.547608,0.817628,1
0.081742,-0.468896,0.931340,2.824765,-2.211499,1
-1.360140,0.341564,0.780880,-1.067970,-0.385778,1
0.326531,2.416366,1.558798,1.745976,0.626560,1
-4.177577,0.076267,-1.808217,1.608189,-1.383032,1
-0.843694,-0.294081,-1.920401,-0.717416,-1.101933,1
-2.943803,-1.273750,-0.419009,-1.306071,2.098166,1
-1.041368,-1.501340,0.454441,1.175287,-0.113411,1
-2.834622,-1.315180,2.926600,-1.170180,-1.484721,1
-0.553087,-2.058821,0.546921,0.096899,0.559150,1
-1.106878,1.259990,-0.343878,1.153872,3.598169,1
-2.463249,1.597424,0.942020,-2.979355,1.069847,1
1.653874,0.146444,-0.392688,-1.696839,1.385978,1
-1.345828,1.305178,1.583123,0.315033,1.423201,1
-1.049513,-0.118675,1.012579,-2.713128,-1.119645,1
-1.586424,-0.606074,2.316948,-2.367046,1.122632,1
2.163855,-0.021671,1.135955,0.326496,1.352015,1
1.892704,-1.135970,2.645023,-0.780500,0.087149,1
-3.848620,-0.181983,0.956264,0.128959,1.612751,1
-1.921083,2.226289,-0.134376,0.051339,0.190899,1
-0.751795,-0.370044,0.117203,-0.970693,3.073241,1
-2.433325,0.556164,0.757077,0.246835,-0.271637,1
-1.111719,-2.178887,-1.217590,0.004959,-0.580138,1
-0.660084,-0.042632,-0.290099,-0.321494,-1.089880,1
0.781666,-1.063737,-0.944996,2.221307,-3.556610,1
-1.886953,1.288911,-0.797548,-1.009229,-0.052265,1
-0.435328,-1.193214,0.452629,-0.759356,-2.038185,1
-0.683936,0.866650,0.744516,-3.117220,0.507627,1
-2.364013,3.194651,2.764596,2.017493,0.180397,1
1.056071,-1.985606,-1.888805,-0.694234,1.326317,1
-0.029849,2.240691,-2.004702,-1.085688,-0.285200,1
0.349667,-1.405859,1.421444,0.422318,-1.939297,1
1.979679,0.042989,-1.666019,1.469541,-0.239370,1
-0.008269,-0.576564,0.392838,0.235163,1.545302,1
0.335789,-2.995775,0.913867,0.411513,0.738937,1
-1.458425,-1.602098,2.230772,-1.443192,0.463462,1
-0.632899,-2.835694,1.533308,-2.415835,-1.093634,1
0.935118,-0.455024,0.172436,-0.446807,-0.245803,1
-0.464360,-1.070814,-3.042157,-1.719420,-2.627080,1
-2.658201,-0.554542,1.624057,1.174044,-0.861511,1
-0.779286,0.843701,0.273975,-0.405182,3.538947,1
-0.820503,0.533334,0.031337,1.049400,2.014076,1
-0.757650,0.214777,-1.329851,-0.968198,0.814425,1
-1.552572,-2.555124,0.847605,-1.421375,1.521791,1
-2.698446,-2.023124,0.921317,2.342543,-0.711399,1
-2.604168,0.649665,0.590097,-1.879272,0.812302,1
0.036364,-0.448645,-1.652699,-0.162257,1.371116,1
-0.746209,0.045439,-1.107510,-3.240509,1.237761,1
-2.675841,-0.862948,4.295252,0.060233,2.299150,1
-0.085322,3.272653,0.098398,2.082397,0.382932,1
-0.306054,-2.582356,-2.885089,1.043002,2.003048,1
-0.690022,2.634989,-0.452602,0.142517,-1.806435,1
0.000339,-0.325602,0.009746,0.886957,1.792377,1
