-0.249286,0.189465,0
1.276136,-0.148253,0
0.341898,0.098446,0
1.127656,-0.729863,0
0.563803,-0.685982,0
2.423772,-0.108030,0
1.212904,-0.199775,0
0.719919,0.694023,0
-0.413708,0.118984,0
0.433577,-1.118920,0
2.165806,-0.609900,0
1.118564,0.337740,0
1.168179,0.138263,0
1.853733,1.338966,0
1.497870,0.486849,0
1.078314,0.001121,0
0.823848,0.127229,0
0.907073,-0.134098,0
0.499655,-0.456646,0
1.324761,0.386585,0
1.292134,0.052295,0
1.593050,0.336232,0
0.171955,-0.996949,0
-0.186612,0.798903,0
0.231884,-0.150058,0
2.072357,-0.357002,0
1.291367,0.003337,0
0.849831,0.558210,0
1.340368,-0.012212,0
0.553092,1.629216,0
0.233857,1.456675,0
0.185337,-0.633173,0
3.065754,0.039342,0
1.703559,-0.818789,0
0.053190,-0.741542,0
0.708319,0.463535,0
0.465657,0.960471,0
-0.057815,0.740251,0
1.674672,0.539521,0
-0.247515,-1.154392,0
1.153658,0.916039,0
0.713685,-0.148218,0
0.499155,-0.371031,0
0.749250,0.769010,0
0.504362,0.381110,0
-0.822689,-0.360438,0
0.720823,-0.110245,0
1.517421,0.299479,0
0.211232,-1.613163,0
0.089638,0.439285,0
1.616054,-0.746442,0
1.285327,-0.235485,0
0.331991,-0.287256,0
-0.067594,-0.081254,0
2.062932,0.186830,0
0.889374,-0.475909,0
1.399688,-0.838754,0
1.460733,-0.234379,0
1.547339,-0.757081,0
0.469453,-0.778083,0
0.270726,-0.712574,0
1.534554,-0.881213,0
-0.100368,-0.472720,0
1.145577,0.886772,0
1.104208,1.307593,0
1.483870,-0.145122,0
1.994287,0.580824,0
2.251143,-0.114382,0
1.508196,-0.159541,0
2.086027,0.256755,0
0.827283,-0.051304,0
1.480229,-0.711363,0
0.957759,-0.612574,0
-0.056369,-0.254649,0
0.875245,0.611409,0
0.684546,0.674665,0
2.254917,-0.390316,0
1.418771,-1.463368,0
0.571021,1.325786,0
0.485629,0.622105,0
-0.644179,-0.621214,0
1.320410,-0.536899,0
1.315314,0.547692,0
1.184396,-1.373302,0
0.666729,-1.387241,0
1.034158,-0.375426,0
1.364887,0.138660,0
0.878763,0.252639,0
1.349611,0.158376,0
0.807631,-0.967968,0
0.318565,-0.853301,0
1.362077,-0.039772,0
2.185658,-1.848281,0
1.704604,-0.323672,0
0.867532,-0.130909,0
0.783398,0.337827,0
1.246951,-0.546516,0
0.999949,-1.318472,0
2.351514,0.170211,0
0.422896,-0.214018,0
1.413438,-1.450064,0
1.174453,-0.189884,0
1.153692,-0.604217,0
0.654778,1.122573,0
1.291779,-0.436903,0
0.794020,-0.326729,0
0.416185,-0.390228,0
1.098553,-0.321841,0
1.238789,-0.628150,0
0.866609,-0.779864,0
0.502034,-0.003664,0
1.020392,-0.007947,0
0.783360,-1.218241,0
1.560344,1.595474,0
1.192763,-0.029640,0
1.751832,-0.533756,0
-0.519616,0.117838,0
0.113973,-0.587844,0
2.037076,-0.310178,0
1.864975,-0.028929,0
1.461874,0.542002,0
-0.105250,-0.491993,0
-0.106651,-0.508799,0
1.577116,-0.763943,0
1.041168,0.328413,0
0.455544,0.551149,0
0.378847,-0.595021,0
0.860256,-1.675957,0
0.999307,0.312117,0
-0.936011,-0.116172,0
1.806995,-0.008880,0
0.747870,-0.069488,0
1.046675,0.863500,0
1.982279,0.511950,0
0.453951,0.390578,0
1.015115,-0.400740,0
0.554337,0.497809,0
-0.786523,1.219745,0
1.491614,-2.302126,0
0.668254,1.057478,0
2.290949,-0.046274,0
0.700259,-0.242626,0
1.780958,-0.951265,0
0.468359,0.297438,0
1.675132,-0.094021,0
0.786926,1.430002,0
0.001692,-1.053797,0
0.063152,0.114521,0
1.951616,0.166559,0
0.678786,0.794556,0
0.812556,-1.883645,0
1.853339,0.502229,0
0.607179,0.180702,0
-0.297755,-1.256940,0
1.185614,0.888617,0
1.068724,0.650148,0
2.148922,0.977736,0
-0.550136,-0.700604,0
1.435383,0.631210,0
-0.016142,-1.392629,0
0.381525,-0.411638,0
0.873782,-0.059430,0
0.443553,1.418489,0
1.843362,0.629649,0
0.338026,0.669851,0
-0.032254,-0.040801,0
0.651236,-0.700656,0
2.225550,-0.239653,0
0.894462,-0.255016,0
-0.004382,0.484243,0
0.552160,-0.126648,0
1.467807,1.198622,0
0.342364,2.128621,0
1.046593,1.463081,0
1.782698,-0.152704,0
1.846537,-0.893764,0
0.894199,0.428457,0
0.323508,0.042161,0
0.366574,-1.244837,0
-0.024211,0.656312,0
-0.179209,0.157695,0
0.552623,-0.552902,0
0.174498,-1.079972,0
-0.568866,1.158006,0
0.086157,-1.575539,0
1.487444,0.455147,0
1.218405,0.251087,0
-0.330837,0.321658,0
0.366887,0.325745,0
-0.050622,-0.639009,0
0.648880,-0.110231,0
1.352312,0.946541,0
0.574853,-0.884887,0
1.882847,-1.973899,0
1.663521,0.705662,0
0.212970,1.035925,0
1.679385,0.647152,0
2.486973,-0.540466,0
0.866011,1.705240,0
1.641605,-0.534529,0
2.031432,0.422591,0
1.698281,-0.135989,0
1.544498,2.395680,0
-0.723435,0.097656,0
0.995250,0.791982,0
0.801941,-0.546169,0
1.865970,0.923657,0
0.502547,0.271887,0
1.721127,-0.559295,0
1.345734,-0.171161,0
2.374188,0.611543,0
0.161819,-1.285270,0
0.596003,0.489151,0
1.013975,1.349108,0
2.021362,-0.358320,0
0.081519,1.472172,0
1.293474,0.402955,0
2.525223,-0.974436,0
1.120634,-0.073747,0
0.767419,1.545277,0
-0.272860,-1.167752,0
1.745962,0.279405,0
1.472585,0.085330,0
-0.096838,-0.624712,0
0.235843,-0.558967,0
1.199552,0.491137,0
0.713788,0.151499,0
1.043094,1.087446,0
2.138755,-0.065531,0
-0.165002,0.046116,0
1.227422,-0.690408,0
1.227247,0.534055,0
2.004968,0.096380,0
0.984644,-0.486397,0
1.603112,1.075677,0
0.708608,-0.465773,0
2.148081,-0.929962,0
1.112624,0.210835,0
1.709887,0.573279,0
3.022055,0.582523,0
1.689536,-0.245842,0
1.884940,-0.972275,0
1.044056,0.822967,0
1.539846,-0.772716,0
0.731094,0.105321,0
0.445444,0.530784,0
1.586775,0.566561,0
1.745309,1.165066,0
2.286732,1.583987,0
-0.573349,0.475116,0
1.042193,1.293649,0
2.280122,0.482864,0
-0.003805,-0.043299,0
2.854528,2.444751,0
0.099421,-0.841873,0
0.494248,0.603245,0
1.872223,-0.826018,0
1.060684,1.043710,0
0.608586,0.494000,0
-1.263398,0.223806,0
1.916691,0.694865,0
0.469227,1.616533,0
1.262861,0.814905,0
0.027896,-0.391117,0
0.119481,0.409474,0
1.915494,-1.040934,0
0.299171,0.952511,0
1.450511,0.106025,0
1.768140,0.459239,0
2.580085,-0.188533,0
1.562864,-0.053757,0
0.807379,-0.830750,0
0.687700,-0.210386,0
-0.439950,0.462884,0
-0.809619,-0.890847,0
2.258769,1.167774,0
1.042855,0.583162,0
1.530783,-0.572924,0
0.779504,-0.447068,0
-0.045904,-0.130247,0
0.993898,-0.032576,0
2.089775,0.889617,0
1.634618,-1.793757,0
0.175009,-0.100124,0
0.858378,0.200752,0
0.202790,-0.396210,0
0.311756,0.099932,0
0.015533,0.337134,0
-0.620068,-0.297934,0
-0.790433,0.628474,0
0.088044,-0.980201,0
1.989991,-0.451851,0
0.826780,1.258691,0
-0.577999,0.843908,0
0.490264,0.303899,0
0.909859,-0.035139,0
1.309163,-0.156977,0
1.126346,-1.500568,0
1.253397,2.138472,0
1.485106,1.153144,0
0.866419,0.297122,0
0.580398,0.687439,0
1.041058,-0.112850,0
-0.366550,1.709921,0
0.552765,0.664981,0
0.725358,0.204813,0
0.839714,-0.347172,0
1.440172,-0.549268,0
0.378219,-0.573834,0
2.159707,-0.560953,0
2.436067,-0.109818,0
0.583440,-0.166028,0
0.818336,-0.470603,0
1.603124,-0.799169,0
2.049089,-0.999635,0
0.318844,-0.794934,0
0.301024,1.677937,0
0.546490,-0.529510,0
1.625875,-0.107979,0
1.011909,-0.724733,0
1.347936,0.414909,0
0.671995,-0.985630,0
0.443671,-2.157524,0
-0.348768,0.068471,0
0.817456,-0.020714,0
0.969252,-0.710795,0
2.681629,0.126302,0
2.194738,1.084845,0
-0.263931,-0.605342,0
0.802508,-0.004412,0
1.827640,-0.002738,0
0.957708,0.554727,0
0.594655,0.197846,0
-2.461117,0.353745,0
1.380572,0.577026,0
2.378755,-0.505111,0
1.566145,0.187808,0
-1.200974,-0.314928,0
1.766808,-0.233243,0
1.328956,0.939714,0
0.018052,0.820862,0
1.382587,-0.623189,0
0.138587,-0.157462,0
2.347234,-0.676462,0
0.711187,0.187741,0
0.338661,-1.191530,0
1.017194,-0.805864,0
0.372523,0.596480,0
0.598299,0.410718,0
0.296795,-1.009133,0
1.311222,-0.630978,0
0.978223,-0.684629,0
1.448103,-0.947621,0
1.181947,-0.039729,0
0.990811,0.120068,0
0.603578,0.031902,0
1.459374,-0.187769,0
2.105793,-0.509899,0
1.389990,-0.974526,0
1.615833,0.140053,0
1.345996,-0.682925,0
1.739551,0.828079,0
1.294743,0.336136,0
0.234747,0.317202,0
0.517386,-0.228836,0
0.373470,-0.804414,0
1.124269,0.330957,0
0.760381,0.397003,0
0.855182,-1.152630,0
1.148122,0.121404,0
1.749113,-0.340665,0
-0.659620,-0.330031,0
0.590019,-1.060721,0
0.273264,1.094766,0
-0.268867,-0.517490,0
1.354761,0.124400,0
1.612948,0.261254,0
1.935030,-1.136470,0
0.636103,-0.843479,0
0.370878,0.672406,0
1.315422,-0.514055,0
1.362945,-0.356481,0
1.390225,-0.486876,0
1.723005,0.133562,0
-0.299315,1.115173,0
0.733958,-0.466827,0
0.926994,-0.451631,0
1.163339,1.373867,0
0.557965,-0.477645,0
1.733742,-0.630894,0
1.114964,-0.060344,0
-0.004886,1.205002,0
0.534573,0.367460,0
2.221359,-0.994722,0
2.127382,0.563253,0
0.395144,1.170036,0
1.748809,0.715514,0
0.546014,0.587767,0
0.205527,-0.105814,0
1.460773,-0.369994,0
1.419883,-0.607841,0
2.347347,0.054960,0
1.830793,0.866379,0
1.028318,1.089616,0
0.874009,-0.248008,0
0.597662,0.619099,0
-0.010836,-1.279950,0
1.238560,-0.643571,0
-0.953106,-0.836537,0
1.640963,-0.448206,0
1.551639,0.654294,0
0.174168,-0.877237,0
0.013583,0.198776,0
0.230094,-0.114669,0
1.553121,-0.534930,0
1.837775,-0.214284,0
1.809756,-2.114639,0
2.015966,0.628745,0
1.790719,-0.758101,0
0.207961,1.834725,0
1.027454,0.762545,0
0.953889,-0.680409,0
1.372600,0.769845,0
-0.260882,0.587634,0
0.318237,-0.218518,0
2.180405,1.010384,0
2.530783,-0.747485,0
0.593469,0.626552,0
1.073460,-0.193919,0
0.078686,0.322202,0
2.793505,1.054244,0
1.378809,0.016623,0
1.431350,-0.496728,0
1.972562,0.380551,0
0.869941,-1.292296,0
2.020576,-0.823977,0
1.935946,1.412174,0
0.608408,-0.237853,0
1.401164,-0.513711,0
1.865614,-0.762952,0
0.011660,-0.817470,0
1.418323,-0.878232,0
0.597027,0.496082,0
1.160941,-1.682879,0
0.832549,-0.389799,0
1.147739,0.829506,0
1.162378,-1.177186,0
0.321150,0.075495,0
0.205328,0.000400,0
0.756330,-0.406795,0
0.399284,1.072275,0
1.603896,0.519192,0
0.478824,0.718541,0
1.949673,0.167210,0
-0.092739,1.626000,0
0.641503,1.289242,0
0.830495,0.445861,0
1.145754,-0.725678,0
1.405020,0.288089,0
-0.228641,-0.718039,0
1.131572,0.261118,0
0.637054,0.230991,0
-0.286157,0.951511,0
0.839522,-0.184357,0
0.952738,-0.337475,0
1.108677,-0.067708,0
1.365489,-0.365386,0
1.446484,1.002604,0
1.868506,0.908451,0
0.190108,0.961177,0
1.540552,0.462382,0
1.148673,0.433521,0
0.559193,-0.296894,0
0.563531,0.429543,0
1.553773,-0.253986,0
0.847242,-0.369751,0
0.634749,0.837284,0
0.712733,1.810490,0
1.466017,0.160912,0
1.603050,-0.951996,0
0.535647,1.599839,0
2.236337,1.251354,0
1.394942,1.679841,0
1.599832,0.520995,0
0.226582,-0.695229,0
2.319364,0.082986,0
-0.517691,1.298063,0
-0.114453,1.047254,0
2.013341,-1.164703,0
1.777246,-1.473888,0
2.538462,-1.207158,0
1.998560,0.069371,0
2.494369,-0.784095,0
1.310936,0.337303,0
1.526362,-0.305947,0
1.359364,0.576796,0
1.199697,0.621592,0
0.719148,-0.004416,0
1.473316,-0.903655,0
-0.408888,-0.680486,0
0.536347,0.686435,0
2.309088,-0.907048,0
0.083655,0.166105,0
1.660650,0.969688,0
0.334770,0.966049,0
2.113516,-0.631238,0
0.105628,1.292145,0
2.003106,0.844332,0
1.741716,0.250571,0
1.486401,0.059542,0
1.116776,0.657502,0
1.324955,0.794327,0
0.175048,1.233438,0
0.601594,0.913405,0
1.409975,-0.272575,0
0.210265,0.235636,0
0.475265,-0.313191,0
0.829988,0.764608,0
0.359890,-0.095348,0
1.222732,0.113292,0
1.013040,0.014495,0
0.908111,0.890586,0
0.122891,-1.044394,0
0.751903,-0.820305,0
0.767506,0.791389,0
2.395001,-1.304430,0
1.730886,-0.715528,0
1.953386,-0.733410,0
2.380897,-0.220675,0
0.668452,0.283739,0
-0.151057,1.598091,0
0.507504,0.271033,0
0.450348,0.813595,0
-0.068172,-0.796709,0
0.843780,0.460875,0
2.338434,0.477177,0
2.670981,-0.169372,0
0.337769,-1.562489,0
1.156302,-1.116858,0
0.477511,-1.914330,0
1.264029,-0.809092,0
2.371447,0.382273,0
0.153652,-0.176803,0
1.099431,0.420854,0
0.360566,-0.116706,0
1.385387,0.449090,0
0.857548,0.441611,0
0.682294,0.276114,0
0.249827,0.329152,0
1.914462,-0.942443,0
0.276388,-0.762668,0
2.190910,-0.197905,0
-0.206827,-1.589063,0
0.110828,-0.291690,0
1.877069,-1.477569,0
0.537522,0.093600,0
2.008934,0.100223,0
0.324492,0.926423,0
2.091100,-0.462239,0
1.007442,0.995775,0
0.166116,0.683089,0
1.473934,-1.256481,0
1.101882,0.806682,0
1.056361,-1.425019,0
1.874352,0.107699,0
1.569981,0.427558,0
1.758018,0.374783,0
1.269638,0.194785,0
0.946370,0.348020,0
1.255081,-0.991680,0
1.145521,-2.044474,0
2.065049,0.170221,0
0.793631,2.239407,0
0.375582,2.158760,0
1.740360,0.401937,0
0.441971,0.108310,0
0.500777,-1.156422,0
0.375226,0.326383,0
1.753091,-0.217213,0
0.846576,-0.406907,0
2.070454,1.392686,0
2.223079,0.667491,0
1.144746,-0.263638,0
1.948364,-0.787066,0
0.633750,-1.091938,0
0.454135,0.161360,0
0.335229,0.311186,0
0.828068,0.454079,0
0.519173,-0.060322,0
0.493182,0.442467,0
0.067819,-0.806323,0
0.261264,-0.741813,0
0.823961,1.611576,0
1.060965,0.930202,0
2.072131,0.141029,0
1.388373,0.691543,0
0.421664,0.246802,0
1.110551,-0.143165,0
1.630607,1.559283,0
-0.168289,0.907919,0
1.049793,1.197260,0
1.488071,-0.032133,0
0.821534,-0.013304,0
1.686050,0.523948,0
1.436687,-0.897546,0
1.225080,-0.052958,0
1.979304,1.146734,0
0.363461,-0.139100,0
0.788638,-0.178023,0
-0.092557,-0.086037,0
0.631345,0.534674,0
0.600923,-0.302902,0
1.350233,0.217462,0
1.612305,-0.517035,0
2.276108,-0.500612,0
1.311455,0.287622,0
1.721632,0.883797,0
0.723049,0.191628,0
1.222342,0.125426,0
1.674298,-0.357258,0
1.600279,0.312058,0
1.183049,-1.578945,0
0.727978,0.126812,0
0.989989,-0.334758,0
0.739743,0.957747,0
1.402182,0.591318,0
1.324748,-1.514234,0
1.427097,-0.354758,0
0.700791,0.057254,0
2.746544,-0.330237,0
1.537806,-0.867629,0
1.510810,-0.831632,0
0.419348,0.059179,0
0.941010,-0.266288,0
-0.058358,0.383847,0
1.103018,-0.115094,0
2.108242,0.814303,0
1.462818,0.296819,0
0.430816,0.397718,0
1.344311,0.903366,0
0.701016,-0.461894,0
0.627817,-0.355080,0
1.607443,0.011649,0
-0.216856,1.278598,0
1.460304,-1.287504,0
1.361824,0.569235,0
2.573629,-0.782433,0
1.175080,0.034347,0
0.663967,-0.756119,0
0.888379,0.812217,0
1.275311,0.710000,0
1.631548,-0.082453,0
2.533238,1.542056,0
1.327340,0.392341,0
1.292643,1.001599,0
1.530663,0.115338,0
0.776219,-0.652095,0
0.910967,-0.166940,0
1.133657,-1.466020,0
0.369454,-0.268960,0
0.245453,-0.349796,0
2.430614,-1.196043,0
1.232301,0.213475,0
1.346988,0.245706,0
1.961691,1.486699,0
0.493517,1.508616,0
-0.249141,0.351470,0
-0.556636,-0.088079,0
0.610886,-0.623859,0
1.163489,-0.080894,0
-0.998817,-0.779367,0
0.251310,0.263108,0
0.295718,1.038435,0
1.450454,0.368189,0
1.049890,-0.187619,0
0.437318,0.417980,0
1.163548,-0.463814,0
0.923800,-0.865710,0
0.583377,0.243300,0
0.212030,-0.021913,0
1.729019,0.528284,0
1.990609,-1.806493,0
1.609137,-1.172832,0
2.707884,-0.061270,0
0.354966,-0.397422,0
1.080016,0.392281,0
2.125929,-0.491395,0
1.025714,1.306743,0
0.915123,-0.110117,0
0.620567,-0.150711,0
1.496778,-1.515240,0
1.399532,0.260793,0
1.327883,0.187121,0
2.325065,0.063261,0
0.219754,0.052375,0
1.049393,0.141420,0
-0.414966,-1.146259,0
-0.548756,-0.017724,0
0.831229,0.576201,0
1.482848,0.450081,0
0.911455,-0.584081,0
1.973228,0.619271,0
0.158710,-0.212216,0
0.916838,-1.085799,0
0.789702,0.477118,0
0.844745,-0.914724,0
0.787696,-0.634422,0
0.205682,0.223109,0
-0.246623,-0.573548,0
1.917186,1.142884,0
1.220544,-1.621989,0
1.788644,0.588318,0
-1.029963,-0.499571,0
1.094292,-1.099284,0
0.624471,0.033579,0
1.475371,-0.411332,0
-0.451855,0.389507,0
0.792385,-0.197816,0
0.566782,-0.388126,0
2.059126,-0.268295,0
1.047536,0.553994,0
0.358797,-0.020695,0
1.391367,0.437417,0
1.737408,0.672078,0
1.076895,-0.097642,0
1.772144,0.365620,0
1.547675,0.179940,0
1.660039,1.033653,0
0.754002,-0.449521,0
1.226354,-0.507908,0
-0.349708,0.948567,0
0.554454,0.820346,0
-0.426182,-0.413014,0
2.338200,0.427675,0
0.619940,0.645920,0
0.324481,0.493043,0
-0.150605,-0.716905,0
0.844176,-0.055815,0
0.938910,-0.000514,0
1.655691,1.292588,0
1.706176,0.416460,0
0.733925,0.495293,0
-0.220742,-0.636233,0
0.849108,1.238942,0
0.803511,0.429392,0
1.882709,0.005689,0
1.167495,0.125935,0
1.954888,0.202517,0
2.074182,1.094806,0
1.186338,-0.456211,0
1.076925,-0.477727,0
0.585228,0.267665,0
1.367998,0.935658,0
1.398280,-0.003165,0
3.178616,0.141316,0
-0.452350,-0.479120,0
0.998894,-0.104162,0
0.893219,-1.714809,0
1.276382,-0.602731,0
2.184579,-1.339700,0
1.337558,1.397665,0
1.198488,1.715968,0
1.323328,-0.198512,0
0.225725,0.537734,0
1.431949,0.625618,0
0.886540,-0.807697,0
2.158133,0.314063,0
1.616087,-0.786453,0
1.598307,1.155113,0
0.906498,1.384717,0
0.271232,0.442141,0
0.500293,1.373860,0
0.857320,-0.000622,0
0.507898,-0.783596,0
1.409719,0.308643,0
2.176095,0.398834,0
0.556541,0.657371,0
0.763782,-0.456304,0
2.580030,-0.999991,0
2.839603,1.422618,0
0.712017,0.048969,0
1.381602,0.126121,0
1.980249,-0.889731,0
2.401522,-1.280927,0
0.584029,0.753457,0
0.459564,0.288904,0
1.026880,-1.241697,0
0.455822,-0.318027,0
1.010536,0.012678,0
2.305266,0.326503,0
0.362792,0.399375,0
0.958958,-0.758085,0
1.066338,-0.083631,0
1.916076,2.043482,0
0.048413,-0.063829,0
1.224809,-1.043347,0
1.446119,0.555818,0
1.922298,0.920747,0
0.614801,0.380038,0
0.468090,-0.357849,0
1.615423,0.128658,0
1.022324,0.109354,0
0.108155,-0.252245,0
1.329412,-0.020642,0
1.213883,0.355629,0
0.723954,0.068465,0
1.807723,-0.997089,0
1.274699,0.286500,0
-0.353972,-0.333690,0
0.198501,-0.058643,0
1.984620,-0.808095,0
1.366343,0.110040,0
2.226004,0.551520,0
0.295265,-0.181450,0
0.654040,0.224331,0
0.000010,-0.164882,0
0.089622,0.167376,0
0.610966,-0.083189,0
1.735237,0.750038,0
1.599776,-0.555331,0
0.943663,0.838592,0
1.572134,0.379043,0
0.778829,-0.712671,0
2.111384,0.632046,0
1.671201,-0.822502,0
0.651436,0.116313,0
0.809083,-0.955597,0
0.990215,1.277280,0
-0.247802,-0.638121,0
0.917093,0.918077,0
2.141560,1.584786,0
1.292930,1.323972,0
1.348473,1.523777,0
1.290482,-1.989527,0
1.422253,0.118195,0
1.729713,-0.842239,0
1.201743,-1.639431,0
0.651610,-0.458270,0
0.865486,0.253144,0
0.456355,0.285508,0
1.160182,0.188813,0
1.261431,-1.661604,0
0.671357,0.964018,0
1.131116,-0.116996,0
0.338857,0.310853,0
1.018539,1.041438,0
1.375713,0.315167,0
0.838740,-0.239527,0
0.959829,1.072565,0
1.083302,2.007508,0
2.294076,0.260013,0
1.087727,-0.891575,0
1.242738,1.048542,0
0.887284,-0.234798,0
-0.226287,0.445318,0
1.886943,0.912364,0
1.708111,0.426765,0
0.538698,1.059115,0
2.226611,-0.406799,0
1.386347,0.665023,0
0.491520,0.468879,0
1.230042,0.109741,0
1.001196,-0.418840,0
1.408890,0.338361,0
1.785002,0.720019,0
0.078899,-0.233743,0
-0.184747,-0.263160,0
0.995661,0.347710,0
0.838724,-0.205378,0
1.156897,-1.035107,0
0.129946,0.166905,0
0.994196,1.794307,0
2.265772,-0.748756,0
1.248776,0.387126,0
1.114372,-0.078475,0
0.206791,-0.125278,0
0.176787,0.303661,0
0.997164,-0.294227,0
1.301677,-1.408492,0
1.310356,-0.311196,0
2.677685,-0.844731,0
-0.049690,0.079774,0
1.630722,0.721557,0
0.869868,0.743398,0
1.287320,-1.444967,0
0.454748,-1.021283,0
0.388714,-0.248383,0
1.296908,-0.807648,0
1.988569,1.243616,0
2.069643,-1.359918,0
0.350435,-0.403463,0
2.468898,-0.207378,0
2.871121,-1.861580,0
1.853849,-0.537312,0
1.148981,-1.462786,0
2.045513,0.570193,0
1.601455,-0.375434,0
1.057051,-1.148616,0
1.135113,0.291631,0
0.484794,-0.729759,0
0.299934,-0.760237,0
0.735050,-0.099185,0
1.055528,-0.594198,0
2.920441,0.722269,0
0.641623,0.616915,0
0.544808,0.686770,0
0.874997,-0.281092,0
0.731523,0.339018,0
1.577650,-0.324703,0
1.984513,-0.300500,0
1.247380,-0.828051,0
-0.480168,-0.437575,0
1.620430,-0.054999,0
1.786343,-1.482639,0
1.411080,-0.513919,0
2.286462,-0.299022,0
-0.441885,-0.939352,0
0.561897,0.206993,0
2.611229,0.592184,0
1.011085,-0.929499,0
1.933802,-1.783360,0
0.461963,-0.607507,0
0.105746,-0.059408,0
1.275876,0.989991,0
0.737072,-1.274743,0
2.020931,0.348976,0
1.346720,0.936976,0
0.327283,-1.566966,0
1.580034,-0.600615,0
0.961701,-1.478866,0
1.012935,-0.088034,0
0.877311,0.103301,0
2.893598,-0.933203,0
1.113408,0.284925,0
1.225302,-1.007651,0
1.086381,-0.034699,0
-0.009434,-0.676336,0
1.777493,0.912565,0
2.001046,-0.684652,0
0.446513,0.156917,0
2.808886,-0.558648,0
1.092732,-1.670959,0
0.455044,0.586449,0
1.628331,-0.919876,0
1.123834,0.103611,0
-0.214576,-0.937052,0
2.229534,-0.531654,0
0.713012,0.275025,0
0.061834,0.345137,0
0.968450,1.160205,0
0.493724,-1.553589,0
0.575371,-1.067921,0
0.339800,1.010347,0
-0.230974,1.012046,0
1.425863,-0.651642,0
1.006932,1.641337,0
2.576240,0.237839,0
0.592449,-0.332098,0
-0.526817,1.272119,0
1.551890,-0.423198,0
0.790688,1.193669,0
0.584096,-0.499085,0
2.069486,-1.160372,0
0.746253,-0.509941,0
0.780845,-0.074189,0
0.783318,-0.466424,0
1.079239,1.750996,0
1.851350,-0.859406,0
0.368175,0.139063,0
1.560244,0.279381,0
1.644103,-1.028782,0
1.410096,-0.449426,0
-0.683528,0.026566,0
2.562915,0.747267,0
0.221031,-0.008653,0
-0.786949,-1.355584,0
0.524280,-0.232171,0
1.002011,-1.103752,0
0.587296,1.003115,0
1.144609,-0.635126,0
0.459416,0.159769,0
0.002436,1.717640,0
0.697016,0.117538,0
0.376392,1.145557,0
0.873524,-0.538226,0
1.678511,1.032607,0
2.260526,-0.142389,0
1.859927,-0.182123,0
1.795972,-1.257880,0
1.894773,1.136797,0
0.884658,-0.365144,0
2.071448,-0.519172,0
0.512582,1.044060,0
2.458707,0.825893,0
1.661477,0.412596,0
-0.145335,0.076288,0
0.860530,-0.071351,0
1.188567,-1.897966,0
0.157110,-0.722675,0
0.335707,0.452249,0
0.983972,-0.433920,0
1.906241,1.071349,0
0.044919,-0.060138,0
0.970949,0.405590,0
1.363393,0.619377,0
0.711271,-0.517857,0
1.374514,-0.407051,0
0.661532,1.809213,0
1.267230,1.431699,0
1.012217,-0.742721,0
-0.093031,-0.589403,0
1.039360,-0.613048,0
1.933708,0.120145,0
0.698627,1.495615,0
0.027327,0.625870,0
1.388814,0.915194,0
1.405527,1.001602,0
0.026054,0.402425,0
1.578011,-1.078470,0
2.769160,-0.649310,0
1.707468,0.187990,0
0.207015,-0.185262,0
-0.691864,1.229444,0
0.551545,-0.845948,0
1.934598,0.263552,0
0.665930,0.293252,0
0.333924,-1.818872,0
1.914092,-0.686275,0
1.024625,0.501814,0
0.329194,-0.301048,0
1.299145,0.691897,0
1.258412,0.259047,0
0.869420,0.014168,0
1.429553,-0.304801,0
2.127986,-0.037805,0
1.199446,0.787372,0
0.889843,-0.179141,0
0.920064,0.279149,0
1.055504,0.431499,0
0.210099,0.331321,0
0.214861,0.025633,0
0.713360,-0.586041,0
0.340311,-0.085187,0
0.284945,-1.963901,0
0.627933,0.442434,0
2.137785,0.388371,0
-0.669806,1.236040,0
-0.569330,-0.140978,0
1.050989,-1.362376,0
2.236962,0.552079,0
0.745138,2.203100,0
1.893891,0.155823,0
0.861542,0.732775,0
1.799982,0.909141,0
1.413234,1.024919,0
2.201562,0.247248,0
2.163244,2.261436,0
1.515611,-0.740446,0
1.581377,0.189873,0
0.437688,-0.879030,0
1.058388,-0.960001,0
0.082905,0.121711,0
1.320728,-0.718046,0
1.686923,-1.277506,0
0.200148,0.187716,0
-0.548348,1.478908,0
3.207754,-1.309613,0
1.187519,-1.159089,0
0.316622,-0.945271,0
1.938956,-1.249113,0
0.880244,0.552917,0
0.421412,-0.866056,0
1.344613,0.052430,0
1.675203,-0.645455,0
1.251329,0.175429,0
0.886446,0.581320,0
0.449198,1.522122,0
1.584067,0.082347,0
2.609163,0.597675,0
0.388385,0.993942,0
1.825415,1.121364,0
1.330734,-1.569251,0
1.333344,0.169806,0
-0.377223,-0.216570,0
0.624310,1.636902,0
1.483967,0.427813,0
0.387558,0.330744,0
1.997490,-0.233791,0
0.649315,-0.182309,0
2.667381,-0.653494,0
0.220529,0.097187,0
0.895664,-1.866737,0
1.309940,-0.765867,0
1.848347,-0.418971,0
1.088378,-0.703899,0
0.031396,0.096450,0
0.867848,-0.038815,0
0.987473,0.900302,0
0.817578,0.474010,0
1.478648,0.730564,0
1.744681,1.006074,0
0.990912,-0.641515,0
0.581010,1.063576,0
1.266363,1.484304,0
0.511064,0.056164,0
0.288361,0.984271,0
1.507033,-0.643171,0
1.458830,-0.488474,0
0.598535,0.028648,0
-0.681343,0.825166,0
-0.580744,-0.851337,0
2.390901,-0.605735,0
-0.013073,-0.716237,0
0.722108,0.167204,0
-0.288772,-1.556625,0
1.015094,-0.120243,0
1.285214,0.939790,0
2.387744,-0.704626,0
-0.614818,0.119582,0
0.172072,-0.853476,0
0.557761,0.993246,0
1.962002,0.954956,0
-0.899743,-1.198749,0
1.257695,0.994389,0
0.667740,-1.581042,0
0.955525,-0.877450,0
0.306351,-1.236355,0
0.367821,-1.189796,0
2.043015,0.656722,0
0.270865,-0.055649,0
2.308902,-1.239189,0
2.919686,-0.328689,0
1.141358,-0.614089,0
0.895528,-1.277848,0
0.237301,-1.379634,0
0.599395,0.267608,0
1.224470,0.277371,0
-0.340471,0.893958,0
0.963714,-0.281771,0
1.094428,-0.701772,0
1.003854,-0.176184,0
0.456582,0.867934,0
0.390440,1.078946,0
1.615978,-1.382169,0
0.262059,-0.045408,0
0.634591,1.145594,0
0.747276,0.694915,0
1.119855,0.499479,0
2.642511,1.070738,0
2.284842,-0.601199,0
0.619231,-0.627413,0
1.225374,-0.298100,0
1.128474,-0.258524,0
1.133699,-1.101820,0
-0.217238,0.472048,0
1.649451,-0.456086,0
1.959944,-0.047537,0
-0.684042,0.678708,0
0.159434,1.176751,0
0.616641,-0.543387,0
2.478855,0.299301,0
1.406738,0.017038,0
-0.090431,-0.464695,0
1.475940,0.077904,0
0.083139,0.218521,0
1.638892,0.803791,0
-0.902490,1.040509,0
2.213432,-0.272632,0
0.338681,0.095420,0
1.072176,-0.513592,0
2.209737,-0.618447,0
1.860607,0.006285,0
2.006026,0.304687,0
0.549721,-1.162381,0
1.129976,-0.080815,0
1.134202,-0.130016,0
0.097800,1.058701,0
1.617583,0.145613,0
0.926600,-0.373628,0
-0.319914,0.099749,0
0.428484,-0.648282,0
0.932350,0.134228,0
1.134891,-1.329896,0
1.327078,-0.801862,0
1.568954,-2.151032,0
-0.095867,0.274006,0
0.875696,0.463344,0
2.072004,-0.416538,0
1.513985,0.654276,0
-0.031534,1.764135,0
2.203215,-0.463969,0
0.743336,1.030879,0
1.127779,0.837262,0
1.423907,-0.004497,0
-0.113910,-0.786363,0
0.661623,-1.477515,0
0.919182,-0.699604,0
0.370715,0.066991,0
0.713906,-0.594478,0
1.991014,1.176052,0
1.445959,-1.093899,0
1.395896,-0.878486,0
0.197193,-0.104749,0
0.807233,-1.097623,0
1.801882,-0.462384,0
1.011357,0.973697,0
0.554197,0.038314,0
1.217492,0.584642,0
3.043043,-1.260863,0
0.718554,-1.612334,0
0.904605,0.075617,0
0.657495,-1.719544,0
1.013216,-1.772569,0
1.666330,-0.065097,0
1.209074,-0.761393,0
1.119025,1.941931,0
0.765972,0.616411,0
0.048692,-0.059793,0
1.304953,1.303509,0
1.086218,0.165039,0
-0.079999,-0.140960,0
1.043473,-0.715881,0
-0.047146,0.822327,0
-0.493871,-0.496741,0
0.959419,-0.507805,0
1.001022,-0.613962,0
2.711006,-1.102924,0
1.787991,-1.085943,0
0.367088,-0.524234,0
-0.227261,0.519459,0
2.257835,-0.232498,0
2.080147,0.706624,0
0.243276,-1.621562,0
1.064785,-0.709997,0
1.291262,-0.616683,0
1.033856,0.356500,0
1.110792,1.099741,0
0.862739,0.732464,0
1.022891,-0.539097,0
1.115777,-0.234338,0
1.726454,0.833350,0
0.392808,1.430024,0
1.074286,0.891134,0
0.237780,0.179759,0
1.981449,1.088916,0
1.538597,-1.218569,0
0.513500,1.228994,0
1.098058,-1.117314,0
0.148755,-0.705123,0
0.427490,1.045650,0
0.745422,0.213535,0
1.165934,-0.649857,0
0.840040,0.269262,0
1.142752,0.927186,0
1.456230,-0.907227,0
2.178064,-0.127370,0
0.763988,0.471020,0
0.548684,-0.106273,0
1.645191,-1.143562,0
0.810861,-0.484481,0
0.848213,-1.188204,0
1.130850,0.048095,0
-0.380161,1.157260,0
1.473303,0.218206,0
0.970938,0.056524,0
-0.108402,1.473986,0
1.074519,-0.781824,0
1.341937,-1.083474,0
0.482783,0.027356,0
0.867763,-1.383542,0
1.767019,0.246627,0
-0.370982,0.085318,0
0.204127,0.014191,0
1.048632,-0.133121,0
0.593825,0.736127,0
1.268593,-0.767989,0
2.165736,-2.006784,0
0.833086,-0.152624,0
0.942690,-1.261611,0
-0.247764,-0.614375,0
1.258631,-0.360628,0
0.802224,0.702178,0
0.955809,-0.027396,0
-0.036662,0.544814,0
0.504789,1.410271,0
1.562055,-0.849684,0
2.379854,-1.546139,0
0.949061,-0.221852,0
0.425223,0.778375,0
2.256734,0.461178,0
0.458781,0.984693,0
1.662750,-0.623689,0
1.046155,-0.075646,0
1.593893,-0.180725,0
2.287740,0.201324,0
0.527445,-1.173915,0
0.301241,0.368620,0
0.338354,0.925201,0
1.866534,0.215348,0
2.337169,-0.325360,0
0.430058,-0.442535,0
0.771942,-0.547331,0
1.501621,0.051935,0
1.505712,-0.643427,0
2.396158,0.649425,0
1.037656,-0.863053,0
2.644727,0.037417,0
1.365864,0.181998,0
1.342376,0.567787,0
0.260006,-0.377363,0
-0.256041,0.061593,0
0.311764,-0.328879,0
0.438546,-0.660764,0
2.008463,-0.657808,0
0.198328,-0.143701,0
1.097981,0.117904,0
0.915511,0.353377,0
0.832945,0.442915,0
0.989394,-0.663912,0
-0.068862,0.690084,0
0.936893,-0.108898,0
0.077461,0.856120,0
1.068922,0.674931,0
0.213979,-0.180532,0
1.735076,-2.032687,0
1.044733,-0.667035,0
-0.166657,-0.455933,0
0.385858,1.090492,0
0.369048,-0.216438,0
1.612096,-0.026893,0
0.945968,-0.125572,0
2.287406,-0.236268,0
1.660878,-0.206079,0
0.948224,0.614263,0
1.014290,1.075604,0
0.783580,-0.015152,0
0.359548,0.020864,0
0.870512,-0.248380,0
0.219113,-1.140659,0
0.801859,0.234541,0
1.482454,0.273545,0
1.774164,1.194500,0
0.164593,0.548023,0
-1.028975,-0.978316,0
-0.049138,0.426448,0
1.139896,-0.071930,0
-0.918760,0.298153,0
-0.520322,-1.640576,0
1.392463,-1.634128,0
1.599264,-0.166422,0
1.299169,-0.819567,0
-0.087472,0.197266,0
1.735183,0.397846,0
0.867442,-0.497095,0
1.646395,-0.206724,0
2.807323,0.129892,0
1.959406,0.273723,0
1.205323,0.037968,0
1.057278,-0.745275,0
1.648512,-0.560005,0
0.618315,1.836414,0
-0.110167,0.306027,0
1.830692,0.162700,0
1.097893,1.990040,0
1.940417,-0.367210,0
1.018104,0.110542,0
0.964333,0.447238,0
-0.141628,-0.393857,0
0.707264,0.362161,0
1.246950,-0.522577,0
1.011873,0.277384,0
1.468371,-0.012322,0
-0.436636,0.778227,0
1.762090,0.045324,0
0.551782,-0.561619,0
0.090893,-0.100127,0
-0.642620,1.087198,0
0.385757,1.438839,0
1.953039,0.443275,0
2.239073,0.292399,0
0.161797,-0.231320,0
1.092969,0.365847,0
0.059347,0.776398,0
-0.062912,0.148868,0
-0.226869,0.878957,0
0.957294,-0.559958,0
1.171818,0.681480,0
1.141025,-0.346535,0
1.040176,0.262609,0
0.757889,-0.731083,0
0.701524,0.691887,0
1.177231,0.162324,0
0.886718,0.289279,0
1.299282,0.352099,0
0.695260,-1.214120,0
1.570689,0.255138,0
2.072326,-0.507143,0
0.923231,0.596352,0
1.391486,-0.051404,0
1.282069,-0.893860,0
-0.203388,0.104559,0
-0.303603,-1.788392,0
0.565656,-0.073817,0
0.600388,0.595780,0
0.098284,0.363550,0
1.479069,0.220390,0
0.772777,0.565743,0
1.428532,-0.075321,0
1.146466,1.340774,0
2.222000,0.309164,0
1.239973,-0.906860,0
0.723550,0.302154,0
0.266421,2.570109,0
1.924057,-0.453774,0
0.849474,0.778488,0
1.720458,-0.540465,0
1.099221,-0.394308,0
-0.139163,0.095543,0
2.002151,1.017511,0
2.014031,-0.290782,0
0.853157,-0.027581,0
0.344951,-0.276701,0
0.806256,-0.363589,0
-0.156337,0.513860,0
1.421993,-0.345350,0
0.850984,-0.337078,0
0.740695,1.270844,0
1.085437,0.849905,0
0.409270,-0.296386,0
3.071975,-1.585679,0
1.984797,-0.765903,0
0.386463,1.551888,0
-0.114431,0.635420,0
0.077188,0.258577,0
-0.514036,0.356153,0
0.820588,0.760535,0
1.699013,-0.154982,0
1.258236,-0.205747,0
0.744312,1.130753,0
1.634133,-1.021977,0
-0.293504,1.553802,0
0.969669,-0.739677,0
0.802654,-0.004646,0
1.066477,0.131200,0
2.005438,-0.830195,0
0.663597,-0.683501,0
0.816273,-0.087517,0
1.170851,0.670548,0
1.281954,1.867800,0
2.312080,-0.693324,0
1.227376,0.998877,0
-0.472814,-0.049928,0
-0.025675,0.123868,0
1.074815,-0.267519,0
1.211109,0.462448,0
1.084822,1.741912,0
0.530774,0.886373,0
0.838259,-0.161016,0
0.708921,0.944550,0
0.485123,-0.752622,0
1.605918,-1.393621,0
1.553487,0.477394,0
0.493911,-0.960378,0
1.506743,0.959090,0
0.715989,-1.426490,0
0.113787,0.340410,0
1.207213,-0.722623,0
0.694619,-0.991718,0
1.630848,0.175479,0
-0.289348,-0.247817,0
0.022068,0.446456,0
1.801390,-0.116999,0
2.407955,-1.447358,0
2.398845,-1.226392,0
1.783141,-0.413269,0
1.866593,-0.320496,0
0.915250,-0.974715,0
0.578001,-0.796029,0
0.166206,0.183185,0
1.655100,0.495160,0
0.893724,-1.445759,0
1.547072,-0.436971,0
1.038920,-0.256348,0
0.951929,0.000526,0
1.149066,-0.057304,0
1.759921,-0.337184,0
1.512849,0.947000,0
1.410247,0.370359,0
2.196095,0.216196,0
0.961899,-1.183536,0
1.490810,0.191545,0
1.399333,-0.348554,0
1.331596,0.510913,0
0.844364,0.643161,0
0.884803,0.394372,0
1.444901,-0.717859,0
1.878271,-1.479752,0
1.331424,-0.151677,0
1.673622,-0.674973,0
1.211241,-1.183395,0
2.540436,-0.177209,0
0.728159,0.779218,0
-1.083954,1.033524,0
1.285823,0.774205,0
1.769147,1.147021,0
0.636618,1.084431,0
1.149796,0.101563,0
0.317081,-0.282467,0
0.218374,-1.973970,0
1.382139,-0.720072,0
0.690974,0.916952,0
0.231914,-0.231250,0
1.145878,-1.459375,0
0.185575,0.672685,0
0.131519,-1.149665,0
0.671565,0.010817,0
-0.475773,0.628726,0
0.632153,0.984693,0
1.311798,0.211031,0
0.652802,-0.368125,0
0.878859,1.851178,0
0.921070,-0.710496,0
1.497350,-1.101517,0
1.500463,0.565674,0
0.787111,-0.837878,0
1.305173,0.916173,0
0.374485,0.699476,0
1.902354,-0.427888,0
1.198685,1.107620,0
1.083805,0.343395,0
0.967040,0.573427,0
-0.019432,-1.140720,0
0.480177,0.476082,0
1.543433,0.572045,0
-0.812786,0.519668,0
0.481998,0.252609,0
1.454642,-0.006406,0
-0.284102,-0.086982,0
-0.244389,0.868244,0
1.015321,-0.154406,0
2.644644,-0.017683,0
0.019283,0.217023,0
0.696590,-0.313688,0
0.518423,-1.103217,0
0.274642,-0.826045,0
1.388064,-0.801389,0
0.824269,0.292841,0
-0.201361,0.131888,0
0.574770,-0.206178,0
1.161186,-1.175606,0
0.387655,-0.741919,0
0.952744,-0.388291,0
0.598100,-0.811392,0
0.508562,0.136332,0
1.364006,-1.339229,0
0.665891,-0.651857,0
-0.499805,0.538648,0
1.291648,-0.576326,0
1.696360,0.927181,0
0.098943,-0.062536,0
0.301517,-0.733042,0
0.606528,0.252417,0
0.259638,-0.556772,0
1.309376,1.333029,0
1.392481,-0.194910,0
1.609826,0.465239,0
0.830629,1.778627,0
0.151932,0.817315,0
1.215630,-0.655363,0
0.526560,0.259758,0
0.405429,0.028624,0
0.703864,-1.524276,0
0.787029,-0.683119,0
1.264769,0.293038,0
1.731717,0.477513,0
1.832102,0.854069,0
1.334197,-0.386834,0
0.252751,0.015562,0
1.086274,-0.168299,0
1.218186,1.100895,0
0.769816,0.577618,0
2.053358,-0.349550,0
1.648018,0.124373,0
-0.007760,0.285701,0
1.517083,0.030723,0
1.321666,1.106618,0
-0.346039,0.878476,0
1.165163,-0.480418,0
1.112624,0.196861,0
0.823868,-0.958196,0
1.277909,-0.349097,0
-0.383982,0.279757,0
-0.078826,-0.607864,0
1.347819,-1.129102,0
0.962435,-0.249839,0
0.671718,0.477556,0
1.150259,-0.164158,0
1.185416,-0.948081,0
1.262683,-0.601797,0
0.965321,0.491829,0
1.495337,0.501725,0
1.041945,0.423266,0
1.225656,-0.566991,0
1.038657,-0.540182,0
0.771759,1.247966,0
0.589356,0.485722,0
1.339407,-1.180953,0
2.226526,-0.292176,0
1.301774,0.536365,0
1.568068,-0.860391,0
0.942766,-1.245482,0
1.375110,0.209282,0
1.839797,-0.321097,0
-0.747264,-0.177035,0
0.047974,0.325501,0
0.774379,0.592611,0
0.773564,-1.335057,0
0.677402,1.724913,0
1.298913,-2.191859,0
0.909484,-0.138585,0
0.966130,-0.542933,0
0.411244,0.578833,0
1.589222,1.462788,0
0.544391,-0.572289,0
1.137935,0.454890,0
1.190719,0.304050,0
0.530601,0.645171,0
1.122674,1.533291,0
0.853820,-1.138926,0
0.890641,-0.332958,0
1.031530,-0.364287,0
2.796751,-0.020251,0
-1.108724,-0.303414,0
-0.590053,0.648208,0
2.118658,1.403529,0
0.645326,-0.378241,0
0.588205,-0.284374,0
1.865494,0.633515,0
1.092446,-0.602829,0
-0.139811,-0.027345,0
1.906056,-0.235148,0
1.150069,0.710589,0
-0.053488,-0.680820,0
0.583505,0.060519,0
1.144957,-0.321637,0
1.931403,0.801643,0
1.609034,-0.350774,0
0.511224,0.056788,0
1.561373,0.286730,0
1.708170,0.124676,0
1.294599,-0.013833,0
0.342311,-0.603287,0
1.882702,1.105261,0
1.394265,1.155113,0
1.222236,-0.105017,0
0.909454,0.437709,0
1.352239,-0.453869,0
-0.171136,-1.787042,0
-0.584339,1.390329,0
-0.011789,0.249007,0
2.197223,-1.872955,0
1.136338,0.042120,0
0.791370,0.798784,0
1.352499,0.488693,0
0.706465,-0.590508,0
2.121090,1.122010,0
-0.032150,0.288588,0
0.228217,-0.412994,0
0.672770,0.829860,0
0.708973,-0.234534,0
0.584395,-0.328522,0
0.450682,1.199643,0
1.050233,-0.607896,0
-0.199473,0.881238,0
1.812474,-0.921252,0
1.996864,-0.012722,0
2.055763,-0.645719,0
2.032215,0.204776,0
1.324452,0.636449,0
-0.383396,0.429166,0
0.648362,-0.817988,0
-0.030635,1.331756,0
1.530196,0.676817,0
-0.959335,0.450183,0
0.168428,0.681307,0
0.661899,0.133988,0
1.244669,-0.070442,0
1.640669,0.615372,0
0.081578,1.654827,0
1.579375,1.001231,0
0.560945,-0.165147,0
0.790933,-0.512112,0
1.414804,1.624259,0
0.461386,-0.921804,0
1.450242,0.438975,0
2.129229,0.317565,0
1.651376,0.559892,0
1.318624,-0.005230,0
0.610008,-0.494594,0
1.659735,0.382896,0
0.357217,-0.882920,0
0.767453,-0.109187,0
-0.522224,-0.237321,0
1.947632,0.913214,0
0.054969,-0.539661,0
2.267232,-0.620586,0
-0.300373,-1.264533,0
1.392898,0.193729,0
0.877787,0.630267,0
-0.168885,0.013303,0
0.579978,-0.768056,0
0.807110,1.530935,0
1.123542,-0.572300,0
1.410609,0.581088,0
1.688566,-0.994354,0
0.580824,0.780595,0
1.982333,-0.304043,0
1.266586,0.218670,0
0.896257,-0.798028,0
0.868795,0.223890,0
0.634769,-0.240775,0
-0.166359,-0.255666,0
2.031294,1.271363,0
1.099191,0.921937,0
0.919330,-1.364435,0
1.573206,-0.003219,0
1.806794,-1.111421,0
1.130757,-0.132184,0
2.378564,-0.316080,0
2.124699,0.004461,0
1.257563,-0.751776,0
1.444568,0.010562,0
2.372005,1.070226,0
2.425593,1.185644,0
2.348080,0.047653,0
0.532167,-0.437481,0
-0.050947,-0.611869,0
0.906652,0.635803,0
0.935568,0.720881,0
1.489625,0.049845,0
1.715744,0.657363,0
-0.434405,-0.549388,0
0.006579,-0.259545,0
-0.286303,-0.533224,0
0.746701,-0.200350,0
0.097756,0.550048,0
2.381919,-0.698112,0
0.972964,-0.379688,0
0.818308,0.364610,0
0.844117,-0.511350,0
1.355301,0.448231,0
1.923667,0.713419,0
1.813491,-0.715011,0
1.242075,1.177604,0
1.014167,-0.632838,0
0.996128,1.107469,0
-0.860151,-0.320412,0
1.275430,0.515680,0
1.722212,0.714696,0
-0.216591,0.593170,0
0.638003,0.361317,0
0.967618,-0.095526,0
0.489285,0.769760,0
2.032281,0.278536,0
0.027287,0.093511,0
0.774192,0.514388,0
-0.542703,1.742146,0
1.100185,0.636298,0
0.384597,0.292702,0
0.840097,-0.809281,0
0.598918,0.379749,0
1.650762,-0.859403,0
1.446766,-0.186895,0
1.145860,-0.765129,0
2.367762,-0.731392,0
1.979050,1.084450,0
0.918715,0.099848,0
1.192422,-0.664393,0
1.362886,0.275799,0
-0.612939,0.037854,0
1.830850,0.803394,0
0.986744,0.200505,0
0.524997,-0.560246,0
0.589400,1.035203,0
0.028248,0.360056,0
2.086038,-0.359620,0
-0.224562,0.945381,0
0.289113,0.552974,0
0.762273,-1.055284,0
1.088108,0.753583,0
1.783968,-0.740253,0
0.384290,0.885039,0
1.565908,-1.412963,0
1.331537,0.676786,0
0.880636,-1.264930,0
0.646744,1.256987,0
1.256140,-0.893571,0
-0.282614,0.264098,0
2.643515,0.463658,0
0.485160,0.813851,0
0.276855,-0.885618,0
2.279327,-0.102247,0
2.063263,0.483665,0
2.741412,-0.592009,0
0.271587,0.988905,0
1.769173,-0.470278,0
1.508359,0.933772,0
1.235851,0.378324,0
0.869072,0.166547,0
0.666440,0.809498,0
0.918358,-0.588905,0
0.257237,-0.641933,0
2.000414,1.413440,0
0.781471,-0.692592,0
0.514671,-0.931468,0
2.130350,-2.460428,0
1.234893,1.070660,0
0.738882,-0.243096,0
1.057714,-0.215101,0
-0.594135,1.180574,0
0.628622,0.684978,0
-0.476833,0.178323,0
0.770965,-0.545814,0
1.261859,-0.313604,0
2.315691,-0.361943,0
1.725820,1.039397,0
0.985855,0.112337,0
2.646058,-0.527145,0
1.470459,0.071492,0
1.496155,-0.324194,0
0.321389,-0.054761,0
2.408938,1.363524,0
2.671215,1.565245,0
1.316301,0.021862,0
0.759277,-0.426093,0
1.219808,0.589686,0
0.244877,1.061621,0
-0.373270,-0.817670,0
0.085707,1.001002,0
0.258656,-0.354981,0
0.955381,0.318315,0
1.226406,-0.184834,0
0.737086,0.151201,0
-0.014025,-0.395864,0
0.444820,-0.974457,0
1.800889,0.706001,0
1.818722,-0.307958,0
1.595505,0.243894,0
-0.422092,-0.100706,0
0.797738,-1.171387,0
0.713503,-0.657991,0
1.109402,-0.238610,0
0.531101,1.074957,0
-0.135671,-0.417685,0
0.704277,-0.177386,0
0.763515,0.405195,0
2.442664,-1.958710,0
0.796888,0.023109,0
1.390701,1.062043,0
1.576484,0.859961,0
0.190396,0.113299,0
-0.155926,-0.204525,0
1.315041,0.000648,0
0.738650,0.518253,0
-0.156140,1.121030,0
-0.279775,0.032067,0
1.493290,0.215677,0
0.247087,0.071183,0
1.239272,-0.904542,0
0.915181,-0.531701,0
0.010735,0.752982,0
0.745075,-0.498473,0
0.816377,0.323631,0
1.163319,0.805402,0
1.873864,-0.672905,0
0.599786,0.589454,0
0.918946,0.018883,0
1.613237,0.001875,0
-1.419419,1.435115,0
0.979764,0.242719,0
1.675947,-0.643411,0
0.481273,-0.482216,0
1.017340,0.418885,0
0.584631,-0.642192,0
0.717212,-0.978236,0
0.710036,2.148001,0
2.790798,-0.328268,0
1.560415,-0.784569,0
1.831941,1.387209,0
0.927764,-0.929530,0
0.122236,-0.390805,0
1.018844,-1.047445,0
0.902192,-0.673514,0
0.851670,-0.245278,0
1.707136,0.222054,0
-0.215493,-1.232244,0
1.012060,-0.150586,0
1.136622,-0.037778,0
1.612785,0.407498,0
0.554312,0.262845,0
1.522151,-0.243232,0
0.481952,0.486635,0
1.202317,-1.097150,0
1.757897,0.796987,0
2.250087,0.096387,0
-0.180360,0.906424,0
1.458565,-0.468638,0
0.816637,0.259905,0
-0.417204,1.560414,0
1.388135,0.426572,0
0.896323,-0.151207,0
1.306139,-0.367045,0
0.842348,-1.480036,0
1.526525,1.855904,0
-0.674812,0.661379,0
1.403612,1.643902,0
0.912272,-0.646526,0
-0.121703,0.947069,0
0.327183,0.618742,0
0.438474,0.262878,0
0.559756,-1.599561,0
1.261701,0.381335,0
-0.495780,-0.513660,0
1.201925,1.246587,0
1.386319,0.520536,0
2.442988,-1.246253,0
2.390204,-0.962131,0
0.659903,0.196038,0
1.792031,-0.153949,0
0.033953,-0.883907,0
0.785727,-0.286756,0
2.480752,0.496408,0
1.826403,0.312529,0
1.188940,0.057980,0
-1.087549,0.369316,0
1.728923,0.035084,0
1.220023,0.096257,0
1.020413,-1.244293,0
0.722995,-0.463944,0
0.021329,0.974018,0
-0.209677,0.297994,0
0.731870,0.503225,0
0.387846,1.103287,0
1.381871,0.140535,0
1.795409,-0.135861,0
1.712785,-0.997484,0
-0.073056,0.585862,0
1.411590,-0.626774,0
0.922552,0.038594,0
0.674220,0.660361,0
1.345245,-0.636500,0
0.977906,0.085587,0
-0.589078,-0.320486,0
1.343884,0.215146,0
1.685252,0.295897,0
0.929877,1.073184,0
1.747656,0.568479,0
0.840590,-0.505270,0
0.116475,0.393849,0
0.849903,-0.148334,0
0.133571,1.215675,0
1.014527,0.154116,0
1.495825,0.174884,0
-0.860345,0.492347,0
-0.418442,0.051690,0
-0.309126,0.666609,0
1.767267,-0.419676,0
0.169447,-0.294006,0
0.283699,-1.043141,0
-0.096989,0.018242,0
1.444237,0.559303,0
1.336787,-0.514465,0
1.693057,-1.197393,0
1.732183,-0.028190,0
0.825439,0.070871,0
1.793064,0.425852,0
1.113391,-1.287004,0
0.388439,-0.463172,0
1.216357,1.392459,0
-0.825269,1.396147,0
0.369912,-0.445443,0
0.689727,-0.802750,0
0.807513,-0.237401,0
1.819016,0.439807,0
0.455534,0.681104,0
-0.141333,-1.150700,0
0.147122,-0.148511,0
0.857766,0.358842,0
-0.315121,-0.174520,0
1.175231,1.335881,0
-0.008390,-1.218866,0
0.004531,-0.305261,0
1.841435,-0.824710,0
-0.036915,0.171437,0
0.713665,0.483510,0
1.689721,1.160804,0
0.850644,-0.899945,0
-0.092257,0.002472,0
0.508034,1.382909,0
0.104324,-0.289735,0
-1.943487,-1.943806,1
-0.991588,0.137485,1
-1.313494,-0.450561,1
-1.850860,1.739591,1
-2.376111,0.601587,1
-0.535572,0.121629,1
-0.157714,0.118475,1
-1.370957,0.105345,1
-0.630126,0.615202,1
-1.527288,-0.678817,1
-0.765540,-1.037246,1
-1.798095,0.706547,1
-2.933245,-0.607287,1
-2.423846,-0.151240,1
-0.876455,-0.276910,1
-1.194056,-0.630863,1
-0.242816,-0.715418,1
0.564735,1.124815,1
0.087100,0.138404,1
-0.193169,-1.378736,1
-0.760846,-0.614021,1
-1.830573,0.316565,1
-0.120222,0.089966,1
0.148135,0.314947,1
-1.249262,-0.421849,1
-2.374235,-1.379396,1
-0.754359,0.677868,1
-0.122975,-0.457637,1
-0.731490,-0.966543,1
0.366597,-0.607519,1
-0.368002,1.059732,1
0.171239,-0.499468,1
-1.366647,0.200510,1
-0.626845,-0.183954,1
-1.233156,0.731133,1
-2.500734,-0.322229,1
-1.959640,0.497839,1
-1.431448,0.077269,1
0.636600,1.020132,1
0.245076,0.668160,1
-0.174816,-0.940515,1
0.797637,0.372687,1
-1.112444,-0.072384,1
-1.439636,0.949228,1
-1.994677,-0.312549,1
-0.908728,-1.796437,1
-0.839378,0.389635,1
-0.894145,0.094612,1
-0.977649,0.536636,1
-0.142112,-0.337409,1
-1.138834,-0.279542,1
-0.567020,-0.009516,1
-0.338520,0.902242,1
-1.751012,0.921839,1
-1.485027,0.324214,1
0.034418,-0.993520,1
-0.767673,-0.220311,1
-0.621237,-2.966184,1
-1.948897,0.953851,1
-0.664898,-0.009333,1
-0.579819,0.624796,1
-0.825482,1.279890,1
-1.067051,0.167653,1
-0.613863,-1.219428,1
-1.285463,0.395997,1
-1.196503,-1.298467,1
-0.935337,-0.752019,1
0.506730,-0.556482,1
-0.914559,0.058466,1
-0.017182,1.051540,1
-1.083027,-0.490853,1
-1.195496,-0.748432,1
-1.504709,-0.015554,1
-1.226810,0.776162,1
-0.679095,0.782133,1
-0.120444,1.065291,1
-1.232075,-0.926524,1
-0.610896,0.605550,1
-1.663222,0.782298,1
-2.300806,0.511216,1
-0.982931,-0.274624,1
-1.025172,0.242193,1
-1.479972,-1.095457,1
-0.843298,0.797431,1
-1.388366,0.105145,1
-2.058187,0.144104,1
-1.763519,1.310534,1
-2.291816,-0.725255,1
-1.511375,-1.358195,1
-0.757749,-0.103085,1
-1.323498,-0.429723,1
-0.441475,0.942597,1
-0.757860,0.461324,1
-0.478617,-1.082771,1
-0.425877,1.012315,1
-2.681758,0.437869,1
-1.419479,-1.442352,1
-0.889709,0.309483,1
-1.920684,-1.193496,1
-0.806518,-1.847463,1
-1.374181,-0.573905,1
-1.971712,0.129093,1
-0.030420,0.302227,1
-0.774002,-0.657387,1
-1.754478,-1.325590,1
0.274917,0.927025,1
-1.112056,0.438676,1
-1.507063,-0.159415,1
-2.133470,-0.922125,1
-0.981266,1.352796,1
-1.094257,1.508298,1
-1.197260,-0.733523,1
-0.877481,0.679026,1
-0.140102,0.702352,1
-0.102597,0.987478,1
-1.287004,2.350867,1
-1.077917,0.534597,1
0.523053,0.290775,1
-2.273654,0.711462,1
-0.980730,0.287690,1
-1.714643,-0.344394,1
-1.153811,1.176340,1
-1.086060,-0.235490,1
-2.245150,-1.043517,1
-0.839558,-0.461084,1
-1.577358,-0.717854,1
-1.864129,-0.026474,1
-0.615479,-0.306419,1
-0.568208,1.187560,1
-2.333100,-0.265974,1
-1.088530,0.009308,1
-0.814579,0.694329,1
-0.533385,-0.100121,1
-1.734242,1.133604,1
-1.928682,0.056315,1
-2.666056,0.351749,1
-0.490540,0.490155,1
-0.560948,-0.573709,1
-1.144956,-0.537866,1
-1.235742,-0.442281,1
0.099924,-0.108943,1
-1.688976,-0.471468,1
-2.327971,0.736535,1
-1.818537,0.316815,1
-1.554287,-1.159812,1
-0.971261,1.054347,1
0.012532,0.584907,1
-1.317477,-0.709776,1
-0.247945,0.619654,1
-1.215295,1.306814,1
0.110178,-1.809424,1
-0.046787,0.374496,1
-0.925647,0.363087,1
-0.671352,0.475170,1
-1.703047,-0.582327,1
-1.748721,-0.437375,1
0.038652,0.363899,1
0.368362,0.517396,1
0.417625,-1.166968,1
-0.409852,0.897133,1
0.098485,0.370384,1
-0.039378,0.138082,1
-0.839734,-1.428071,1
-1.073655,-0.079011,1
-1.017308,0.781191,1
-0.185568,0.932925,1
-0.288638,0.001850,1
-0.999068,0.794279,1
-1.704425,-0.853534,1
0.146061,0.688559,1
-2.466149,0.428349,1
-0.956674,-0.625817,1
0.928102,-0.783922,1
-0.145768,0.241740,1
-0.311138,0.879413,1
0.276262,0.130405,1
-1.177933,-1.446045,1
0.156267,0.039097,1
-1.174247,0.475034,1
-0.985142,0.145091,1
-0.473485,0.846630,1
-0.081338,-1.117704,1
-1.711633,-1.103027,1
-1.664511,0.265766,1
-1.498141,-0.538610,1
-1.521590,-0.308963,1
0.321558,-0.654651,1
0.207480,0.576206,1
-1.040791,0.015627,1
-0.002758,-1.062819,1
-0.120363,-0.500255,1
-0.304826,-0.699383,1
0.091477,-0.759996,1
-1.081901,-1.498683,1
-1.268797,2.206210,1
0.056097,0.748120,1
-1.080372,0.139175,1
-0.360388,-0.220727,1
-1.937800,-0.101541,1
-1.444210,-0.072220,1
0.845998,1.620830,1
-1.354636,-0.311640,1
0.044613,-1.554029,1
-0.485113,0.574134,1
-2.310095,-0.958613,1
-1.232153,0.342761,1
-1.620667,-0.217447,1
-0.690777,-0.020446,1
0.191516,0.136997,1
-1.308861,1.045891,1
-1.874138,-0.017389,1
-1.684345,0.217232,1
-2.545645,1.248872,1
-0.652942,-0.250124,1
-0.957846,-0.386086,1
-1.572040,0.022788,1
-0.427831,0.291630,1
-0.947574,0.581223,1
-0.806563,0.163746,1
-1.125129,0.064152,1
-1.582354,0.294039,1
-0.809309,0.582478,1
-0.848629,-0.321491,1
-0.256876,0.449669,1
-1.289981,1.017510,1
-1.875081,0.689837,1
-2.096122,-0.147941,1
-1.518873,-0.814336,1
-2.330080,-0.186052,1
-1.085719,0.609850,1
-1.210839,0.613077,1
-0.909626,0.935741,1
-2.356804,0.152862,1
-0.727117,1.346716,1
-0.785192,0.016737,1
-1.935751,0.068721,1
-1.605140,-1.382758,1
-1.405818,0.456721,1
-0.641901,-0.311198,1
-1.112465,-0.161798,1
-1.516655,-0.105694,1
-1.600244,-0.388082,1
-1.964843,-0.174267,1
-1.195048,-1.525720,1
-1.147904,0.170032,1
-0.141725,0.383296,1
-1.442929,-0.267749,1
-1.612347,-0.767171,1
-3.611226,-1.194800,1
0.014025,-0.123073,1
-0.889612,0.881600,1
-0.586025,-0.076992,1
-1.573845,0.615383,1
-3.294935,-0.756116,1
-0.703472,-0.742759,1
-0.575520,0.051782,1
-0.601798,0.093447,1
-0.004593,0.073187,1
-0.551004,-0.205871,1
-1.589260,0.542435,1
-2.125158,0.796960,1
0.282418,0.493565,1
-2.173344,-0.362969,1
-1.577105,1.038981,1
-2.048790,-0.054036,1
-2.326175,-0.149017,1
-0.014707,0.636832,1
-0.419738,-1.186574,1
-1.749296,-0.511079,1
0.129922,-0.733459,1
-1.527641,-0.334736,1
-0.237910,-0.580784,1
-1.794581,0.337780,1
-1.552781,0.141732,1
-2.217458,-0.232319,1
0.283431,0.002325,1
-1.958516,1.352590,1
-0.510535,-0.882324,1
-0.751898,0.582976,1
-0.957564,0.491731,1
-1.106161,0.914897,1
-0.379602,-2.107180,1
0.518013,0.357695,1
-2.029473,0.740929,1
-0.944178,1.345802,1
-2.130103,-0.440212,1
-0.450172,0.344712,1
-2.361002,0.114423,1
-0.951377,-1.050770,1
-1.450702,0.221308,1
-1.136923,-0.390858,1
0.773757,-0.831282,1
-1.450846,-0.550882,1
-1.815092,-0.535792,1
-1.825658,-1.174242,1
0.831173,0.074558,1
-0.769099,0.565708,1
-0.659286,0.699349,1
-0.603292,-1.211515,1
-1.029598,-0.598581,1
-0.362883,0.316706,1
-1.058738,1.806375,1
-2.122328,-0.675880,1
-0.090831,-0.418729,1
-2.185993,1.467808,1
-0.374975,0.107247,1
-1.126972,-0.421662,1
-0.186304,-0.148981,1
-1.206273,0.447820,1
-0.920784,-0.601298,1
-1.625684,0.646636,1
-0.893960,0.242723,1
-1.873745,-0.691397,1
-0.968263,2.025151,1
-0.337609,-0.720054,1
-1.726254,1.090751,1
-1.471133,-0.198642,1
-1.961599,-0.796985,1
-0.877641,-0.528784,1
-1.380397,-0.340419,1
-0.552199,1.197170,1
-1.097970,-0.317797,1
-1.500677,-1.906988,1
-1.589140,0.682820,1
-0.178338,-0.501423,1
-1.894919,-0.078163,1
-0.743392,-0.198274,1
-2.973835,-0.495210,1
-1.591838,1.028914,1
-2.171538,0.198739,1
-0.122580,0.089958,1
-0.833721,0.303241,1
-1.540866,0.119351,1
0.510496,0.348850,1
-1.040413,1.128844,1
0.192419,0.533861,1
-0.906426,-0.467573,1
0.362955,0.551480,1
-1.858849,-0.472836,1
0.153249,-0.584038,1
-1.189509,0.838000,1
-1.283415,-0.067155,1
0.638098,-0.828447,1
1.381651,0.322482,1
-0.929891,-0.010794,1
-1.153598,-0.828719,1
-2.056086,-0.114032,1
-1.727327,1.152606,1
0.196988,-0.079775,1
-1.738430,0.784310,1
-2.179658,0.625681,1
-1.309308,1.526405,1
-0.291903,0.385077,1
0.842612,0.355925,1
-0.779350,0.262134,1
-1.582269,0.533128,1
-1.685025,-0.074009,1
-1.017496,-0.076705,1
-0.900098,-2.379012,1
0.645070,0.531745,1
-0.590178,0.149660,1
-2.225345,-0.338157,1
-1.346135,-0.588085,1
-1.717714,0.670361,1
-1.331586,0.010382,1
-1.907096,-0.591744,1
-0.885802,0.047713,1
-0.901543,0.603872,1
-3.775156,0.839198,1
-1.037743,-1.180820,1
0.163891,0.171649,1
0.034336,-0.054687,1
-1.304523,-0.962853,1
-1.787965,0.952281,1
-1.255828,2.024332,1
-1.682223,-1.726113,1
-1.628552,0.178998,1
-1.521822,0.291421,1
-0.747635,0.659068,1
-1.598172,0.783646,1
-1.070129,-0.249272,1
-1.860210,-1.131817,1
-1.316107,0.753631,1
-0.613894,-0.206494,1
-1.317657,0.588762,1
-2.238898,0.103413,1
-1.088818,-1.047030,1
-1.381963,-0.768053,1
-2.124174,0.943864,1
-1.218060,-0.858759,1
-1.810134,0.559359,1
-0.609634,0.038560,1
-1.312587,-1.251622,1
-1.659824,-0.180267,1
-2.313329,0.084823,1
0.174968,-0.048890,1
-1.032221,-0.453339,1
-0.328585,0.030747,1
-0.904464,-1.076227,1
-2.280762,0.031030,1
-0.073710,-1.875803,1
-1.088099,-0.375401,1
-0.138792,-0.401916,1
-0.950053,-1.665348,1
-0.439843,0.341155,1
-1.346056,0.518217,1
-2.107581,0.752241,1
-1.203367,1.015529,1
-0.977698,1.102860,1
-0.164348,1.930125,1
0.248034,-0.845708,1
-1.879486,-1.444138,1
-1.591249,-0.454367,1
-1.404408,0.708059,1
-0.532341,-0.048044,1
-0.351188,0.655827,1
-0.757448,0.538292,1
-1.656406,0.412819,1
-1.774952,0.107736,1
0.153045,-0.483694,1
-0.172555,-0.297528,1
0.079034,-0.088110,1
-1.535224,0.344418,1
-0.444290,-1.009706,1
-0.960672,-1.431686,1
0.239210,0.213419,1
-0.207749,0.143007,1
-0.404705,-0.651543,1
-0.831081,1.581899,1
0.028567,-0.617200,1
-0.179156,-0.232880,1
-1.703709,-0.602390,1
-0.813502,0.001359,1
-1.189741,0.532228,1
-0.816083,1.349405,1
-1.163450,0.647571,1
-0.182445,-1.065147,1
-0.458610,0.586567,1
-1.894941,0.653856,1
-0.805931,0.108326,1
-1.406720,0.349387,1
-0.263610,-0.022754,1
-1.572923,0.511873,1
-0.042121,0.532908,1
-1.309652,0.128147,1
-0.330082,0.259330,1
-1.737920,0.490954,1
-0.775047,0.466646,1
-0.092782,-0.604103,1
-0.790222,-2.497599,1
-3.056774,0.691971,1
-2.139984,0.468714,1
-0.198292,-0.681352,1
-0.831431,-0.744687,1
-2.469956,0.501261,1
-1.151455,-0.089950,1
-1.314917,0.195235,1
-0.975822,0.899801,1
-0.878390,0.476113,1
-1.173165,-0.109347,1
-2.257939,1.476374,1
-2.856318,-0.211012,1
-1.965585,1.606994,1
-0.193962,-0.411214,1
-1.400146,-0.397632,1
-1.467180,-0.774864,1
0.425050,0.773982,1
0.501036,0.352182,1
-1.386445,-0.644492,1
-1.547215,-0.408712,1
-1.024785,0.470887,1
-0.841582,0.106794,1
-0.339043,1.039388,1
-0.510598,0.322034,1
-1.102772,0.600698,1
-1.581681,0.399594,1
-0.765942,-0.936861,1
-0.957448,-0.109666,1
1.281372,-0.006977,1
-0.910342,0.874974,1
-0.469404,-0.622450,1
-0.598481,-0.011936,1
-0.780553,-0.109904,1
-1.390553,0.023903,1
-1.522881,-0.654523,1
-2.199327,-1.387214,1
0.259425,-0.018462,1
-0.553788,0.426296,1
0.114809,0.106386,1
-1.372202,-0.610589,1
-0.751377,-0.229573,1
-0.018956,0.168393,1
-2.752909,0.326747,1
-0.576773,-1.495195,1
-0.346646,-0.704036,1
-0.565509,0.276599,1
-1.722827,0.486535,1
-0.751241,-0.131096,1
0.006328,-0.142501,1
-2.118480,-0.783853,1
0.513165,0.046470,1
-2.028515,-0.787436,1
-0.407849,0.035457,1
0.014482,1.156680,1
-0.480670,-0.027467,1
-0.677994,0.553601,1
-1.505552,-0.052726,1
-0.235713,-0.014235,1
0.115700,0.907323,1
-0.920900,-0.082069,1
-1.177207,0.097017,1
-2.043759,-0.519704,1
-0.439154,-0.670818,1
-1.499533,0.304794,1
0.325246,-0.229781,1
-1.241674,-0.436479,1
-0.332589,1.105582,1
-1.310023,-0.246583,1
-1.042858,-0.786694,1
-0.577512,0.541331,1
-0.732306,0.486145,1
-0.531760,-1.051339,1
-1.889340,-1.193968,1
-0.743096,-1.530008,1
-2.346894,0.230269,1
-0.864960,0.881116,1
0.720453,0.559176,1
-1.674967,0.163751,1
-1.102690,0.856324,1
-1.060773,-0.192791,1
-1.743290,-1.288742,1
0.666177,-1.171124,1
-0.414998,0.057509,1
-1.435332,0.808620,1
-1.068274,0.079895,1
0.095755,-0.588844,1
-1.074327,0.198043,1
-1.943220,0.883661,1
-0.365849,-0.866125,1
-1.484164,-0.421760,1
-1.343868,-0.834992,1
-1.482810,0.806606,1
-0.166269,-0.242866,1
-0.719379,-0.100184,1
-0.203784,-1.543583,1
-2.245557,1.377185,1
-0.492312,0.707434,1
0.544495,-1.467407,1
-1.065879,0.279188,1
-2.121842,0.814192,1
-2.736241,-0.100840,1
-1.754642,0.775525,1
-0.382861,-0.263998,1
-2.669806,-1.311760,1
-1.277110,-0.889842,1
-2.391569,-0.035378,1
-2.320589,-1.359281,1
-0.040617,-0.806436,1
0.066498,0.957222,1
-0.656525,0.272961,1
-1.029642,-0.569668,1
-0.441126,-0.597725,1
-0.847918,0.491265,1
-0.712566,0.263617,1
-1.982746,1.162587,1
-1.901502,0.804366,1
-0.771639,-1.052797,1
-0.731559,-0.611514,1
-2.375937,1.229588,1
-0.916989,0.141610,1
-0.567708,-0.130553,1
-1.332630,0.402142,1
-0.766724,0.017230,1
0.026133,-0.581887,1
-2.082688,0.509045,1
-0.456881,1.437443,1
-0.913750,1.236183,1
-0.694975,0.911282,1
-3.804369,0.194076,1
-1.603307,0.478740,1
-0.414537,0.592843,1
-0.187255,-0.618400,1
-1.186236,0.169993,1
0.188307,0.128135,1
-1.873381,0.824141,1
-1.459525,-0.110833,1
-0.651215,-0.919710,1
0.077981,0.143716,1
-1.886592,1.494263,1
-1.900122,0.972329,1
-0.564031,-0.017492,1
-1.537976,-0.007225,1
-1.761207,-0.785432,1
0.240560,-0.002975,1
-0.563786,0.880215,1
-0.191306,-0.307533,1
-0.745253,0.292032,1
-2.138892,0.673817,1
-1.644628,0.804564,1
-1.350579,0.659671,1
-2.880209,0.906729,1
-1.698385,-1.392603,1
-0.570688,-0.141243,1
-0.935728,-0.960723,1
-1.810718,-0.807600,1
-2.252555,0.882404,1
-1.222059,-0.237715,1
-1.835695,-1.411293,1
-0.739196,-0.242114,1
-0.968868,-0.460045,1
-2.060878,0.345186,1
-1.635249,-0.580163,1
-0.041712,-0.456590,1
-1.404377,-1.087415,1
-0.221871,0.328187,1
-1.585321,-0.276141,1
-0.931570,-0.049197,1
-0.548895,-0.091980,1
-0.514235,0.288725,1
-0.766262,-0.168973,1
0.266937,-0.475532,1
-1.924678,0.991690,1
-0.223816,1.285073,1
-0.421222,-1.574777,1
-0.800069,-0.101842,1
-1.866009,0.148434,1
-2.594705,-0.060197,1
-0.285821,-0.082037,1
-1.394084,0.081025,1
-1.577307,0.494979,1
-2.144982,-0.155990,1
-1.215703,-0.323630,1
0.002610,0.801468,1
-1.278546,-0.765514,1
-0.583222,-1.153468,1
0.518068,-0.927295,1
-0.578546,-0.688154,1
-1.927804,0.631856,1
-0.423420,0.473787,1
-0.781926,0.582959,1
-1.194760,-0.695488,1
0.240452,-0.229750,1
-0.588999,0.063740,1
-1.959220,-0.053243,1
-0.652476,-0.049589,1
-2.303892,-0.151225,1
-1.073686,-0.142665,1
-1.142546,0.322645,1
-0.511770,-0.353791,1
-1.608395,1.158360,1
-0.180001,-0.635489,1
-2.988745,-0.094687,1
1.099938,0.105254,1
-1.612110,0.412615,1
-0.724779,0.766085,1
-1.656269,0.417800,1
-1.426817,-0.406528,1
-0.289802,-1.078096,1
-2.136984,-0.565187,1
-1.791547,-0.135438,1
-1.101461,-0.929417,1
-1.534719,-0.523556,1
-1.817302,0.472902,1
-0.535996,-0.975076,1
-1.013163,0.294552,1
-0.758140,0.991355,1
-0.765069,0.555681,1
-0.580383,-0.556017,1
-1.332176,-0.059093,1
-0.958744,1.346461,1
-0.760182,1.191367,1
-1.528733,-1.036334,1
-2.130536,1.060756,1
-1.791698,-1.048932,1
-2.167200,0.171790,1
0.110379,0.504413,1
0.000575,0.637981,1
-0.449142,0.718977,1
-0.910429,-0.489274,1
-2.787370,-0.330492,1
-0.991505,-0.303257,1
-1.735560,0.190330,1
-0.806922,0.475135,1
-0.543622,1.034309,1
-0.856257,-0.163523,1
-0.617741,-0.806701,1
-0.105189,0.119862,1
-2.235849,0.227075,1
-1.114444,0.198027,1
-1.294190,-1.491822,1
-1.176047,-0.788230,1
-0.779392,0.101026,1
-1.156497,-0.398518,1
-2.186592,-0.742473,1
-1.274669,1.512964,1
-1.351479,-0.206103,1
-2.634472,-0.265545,1
-2.205091,-0.904855,1
-1.393451,0.132780,1
0.248522,-1.184096,1
-0.366359,-1.194035,1
-0.813328,2.573434,1
-2.029138,-0.647720,1
-0.439566,-1.008652,1
-0.291998,0.857754,1
-1.850443,0.329053,1
-2.614897,0.374509,1
-0.419474,1.501936,1
-1.299597,1.091126,1
-0.825983,0.586248,1
-1.446434,-0.147742,1
-1.149672,0.407307,1
-2.240987,-0.367877,1
-1.641556,2.199581,1
-1.071691,0.774412,1
-1.746504,-0.195618,1
-0.415274,0.332767,1
-0.290215,0.192928,1
-0.829978,-0.306188,1
-0.796753,-0.045962,1
-0.783301,0.383386,1
-1.240613,0.570048,1
-0.808485,-0.516028,1
-0.382444,0.189601,1
-1.914428,-0.301807,1
-2.278323,-0.642788,1
-2.141555,0.389075,1
-0.621645,-1.286439,1
-1.052938,-0.241080,1
-1.281273,-0.199739,1
-1.348904,0.108398,1
-1.908896,-0.243797,1
-2.474392,-0.431955,1
-0.572957,0.792728,1
-0.698198,-0.681150,1
-0.917761,0.667061,1
-0.552900,-1.511178,1
-0.625861,0.196156,1
-1.170357,-0.197261,1
-1.647507,0.451803,1
-0.693805,-0.066303,1
-0.860239,-0.060733,1
0.069596,-0.335592,1
-1.787076,0.323476,1
-0.586624,1.977631,1
-2.690845,-1.192467,1
-1.253148,0.430052,1
-0.761824,-0.177100,1
-1.589777,-0.311986,1
-0.930176,-1.916125,1
-0.902172,0.001455,1
-2.226966,-0.608493,1
-0.532155,0.780627,1
0.466336,-0.250537,1
-0.543366,0.195673,1
-0.694784,0.294532,1
-0.667736,-0.831118,1
-0.644840,-1.642308,1
-1.333202,0.660958,1
-0.900536,0.141743,1
-0.931757,0.535939,1
-1.612737,0.223264,1
-1.549117,0.396815,1
0.290981,-0.236084,1
-2.640546,0.282825,1
0.695232,0.434973,1
-2.649924,0.458764,1
-0.669392,-0.847028,1
-0.776950,0.479425,1
-1.388633,0.293591,1
-2.072614,0.467513,1
-1.459707,-1.387557,1
-2.693459,0.432018,1
-1.535652,0.339064,1
-1.489838,-0.342774,1
-0.447259,0.316835,1
-0.618949,-0.204877,1
-1.597387,0.629478,1
-0.565102,0.459659,1
-0.858285,-1.351086,1
-0.212427,0.940109,1
-1.956250,-0.311095,1
-2.142889,-0.368387,1
0.001426,0.008864,1
-0.762884,-0.511618,1
-0.922992,-0.234819,1
-1.965031,-1.491931,1
-0.826009,-0.779429,1
-1.830066,0.238553,1
-1.067195,0.494250,1
-0.075104,-0.291394,1
-1.215092,1.341844,1
-1.474364,1.190961,1
-0.467893,0.028485,1
0.357801,1.640933,1
-0.558031,-0.093639,1
-1.197850,0.515871,1
-1.117400,1.283018,1
-0.842057,-1.355630,1
-0.113383,0.485708,1
-0.710214,0.707544,1
-1.595547,1.032014,1
-0.822291,0.574816,1
-2.828801,0.298749,1
-1.359389,0.465931,1
-1.667885,-2.267357,1
-2.314362,1.176949,1
0.232683,0.183351,1
-0.678011,0.057170,1
-1.402842,-0.417125,1
-0.011639,0.287148,1
-1.976439,0.848812,1
-1.300189,-0.977060,1
-0.689256,-0.513618,1
-1.316545,0.086479,1
0.080279,0.784772,1
-1.357195,0.407115,1
-1.695789,-0.447414,1
-1.174324,0.896125,1
-1.430619,1.242138,1
-0.897895,0.512114,1
-0.107018,-0.038576,1
-0.895888,-1.613853,1
-0.862509,-0.213893,1
-0.927072,-0.099895,1
-2.396738,-0.198851,1
-0.631142,0.671403,1
-0.096947,1.071415,1
-0.565384,-0.541861,1
-2.270363,-0.287265,1
-1.763117,1.039144,1
-0.969649,-1.708024,1
-0.889512,0.020616,1
0.739185,0.155319,1
-2.131759,-1.567358,1
-0.931376,-0.473322,1
-1.992037,-0.571891,1
-2.147370,0.522748,1
-0.837512,0.562397,1
0.153491,1.366739,1
-1.898946,0.162180,1
-0.391690,1.380970,1
-0.673980,0.103811,1
-0.324340,-0.255134,1
-0.534393,0.439064,1
-1.390406,0.128965,1
-0.664180,-0.483603,1
-0.812311,0.082416,1
0.993427,-0.716239,1
-1.633448,-0.463433,1
-1.460316,-0.220579,1
-1.410059,0.581933,1
-2.323493,1.222342,1
-0.289615,0.499176,1
0.038529,-0.943150,1
-1.526832,0.401947,1
-0.363125,-0.804067,1
-1.060836,-1.030333,1
-2.351752,0.413282,1
-0.399963,-0.940922,1
-2.084133,-0.611577,1
0.566642,-1.371150,1
-1.257704,-0.551153,1
-0.985626,0.323068,1
-1.674966,-0.189108,1
-1.518188,-0.127345,1
-1.565542,-0.454662,1
-0.542716,0.161620,1
0.218077,-0.236716,1
-1.890957,0.744803,1
-1.517923,0.660369,1
-2.046810,-0.074179,1
-1.061568,-0.357191,1
-2.614359,0.451350,1
-0.944712,-0.526144,1
-1.167316,-0.816355,1
-1.421824,0.334723,1
0.554393,0.155964,1
-2.047878,-0.749905,1
-0.785533,-1.118615,1
-0.941897,-0.602237,1
-1.016847,1.373822,1
-0.142722,1.392750,1
-2.235022,1.272362,1
-1.998610,0.846361,1
-0.322988,0.058669,1
-1.518242,0.077214,1
-0.956660,0.169800,1
-0.649176,-0.273925,1
-0.963473,1.618070,1
-1.785445,0.101796,1
0.784078,0.596683,1
-1.727698,-0.511389,1
-1.807733,-0.708865,1
-0.152030,-0.797978,1
-1.101354,0.070188,1
0.366397,1.284747,1
-0.610809,0.400679,1
-2.365016,0.860637,1
-2.290844,0.028464,1
-1.075902,-0.352710,1
0.107931,0.358138,1
-1.080835,-0.095508,1
-1.451685,-0.632674,1
-3.266171,-0.596935,1
-0.196863,-0.234188,1
-1.306746,-0.075111,1
-1.143389,1.550459,1
-1.736162,0.187447,1
-0.762896,-1.289167,1
-1.039074,-0.175622,1
-1.786419,-0.976065,1
-0.500470,-1.443279,1
-1.539596,0.807206,1
-0.370716,-0.313378,1
-2.244022,-0.649827,1
-1.652101,-0.795795,1
-1.131232,-1.520544,1
0.114980,1.302135,1
-1.646929,-0.037353,1
-2.027924,0.796675,1
-0.735983,0.050444,1
-0.892583,1.073287,1
-0.433880,0.021336,1
-0.963534,0.576168,1
-0.765118,0.360045,1
-1.683962,1.084700,1
-1.372833,-1.079548,1
-1.319842,0.082958,1
0.365756,-1.118264,1
-0.982626,0.747258,1
-0.778831,-1.263848,1
-1.187336,-0.218137,1
-1.661292,0.966512,1
-2.058228,0.029241,1
-1.715477,-0.702086,1
-1.525692,-0.053569,1
-1.597749,0.666633,1
-0.394738,0.235023,1
-0.960472,-0.278460,1
0.003657,-0.374184,1
-0.152161,-0.257944,1
-0.891940,0.198416,1
-0.759209,0.536363,1
-1.190163,-0.838215,1
-0.589431,0.327644,1
-0.789889,-0.284076,1
0.061118,0.941117,1
-1.455266,0.435362,1
-1.684486,-0.669964,1
-0.434526,-0.379627,1
-0.964929,-0.399797,1
-2.047920,-0.112283,1
-0.503760,0.812661,1
-0.384763,0.537125,1
-0.803561,0.658138,1
-1.770667,2.018668,1
-0.716955,0.676242,1
0.273494,0.738831,1
-0.622377,-1.304416,1
-0.921100,-0.020592,1
-1.370054,-0.164859,1
0.967325,2.106909,1
-0.725361,1.291002,1
-1.614775,-0.821923,1
-1.451119,0.251741,1
-0.355786,-0.244346,1
-0.953784,-1.001932,1
-0.580308,0.449587,1
-1.994326,-0.108905,1
0.606885,-0.469929,1
-1.258078,0.891266,1
-1.911419,0.789902,1
-2.108680,-0.768671,1
-1.615357,0.184654,1
-0.796654,0.635390,1
-0.505034,0.772782,1
-1.439093,-1.466162,1
-0.922941,-0.863378,1
-1.753006,-0.134119,1
-0.379206,0.192947,1
0.302171,-0.903846,1
-0.898559,-0.414378,1
-2.055825,-0.063983,1
0.438904,-0.553884,1
-0.619860,0.380944,1
-0.868550,-0.528232,1
-2.560104,-0.547698,1
-0.918513,0.705050,1
-0.969350,0.383866,1
-0.183439,0.462933,1
-0.792918,0.480575,1
-1.586918,-1.361745,1
-0.739251,0.363396,1
-1.070253,-0.297673,1
-0.606078,0.506706,1
-0.543184,0.259578,1
-1.676113,0.465749,1
-0.311898,-0.728187,1
-0.408214,0.660391,1
-0.089882,0.061529,1
-0.999376,1.299848,1
-0.461519,-0.040513,1
-0.235540,-0.251753,1
-0.485643,0.236819,1
-1.342270,0.328689,1
-1.736544,0.816912,1
-0.923646,-0.693232,1
-1.235012,1.160356,1
-1.189010,-0.272841,1
-0.746127,-0.353521,1
-1.942573,0.664673,1
-1.061030,0.286559,1
-0.395298,1.145762,1
-0.479727,-0.483379,1
-0.218394,-0.471480,1
-0.006923,-0.846677,1
0.360877,1.006164,1
-1.249681,-1.238554,1
-0.030921,-0.318219,1
-1.222633,0.828060,1
-0.014569,0.622495,1
0.368936,-0.822891,1
-0.626857,-0.419826,1
-0.137061,0.399883,1
-1.528154,1.365226,1
-1.324222,-0.156743,1
-1.389614,0.767501,1
-0.507977,0.380905,1
-1.479677,-0.475738,1
-0.276811,0.265445,1
-0.328996,0.383075,1
-2.515902,-0.806998,1
-1.621732,1.038227,1
-1.900928,-1.137685,1
0.346861,-0.273321,1
-2.416549,0.192289,1
-2.194485,0.282072,1
-2.508757,0.634364,1
-1.283435,0.303509,1
0.407731,-1.079855,1
-0.791683,-1.087440,1
-1.504264,0.763572,1
-1.077446,-0.757210,1
-0.505406,-0.343942,1
-1.330088,0.118013,1
-1.562545,-0.013664,1
-0.499773,-1.538623,1
-1.974169,1.266505,1
-0.439054,0.166086,1
-0.634965,0.310715,1
-2.146170,0.846301,1
-1.109662,-0.194300,1
-2.402373,0.704346,1
-1.813675,-0.582999,1
-1.986458,0.156236,1
-1.368577,-0.540146,1
-2.594271,0.308284,1
-2.116067,0.051888,1
-1.345225,0.921958,1
-0.607448,0.247313,1
-0.077458,-0.528725,1
-0.632911,-0.528545,1
-1.299741,-0.650778,1
-1.715107,0.240128,1
0.143099,-0.122164,1
-2.316289,-1.733419,1
-1.161750,-0.962564,1
0.081230,-0.434771,1
-0.531383,-0.778442,1
-0.891083,-0.386482,1
-0.903589,-0.078879,1
-1.461270,0.127968,1
-1.701751,-0.233923,1
-0.105885,-1.037967,1
-0.994898,0.186538,1
-1.511248,0.510349,1
-1.524519,0.073053,1
-0.557998,-0.597289,1
-1.204931,0.031783,1
0.132849,-0.756589,1
-1.035649,0.061614,1
-0.996428,0.642539,1
-0.987544,0.665140,1
-1.033236,0.134477,1
-0.124289,0.210096,1
-0.935071,0.446125,1
-0.963115,0.087557,1
-0.630852,-0.128520,1
-2.373046,-0.093610,1
-2.032508,0.765392,1
-0.304932,-0.806694,1
-1.703484,0.460031,1
-0.419212,-0.233648,1
-0.201526,0.242163,1
-0.806725,1.188066,1
-0.891874,0.245728,1
-2.528648,0.005908,1
-0.604024,-0.954277,1
-0.682296,0.430726,1
-1.403602,-0.721168,1
-2.373881,-0.121468,1
-1.472425,-0.957340,1
-0.661913,0.305700,1
-1.148562,0.802222,1
-1.467427,0.133585,1
-0.512214,-0.411757,1
-2.169709,0.009254,1
0.045972,0.474232,1
-1.698219,0.187440,1
0.711191,0.452389,1
-2.719448,0.447717,1
-0.973921,-0.374108,1
-0.777298,-0.217548,1
-0.951314,-0.167206,1
-1.649864,0.598199,1
-2.367316,-0.451292,1
-0.852378,2.171572,1
-0.232323,0.473997,1
-0.527947,-0.650512,1
-2.662490,0.326582,1
-2.254760,-0.063492,1
-0.542334,0.162049,1
-1.331543,-0.719851,1
-2.563923,-0.229077,1
-1.563966,0.213994,1
-1.213912,0.577154,1
-1.042857,0.069735,1
-0.266373,1.246423,1
0.101177,-0.580378,1
-1.916345,-0.127328,1
-1.478021,-0.346842,1
-1.525620,0.354338,1
-0.341488,0.691159,1
-0.511684,-0.841677,1
-0.435210,-0.700366,1
-1.653756,0.561824,1
-2.056841,-0.822868,1
-0.893015,-0.126491,1
-0.934056,0.505313,1
-1.602272,0.517715,1
0.385472,0.616451,1
-0.636521,-0.447277,1
-1.892068,0.719092,1
0.155494,0.219049,1
-0.377006,-0.769262,1
-1.796279,-0.096618,1
-3.031537,0.338536,1
-1.402388,0.165066,1
-1.084225,0.136927,1
-1.917221,0.848643,1
-0.051466,-0.996191,1
-0.604389,-0.888033,1
-0.631188,0.064493,1
-2.039163,-0.133168,1
-1.890676,0.917924,1
-0.308803,-0.196676,1
-0.979868,-1.419608,1
-0.738960,0.832898,1
-1.700001,0.554819,1
-0.331096,0.643270,1
-1.407090,-0.025727,1
-0.831842,0.117699,1
-0.920084,-0.681385,1
-0.232660,0.231201,1
0.089476,-1.457188,1
0.461865,1.009511,1
-1.194103,1.232546,1
0.047476,1.086483,1
-0.634931,0.628771,1
-0.744583,-0.498507,1
-0.160498,-1.263991,1
1.051456,0.393011,1
0.284978,1.098819,1
-1.290693,-0.018252,1
-1.323023,0.199510,1
-1.052130,-0.761870,1
-0.569029,0.958733,1
-1.211360,-1.499429,1
-0.372092,-0.003305,1
-1.637203,0.460319,1
-1.142386,0.430754,1
0.285179,-0.084130,1
0.130007,0.084561,1
-0.153364,0.628986,1
-2.283865,0.109038,1
-0.538291,0.419536,1
-2.127088,-0.582092,1
-1.951580,0.276780,1
-1.451369,0.204978,1
-0.149635,1.119256,1
0.095797,0.113386,1
-0.512353,0.406491,1
-1.489124,-0.098656,1
-1.826509,0.659461,1
-1.587322,0.307575,1
-1.961687,-0.027929,1
-1.489842,0.518512,1
-0.995339,-0.464149,1
0.157602,0.037504,1
-1.440843,1.347822,1
-2.819785,0.087817,1
-0.180087,-1.060595,1
0.372340,0.541159,1
-1.489997,-0.070255,1
0.256168,-0.369725,1
-1.976427,-1.591582,1
-0.365511,0.613508,1
-1.415653,0.613613,1
-1.632539,1.246681,1
0.094587,-1.572890,1
-0.745054,-0.417602,1
-1.948227,0.061388,1
-0.528414,-0.137358,1
-1.126792,0.324616,1
-1.001103,-0.141142,1
-0.896142,-0.564588,1
0.777564,-0.070673,1
-0.474095,0.476464,1
-1.873420,0.006075,1
-1.703524,0.341828,1
-1.518515,-2.094682,1
-0.453740,0.126923,1
0.057441,-1.115041,1
-1.917117,0.069037,1
-1.587345,-0.416703,1
-0.949549,0.022431,1
-1.701030,1.100218,1
-1.506629,1.026828,1
-0.679673,-0.725200,1
-0.322392,-0.227265,1
-0.274716,1.586301,1
-1.652878,0.033886,1
-2.095506,0.762962,1
-1.519093,-0.197933,1
-0.699663,0.656836,1
-1.460760,1.416528,1
-0.907626,0.511701,1
-1.136818,0.432918,1
-2.214988,-0.139027,1
0.247919,-1.536305,1
-1.714175,-1.260705,1
-1.764121,-0.760609,1
-1.146434,-1.253987,1
-0.618528,-1.405827,1
-2.543570,-0.406004,1
-0.747164,0.197478,1
-1.243648,-0.446543,1
-1.320172,0.022284,1
-1.893340,-1.125080,1
-0.555812,-0.380050,1
-0.661271,-0.650556,1
-1.252470,0.063833,1
-1.354518,-0.412765,1
-1.287835,-0.412473,1
-1.255600,-1.315499,1
-2.537594,-1.397987,1
-1.168912,-0.480695,1
-1.454648,-0.183720,1
-1.269089,0.525703,1
-0.824879,0.246643,1
0.305018,-0.050711,1
-1.258477,1.469669,1
-1.461968,0.105146,1
-1.380785,-0.698490,1
1.339136,0.913188,1
0.367558,1.013508,1
-2.491300,-1.670574,1
-0.484497,0.746394,1
-1.475942,1.347280,1
-2.483650,-0.928809,1
-1.368775,-0.775447,1
-0.353053,0.239115,1
-0.727807,1.182332,1
-1.357138,-0.147172,1
-1.678384,-0.739498,1
-1.666787,-0.337741,1
-1.170503,-0.571315,1
-1.025226,-0.078895,1
-0.437126,1.409161,1
-1.139923,-0.295433,1
-1.490123,0.143842,1
-1.308557,0.033195,1
-0.633759,-0.624972,1
-0.413994,0.501932,1
-1.227566,1.108537,1
-1.221114,0.171833,1
-1.125359,-0.450345,1
-0.999339,0.439320,1
-0.941686,0.635306,1
-1.364809,1.010885,1
-1.781512,-0.108962,1
0.349323,-0.759118,1
-0.700562,-0.217781,1
-0.712364,0.418740,1
-1.258659,-0.474551,1
-1.009077,0.692681,1
-1.433768,-0.863802,1
-2.627592,-0.448963,1
0.537971,-0.077956,1
0.078706,-0.385254,1
-0.940777,0.170661,1
-1.071419,-0.180651,1
-1.038983,0.205251,1
0.188251,0.566922,1
-1.914900,-0.154922,1
-1.642528,0.311128,1
-0.422766,-0.516811,1
-0.717438,-0.860347,1
-1.573456,0.168466,1
-1.372885,2.177536,1
-1.262412,0.721780,1
-2.865657,1.325096,1
-0.826156,0.025148,1
-2.326492,-1.326557,1
-0.869950,1.506819,1
-1.064740,1.894700,1
-2.864622,0.454087,1
-1.284531,1.378135,1
-1.757055,0.460584,1
-0.523581,0.118498,1
-0.917707,-0.289474,1
-0.070676,0.832725,1
-0.628660,-0.823578,1
-1.585138,0.915527,1
-0.610718,-0.390142,1
-0.014853,0.378359,1
-0.505122,0.860714,1
-1.659156,0.710555,1
1.133189,0.010669,1
-2.384712,0.343930,1
-1.429822,0.765111,1
-0.811612,-1.062673,1
-0.784291,0.228636,1
-1.267985,0.397739,1
-1.849223,-0.145695,1
-0.569399,-0.368912,1
-0.889300,0.229572,1
-1.925746,-0.681507,1
-2.179493,-0.186592,1
-1.422088,0.169091,1
-0.223029,1.070482,1
-1.600464,0.185152,1
-0.425241,-1.084799,1
-1.217309,0.568312,1
-0.757882,0.856610,1
-0.992464,-0.109023,1
-0.825247,-0.218172,1
0.501392,-1.370942,1
-0.905037,-1.637493,1
-0.389346,0.327458,1
-1.023654,-0.077003,1
-1.543955,-0.526364,1
-1.389932,0.079078,1
-1.360767,1.302959,1
-0.014694,0.732674,1
-0.906463,-0.585094,1
-1.368250,-1.280681,1
-1.315067,1.333302,1
-1.011785,-0.086033,1
-0.660025,0.322376,1
-0.300253,-0.239580,1
-0.280534,0.185167,1
0.318611,-1.274857,1
-1.860648,-0.592042,1
-0.759962,0.009454,1
-1.877791,0.501522,1
-1.234465,0.700867,1
-2.197364,-0.002831,1
-1.119950,-0.482286,1
0.210024,0.402031,1
-0.947069,-0.146128,1
-1.278376,0.029528,1
-0.915101,-0.081389,1
-1.594564,-0.288531,1
-2.407976,0.856342,1
-1.893682,0.135671,1
-1.500787,0.889767,1
-1.545073,-0.342779,1
-1.732403,-0.779515,1
-2.564587,0.238732,1
-0.256879,-2.005835,1
-0.946967,-0.401829,1
-1.203203,-1.305664,1
-0.275649,0.702066,1
-1.010545,-0.886860,1
-0.951545,-1.991088,1
-0.189376,-0.911971,1
-2.758963,-0.253065,1
-0.097629,-0.406337,1
-0.522268,-1.217207,1
-0.597988,-0.319683,1
-1.027770,-0.696425,1
-0.916636,0.260239,1
-1.937991,0.303257,1
-1.568232,0.811616,1
-0.825809,-0.253155,1
-1.639970,0.209369,1
-2.500724,0.756587,1
-0.956256,-0.742310,1
-0.658430,-0.353547,1
0.005677,0.047876,1
0.168209,-1.181686,1
0.584877,0.359627,1
-0.467647,0.228832,1
-1.555572,-0.519970,1
-1.440261,0.010341,1
-2.647715,0.285186,1
-1.929169,0.269680,1
-1.848714,0.695296,1
-1.107751,-0.885715,1
-0.436368,-1.466769,1
-1.387138,-0.347043,1
-2.465646,-0.398883,1
-0.519388,0.978634,1
-0.533710,0.793061,1
-0.808002,-0.290963,1
-0.210448,0.477584,1
-0.858589,1.479279,1
-0.312091,-0.599263,1
-1.827099,-1.868968,1
-1.072568,0.031430,1
-0.815595,0.221517,1
-0.841631,0.285450,1
-1.204577,0.586464,1
-1.749498,0.277298,1
-0.858075,-0.174428,1
-0.429539,0.099689,1
0.809179,-0.388824,1
-2.102372,-0.108252,1
-1.013493,-0.499712,1
0.178018,-0.291803,1
-0.579785,0.055329,1
1.069969,-0.942009,1
-2.983262,-0.147890,1
-0.897546,-0.935426,1
-1.218703,0.691745,1
-0.579710,-0.355689,1
-0.776740,0.618936,1
-0.448599,0.346239,1
-0.558712,0.706879,1
-1.790409,0.555385,1
-1.656357,-0.943068,1
-0.452950,-0.471061,1
-1.817285,-0.501705,1
0.801881,-0.419573,1
-1.009805,-0.016516,1
-0.869365,0.101436,1
-1.201530,0.289773,1
-1.253193,-0.029989,1
0.458300,0.672178,1
-1.528521,0.445229,1
-1.028238,-0.695412,1
-0.260082,-0.640193,1
-0.719443,0.100974,1
-1.162073,-1.040096,1
-0.182756,0.310081,1
0.840775,-0.480245,1
-1.982865,-0.604626,1
0.320285,-0.856642,1
-0.963786,-0.443899,1
-1.163042,0.154741,1
-0.725130,-0.012580,1
-0.121078,-0.545978,1
-1.054657,1.609582,1
-0.812284,-0.031384,1
-1.481719,-1.730484,1
-0.628117,0.338272,1
-0.755564,-0.458596,1
-1.557550,-0.281529,1
-2.180794,0.551727,1
-2.011088,-0.221934,1
-0.033780,-0.989891,1
-1.344835,-0.437753,1
-0.317995,-0.698417,1
-1.043339,0.240841,1
-2.263296,-0.452054,1
-1.296509,1.026001,1
-1.635865,-0.848990,1
-0.987731,0.191825,1
-2.187475,-1.063342,1
-2.560142,0.616074,1
-1.176755,-0.802325,1
-1.424219,-0.169143,1
-1.726853,-1.116267,1
-0.517387,1.637434,1
-0.759425,-0.680212,1
0.059011,0.021977,1
-0.644485,1.745437,1
-1.917434,-0.878958,1
-0.470303,1.048026,1
-2.325848,-1.856009,1
-1.894230,-0.668570,1
-0.988782,2.125723,1
-0.695631,-1.618154,1
-1.800946,-0.989578,1
-1.460207,-0.334211,1
-0.556972,-1.009736,1
-1.748942,1.121231,1
-1.162281,-0.147014,1
-0.949118,-0.604389,1
-0.796407,-0.725389,1
-1.210478,0.176193,1
-1.199894,-0.508476,1
-0.123910,-0.859708,1
-0.927014,-1.087900,1
0.342139,-0.549629,1
-0.663820,-0.409501,1
-1.589109,-0.139671,1
-1.621286,-0.798268,1
-0.948677,-0.684070,1
-1.775427,-1.041908,1
-1.828029,-0.881338,1
-1.725305,0.034388,1
-1.496088,-0.794308,1
-0.743783,0.146965,1
-0.696545,1.484755,1
-1.305491,-0.172259,1
-1.397289,0.391384,1
-1.738668,1.142603,1
-0.951236,0.111464,1
-1.518891,0.128835,1
-2.136261,0.058722,1
-1.043032,0.988258,1
0.113280,0.917455,1
-0.995236,1.582469,1
-1.069348,-0.951427,1
-1.105517,-0.687410,1
-0.360008,0.967078,1
-0.134116,-1.013416,1
-1.709293,0.523437,1
-2.592136,-1.125197,1
-0.924474,-0.012118,1
-0.268490,0.548564,1
0.451769,0.260660,1
-1.635304,-0.004612,1
-0.521986,0.947189,1
-2.302249,-0.182862,1
-1.846215,-0.396484,1
-2.639902,0.405809,1
-1.194381,-0.313365,1
-1.491263,-0.785075,1
-1.213491,0.752682,1
-0.807058,0.569675,1
-0.028008,-0.205590,1
-1.550344,1.281344,1
-0.761073,-0.304176,1
-2.782126,-1.692100,1
-0.314769,0.038257,1
-0.706279,-0.712856,1
-0.926232,0.333406,1
-1.233516,-1.220464,1
-1.107495,0.594171,1
-1.487317,0.880741,1
0.206057,0.175796,1
0.462351,-0.340218,1
-0.829216,0.206311,1
-1.669436,-0.167423,1
-1.009599,-0.409275,1
-0.320788,-0.064523,1
-0.894727,-0.307985,1
-0.496282,1.046049,1
0.015322,0.661739,1
-1.333741,1.390226,1
-1.791969,-0.490845,1
-0.979532,0.066695,1
-1.652671,-0.614904,1
-0.964869,-0.418942,1
-0.595235,0.587390,1
-1.636399,0.795880,1
-0.556448,-1.316510,1
-1.676504,1.130701,1
-1.611312,0.861029,1
-0.767095,-0.095921,1
-0.526188,1.106973,1
-0.380399,0.774544,1
-1.309508,0.143933,1
0.612274,-0.896473,1
-1.671427,0.082278,1
0.565125,0.981045,1
0.069932,0.507871,1
-1.605459,1.221251,1
-1.702802,0.447342,1
-1.538952,-0.526435,1
-2.206410,0.363549,1
-2.771795,0.355914,1
0.415613,-0.184977,1
-0.432260,-0.291803,1
-1.448527,-0.849822,1
-1.249252,-0.834054,1
-0.773759,-2.156838,1
-0.599550,1.492737,1
-1.292510,0.400443,1
-0.510071,0.554507,1
-1.873125,0.105366,1
-0.161081,1.135480,1
-0.567332,0.871022,1
-0.546840,0.474154,1
-1.771621,0.649510,1
-1.613449,-0.436923,1
-2.137632,0.211939,1
-1.720700,-0.374150,1
-2.285010,0.201998,1
-0.931358,1.078565,1
-0.931585,0.732927,1
-1.427098,1.054193,1
-1.267484,-0.844398,1
-0.737903,0.202774,1
-0.921317,1.238120,1
-0.542151,-0.307043,1
-0.310259,-0.415409,1
0.540790,0.274917,1
-2.155064,0.574615,1
-3.337679,0.951093,1
-1.388268,-0.720781,1
-0.528753,0.185759,1
-1.686564,-0.954726,1
-0.973313,1.011050,1
-1.947807,0.095932,1
-0.257981,-0.916441,1
0.127993,0.196702,1
-1.534550,-0.634347,1
-2.492566,-0.220376,1
-1.137770,0.142430,1
-1.164780,-1.020364,1
-0.441284,-1.514300,1
-0.972018,-0.932607,1
-1.447929,0.816519,1
-1.127934,-0.471001,1
-0.876556,-0.242509,1
-3.006642,1.162130,1
-1.069799,1.681641,1
-1.911315,-0.320727,1
-2.005448,0.792646,1
-0.604881,0.323387,1
-0.541158,0.739754,1
-0.015941,0.006506,1
-0.737450,-1.392728,1
0.795989,-0.603431,1
-0.584370,0.345937,1
-1.054103,0.254861,1
-0.124743,-0.655970,1
-2.296827,-0.408236,1
-0.722033,0.116914,1
-0.868153,0.451374,1
-1.283354,-0.293647,1
-1.243764,-1.038555,1
-1.793858,-1.825782,1
-1.361748,0.327347,1
-0.452199,-0.404844,1
-1.905595,0.455994,1
-1.696055,1.418586,1
-0.622158,-0.334945,1
-0.312862,-0.408545,1
-1.037156,1.109293,1
-2.400402,0.709887,1
-0.416267,0.738973,1
-0.561747,-0.542902,1
-0.791952,1.688895,1
-0.795961,1.475902,1
-2.611130,-0.155000,1
0.125627,-0.472859,1
-1.102904,-0.197975,1
-0.482751,0.977226,1
-1.111991,-0.829617,1
-1.408295,0.575594,1
-0.800095,-1.179951,1
0.566955,-0.315999,1
-1.100901,-0.045831,1
-2.384177,-0.634514,1
-0.208690,1.077584,1
-1.507421,-0.875074,1
-1.709945,-0.906651,1
-0.620694,-0.260610,1
-0.906242,0.864287,1
-1.238074,-0.550498,1
-0.631624,1.485494,1
-0.749998,-0.949415,1
-0.028545,0.409846,1
-0.442838,0.983993,1
-0.576760,-0.297636,1
0.381055,0.106835,1
-1.104372,-0.677905,1
-0.595431,0.631778,1
-1.806580,-0.136607,1
-1.643072,0.444810,1
-0.036788,-0.518211,1
0.653999,-0.346778,1
-1.344204,-0.144939,1
-2.115856,0.307295,1
0.041428,1.649557,1
-2.302766,0.353245,1
-0.507976,0.670031,1
-0.821130,-0.115483,1
-1.312781,-0.132071,1
-1.615736,0.859610,1
-0.946895,-1.602485,1
-0.817739,-0.575693,1
-1.958635,-0.965937,1
-1.452441,0.584244,1
-0.304952,-0.041768,1
-0.113666,-0.522626,1
-1.576040,-0.365159,1
-1.530357,0.790651,1
-1.459551,0.168672,1
-0.885574,0.205829,1
-0.802193,-0.351475,1
-1.112514,-0.075052,1
-0.257005,-0.706836,1
-1.444679,-0.867262,1
-1.765494,0.967593,1
-0.237970,0.985325,1
-1.083833,0.083442,1
-0.347754,-0.511708,1
-0.708695,-0.556080,1
-0.413280,-0.154875,1
1.019662,-0.596306,1
0.638553,1.811148,1
-1.201518,-0.582039,1
-0.920724,-0.207795,1
-0.831273,-0.654730,1
-1.238573,-0.852660,1
-1.507622,0.280385,1
-1.336393,-0.343225,1
-1.116158,-0.633975,1
-1.119034,1.257172,1
-0.969992,1.110424,1
0.281118,0.259107,1
0.088338,-0.309489,1
-1.186260,-0.225405,1
1.296764,0.848392,1
-1.127433,1.013784,1
-0.076923,-0.865195,1
-2.053700,0.693574,1
-0.271833,1.620289,1
-0.513805,-1.107222,1
-0.235628,-0.273494,1
-1.212217,0.703885,1
-0.511563,-0.441386,1
0.169318,0.830199,1
-1.652878,0.120731,1
-1.626723,0.083181,1
-2.132715,-0.775178,1
-1.017393,-0.715815,1
0.120818,-0.668873,1
-1.541937,-0.183702,1
-1.823012,-0.326087,1
-1.356869,0.360892,1
-2.300929,-0.227619,1
-2.061327,0.852125,1
-1.255554,-0.335299,1
-1.120436,-1.170534,1
-1.461206,0.171016,1
-2.601934,-0.482438,1
-1.298557,-0.687551,1
-1.883447,-0.335627,1
-1.473047,-0.306664,1
-1.074261,0.023792,1
-1.335853,0.819061,1
-0.791886,0.129754,1
-1.389440,-0.036948,1
-0.683218,0.540590,1
-1.188527,-0.407325,1
-1.727512,-0.282087,1
0.261172,-0.252524,1
-0.920611,-0.028279,1
-0.532395,1.285681,1
-1.212263,-0.430403,1
-0.911049,-0.049303,1
-0.648295,-0.094531,1
-0.250039,0.549513,1
-1.658016,0.469664,1
-0.146168,0.044713,1
-0.710999,-0.257682,1
-0.479329,0.609646,1
-1.568296,0.345293,1
-0.492770,-0.484180,1
-0.774500,-0.402381,1
-1.317820,0.883394,1
-0.293509,-1.200651,1
-0.811296,1.124012,1
-1.697429,0.199418,1
-0.756354,-0.512532,1
-2.931101,-0.029546,1
-0.753756,0.484831,1
-0.382497,-0.505729,1
-1.185431,0.604719,1
-0.487495,-2.289166,1
-1.725873,-1.065731,1
-0.830560,1.032150,1
-0.575661,0.222702,1
-1.449029,0.441736,1
-1.214608,0.132055,1
0.233431,0.792670,1
0.757008,-0.876290,1
-0.273752,0.351000,1
-1.049987,0.575247,1
0.256149,1.434489,1
0.386616,0.700532,1
-1.915979,-0.036532,1
-2.088024,-0.009794,1
-0.918301,0.822295,1
-1.059979,-0.981575,1
-2.192453,0.300826,1
-0.067721,-0.346682,1
-1.137089,-0.490544,1
0.292248,0.631590,1
-1.730246,-0.804379,1
-0.915558,0.118105,1
-0.850542,0.740939,1
-0.993008,-0.143374,1
-0.861423,-0.280977,1
-1.670439,0.067682,1
-0.384482,-0.484077,1
-1.538356,-1.103575,1
-0.717838,1.312808,1
-0.246646,-0.087245,1
-2.207072,0.066061,1
-1.316383,-0.858338,1
-0.545608,1.074476,1
-0.955650,-0.368312,1
-1.427897,-0.440026,1
-0.529017,0.566186,1
-1.919134,-0.585977,1
-1.189268,0.718391,1
-0.245366,1.123815,1
-0.836884,-0.392995,1
-0.481953,-0.945345,1
0.073148,0.669069,1
-0.906714,-0.595557,1
-0.485252,-1.653576,1
-0.934687,1.333602,1
-0.460130,0.294671,1
0.672786,-0.314630,1
-1.849773,-0.339362,1
-2.122298,-0.141018,1
-3.020105,-0.841609,1
-0.311507,-0.038073,1
-0.484968,-0.027689,1
-0.504960,0.016128,1
-1.107652,-0.015172,1
-1.370940,-0.088137,1
-1.498202,0.055371,1
-0.648222,-0.413875,1
-0.919193,0.207336,1
-0.726255,-0.595442,1
0.036942,-1.518128,1
-0.532464,-0.344970,1
-0.513463,-0.686621,1
-0.758191,0.165142,1
-1.151034,-0.659289,1
-2.216518,-0.765606,1
-0.791279,0.881266,1
0.473088,-0.673239,1
-1.235458,0.091278,1
-0.830593,0.444616,1
-0.680507,-1.375525,1
-0.174834,-0.242849,1
-1.314142,1.046636,1
-0.892098,-1.782943,1
0.166428,-0.679986,1
-0.368904,-0.667210,1
-1.977212,-0.849788,1
-1.299099,-0.274429,1
-1.077588,0.380101,1
-1.911118,1.473454,1
0.739879,0.122895,1
-1.023802,0.406485,1
-0.616615,-1.931183,1
-1.513048,-0.779755,1
0.504011,0.819980,1
-0.716719,1.203058,1
-0.553521,-1.111356,1
-0.381258,1.265270,1
-1.247607,0.644812,1
-0.556569,-0.184162,1
-1.011726,-0.781167,1
-0.617436,-0.833457,1
-1.108195,1.559865,1
-1.843796,-1.105570,1
-1.561346,0.386612,1
-0.156144,0.203604,1
-0.981680,-0.374760,1
-0.406307,-0.919933,1
0.438140,0.967708,1
-0.723901,-0.260752,1
-1.274568,1.825411,1
-2.006976,-0.179290,1
0.275474,0.101110,1
-0.958544,-0.116230,1
-1.652098,-0.907258,1
-1.363846,0.297461,1
-1.220676,-1.133017,1
-0.294453,1.168286,1
-0.725396,1.659008,1
-0.791231,0.239122,1
-0.666889,-0.813674,1
-1.746467,0.477408,1
-0.673201,0.079944,1
-1.390361,0.725425,1
0.559184,0.143647,1
-0.720412,1.598254,1
-1.806569,1.454844,1
-2.045843,0.830525,1
-0.000451,0.974229,1
-0.710333,0.271467,1
-1.610497,0.352691,1
-1.349391,-0.790259,1
-0.626459,-1.693193,1
-0.400453,-0.639872,1
-0.396229,0.648498,1
-1.917171,-0.544206,1
-1.076168,0.282308,1
-1.568774,-0.198259,1
-1.678023,-0.892848,1
-1.492045,0.822071,1
0.534683,-0.395908,1
-0.468127,-0.275753,1
0.689694,0.523356,1
-1.690726,0.303051,1
-1.343122,-0.778270,1
-2.036757,-1.265615,1
-1.181308,-0.433279,1
-0.858985,0.258286,1
-1.741089,-0.082600,1
-0.899045,-1.114734,1
-1.227927,-0.243754,1
-2.022381,1.136326,1
0.320470,-0.164704,1
-0.730204,-1.521842,1
-0.917184,-0.589827,1
-1.141911,-1.101660,1
-2.225407,0.038716,1
-0.565318,-0.432828,1
-1.898165,0.350010,1
-0.204731,-0.671131,1
-2.266645,-0.304469,1
-0.497080,-0.618965,1
-2.102821,-0.306321,1
-2.155481,-0.627089,1
-1.773321,-0.441113,1
-1.834105,-0.491861,1
-1.762948,-0.368216,1
-0.859396,1.094425,1
-0.247227,-1.443832,1
0.151634,0.244724,1
-0.779315,-0.367174,1
-0.038378,0.068213,1
-1.692652,0.789259,1
-0.011652,0.843335,1
-1.951224,0.159858,1
-1.158180,0.986883,1
-0.618150,-0.205723,1
-1.283513,-0.776942,1
-2.104621,0.368423,1
-0.127580,0.895818,1
-0.635356,-1.903243,1
-0.140457,0.123787,1
-0.740034,1.065831,1
-0.608931,1.108826,1
-0.134084,0.090223,1
-0.771446,0.687433,1
-0.702919,-1.822515,1
-0.585514,0.682198,1
-0.113305,-0.628436,1
-0.583150,-0.840251,1
0.521487,0.806117,1
-1.093224,0.079906,1
-1.612143,0.323442,1
-0.642477,-0.592981,1
-1.516358,0.802222,1
-1.456410,-0.056093,1
-1.525029,0.097377,1
-1.405856,0.447254,1
-1.131071,1.127252,1
-1.747583,-1.157800,1
0.080066,-0.362773,1
-0.074028,-0.860558,1
-0.400717,0.697727,1
-1.167862,-0.232637,1
0.101887,-0.595385,1
-1.209557,0.441126,1
-0.500441,-1.672901,1
-1.079185,0.016101,1
-1.633751,-0.757097,1
-1.695750,1.339124,1
-1.293938,1.768378,1
-1.243027,-0.709846,1
-1.324031,0.682254,1
-1.183295,0.491439,1
-0.193815,-1.409608,1
0.173995,-0.428423,1
-0.875544,0.070826,1
-0.802510,-1.173611,1
0.468540,-0.467736,1
-1.265470,-0.258954,1
-1.541023,0.376396,1
-1.267651,-0.607344,1
-0.950706,-1.025209,1
-0.518889,0.200791,1
