0.882441,-0.153769,2.289505,1.067307,0
0.534894,2.719560,0.243495,1.980810,0
-1.930286,1.138298,0.667071,0.787562,0
-0.002124,3.874351,0.833582,0.370649,0
2.408117,1.927016,2.149384,2.064444,0
1.957280,2.309877,2.063804,2.206364,0
1.173938,2.733517,0.667667,1.148024,0
1.768343,2.562013,2.632764,3.659413,0
2.023193,0.534999,-1.356169,0.553323,0
3.494800,2.382257,2.491578,0.739544,0
1.847699,3.137615,0.207326,-1.587248,0
0.924430,1.058054,2.066145,1.262797,0
0.405531,-0.017813,-1.191623,1.875550,0
0.425973,1.950456,2.401023,3.138987,0
1.369525,1.626286,-1.035050,0.989034,0
1.876770,0.641371,3.185794,0.907352,0
1.159822,1.781614,1.864005,-1.665749,0
0.724307,-0.064894,1.466904,0.656399,0
0.533597,1.930753,3.290154,2.680803,0
1.033273,0.395848,3.807037,-0.100138,0
1.667939,0.301462,0.093007,1.777082,0
0.921793,1.551002,-0.216700,1.242844,0
2.721982,-0.610173,0.643679,3.959965,0
1.823530,2.694283,1.284858,1.449500,0
-0.114647,0.964429,2.125798,1.763359,0
-1.199490,0.698304,0.129009,-1.316472,0
1.133729,-1.218109,2.412768,0.237047,0
3.145721,-1.726933,-0.566592,1.896371,0
2.126703,0.547849,2.858220,1.292892,0
3.017006,-0.497534,1.301343,-0.573064,0
1.284815,0.969308,2.301725,2.955558,0
1.544038,0.677320,-1.141232,1.713817,0
-0.566686,2.096746,-1.183553,1.628117,0
0.899376,2.652719,0.026880,-0.931698,0
-0.267161,0.902688,1.399301,-0.206609,0
-0.842463,-0.807884,0.447396,1.091970,0
-1.072117,0.653100,0.429237,0.975313,0
1.678881,0.967220,1.043480,2.923576,0
0.911720,0.640827,2.086901,-0.080511,0
-0.631834,0.834843,1.876175,0.798264,0
1.561811,1.973132,-0.472005,1.755960,0
0.775346,1.558281,0.897486,3.381703,0
-2.022600,3.442986,2.613461,-1.050039,0
0.456913,3.319038,-0.835078,1.593070,0
1.768404,0.383783,-0.150606,0.390324,0
1.931572,0.547778,0.278214,-0.329156,0
3.012958,1.429218,-0.367532,0.479139,0
1.489991,3.107909,1.880376,-0.013744,0
0.825885,0.205226,-0.864891,1.044726,0
2.071280,1.198949,1.506357,2.840190,0
1.924335,0.046412,1.286761,3.230941,0
-1.039525,-0.587085,-0.383491,-0.192963,0
2.078005,1.832658,0.688101,2.518337,0
0.471273,1.846467,1.731041,-0.323024,0
-0.600661,0.679541,0.867732,2.018618,0
2.547259,-0.523178,0.528821,0.198211,0
-1.709134,1.742565,2.267996,0.516916,0
1.523835,1.205791,0.967795,2.616170,0
0.703367,2.275832,-0.618525,-0.830050,0
2.128968,2.782707,3.232176,0.505281,0
0.883890,1.489705,2.044727,0.278196,0
0.334875,0.855310,0.803863,0.982682,0
1.919715,1.279827,0.602974,-0.431538,0
-0.375624,0.556246,-0.904664,2.064799,0
0.821313,0.729014,3.737370,0.280067,0
2.767291,0.474832,1.751670,-0.893979,0
2.009300,-0.555861,1.897700,1.536305,0
2.901977,2.218100,2.292984,1.946300,0
-0.449768,1.554077,1.369667,1.645401,0
0.699465,0.714666,2.806112,1.899336,0
2.450223,2.337102,1.958898,1.248907,0
0.515835,-1.163834,-0.153275,3.169653,0
1.440638,1.419865,1.299708,1.566512,0
1.151111,2.295998,1.883339,-0.285885,0
0.716515,-0.423885,1.870125,2.206027,0
1.207820,0.639402,0.011110,1.762919,0
1.502850,1.011637,1.756146,-0.841302,0
-0.634214,-0.105871,0.490410,-0.077860,0
-0.106525,1.954804,1.885468,1.186724,0
-0.788581,1.774952,-0.432354,1.682264,0
-0.216623,2.448732,1.248540,1.009556,0
0.423553,-0.061763,1.166366,-1.165288,0
0.495377,2.371481,2.553223,1.637812,0
0.977584,1.911638,1.635742,0.838539,0
0.775141,3.376822,0.458781,-0.304634,0
1.968778,0.762815,0.164619,-0.301334,0
-0.145431,0.599985,2.110481,-0.519276,0
-0.584387,1.662646,1.295576,0.533965,0
-0.453387,0.234318,0.700892,2.730495,0
2.935573,0.616253,1.822527,1.336318,0
1.558862,0.214193,-0.266631,0.034517,0
2.206443,4.089190,2.802243,0.550260,0
0.574708,1.735665,1.100286,-0.019285,0
5.306992,1.210030,0.206669,-0.477494,0
0.786613,0.456155,1.280440,-1.075926,0
0.283328,0.668633,0.102744,0.472186,0
0.094429,0.828411,-0.805610,-0.052233,0
1.802055,0.552930,0.066661,0.517631,0
1.384726,3.601859,-0.800010,1.709017,0
-1.609765,0.575166,1.485055,0.434443,0
1.860507,3.251042,2.110796,-0.747342,0
0.460787,3.194943,0.034558,0.666504,0
-0.520329,-0.457678,-0.667616,0.492383,0
2.895527,2.423203,0.637246,-0.327530,0
1.410081,1.574872,0.146586,-0.150929,0
2.218852,1.942542,0.579114,1.132010,0
-0.538838,-1.181460,0.042779,-0.108712,0
0.945805,1.127374,1.285728,2.610871,0
0.683424,-0.791281,4.949718,1.309710,0
-1.028671,-0.741296,-0.924643,1.028351,0
1.739711,1.634872,0.598679,0.651033,0
2.012151,0.088136,-2.770551,0.379681,0
-0.526696,-1.317600,1.353940,0.158725,0
-0.095886,-0.266727,1.532129,0.086330,0
0.535717,0.696475,3.313558,0.710240,0
1.877758,2.244307,1.963195,1.916392,0
-0.592652,1.161975,0.023575,-0.423421,0
3.215944,2.100739,0.694411,1.793217,0
-0.032990,0.267551,1.187550,1.235750,0
0.318641,1.882920,1.509923,1.381791,0
0.933750,1.774877,1.103725,0.640845,0
0.228871,0.797093,-0.005098,1.273470,0
1.745719,1.659356,1.571002,1.793436,0
0.988322,0.309062,0.544530,1.167211,0
1.992146,0.256299,1.570938,0.393240,0
-0.894951,-1.343688,0.001936,-0.755877,1
-1.018815,0.136596,-0.652946,1.094620,1
-1.819073,-0.425436,0.133199,-0.974591,1
-3.148480,-2.926608,-0.069645,-0.695802,1
-1.212356,-1.475901,-0.042175,0.948564,1
0.470048,-2.315681,0.088605,-1.192775,1
0.051507,-2.567119,-0.427675,-1.022738,1
-0.355748,-0.777975,-0.772957,-0.255482,1
-1.238307,-1.838539,-0.028818,0.018398,1
-2.998897,-0.034111,0.309734,-1.509140,1
-0.951307,-0.210216,-1.654490,1.221375,1
-0.703496,-2.297700,0.890816,-2.518012,1
-3.059746,-1.465935,-1.445079,-1.052290,1
-2.359003,-2.059052,-1.172911,0.137939,1
-1.883910,-0.304113,-0.418931,-1.760417,1
-0.169201,-0.783992,0.107087,-1.963847,1
-0.800141,0.950727,-2.538521,-1.613515,1
0.844612,-1.582230,-0.676275,-1.586956,1
-2.738765,-0.926775,-3.076073,0.272270,1
-1.686525,-0.148598,-0.421847,-0.961849,1
-0.137933,-3.042414,1.968061,-2.504516,1
0.375013,-0.636962,0.524763,-5.382912,1
-0.596609,0.186978,-0.396643,-2.014360,1
-0.024992,-0.116279,-2.710729,-2.169906,1
-0.292537,0.864932,-1.746176,-1.005897,1
-0.047921,-0.638029,-0.106272,0.109441,1
-0.409670,-1.318435,-1.637960,-0.700776,1
-1.457230,-1.811320,-0.614838,0.536755,1
-3.033279,-0.957615,-0.092175,-1.271446,1
-2.926685,-1.296127,0.176564,-3.189827,1
1.572989,-1.210577,-1.308622,0.159395,1
-2.194903,-3.776840,1.196469,-0.081497,1
1.492270,-3.046288,0.377311,0.150012,1
-1.326621,-1.573737,-1.491830,-3.340123,1
-0.469770,-2.433499,-3.775845,-0.592103,1
-1.110963,-0.524182,-0.636281,0.827903,1
-3.382348,-0.883770,-0.942354,-0.682294,1
-0.439754,-2.057961,-0.437551,-1.674112,1
0.201234,-2.516541,-3.000083,0.951731,1
-0.990731,-0.947423,-1.228074,1.325021,1
-3.863283,-2.905529,-2.151254,-1.103584,1
-0.081050,-1.115538,-2.301502,0.481450,1
-2.369569,-2.044271,2.206501,-0.851079,1
1.165651,-1.218901,-1.445019,-1.116999,1
-2.880161,-2.244444,-2.357373,-1.484715,1
-1.276487,-0.835825,-0.657773,-0.327494,1
0.649552,2.273122,-1.457850,2.372700,1
-0.142168,0.255480,1.722246,1.676647,1
-2.319468,0.168111,-0.244008,0.180408,1
-1.516377,-0.978784,-2.729311,-0.254089,1
-0.469542,-3.418813,-1.075400,-0.458469,1
-0.502935,-1.162233,1.168038,-4.010684,1
-1.021477,-0.757647,1.169515,-2.531416,1
0.575673,-0.193594,-2.093099,-0.466367,1
-2.778693,-2.918693,-1.849395,0.189487,1
-1.058125,-1.782194,-2.197999,-3.895484,1
-1.945187,-0.628397,-1.775788,0.165071,1
0.705744,-0.881851,-0.050330,-1.336893,1
-1.946774,-2.943297,1.197439,0.667329,1
0.528955,-2.926610,-3.822891,-0.168600,1
-2.485576,-2.295503,0.313309,0.058685,1
-0.480174,-0.942536,-1.267387,-1.092672,1
-0.699905,0.785977,-1.322582,-0.336125,1
-2.674682,-0.353645,0.089128,-1.594523,1
-1.545980,-0.226764,-1.082235,-2.336044,1
1.098726,-1.315676,-1.943223,-3.066471,1
-0.984575,-1.152790,1.953517,-2.132242,1
-0.778336,-0.412245,-2.686213,0.679898,1
-2.791656,-2.929072,-0.196126,-0.603043,1
-0.391141,-0.376544,-0.427284,-1.694788,1
0.271335,-0.525154,-1.005129,0.810431,1
-1.213882,-1.233757,-0.965404,-1.756374,1
-0.023496,-0.966792,-2.743600,0.352175,1
1.899174,-1.001173,-2.752341,-1.551754,1
0.159563,-0.224055,0.734283,-0.580047,1
0.130396,-2.304145,-2.089111,1.046556,1
-1.122917,-2.876358,-0.095205,-1.968811,1
-1.316473,1.365049,-2.654122,-0.272942,1
-0.553487,-1.302231,-0.572269,-0.499095,1
1.539059,-0.045543,-0.302088,0.588637,1
-0.946411,-0.461214,-0.421603,0.461822,1
-1.993028,-0.823211,-2.263491,-2.018381,1
-0.321064,-1.363178,-0.245320,-0.106747,1
-0.156738,-0.969410,1.671930,-1.095927,1
-2.636799,-0.051414,-0.458627,-0.788685,1
-2.133409,-1.435621,0.429210,-1.657823,1
-2.397780,0.420374,-2.337084,-0.225157,1
-1.964918,-1.093670,0.218934,-2.060061,1
-2.102086,0.337743,-0.002982,-2.002716,1
-1.106906,-0.788623,0.154791,0.329788,1
-2.667569,-2.382799,-2.855231,-2.283051,1
-1.657610,-0.900582,-3.100230,-2.761189,1
-0.114861,-0.170527,0.131453,-0.100668,1
-1.407289,-1.380277,-2.548346,-2.717925,1
2.070504,-0.601278,-1.009793,-0.984915,1
-1.243837,-2.309464,-0.678119,-0.091577,1
-1.051769,-0.440516,-3.550434,-1.986064,1
-1.704449,-1.642689,-1.669165,-2.137922,1
-1.074450,-1.364676,-3.591238,-1.414505,1
0.003059,-1.565649,-0.315500,-1.308743,1
1.859648,-1.661536,-3.101668,0.492759,1
-0.639468,-0.249903,-0.866018,-0.908629,1
0.606187,0.777813,-3.378115,-1.544169,1
-1.621027,1.486947,0.823118,-2.238980,1
-2.522259,-2.354489,0.288085,-0.652207,1
1.361552,-0.342457,-0.375113,-1.682116,1
-1.084456,-0.167175,-0.524282,-1.890836,1
-2.364052,-1.135336,-1.043422,0.223348,1
-1.400492,-3.027928,-1.909736,-0.171875,1
-0.166525,-1.663103,-2.193115,-1.590084,1
-1.052140,2.093258,-2.112091,-0.444111,1
-0.952581,-3.016322,0.722147,2.052322,1
-0.396758,-3.086094,-2.440733,-1.977729,1
0.431384,-1.296284,0.139699,1.147001,1
0.394561,-1.322091,-1.767156,0.541295,1
-0.571171,1.087200,-1.895073,-0.780545,1
-0.061091,-1.624942,-0.405226,1.867256,1
-1.837898,-1.828629,-0.782485,-1.115487,1
-0.061619,-2.014857,0.063560,-0.881288,1
-1.473232,0.001909,-2.228062,-4.054763,1
-0.051066,-1.116349,-0.637023,-2.863771,1
-2.124867,-0.541342,-1.074112,-2.572470,1
-3.253833,0.982126,1.564357,-1.238367,1
-0.002081,-0.781743,-0.511926,-1.269709,1
-0.448328,-2.207963,-2.507414,-1.701996,1
