-0.290801,2.189171,-0.012166,2.953874,1.494422,1.267832,-2.620632,-3.914790,0.762865,-2.242822,-1.666357,4.890143,-0.511856,-1.976600,-1.325567,1.669198,0.280816,3.218645,1.981269,-4.428557,2.986247,-0.588736,0.777049,-0.864411,-0.348259,3.496491,2.870431,1.059382,-3.816633,-0.396268,3.881776,2.953639,0
3.957450,5.250312,2.800772,0.853449,-2.862809,-0.117786,-1.492867,0.452532,0.895189,-1.607695,-2.825880,-1.380379,2.220772,-2.333572,1.468861,3.001353,0.691491,5.590304,-2.339514,2.764561,3.246173,3.667211,5.747936,0.298085,-1.979304,1.787912,-1.157386,1.706288,2.955405,0.932671,2.537297,2.700754,0
-2.279798,0.448197,0.111216,0.712996,-0.376012,-0.508775,2.774382,0.447773,0.945813,0.820899,-1.134498,-0.585390,0.827432,-1.077537,2.731215,0.792709,1.606501,5.924647,-1.972327,-2.043786,2.224932,2.755944,0.814223,3.652300,-0.233397,-2.107153,-1.447755,-0.482540,-2.048903,-0.487983,0.117224,2.030479,0
0.863913,-7.051804,1.564162,3.344342,-0.157928,0.900720,-1.246924,-1.607653,-0.054609,-0.104392,0.123340,2.180242,3.825678,-2.736587,-0.205199,-1.789912,2.550665,-2.536610,1.794618,2.678043,0.878602,3.110250,2.349865,1.827455,-0.561623,-1.743970,0.809647,-0.570292,1.355329,0.943105,-1.756052,0.936563,0
-0.141128,3.103214,-1.731194,2.394732,5.354905,-3.958481,7.151802,-1.735716,6.578716,0.123511,2.948599,1.298534,2.294536,0.334553,1.501206,-2.697853,0.153640,1.861240,-0.746205,-0.248826,-0.643837,0.547326,1.041750,1.821511,-1.694075,0.341388,-0.803036,0.923486,0.825927,2.505396,-1.434611,3.240659,0
1.685772,0.632695,-0.335658,2.647771,-1.641468,-2.260226,3.220630,0.209615,-2.618829,-0.474542,2.782606,1.263946,-0.842476,3.294930,-0.256598,1.946401,-1.523464,1.960172,2.075275,4.325494,-0.827907,-0.711370,0.325116,-1.613104,0.722535,1.389036,-1.664455,-1.462166,-0.033146,2.732507,2.503630,-0.601134,0
0.802531,-1.495145,4.355224,-2.303082,2.848005,-1.706851,-0.453560,-2.513397,2.157291,0.767105,2.649643,0.652388,5.829882,-2.140531,4.077304,2.886662,1.284272,4.726392,1.863100,0.181380,-0.281672,3.718494,3.072602,-1.301857,-2.462985,-1.504487,0.395962,-2.245234,0.198808,1.273427,3.870375,1.654594,0
2.163372,3.162433,1.365208,-0.506411,-0.394653,2.078099,3.427359,-1.014745,2.660177,-0.336123,-0.130263,-0.010925,2.578444,3.862155,1.608636,4.360371,-1.274300,2.698713,5.056850,-0.953107,1.115197,-2.499221,0.114272,2.196159,1.629368,-0.379444,0.388311,-0.503905,3.399250,-3.444953,-1.641798,0.344207,0
1.207760,-2.586773,4.817302,-1.513584,0.454697,1.873086,2.137097,0.475098,2.162804,2.434753,2.617870,2.379876,0.775127,-1.594330,-0.141564,-0.912492,2.276366,0.731346,2.004757,1.083838,-0.583065,-1.577894,2.559545,0.877727,3.146272,5.778093,-1.044360,3.418145,1.315558,3.889344,1.535364,3.168590,0
-1.755334,1.699067,2.957876,3.247543,1.268511,0.884235,2.327990,1.168767,2.053658,1.401207,-2.307429,3.257504,-3.491930,-0.339879,2.400848,4.040629,-2.180493,1.884209,0.077211,1.473689,-0.568480,-1.413905,-1.410611,3.903227,2.741282,0.524871,1.008365,4.512652,1.248903,4.677614,1.481497,2.346179,0
-1.031343,3.613172,4.248343,3.801826,-0.569140,2.628106,2.880006,1.985710,0.426478,4.503506,2.018351,5.291485,2.528857,0.435398,-1.881339,-3.122594,-0.197906,-2.984312,-1.919881,-1.399202,-0.666031,-2.712783,0.887928,-0.203432,2.087831,0.747930,1.955733,-1.475169,1.387876,2.642929,0.087220,1.952656,0
0.065100,2.134770,-4.853762,1.915051,1.208677,-2.601564,1.359901,3.607470,2.860629,-1.351266,2.790980,5.986001,4.305955,1.432947,2.027709,3.531509,1.501257,1.894325,-1.296022,2.261908,0.321780,0.324885,2.127250,2.915761,2.881106,-2.675120,-1.271612,2.795960,1.821849,2.098812,-0.292567,3.655224,0
-2.940480,1.161342,2.176383,3.037184,-1.064011,0.658749,-2.181027,-0.334287,3.372203,0.623908,1.792794,0.419944,2.815833,2.727480,2.702687,0.209076,3.528682,4.546045,-1.189132,0.538370,1.395982,1.309272,2.624284,3.596164,1.216921,5.558117,1.512815,1.849939,-1.754117,1.135512,-0.007720,0.788260,0
3.239919,0.832308,1.200470,-3.148183,2.211707,1.501515,3.201977,2.995486,1.737645,-0.043165,0.224578,0.278258,0.901355,-0.707620,1.460393,4.881153,0.684433,2.634528,-0.571982,5.793831,-0.533914,-0.796027,0.634425,2.761295,-1.112835,2.420655,2.517529,2.372515,-0.714029,2.408546,0.517304,-0.107594,0
2.868534,-0.601099,1.062885,2.668892,2.882066,-0.035262,-2.985990,1.230636,0.939443,3.442070,0.923597,-1.085556,-0.285937,0.163096,-2.340971,-0.625546,1.636041,1.337702,0.482647,0.052767,3.691724,2.852847,4.554737,-0.576085,-1.385600,3.181728,-3.165338,0.725161,-2.615061,1.226295,-3.901339,-1.882422,0
-0.352518,0.019630,-0.828399,-0.884379,2.291577,3.075988,-0.904522,0.292968,-3.487399,2.597145,0.981149,-1.557271,1.862716,3.093630,0.254973,-1.151120,-1.118460,1.168343,0.421726,-0.295929,4.132314,2.359717,2.164022,-0.418235,1.993846,2.099337,3.581227,0.585973,-0.562540,0.038650,0.781482,-1.627135,0
-0.509948,-2.466093,0.355733,-1.748847,0.682341,-0.740681,-0.001982,-1.229115,-3.891637,0.745772,-1.642615,0.138520,-0.483486,2.616834,2.553704,0.925592,-0.556592,0.235159,1.459045,-1.912497,-0.128122,-3.485969,-1.422778,0.772064,4.328952,0.529581,2.426730,1.362067,2.580830,3.396762,-0.599427,1.374477,0
2.847827,3.509747,2.106596,2.835662,3.094797,0.252417,3.562071,-0.365311,3.581573,4.571572,1.826836,3.173729,-0.693644,-3.251776,1.543649,-2.206039,0.289627,0.891978,0.319008,-3.095772,0.616759,-2.667296,3.931138,-0.349806,3.211365,2.656548,-2.351396,-2.368580,2.203409,-0.480778,4.807373,2.612550,0
0.014364,1.110742,0.664347,2.337206,3.414055,1.889996,0.434993,-0.549410,0.555160,1.093252,-0.444501,4.387559,1.853758,0.587146,0.582299,1.649173,-2.742320,1.404605,0.154198,0.076765,5.716606,0.523544,-2.482547,-0.469445,-2.548862,3.449112,2.350361,-1.645119,-0.958333,-4.014822,1.786647,0.287491,0
0.737870,-3.467960,6.242455,1.202501,1.563625,0.713482,2.137673,4.119651,-2.251505,2.162926,2.076998,-0.530564,-1.592931,2.217146,1.751128,-1.129284,3.757072,2.291621,1.450003,3.169043,4.597563,-1.554881,-1.583554,2.363435,-1.130845,1.115011,1.403239,0.106757,0.185111,-1.193614,2.279185,-0.120158,0
2.556209,1.305159,-0.606386,3.449457,-0.154468,-3.696818,-0.424906,0.326504,-0.484171,-0.316782,3.685778,4.349926,-0.553426,1.548393,2.555315,-0.997681,0.100951,4.397881,0.884477,0.589795,0.991153,3.002902,0.772632,-0.060332,-0.661146,1.279802,-0.190242,1.669916,1.503937,1.077963,-4.868454,2.711948,0
2.009909,-1.046034,-2.137237,-0.463398,0.926807,-2.519227,-0.147467,3.588394,2.538559,2.231537,-1.590114,1.299515,3.587338,6.046379,-0.426052,-0.427625,5.386135,-0.757474,1.679485,5.909594,-1.159233,3.637119,1.796422,1.900373,1.480307,-1.930629,-1.752146,4.244214,3.121999,1.576084,-4.093204,0.901649,0
-3.310567,1.789259,3.717568,0.039598,2.182083,1.072475,-1.596063,-2.761481,0.511269,1.991767,3.722478,2.868941,0.782999,-0.524143,0.291656,1.129606,-0.145694,2.108649,-1.845968,1.460835,-1.211330,1.798599,0.691205,4.293041,3.435991,4.126785,0.780516,-1.016557,-0.789762,2.778668,2.542538,1.791478,0
3.283818,5.414661,4.519308,2.767103,2.597850,0.228376,0.814020,0.855145,6.505571,0.011916,4.185142,-2.925027,4.302020,1.254588,-0.774910,0.243584,3.822186,-0.061770,2.783276,0.782088,-2.009891,0.529374,4.456706,1.069395,5.455198,-1.938997,2.008788,1.074547,1.746379,-2.614327,1.748931,1.627710,0
4.937531,5.378963,3.670746,7.320089,4.322824,-1.114654,-2.110587,2.026071,2.875854,1.295097,0.502979,1.673682,1.081721,2.796679,0.650728,4.893361,0.213106,1.036621,6.784925,2.018863,0.534121,-2.944586,3.535089,0.935347,3.634575,2.829647,0.708728,-0.169901,3.242812,1.190015,-0.804262,2.478508,0
1.830694,0.034787,1.521915,-0.892038,0.047281,1.185259,0.131721,-0.327990,4.341849,0.418611,-0.373206,-1.130589,3.043504,2.121477,3.245782,5.426486,-0.078172,-0.497912,1.421791,2.164106,2.106569,-4.603915,2.980126,3.493878,0.730510,-0.113472,0.615150,-1.537849,-0.764606,3.082312,0.633351,-0.268846,0
-3.200206,2.557173,0.332469,1.717902,2.879725,2.312561,-2.874502,1.188616,3.517846,1.624013,1.664040,-0.511762,-0.760756,-0.065289,3.435446,-2.347806,-1.572484,-2.949880,0.915886,0.803209,-1.401382,2.485224,1.024258,-4.828349,1.322577,0.879226,4.420019,1.419573,0.456331,1.448348,1.330915,4.466057,0
-1.133068,-3.506986,-0.201879,1.318233,3.979979,1.132736,1.614992,3.949630,-2.478827,5.641775,0.798412,-0.498664,0.809269,2.628513,0.280540,-0.530375,3.184956,1.886285,-0.175490,-1.461983,3.600609,1.587670,-3.455173,-2.262177,1.631057,3.932334,-0.116364,2.449974,-1.638761,1.859028,0.802056,1.126752,0
-1.041262,2.159950,-0.766000,2.439334,0.783418,-2.104142,-0.598688,3.441480,3.349459,0.489753,-0.995949,3.303371,1.384907,3.628509,2.471822,0.535354,-1.129775,0.107543,0.597497,3.661459,-0.149051,2.819964,-0.256341,-1.478708,2.435000,4.338487,0.592720,2.617595,-0.609497,3.556744,-1.066810,2.981851,0
2.057492,2.569736,0.924589,1.070031,-2.472886,-1.667545,1.241851,1.696424,2.835531,1.418540,0.722581,4.305055,-0.666203,-0.960187,-1.132881,-0.805880,3.320619,0.987672,1.947981,0.709410,-1.606273,2.963021,1.381482,2.217854,-0.090645,-0.312768,1.554930,0.880544,-0.230784,1.231677,0.305326,-2.684439,0
-0.464745,-0.014128,3.029941,0.713087,1.972469,-0.161224,-0.130746,0.703271,4.401835,1.359651,2.752059,-1.574947,-1.843085,-0.481250,1.554686,1.077950,-0.523063,0.782318,2.372312,-1.192038,2.779049,3.364358,0.435309,2.283333,0.338842,1.158815,-1.284800,1.009294,-0.569638,2.263287,-2.655674,-1.659215,0
1.122691,0.178119,-1.102773,1.187054,3.711934,-0.131985,0.863774,1.025433,2.274335,1.253495,2.918684,1.067153,-0.671308,1.824949,2.112405,-2.224161,-2.967865,3.751403,1.179574,0.931613,2.292818,3.832623,0.923000,-1.356503,2.739706,2.129644,-1.098625,1.378763,1.297939,2.103603,2.782550,7.295502,0
1.211396,0.274842,0.072787,1.446458,-1.943329,-2.803829,0.951341,1.390263,1.261721,-1.212354,0.285076,1.609640,1.558446,-3.489911,-0.845660,2.226253,1.465510,0.805923,-2.395702,0.955490,-0.341201,0.735373,1.907032,-3.715655,5.330989,-1.941082,-0.966231,2.522990,2.946213,-0.703318,3.895443,3.881860,0
0.850701,0.368733,-2.283459,-1.548331,1.008708,-2.175072,1.849563,-0.943101,0.778901,-1.110170,5.608874,0.288205,2.028242,-1.706544,0.415215,2.737121,3.165256,0.805182,0.804832,2.272820,3.207695,-0.930991,1.090635,1.283570,3.854682,2.335945,1.913573,0.001574,-0.603172,1.726848,2.651673,1.217093,0
2.441751,0.663028,-0.039321,0.966155,-0.171073,-0.090622,-0.935243,4.437453,-0.255300,-1.960280,-1.545753,5.284541,0.553864,4.318022,2.297329,1.213731,0.574498,3.538227,-0.967870,-0.342156,-0.079818,1.280385,1.140956,-1.424394,1.833701,-3.453418,2.449171,0.495487,2.126442,-0.302835,1.434077,0.399771,0
0.769399,0.357677,2.585926,5.112632,-1.589423,0.318772,0.082360,0.360615,-0.985160,-0.688601,-1.686807,0.036929,0.110366,2.896901,2.140566,0.285083,2.777357,5.173838,2.684204,1.036042,0.682621,2.125651,2.657833,2.458835,1.963345,-1.076847,-3.169004,3.348882,-1.694134,-1.012822,1.430154,5.066549,0
1.111819,6.923613,-0.089953,-0.248244,1.097543,0.927969,-2.381085,1.967974,3.098912,-0.700482,4.040013,1.274658,2.262380,4.083242,0.928711,4.493914,1.664262,0.989865,3.237562,4.629115,0.424385,1.078299,3.426934,-1.805137,0.901293,4.321576,-0.398282,0.528280,2.514700,-2.118946,3.210932,2.108759,0
-1.278750,2.894276,-3.731802,1.050375,-0.418059,1.221233,1.958325,-1.168351,2.874531,3.379375,0.638714,2.178901,-1.252974,-3.204314,0.403499,-1.045171,-2.733184,6.041993,-1.966242,-2.038143,-0.652729,2.632622,1.149187,-1.314790,4.850216,-1.670995,1.570698,1.360929,1.749399,-1.135719,-2.705688,-1.438743,0
2.400429,1.193848,5.877494,-1.699017,0.255470,4.234631,0.263700,2.063748,0.226899,-0.327283,0.765495,4.556955,-2.589320,-2.811882,2.700152,1.084604,0.313751,1.023176,3.574228,1.912367,0.036209,2.629033,2.869464,0.477316,3.608822,-4.299780,0.015174,0.573510,0.770541,2.236895,-0.457903,-0.646821,0
1.682581,1.917077,3.303514,1.288657,-0.509554,-0.768743,3.976861,-0.000011,-0.316151,1.308022,0.100583,2.354486,-4.314061,1.558619,0.842077,-0.607403,0.601390,-0.853254,3.960669,-4.529560,2.118511,1.163043,1.600674,3.811742,1.413602,0.227796,4.195783,1.219620,-2.331917,-0.520481,-2.680368,3.463847,0
0.099107,2.228494,1.517842,2.601008,1.900740,0.056964,2.062823,-1.231309,0.248765,1.120772,-1.797501,-0.406351,0.249982,4.779310,-0.743548,4.417658,-0.264179,2.926144,4.125257,3.812393,0.879244,-1.462949,-0.225843,-3.364137,1.324893,0.226197,1.947332,0.674006,0.618896,2.194721,1.578380,1.095315,0
1.587191,-0.740329,3.581162,-0.425059,2.119779,1.190127,4.054324,0.569699,1.157419,0.825889,-0.389388,0.381610,-0.789380,3.090394,5.342637,3.280295,4.345078,-2.122425,0.337295,4.683051,2.700777,2.845613,0.974682,3.254167,2.036166,4.414354,0.318049,0.355699,-3.347909,3.917130,-1.734020,2.088662,0
-0.860000,-0.717345,-2.408772,0.217793,0.217761,-0.901100,4.691889,2.814893,0.307574,2.628240,5.510761,0.420781,4.098533,1.361408,2.220591,3.239766,-0.685141,3.483622,0.075683,0.925163,3.069297,2.412576,1.261668,0.502849,2.836542,2.142820,1.522903,4.321191,1.520932,0.770128,-0.249676,1.445941,0
3.804250,5.718924,-1.650616,0.226738,-0.034626,7.079834,1.703311,-2.413813,0.236833,1.802536,2.101394,1.727176,-1.688994,-0.348795,1.575936,0.598955,1.166991,-0.586735,-0.694433,3.076988,0.640578,2.054549,3.833266,0.141104,2.668403,0.411485,-0.824559,-0.354684,1.231780,-4.401167,3.217847,3.339776,0
1.674470,-0.911524,0.060632,-1.736498,0.315739,-0.164321,-2.564204,-1.137908,-1.454132,3.829329,2.254489,0.309447,1.231874,0.423438,1.308003,1.531882,-1.552877,1.238593,0.826533,2.377769,-2.091602,2.042312,3.150016,3.649969,-0.258396,4.621952,-0.551404,2.508987,4.082486,4.062220,-0.699149,2.210576,0
-2.127307,2.519771,0.038218,2.677641,0.065558,3.267438,0.765024,-2.720561,-1.489290,0.352124,3.488882,0.357396,0.485927,2.819341,2.086341,-1.266873,2.113391,1.881710,0.350636,0.997545,-1.206744,0.720700,-0.729568,0.120068,3.168451,1.018471,2.376565,-1.865061,3.288042,1.488985,-3.062739,1.216398,0
1.979264,-0.559419,-1.518642,1.954407,0.043725,2.017086,2.443336,2.510360,3.135886,3.435165,-0.914481,-1.796365,0.617137,-3.333978,2.532288,3.231066,2.057027,0.086581,3.764642,-1.391408,0.116735,5.199669,1.639136,-1.652936,2.601222,1.277639,0.245602,0.324543,2.791821,0.079985,0.123202,1.475642,0
0.433887,1.567742,-4.214466,4.596114,1.455527,1.932521,-2.756475,-1.916337,2.796287,0.565832,-4.459130,-1.023329,1.991405,1.151196,3.397765,0.024135,0.955168,3.936539,-0.160521,1.884417,0.870225,-0.129470,1.748740,2.217525,2.430742,-0.103437,1.059093,-0.015600,1.161011,4.884784,-2.972968,-1.166240,0
1.639830,-0.472630,4.075521,2.350565,-0.551283,1.776870,2.290350,3.630736,-1.745685,-1.129898,1.275910,-0.846543,0.117248,3.350010,-2.652658,4.977285,-2.539254,4.555764,-3.698498,2.042665,-1.129412,0.885911,1.039227,3.676888,-1.428254,4.538025,-1.408902,1.969735,2.832496,3.199994,0.295231,4.972670,0
3.067860,6.429558,-1.570333,3.083248,2.579733,3.168010,0.613235,-1.587348,3.748036,6.135554,0.499843,1.029142,1.012271,0.009079,3.896210,2.764093,2.688223,4.340639,-2.884648,2.072289,-0.330688,-0.180796,-0.553832,-2.480596,1.285131,3.487155,0.030699,1.218738,2.120770,0.175311,0.152646,-1.537456,0
3.668455,0.697453,1.513492,3.732047,0.427660,2.115177,2.409634,2.465965,1.303894,-4.273089,0.822561,1.218363,0.579797,1.781140,-0.236802,-0.785709,-2.350760,1.596662,-1.065684,0.503181,4.522816,1.899182,2.569448,2.876251,0.559546,1.882059,3.626095,0.312651,0.144494,1.924195,3.429208,0.110100,0
-2.079410,2.422148,2.430949,2.539023,0.231780,3.121356,-0.404185,2.194656,6.081630,0.246612,1.041220,-3.310247,1.593777,-1.026479,1.840264,0.679126,-1.397031,0.496171,2.671114,2.842880,-1.781433,0.805453,-0.478540,2.256257,-1.351242,0.562293,-0.704245,0.400711,3.113141,-0.524911,-0.163357,3.747258,0
2.269003,0.508287,0.608905,4.607299,8.509031,1.329467,3.978550,-3.204003,4.004647,1.158680,2.946565,6.056103,-1.982469,-0.537206,-2.198428,3.248134,1.718537,1.884447,2.750696,0.693135,0.762382,1.113857,0.613771,0.831894,0.921802,-0.733236,1.874990,1.348922,-1.828381,-2.388751,1.468384,1.436506,0
-1.467772,-1.628085,-4.202579,0.038116,0.293515,2.797017,3.658282,3.719189,2.258789,3.794378,2.304272,1.565203,1.216933,0.221231,-1.317201,2.479705,-2.613670,0.675721,2.590934,-3.846398,3.399091,3.019850,3.351407,-1.282603,3.576169,-1.952108,2.307125,1.203328,6.586445,2.972939,0.830702,4.599280,0
-1.658851,-1.502273,1.951933,-0.903576,-1.030782,3.127018,-1.847555,-0.641987,0.444795,0.021404,-1.733835,0.471290,2.164603,-0.867537,2.002743,-0.112763,-1.333503,1.266226,2.926617,-2.074944,2.950327,0.567038,-0.430568,-1.489128,2.350441,2.660134,4.653612,-4.786747,2.908359,-0.093117,-2.284944,1.870837,0
1.071953,1.962160,-1.842033,1.802389,1.919560,0.013554,0.302791,3.014966,1.166346,2.209653,1.464761,0.001282,-0.214240,0.515192,-2.255475,0.871638,-2.892506,-2.237031,1.843195,3.839454,-0.047399,-0.181129,3.213685,-2.489982,-0.047285,-1.245493,-0.064010,0.337585,3.783932,-1.058559,1.093912,1.344709,0
3.114642,3.014416,-1.704200,2.714645,-2.164195,-1.044693,2.885274,-0.670577,-1.673423,3.421065,-1.356429,1.404491,1.458481,0.009485,-0.045955,-1.411203,-2.362882,-1.214097,2.905261,-0.089121,0.463608,0.658244,2.749057,-1.558984,-0.668331,3.580143,3.402993,0.465268,-3.199651,1.847118,2.175705,1.901498,0
-1.439330,-1.004171,4.741602,-3.645344,3.266315,0.323539,-4.451151,-0.175678,1.998802,-0.285268,-1.747394,-0.778558,0.076327,-5.225331,1.719675,-0.727800,2.943616,5.402891,1.872931,2.987207,0.981387,1.144296,0.987638,0.834481,1.262433,0.883778,4.114234,1.920475,1.533976,-0.350018,0.551954,3.004704,0
0.982412,-0.400724,1.983828,6.214869,-3.813033,3.408775,4.327662,1.319493,2.178632,1.527639,0.688191,-0.831807,-0.643335,1.669416,7.998161,1.163447,-0.351091,-2.598201,0.666634,-1.777970,0.199801,4.290723,0.779506,-1.858806,2.292772,6.140211,0.887414,-0.431901,-2.135093,-2.290441,2.852360,2.893473,0
-1.545166,0.458969,4.343121,1.598307,-0.216667,0.390923,3.233691,-0.947740,-0.087784,2.439075,5.166042,4.439183,0.479670,-1.494782,-3.154216,-1.419436,1.125359,-1.129668,2.604845,2.553714,2.190791,-0.593019,1.532410,2.248327,-0.781528,2.280357,-0.184363,0.979824,0.875964,2.461299,3.493623,-1.378768,0
-1.151012,2.306870,-0.654829,3.697210,4.315639,-2.877588,1.434400,-2.373979,-1.905221,1.682391,5.380054,2.265276,1.892969,1.551038,-0.302571,3.208999,1.881994,-1.493462,-1.194849,-4.144555,-0.277414,1.188871,0.859797,-1.419983,-0.961335,1.282194,4.224794,3.204198,1.653415,-0.975679,0.356982,1.741392,0
1.870740,2.420299,0.455401,3.654001,-0.487504,0.338443,3.916666,0.130520,-3.582750,0.914667,1.835570,-0.068652,-0.070376,-1.623789,2.247396,5.903527,2.887227,0.830675,0.558363,3.284154,2.696745,0.597624,-1.864253,1.415270,0.892568,1.587807,6.584251,4.114317,-0.410882,0.197616,3.748348,-1.446568,0
0.447125,4.619705,0.573357,4.775764,0.124003,2.703662,-0.363621,5.829894,4.347199,1.010012,-0.358193,2.002351,2.184855,2.839311,0.642155,2.622095,-3.214251,4.172764,3.566885,-0.300724,0.681209,0.731467,-0.449956,0.630058,-1.485348,3.520944,-2.621919,0.860934,2.386799,-0.583750,-2.957410,1.015939,0
6.196318,3.629679,-0.777460,-0.303966,-1.050580,0.034148,1.350456,-2.859967,5.061599,3.622252,1.221288,4.968969,-0.178850,1.767197,0.708376,-3.238212,1.662712,1.334357,1.164750,0.002794,3.260574,3.799565,0.953366,0.426707,3.429250,1.605406,3.227535,-0.927147,1.750257,0.323585,-1.408597,2.961313,0
0.616191,1.493151,2.267947,1.562490,4.038920,1.456939,-1.956017,2.899679,1.904533,2.465061,5.271123,1.913939,-1.204133,1.448167,1.663983,0.964156,-1.843657,0.520460,2.428860,-1.983171,2.977066,3.062512,5.093293,0.007144,0.323546,-3.456391,-2.292726,3.435680,4.009104,2.499812,-3.610460,0.042062,0
-0.441408,-1.701108,2.269709,2.735830,2.551405,5.984312,-0.329537,0.311232,3.509780,2.664114,-3.876018,-0.323203,-1.625006,-2.904310,-0.599244,-0.250724,0.346292,1.795795,-2.991468,2.673948,-1.176946,1.183480,2.920432,-2.424356,1.318645,1.876281,-2.522721,-0.343869,-1.005370,3.360959,3.096015,-1.431253,0
2.839304,-1.491995,0.507757,0.177581,-0.011339,-0.597956,-1.661666,1.845713,0.683214,2.617870,-0.673537,2.372211,-0.401409,3.833123,5.329329,2.144416,-2.482588,2.588925,-1.007406,1.532714,3.235304,1.181607,3.317813,-1.174005,3.873537,1.401725,3.440091,2.550572,0.607753,-0.838150,-0.592651,-0.529324,0
0.293948,-2.913878,1.756282,-3.010849,3.941373,0.393927,-0.939426,-1.269069,1.612441,2.131963,-1.289183,2.974004,-0.972596,0.798387,0.153769,1.966325,-0.057391,2.259695,-1.109683,-1.821776,-1.084485,0.419356,4.558760,-2.304922,-1.116191,-1.478592,-2.590827,1.068696,0.939428,1.673755,1.892073,-0.142409,0
-0.029505,-1.127931,0.025162,2.224461,1.086896,1.184886,3.108457,0.329631,3.840188,5.638168,3.707090,2.045554,0.393412,-0.689593,1.276405,0.774450,-3.237528,2.896918,3.162668,1.897667,1.868427,0.934297,1.023979,1.031918,-2.659866,-1.218301,3.154187,0.809668,1.556149,1.515032,-2.754292,0.287244,0
1.561809,1.352005,0.419649,1.511492,2.950488,-0.606605,1.917326,0.635328,-0.563866,3.848269,4.110766,0.016447,2.940855,-1.420072,1.599286,4.265018,5.025579,0.993562,2.591773,4.278015,-1.593636,0.345592,4.169134,0.040689,1.046016,-1.121662,4.028899,-1.633043,-3.657511,-1.486265,2.565669,2.313048,0
0.863864,-0.245378,3.506529,-0.329309,-0.086426,-0.792392,0.135265,1.205572,3.916471,0.355419,1.058282,-0.444121,1.881417,-1.800256,-0.184899,-1.005875,2.738638,-1.269587,2.305693,1.998302,1.298717,1.871138,0.717915,0.734968,-0.612861,-3.377020,0.690551,2.218849,2.870503,0.265426,2.076213,2.057709,0
-0.680226,1.671548,-0.428939,0.789927,0.442970,4.476136,1.754215,2.177886,1.525475,0.836645,-0.177685,1.646969,2.455193,-1.167391,-0.917382,-0.132668,-0.957957,1.927202,2.975786,-0.168811,1.269117,-0.701005,3.512173,-2.681503,5.403218,4.229035,2.369372,5.063846,3.730983,0.865815,2.571232,1.506115,0
0.868505,1.334885,-0.339458,-2.289752,-3.009560,0.657097,1.199821,0.179202,1.296950,-5.064620,1.915285,-0.766283,-2.253578,0.595284,-1.421777,1.332569,6.190903,-1.976951,2.251698,4.140524,0.684869,0.304692,0.950902,0.910982,1.467032,1.915971,2.608220,2.188726,2.191871,1.803506,1.737781,-2.859080,0
2.829535,0.844754,-1.882292,-0.343143,1.914043,0.364767,1.785594,0.282013,-2.627829,1.367737,1.821556,1.118505,-2.569974,2.190198,1.338260,2.311569,-0.681268,0.358194,0.586625,-3.187846,0.590948,1.268951,3.399007,0.615593,3.338710,0.936359,-1.010391,1.610710,-1.595385,0.443569,-0.518874,-1.438270,0
-0.209098,1.653876,3.896016,2.047878,1.379185,5.370645,4.622594,1.667150,0.667757,1.020866,4.298990,3.843005,3.336549,1.327669,1.338534,0.129604,1.572549,0.209684,-2.091808,1.276877,5.700922,-5.834343,0.167682,1.812783,-0.170017,0.384035,0.534822,1.525446,-2.894709,-0.911545,3.013415,3.261475,0
1.019539,-0.838408,0.319737,1.987757,3.297546,3.172448,2.674469,1.703943,-0.358224,3.827076,-2.403814,1.676328,-0.090080,-1.158925,0.656162,-2.366787,3.839479,-1.047988,1.412720,2.011560,-2.755174,-0.594093,0.493622,1.564745,-0.760537,3.550383,2.988618,-0.140459,1.150936,1.536366,0.178708,2.330721,0
0.804713,0.399002,-1.737783,-2.358766,-0.402040,2.064768,0.443295,4.011376,0.048500,-0.295229,0.783653,-0.152657,5.768896,0.550409,-0.403759,1.295974,4.213704,5.707892,-0.171419,0.322847,2.945062,-0.444364,-1.026204,1.062388,-1.269333,2.062267,4.297359,3.934855,0.697551,3.933463,0.661223,0.644713,0
-0.328263,4.194969,0.951008,-3.122650,2.315725,0.023458,0.614103,0.484478,2.925303,1.320449,6.715225,5.613337,0.599299,4.518157,-0.384823,3.748797,-0.807333,-0.171404,0.771695,-1.502400,0.789681,4.117410,-0.769753,0.341045,5.021477,-6.409811,-0.630348,-0.296431,0.220934,1.211438,0.774838,3.340738,0
2.638570,1.704733,2.415898,0.683646,4.942761,4.713721,1.397695,-0.159126,2.232324,0.468784,-1.346709,3.641106,2.896878,5.373351,1.683670,2.007257,0.486950,2.231619,0.716163,2.408265,0.974009,-1.121954,3.631066,0.463883,2.504678,0.961893,-3.902149,1.235662,-0.449731,2.528261,1.973486,4.076503,0
1.008944,4.570680,-1.744166,3.062585,4.114753,0.833743,1.175253,3.626464,-0.327229,2.228822,0.643283,0.607635,-0.928090,1.338060,0.512744,1.685114,5.545043,-2.069676,-1.873476,-0.609963,2.533884,4.371226,-0.760777,1.173709,1.859174,3.836385,0.604585,1.522151,-0.858703,1.480837,-1.766371,0.604038,0
1.741291,0.855554,-4.481658,1.699026,0.737756,3.346416,0.755522,4.707941,2.472481,0.757344,-0.798698,-2.600020,2.604159,1.605106,0.377998,-0.048615,-0.082846,2.296499,-1.305945,1.474909,-2.067715,3.191342,-0.878364,-1.113297,0.189939,1.071632,0.663505,0.288483,0.691458,-0.843824,0.912924,-1.485339,0
4.946099,-0.822562,-0.690281,4.454825,-4.101537,3.245345,2.158998,1.692866,-0.492755,3.652127,2.321275,3.171086,2.423646,0.537651,-0.014837,2.652437,2.735058,1.925540,2.531955,-0.211339,1.913659,0.396830,4.784016,-0.546649,0.773155,-0.341179,1.633451,2.389397,2.485452,0.006655,-0.244251,1.933549,0
2.543450,5.263493,3.302122,-1.936724,0.659154,-2.188870,4.116775,3.919208,1.603480,-0.098142,2.716122,1.567997,-0.654604,4.362104,0.896507,1.568234,1.101715,-0.902312,1.963694,-0.233027,-2.473101,-0.021559,2.355406,4.890611,-1.561119,0.710793,1.758692,2.892631,-2.479086,1.734340,-1.995606,-3.018596,0
-0.980124,-0.686045,0.041483,-2.368490,0.760730,0.108518,2.664972,0.328051,0.092883,3.581359,-1.806561,-0.692665,-0.693445,-1.287618,2.756277,1.879132,0.861900,0.735093,-1.266206,1.480970,0.905950,-1.296008,-2.238279,4.183936,0.682755,4.202993,1.740226,-1.151410,2.506038,2.575181,0.080606,0.966619,0
2.165143,1.740911,1.259313,1.722914,0.982720,2.879066,0.099731,2.024882,0.351941,1.796695,3.004670,1.081620,5.996951,1.792782,-2.446798,4.456758,-1.855113,1.609716,-0.801149,-0.032551,2.830624,-2.597928,1.262320,-0.599871,-0.911258,2.454254,0.119217,1.083486,-4.845494,-0.271109,1.451247,0.791918,0
-1.177144,-0.108989,-0.146671,-1.399286,1.180026,-1.140176,4.134034,3.604232,0.900287,1.925822,0.358129,6.167655,3.539775,-1.502584,0.518011,-1.072731,-0.569919,1.279997,-1.414027,-2.265332,-2.681587,3.535748,2.506413,0.011395,1.461099,0.112011,-1.212627,0.892721,-1.782378,2.603305,0.822644,0.109947,0
0.848382,5.934949,1.346071,-0.905359,0.791185,-1.300521,-0.979224,0.017950,2.463642,-2.776944,3.601225,-3.632651,-3.062464,2.987648,-2.549469,2.759645,3.463668,-1.484948,3.048886,-0.318194,0.500040,1.534899,1.085002,-2.243741,-2.186217,2.012192,2.448950,-1.678486,3.798045,1.510867,-5.605550,2.468160,0
2.341751,-2.543089,0.424373,9.126577,2.766551,0.938216,-0.088387,2.525304,4.298596,1.383845,6.623131,-1.141834,-0.755557,0.027147,2.486378,-0.984838,-3.543931,1.060350,1.205141,0.027090,-2.286487,0.295919,2.838435,-0.092486,-0.805779,-3.362091,-0.311540,2.136831,1.331644,3.931876,-1.695531,1.758115,0
2.723289,1.881632,-0.481527,3.599721,-1.334987,1.425465,1.464096,-0.214093,3.911489,2.344857,1.283264,2.720948,3.997763,2.190266,1.311597,-0.956678,0.957001,1.076106,-0.050247,0.330568,1.665850,0.314762,0.619202,3.374816,1.917870,-0.510142,1.413254,0.529501,2.783317,1.670060,1.911210,1.718144,0
-1.653280,2.032938,0.203775,2.912465,-1.819036,0.763854,0.313115,3.020496,0.387831,2.399958,2.952698,4.611397,3.725994,-1.018561,0.911547,1.644410,0.842051,-0.160139,1.225874,-1.456971,3.003943,0.619275,2.845891,2.892374,3.235672,1.500072,-0.486745,-2.800301,1.583505,-0.330079,2.512738,0.760879,0
4.028955,-1.682085,3.145098,5.524637,-2.439916,1.194548,0.330317,1.798382,-1.289310,1.871531,-1.765263,1.040133,-3.512320,1.646284,0.566606,2.098956,-1.497494,1.926566,1.637236,3.419530,0.160263,2.956182,-1.258721,-2.456892,-0.736847,3.169132,1.611174,2.246562,0.836941,2.005057,0.028470,2.267254,0
5.189631,0.682494,4.171333,3.472000,4.515429,-2.961960,2.867449,5.064937,3.339925,3.098434,3.457330,-0.976050,4.421429,-1.960341,0.061596,1.387723,-2.491527,4.579888,2.550529,1.630126,3.202991,0.407661,1.677179,3.025083,-1.763076,2.711446,0.607244,2.270871,-0.826609,1.565547,-2.015894,0.765653,0
2.077897,1.046216,2.748943,2.154422,1.693148,0.378397,3.442786,2.009530,0.305708,-0.335374,-4.661863,-0.668840,3.148833,3.851949,2.114252,-1.297645,5.750962,3.287402,3.452392,4.773264,0.652944,-0.683260,-1.240505,1.724951,2.958491,1.320545,6.125969,-2.974830,4.508374,3.643423,-1.765349,-1.543629,0
0.301023,6.095775,-0.332476,0.840005,1.604797,3.514625,2.949800,-0.371560,-2.005843,4.077112,2.404633,0.183393,-0.250902,5.162966,2.454381,3.552806,4.567046,1.708071,0.935843,-2.380378,5.789934,3.863083,0.756598,-0.328466,-0.007191,2.756403,-1.179561,0.344572,2.962210,1.867236,-0.643032,2.094647,0
4.363132,2.408348,1.262686,-0.065685,0.790950,1.227612,1.482344,2.008524,0.111254,1.629491,-0.169512,2.621222,1.418352,-1.344218,2.877435,2.021694,6.148729,1.689593,0.169397,0.598490,-0.054051,-2.095333,1.195765,3.463704,-1.513017,0.900848,-1.455499,-1.633651,0.882881,2.047610,-0.569820,-3.466175,0
-1.148336,-1.233580,0.699888,2.153212,1.659479,3.675007,1.868011,0.323490,3.977000,2.510910,1.029016,5.076497,-1.362138,2.583046,-1.927283,5.111714,-0.696374,-0.914602,2.496430,-0.152119,3.079354,2.416157,4.096624,-0.573210,-0.473084,3.118369,1.366077,0.359339,4.482413,-0.151362,-0.829218,2.273113,0
0.565799,1.636301,2.381641,1.906120,-2.059852,2.427623,3.144876,0.045321,0.235965,1.050284,-1.878934,-0.597493,-0.187519,4.224512,-1.858081,1.120302,0.293775,0.950122,0.902290,-1.429173,2.453672,0.730755,1.995172,4.466531,4.627550,2.443176,1.934142,-0.633465,3.461522,1.903645,1.558798,2.751099,0
-0.830266,-5.192006,-0.331714,0.559060,4.096956,0.191244,0.571137,-1.494182,-1.249226,1.936225,-0.035720,-0.209998,2.309031,2.805646,-1.004892,1.733611,1.480542,0.762167,3.307856,3.128568,1.096313,2.536382,1.245953,0.788788,2.262475,0.775809,1.242900,-0.133553,0.115346,-0.183176,-1.030304,0.354842,0
-1.211956,0.342871,0.655304,-0.188002,3.484433,2.867550,1.105440,1.116322,0.076790,0.728265,-0.786837,0.668581,-1.137291,0.809709,1.848104,-0.899320,1.342442,1.910352,-1.589762,-0.080392,3.994102,5.668176,-1.369651,6.138704,3.812693,2.250105,-0.615083,0.910148,-1.993147,3.158753,1.830051,-1.329090,0
-0.353424,-1.419719,1.897176,3.408185,7.576065,2.342475,-0.479508,1.452234,-3.474946,1.841914,1.446972,3.571199,3.253210,-0.053460,-0.523375,-0.449984,0.403631,2.698886,2.344172,-1.257783,2.596997,3.413673,-1.930783,0.161283,-0.976882,-0.669857,2.187277,2.569981,-1.074228,-1.406939,6.109996,4.880613,0
1.651118,1.495591,1.560492,-1.622492,0.867936,2.472491,1.642472,-1.298519,1.758548,3.051707,1.884156,-3.968058,1.490417,4.306138,4.656708,-1.339476,2.027927,1.786983,-0.630123,2.897713,4.263565,-0.726726,-1.623733,0.485884,5.915005,2.656450,2.213017,0.377078,0.913250,3.983406,2.502374,0.142014,0
3.175281,-0.405717,4.885516,2.009727,4.024285,-1.593400,-2.595225,2.008493,3.032549,-3.148033,3.237978,1.338334,0.912853,-1.589004,2.038715,2.168433,2.149511,0.271910,-1.644267,2.402523,-0.386451,2.198390,3.739560,3.821654,-2.312717,3.005848,5.972583,0.059118,-3.181177,-2.570230,2.057955,2.299970,0
0.633648,-2.258878,0.621140,-0.591907,-0.371603,-2.390714,-2.530883,-1.622111,5.531741,1.016263,2.521215,-1.484702,1.840723,-1.066765,-0.566087,0.530555,0.852253,-0.421514,2.864938,0.352337,0.264309,1.430652,-1.801715,4.194790,1.547665,2.137759,0.156187,4.614960,-1.199958,2.280569,-1.904435,-0.835767,0
1.905567,-0.597713,-0.234738,-1.627281,2.411495,0.815891,1.653386,-0.748013,-0.285661,5.004145,-0.061922,1.974774,3.185619,3.973166,1.373268,-1.148616,0.357779,-1.703447,3.874369,1.079439,2.293866,2.848656,2.632980,1.549886,3.839150,2.126730,-0.582152,-3.461644,2.685616,2.837242,-0.242243,-2.669419,0
0.926636,2.297364,1.131486,-0.385925,3.362065,2.322419,3.565568,2.471725,1.327761,0.309386,3.458073,2.209177,-0.345557,1.640656,1.216660,0.768476,1.219691,-0.621518,-0.266677,-0.876470,0.855906,-0.801702,0.123351,-1.753155,0.025517,0.047208,2.892305,1.242816,0.471798,-1.327926,3.321650,-1.131699,0
1.936179,0.819316,4.219262,4.586509,3.687556,0.633745,2.471686,-0.205057,-1.531216,-1.597494,3.200445,-0.878883,-1.223385,0.353383,-0.006330,-0.845058,2.139654,0.670910,-2.732175,0.433409,3.161226,2.483149,3.675012,1.747011,4.368618,3.720433,-0.300876,6.169070,-1.544418,-2.233199,3.040767,-2.382938,0
1.934497,-0.083536,1.668358,-0.548144,-2.203063,-1.353249,0.050895,0.848574,1.021410,1.290148,2.251795,2.543431,2.296808,-2.494940,-1.717530,1.376163,2.780374,5.211200,-3.137386,0.685246,-0.813863,1.928402,-2.710267,0.295286,-1.090770,1.649484,1.617869,-1.833157,-1.884409,2.766474,0.312489,2.079022,0
-3.680915,-1.876969,-1.583942,2.696159,-1.611526,2.080843,1.436976,5.195331,1.960771,0.066604,0.638153,-2.894547,-0.447615,-0.366377,3.309289,-0.706025,1.114359,0.305395,-0.297481,-0.080980,-1.176333,-1.688751,-0.585581,-1.455343,3.484994,-1.868639,4.933532,3.535215,0.818778,-2.331856,4.360518,3.563143,0
2.108994,2.913651,1.111850,2.832983,-2.273170,0.582837,-0.136985,-3.716145,2.164029,4.277536,2.542334,3.854202,-0.289826,-3.396230,-0.805679,-2.742075,-3.973427,-1.489616,0.312909,2.102546,1.102833,-2.401659,-0.473238,-0.166196,2.795280,-3.441506,0.125006,-1.588436,-0.250986,-0.249670,5.530736,4.020291,0
2.725621,0.354383,0.489919,1.250716,1.790604,1.963699,1.501625,-0.170950,1.462617,1.996922,1.099518,-0.410572,-1.995746,1.968623,-0.604699,-0.613079,0.919114,2.975457,0.145936,1.411909,-3.586462,1.786297,2.029406,-0.029152,2.992454,-0.213580,1.712497,-2.981308,3.821236,0.480473,1.939083,4.816710,0
2.131300,-1.289267,0.162121,3.482457,1.404785,2.754996,0.141032,0.629543,-0.664190,-4.523477,2.104477,-1.712830,-1.802110,1.348244,3.521306,-0.043349,-1.079870,0.079733,1.005447,0.065796,-0.631755,5.143560,1.484552,2.330730,4.018522,-1.900067,3.350031,4.160794,3.910915,-0.427922,1.543266,0.129805,0
-3.089988,-0.231534,-2.720669,4.669579,-1.450701,0.108742,-1.722723,3.092304,1.808684,-1.544816,-1.379656,4.583822,4.775433,-0.973221,2.631592,2.029857,-0.844262,2.784959,1.079504,-3.699330,-0.239815,1.363453,-0.185550,1.012222,0.159757,1.635949,1.591331,-3.461328,2.018936,2.534329,0.636174,0.127882,0
2.775784,1.362128,2.693192,2.795298,4.002553,1.670228,0.646062,2.870988,0.107833,4.116255,1.122017,0.252412,-0.332073,0.885731,1.876421,3.371184,2.285250,0.282357,0.769170,2.081853,-1.979125,2.929293,2.485518,4.232302,0.977571,0.016781,1.396538,-0.200650,0.339892,-1.905304,2.039967,1.947415,0
4.788319,-1.394341,1.000012,2.173283,0.845078,2.260573,1.640934,2.315011,-0.077610,3.815027,0.249525,0.228406,0.133250,0.179615,2.617673,-0.940051,1.406675,1.724530,4.535950,-0.612517,0.726604,-1.488314,-0.641208,-0.983266,-2.928253,-0.988851,-1.900655,3.377576,-0.565424,2.175097,1.889716,1.130637,0
2.188654,-4.076802,1.134629,0.633878,0.066628,2.102337,1.344890,2.790326,-0.342954,-0.517646,-0.798739,0.581264,-2.643977,0.636103,0.449808,-0.914441,3.095473,1.331476,2.286239,2.826857,2.043153,2.225301,0.267919,1.837320,-2.008229,0.783251,0.585896,-2.413613,2.064090,-2.233154,-0.191082,2.223347,0
0.950421,2.075938,0.088427,0.094129,1.657222,-2.254158,2.383508,-0.064306,2.211283,-1.835980,4.744400,-0.126441,-0.637024,-2.520539,1.057440,2.962943,0.805912,2.371458,0.207656,-1.125365,0.415851,3.562162,0.256039,-0.107547,0.738453,-0.710104,2.538612,4.356073,-0.762219,-0.292166,-0.751646,3.984492,0
0.700662,4.842391,1.096436,0.881045,2.642371,-0.247659,-2.883490,1.313040,2.589761,3.208684,0.705427,-2.323630,1.539908,0.901952,-5.015953,0.173722,4.597627,4.157205,2.268930,-1.615855,-1.759233,6.017169,-2.810146,0.343471,3.656295,-1.491524,-1.680042,0.216634,1.803907,-0.065300,1.971478,2.494717,0
1.654872,4.045877,1.676015,-1.102609,1.111649,-0.768838,2.838108,-1.808158,-0.979322,2.895117,0.742212,-3.060643,4.739966,4.075937,3.376740,1.661987,1.702156,0.098378,-0.150126,3.131600,2.017107,-1.989808,-4.602623,4.375021,3.611013,-1.480453,2.092435,1.425865,-0.047089,1.385400,2.999345,-0.235389,0
1.428100,-2.528349,1.592897,0.508531,0.910583,2.025228,1.097053,0.225942,3.940679,-2.721859,0.266201,4.080297,2.522631,-0.441205,1.689769,-3.104297,-0.795794,2.728888,3.146905,1.279241,-1.526099,-0.917329,-1.132581,2.740305,0.207266,0.660086,2.881472,1.526139,4.820835,1.271682,2.996903,0.486992,0
5.628664,1.845553,0.322767,-0.401583,-1.552182,0.313060,6.088397,3.937357,-1.681569,1.568260,1.460118,3.963104,3.617006,0.290532,1.749649,1.994923,1.301229,-0.449437,3.813361,1.722942,-3.625278,2.351177,-1.517972,0.860478,-2.002996,-0.706100,2.250746,2.694066,4.937052,3.918026,0.756902,-2.739114,0
-2.453794,1.602142,3.738528,0.319650,1.366834,2.366081,5.053986,-1.315416,3.778182,0.667851,1.584567,2.693605,0.541925,4.635811,-0.174138,-1.623267,-0.641750,-4.123759,-0.382325,2.918728,-0.652314,0.654457,-0.743346,-1.109531,1.429331,0.708967,-0.396841,0.907824,0.656254,5.233237,3.612414,3.349770,0
-0.670384,4.040451,0.676261,-3.679497,1.545666,1.062723,-0.027933,-1.552244,1.744528,0.356707,0.836189,3.060993,3.363653,-0.205830,3.059803,1.435801,1.984918,0.376767,3.288467,1.565417,3.824959,4.868279,1.700571,1.394049,0.052045,1.440858,3.107720,4.124186,-1.464306,3.908876,-1.823829,1.931217,0
2.354105,4.175010,-0.550159,-0.511140,-1.650470,0.922064,1.747774,0.123962,2.372561,0.559278,-1.847944,1.165579,4.164550,-1.427646,2.984456,0.723835,0.296236,2.852708,2.337630,-1.111266,-0.537457,0.799209,2.291862,2.627904,0.805016,1.987761,2.468861,0.800572,-1.693060,-4.066071,0.433690,-0.017435,0
1.643059,1.242442,0.659888,2.761971,0.533155,2.869387,3.373087,1.730539,3.782150,0.995178,-1.895751,-3.260862,0.569870,3.742732,3.275553,1.784136,-1.070583,3.991962,-0.719822,2.047960,1.920943,-1.768569,2.657381,-1.566580,0.949875,2.380494,4.887698,-1.581039,-1.270633,3.021553,-4.070480,-0.988182,0
1.808719,3.684787,3.551678,2.428599,0.417037,2.178693,-1.194288,1.550270,3.969686,2.608016,-0.938678,3.377825,-1.105259,3.357698,0.212786,5.290941,0.897822,0.908052,3.014141,0.888638,0.893553,-0.268258,2.792821,2.534313,0.822785,-0.849441,-0.906321,1.735077,3.657814,-2.326555,1.590611,0.719689,0
-0.597300,-5.613853,0.579547,-1.084984,2.772151,-2.409491,-1.102397,1.989427,-3.542984,-0.412355,-1.541189,-1.220794,-0.988500,1.027014,2.206355,1.981962,-2.585474,0.297372,1.171005,-0.562470,-2.207043,1.256530,-2.903178,0.150690,-2.822053,-1.050867,0.647734,0.381145,-1.703046,1.794512,2.166937,-4.227967,1
-3.574102,-1.621776,0.580051,0.927107,-2.531035,-2.183684,0.349548,0.638243,1.608499,-1.903020,-1.643747,0.287583,-3.071104,-1.195458,-2.311290,2.101610,0.948919,1.637555,-3.724176,-2.723176,3.707922,-1.738514,-1.196893,-1.367831,1.304938,0.119879,4.077745,-2.112259,1.113332,1.908905,-1.882450,-0.250247,1
-1.318101,-0.741894,-0.101394,5.450932,1.847241,-0.076435,-0.517700,-1.531737,1.313999,0.283888,-6.389694,-1.079147,-0.788163,-0.995042,2.752922,-2.167375,-0.573556,1.033949,-1.894854,1.949519,-0.815680,0.045434,-2.085216,-1.428825,-3.974564,-0.849836,-2.545506,0.670341,0.829475,1.722436,-2.261078,-1.364761,1
-1.896131,-3.446536,-0.307256,-1.512875,-2.107201,-3.776421,0.668216,-5.297887,2.073970,-0.951704,-1.145079,-2.835647,-4.460150,-1.183629,-4.430439,2.895426,0.628301,1.349890,-4.911959,-0.344070,1.472032,-0.552780,-3.608337,1.582970,-5.800244,-4.279131,-2.529404,2.574903,-2.132924,2.994984,0.349689,4.512461,1
-0.391620,2.056196,-2.884645,-0.762079,-1.998515,-1.842180,-2.878922,-0.745602,1.469751,-3.557384,-0.774959,-3.270966,1.292245,-0.323676,-2.827086,0.036855,0.800092,-2.589084,0.061402,-0.541224,2.432504,0.632339,-0.937355,1.643065,-0.964429,-0.328865,6.744368,-0.678698,-2.828949,-0.353415,-0.870412,-4.167609,1
0.767616,-2.058165,-1.047943,-1.271873,-3.382586,-2.052282,1.002607,-0.684944,5.435850,0.366227,-1.395379,-0.103243,0.339744,-2.089941,1.075863,-2.188964,0.466554,-0.132668,-1.520121,0.408974,-1.661762,-3.326496,0.036954,-1.666887,0.300866,-5.338850,-3.039789,-3.256379,-1.696876,0.156543,-1.730275,-4.503587,1
-2.972552,2.145247,-0.033479,-1.711920,-5.344738,-0.973822,-2.447276,0.458131,-0.796717,-0.124219,-3.930665,-2.794118,1.153640,-4.912826,-0.957605,-1.387648,-2.294874,0.066327,-1.259114,-0.165248,1.395674,-2.928510,0.705948,-2.045449,-2.651480,-4.099481,-3.123466,-3.703316,-2.987020,0.350132,0.500172,-2.652160,1
-3.427122,-2.078589,0.851795,-2.266018,-2.774475,-2.868988,0.127708,-0.990331,-4.080404,-2.862866,-1.156874,3.407744,0.889206,1.147949,-2.750099,-1.670094,-3.333129,-2.767742,-2.185038,-1.025075,-0.906438,-0.161620,2.262293,0.747066,-0.552630,-1.902300,-3.476268,-2.695624,-3.845818,-0.541112,3.356903,-0.460246,1
0.557950,-1.215297,1.102981,0.090361,-1.946915,1.402936,0.182174,-6.647141,-0.381790,1.513436,0.051951,-2.316424,-3.682511,-4.664278,-1.903521,-2.293304,-3.358494,-1.307856,-2.564015,-1.901778,-0.333972,-0.805631,-0.537641,-2.182934,-0.575906,-0.784287,-0.747064,-0.255252,-3.266601,-0.866701,-6.470149,0.399736,1
-3.568962,-4.423125,2.436901,-0.466122,-2.992019,-1.860803,1.237467,-1.411978,1.504101,-6.054750,-0.025876,-2.480267,2.341167,-1.848261,-2.192776,-1.959501,2.516762,0.112015,-1.756227,-2.401856,0.744872,-1.662801,0.595153,-1.173455,-1.267430,-2.117565,-3.143994,-3.082977,1.514007,-0.285502,-1.063061,0.188908,1
-3.949963,-0.568714,-2.243653,-1.750171,-3.624212,-0.509135,-0.833629,-0.255839,-2.061734,0.962363,-2.081280,0.610343,-4.352144,-0.939202,1.046344,-0.292879,-0.612503,-0.673102,2.500309,-5.206213,0.347131,-3.094245,-4.292499,0.552755,-0.753099,3.304804,1.753200,-4.257044,-4.320904,-0.154803,0.541070,-2.982355,1
-0.602468,-0.023411,-1.433526,0.692252,-4.228769,-1.238368,-4.251889,-2.369623,-0.306725,-1.864339,0.006054,-2.804305,-3.761815,-3.043836,-2.900964,-1.540977,-0.993944,-0.506862,1.220472,-0.771449,-2.638686,0.402244,1.261310,-2.265173,-1.853485,-1.296563,0.630835,-0.829573,2.326269,2.087100,-0.912788,-2.729844,1
-0.616791,-3.091706,2.635060,-2.286695,-6.232535,2.989572,-1.440415,-5.012629,0.219850,-2.549320,-1.021146,-2.825920,0.210068,-1.688669,0.532113,2.997837,-4.628748,-3.002121,1.140196,-3.198918,-1.610334,0.002468,-1.329728,3.967841,0.765553,-2.176078,-0.662638,-1.596470,2.557889,0.638477,-1.496028,-1.226108,1
-2.314265,-0.185578,-0.613740,3.715184,1.155852,-4.353140,-1.014842,-2.976961,-1.586268,0.493652,-2.387715,-0.688438,-3.404310,-3.452039,-1.267166,-2.387880,-1.540791,-4.737389,-3.173903,0.279798,1.153026,-4.601934,-2.976265,-3.365684,-1.828023,-0.180408,-0.902946,-3.145767,0.377113,3.200216,1.512641,-1.389707,1
1.487488,-0.920553,0.705061,-0.031181,2.371943,-0.443562,-2.018227,-1.967177,-0.771495,-1.427918,-0.938109,-1.671366,-4.314703,-0.497350,0.043722,-0.838151,-0.255994,4.968517,0.050917,-0.690279,-3.994281,-3.432299,0.459192,-2.087488,-1.763091,-2.862061,-3.629267,-0.545438,0.723153,0.047170,-3.501979,-0.577141,1
0.592531,-1.995254,2.219254,-0.655318,-2.500413,-1.068970,-1.409274,-0.686584,-4.287199,-0.550603,-4.666505,3.346470,-3.156398,-0.239463,0.292009,-3.869915,0.643345,3.881894,-0.603463,-3.885787,0.594756,-4.067234,-3.498931,-0.056190,-2.955835,-3.092855,-1.701886,0.824448,0.533429,-2.749051,-1.256028,3.825116,1
-2.782115,-4.101638,-0.734885,-2.054327,1.839436,2.409108,0.459151,-4.507439,-2.099478,1.062314,-1.548215,-2.126360,-1.352515,-5.680521,-0.985820,1.311996,-0.203682,-2.247761,-1.501780,-0.842748,-4.273448,1.708405,0.554781,-2.787745,-2.650717,-5.129249,-0.616234,-1.363351,-2.687973,-0.033170,0.124430,-1.995525,1
-0.652813,-3.287642,-1.982301,-2.479816,-0.156454,-2.604512,-2.915940,1.421103,-1.342874,0.068920,2.423585,0.094212,-0.069805,-5.255520,-0.545689,-2.304142,-1.012708,-0.464144,0.341804,-0.529109,0.033172,0.207068,-1.364964,-1.078647,3.083985,1.276672,-2.823340,2.542143,-1.840571,-1.402731,-1.007701,-1.154503,1
-3.838542,0.529486,-2.295403,3.511600,-0.937761,-3.053015,-0.658112,1.879324,-1.349169,-3.115769,-2.866335,-0.563183,1.023949,1.108476,-1.846976,-2.223702,-0.888504,-4.648628,3.029016,-0.178805,-2.391299,-1.282400,-3.637126,-2.574531,-0.519549,-1.609757,-0.966578,0.892086,-2.534145,-4.784307,-1.745176,-0.234121,1
4.299583,-5.050804,-2.416725,0.681623,0.104180,-0.637938,-1.462441,-2.052489,-0.690066,2.819986,-2.147593,0.146013,-4.708567,-1.710927,-3.768064,2.487164,-0.376734,0.296885,-0.317367,-2.986015,-6.184105,0.321372,-3.439058,-1.884943,-1.127095,-1.372155,-0.262012,-3.245296,3.159694,-0.151513,-3.745261,0.524705,1
-3.026471,0.355584,-5.009419,5.778992,2.131321,2.812669,0.337669,-2.481422,1.287202,-1.855708,-0.001801,1.478708,-0.991437,-1.047193,1.270125,-2.919671,0.117047,-1.137587,-4.754824,-0.323982,-3.435931,0.529530,-0.648602,3.861001,-1.563632,1.946356,-1.787094,-1.445018,-1.168385,-0.733184,-3.790610,-7.677391,1
-1.790507,-1.440354,-1.331277,1.676960,-0.098983,-2.638083,-4.026635,-0.296924,3.002309,-2.816816,-0.832390,3.405319,-0.174819,-0.566276,-6.304409,-0.463924,-2.773808,-3.740391,0.871897,-0.247776,-2.844188,-1.843285,-1.257391,0.037825,-3.905106,-2.850576,0.633157,-0.170813,-1.690711,-1.353705,-3.338706,-0.863952,1
3.418043,1.183496,-5.159249,0.986852,-2.274937,0.677935,-2.982867,-0.985925,-0.637705,-2.819491,0.634001,-0.783694,0.207378,-2.288837,-2.170321,-0.844305,-3.027691,-1.951687,-1.465925,-1.024908,-6.885127,4.119169,0.707288,-1.748726,0.902037,-1.864735,-3.168818,-3.601689,1.093850,-0.724284,0.312398,1.262830,1
-4.975701,0.087803,1.424960,-0.092504,-1.199959,-0.817387,-1.189898,3.446826,-0.841848,-1.440186,-2.796251,0.497407,-1.639259,-1.857470,-0.163918,0.297410,0.728419,0.558025,1.111926,0.795687,-1.816498,0.231180,-1.191463,0.985882,-2.867994,0.360053,1.360192,-1.656057,-2.325938,-1.474125,-2.577574,2.342170,1
-4.486710,0.799339,0.340070,0.158979,-0.647834,-1.951739,-4.541717,1.266709,1.341753,0.873782,-1.184891,-0.209741,4.190578,0.030993,0.936977,-2.124466,-4.231974,-2.549712,0.218976,-5.466531,0.935404,-1.570870,-7.186753,-3.903597,3.293530,-2.463263,0.454438,-3.349815,-5.013698,-2.210590,-1.291631,1.111462,1
-0.603714,1.033019,-6.688538,-0.960107,-3.189603,-3.668458,-4.146454,-0.259577,1.504924,-2.042201,2.170858,1.161966,0.580205,-1.773637,-0.678104,3.230738,-0.387523,-0.376901,0.339720,1.465633,-0.141417,-2.390493,1.208366,-3.880352,-1.477104,-1.221493,1.003596,-1.334544,-4.954563,2.271614,-1.649456,-4.183031,1
-0.318823,-4.150138,2.929123,-0.323550,-1.621625,-0.777588,-0.595420,-0.740576,3.561060,1.658478,-1.036514,3.080585,-1.734664,1.162593,-2.513879,-2.310099,0.381003,-1.855714,3.255904,-3.179770,-0.221619,2.167148,-2.396246,-2.820879,-6.753702,1.697845,3.447418,0.832161,-4.608902,1.803161,-2.821492,-2.069896,1
-0.173545,-1.230568,0.250732,-0.748177,-2.828671,0.881254,-4.196061,-1.305169,-3.636821,0.832680,-0.737543,-0.491828,2.112324,0.784381,-4.731191,-0.899468,-0.156364,-1.160173,-4.210799,-0.603096,1.366371,-0.503007,-0.665145,-3.492838,-0.723269,-3.886143,-1.959343,-0.800959,-0.263540,-2.516088,0.069077,-1.781509,1
-2.531749,-1.289760,-3.358461,-4.685905,-3.010429,1.487264,1.302019,-0.343128,-2.292226,0.670815,-1.215992,-1.779523,-0.960948,-2.144202,0.449967,0.461907,-2.830812,0.132495,-1.011926,-0.818873,-1.737893,2.399063,-3.314948,-0.713412,-0.591906,-1.822043,0.191845,-0.393193,-0.093048,-5.289269,1.811732,-3.948584,1
2.018659,-1.826561,-0.964291,-2.071318,-0.926100,-1.298263,-1.076003,0.723600,-2.472264,-0.913445,-1.384936,0.248312,0.473083,1.081375,-2.825011,2.123041,-1.984099,-3.273363,1.600042,2.090091,-2.365039,-3.029995,-0.916050,-3.723829,-2.631027,3.113413,-1.723836,-2.904587,2.261319,0.306318,1.288339,1.359880,1
-1.195091,-1.313109,1.476193,1.812632,-2.979756,-1.641381,-2.001159,0.957748,-3.092104,-1.538899,-0.683072,-3.470162,-6.710927,-1.016234,-3.311864,0.031186,-2.443486,1.023541,-1.254948,-0.338413,-4.054173,-0.230683,-1.335531,-2.019334,-1.050683,-0.201423,0.455853,0.588236,1.431215,4.460470,-3.894816,-2.361299,1
-2.241798,-4.770440,3.280060,-1.071978,1.634033,-1.651941,-2.855115,-0.878011,-1.498992,-3.216633,0.806708,-2.060142,1.378633,-3.804579,-1.201667,0.598222,-0.798870,-0.639757,0.054719,-0.834056,-2.717239,1.088479,-3.979315,-0.237962,-1.907084,-0.822194,3.170538,4.023912,-3.388097,3.146183,2.075887,1.111887,1
-2.304520,-0.102704,0.654842,-1.294103,-2.855997,-1.896843,6.908375,-0.984486,-2.507447,0.744775,-2.076753,1.414338,0.786541,1.709177,-0.786827,0.698489,0.387584,-2.761366,-1.131864,0.993155,-1.928135,2.486719,3.063237,1.678254,-2.342715,2.008489,-0.774365,-4.086577,-0.293485,-1.989203,-5.780636,2.596637,1
4.262818,-2.950541,-2.109812,-2.267795,-2.190003,-0.304645,0.823148,0.951709,-0.490777,-2.776262,5.220457,-1.242556,1.191143,2.126299,-0.218215,1.588882,-1.096483,-2.346797,-1.025243,1.633689,-2.463921,-0.965855,-0.096742,-1.409017,0.527307,-3.833906,-2.403049,-0.083122,-0.526507,1.818995,0.533390,-2.891055,1
-0.013081,-1.049562,-0.181400,-3.146111,-1.562076,1.945936,1.891210,-1.297770,-1.686028,-6.196080,-3.458328,1.576860,-1.435930,1.004248,0.170965,1.533143,1.280231,-4.114776,0.248467,-2.774904,-0.021628,-4.447721,-1.418557,1.419574,1.232928,2.866122,-0.264128,1.281176,-1.762342,1.810039,-1.988798,-1.239259,1
1.445113,-1.702699,2.910957,-1.796906,0.574720,-0.098508,-2.667693,-1.761523,-0.737912,0.953238,-4.386177,2.478185,-1.268742,1.132984,0.704010,-0.650328,-3.003720,-2.058642,-5.510396,1.156446,-1.286381,0.365048,2.277200,-3.460184,-2.433199,-6.076492,-0.649289,-1.239974,1.280540,1.956747,-1.527965,0.654160,1
0.516215,-2.802886,-2.135277,-1.576796,-1.870244,-3.837385,-2.988211,0.220123,4.689396,-2.464520,-0.487333,0.180002,-2.746013,-0.032335,-1.446059,-1.472486,1.620855,-2.240724,1.096678,2.566351,1.054052,1.178545,-2.257342,-0.807010,0.529882,-3.804753,2.900325,0.435919,-1.909741,-8.101196,-0.295026,-1.753129,1
-1.863069,-1.366749,-0.501261,1.676533,-0.790066,-0.290472,-2.032352,-0.810731,-0.730016,3.491927,1.160549,2.223012,1.740300,3.834620,-0.613656,3.498048,-0.593904,2.261167,-2.809876,-0.181173,0.463080,2.297932,-2.454161,-0.432375,0.503583,0.920540,1.899321,2.358909,-3.839679,-1.734344,-0.638227,-3.662959,1
-3.896343,0.869384,-1.489891,-4.379983,-0.841152,-2.942348,-1.032419,-5.065863,1.700129,1.437363,2.526628,-5.031276,-2.277236,-4.387881,0.243003,-3.405111,-0.787457,1.931462,0.767736,-5.319494,-1.990542,-6.266787,0.602032,-0.363384,-0.855502,-1.101851,0.379167,-1.391296,-3.018465,-1.773889,1.366879,-0.677686,1
-0.433445,1.168067,1.755073,-1.265688,-1.756686,2.038204,2.255373,-3.397107,0.799499,-2.749233,-5.229909,-1.839564,-2.340318,0.068460,-0.079918,1.109007,0.559898,-1.739323,-6.168408,2.628896,0.246463,0.271621,-2.754770,-0.440889,0.292338,-2.720574,-2.048678,0.234077,2.006834,-1.398423,5.491064,-0.810413,1
-2.772326,0.080088,1.550071,-3.299501,0.963358,-1.943345,0.448519,-1.289270,-1.253483,-4.998609,-0.068449,-3.903174,-3.112607,-3.521721,-0.284046,-1.506589,2.064644,1.738798,2.896698,-0.854906,1.670060,-1.405320,-0.516840,-1.315737,-1.966203,-1.462717,0.700234,1.486076,-0.119193,4.082412,-4.417607,-3.706429,1
-5.123096,2.892406,-2.788489,1.795973,-2.539640,-1.095542,-0.380788,-3.410380,3.005278,-3.751282,1.125050,-3.355578,-1.176021,-0.778452,-0.646809,0.222518,-0.101498,-0.232980,-2.460275,0.818069,-0.680434,-0.487016,0.629559,-5.029482,0.474506,-0.840803,-0.191407,-2.296000,-1.579095,2.579977,0.524451,2.846168,1
1.004363,4.459797,1.008010,-3.412676,1.123571,-2.027823,1.665086,-0.497484,-1.222618,-3.448627,-1.242772,-2.414702,-0.328162,-1.441831,-2.833260,0.614969,-0.032773,-3.544099,0.924747,1.106634,0.759523,0.903133,1.652204,-0.700045,1.632191,-0.701116,0.960230,0.060594,-0.070847,-1.401150,-0.221579,-2.372743,1
-3.109119,-6.257885,3.648895,-2.251119,-0.271828,0.346211,-4.788341,2.959276,-1.184096,-1.547136,-1.275023,-3.136465,1.827775,-1.748268,-1.359654,0.435610,-0.970932,-4.661907,-0.461288,-0.497912,2.532834,0.631818,-2.032075,2.935745,-2.456375,0.015145,-0.731586,-2.617162,-3.962663,-1.582814,0.199926,-1.598501,1
1.169820,1.136660,-0.297657,-0.685023,-1.763132,-1.016111,-0.621345,1.280911,-0.154667,0.095061,-1.074739,-2.358521,-0.136142,0.778865,-1.168193,-0.556540,-0.373999,-2.451895,-1.080514,-2.191388,-1.207808,-0.645108,1.067127,-4.363645,1.451074,-1.722206,1.774961,-0.487295,0.000669,-3.718879,-2.019197,-1.418215,1
-2.827904,0.168011,-1.789650,-2.472891,2.122947,-1.998968,-6.687496,-0.685781,-2.528869,0.549886,0.844667,0.469256,-3.592347,-3.431196,0.447189,1.288842,0.262049,2.555376,2.115373,-1.133711,0.150828,-0.300447,-0.024562,1.602298,-0.746541,-2.679853,-0.857367,-1.490932,0.813218,-2.751519,0.266085,-0.748437,1
-0.628643,-0.196198,-3.365002,-0.469220,2.576156,-0.888239,1.521558,-0.108815,-2.788582,1.652783,2.430895,0.755898,0.409323,-3.607339,0.365712,0.600231,-1.951815,-1.164772,-0.829128,-1.711341,3.978737,2.524161,-0.479167,0.740891,0.848096,1.256778,-1.007886,2.082591,1.641947,-0.245237,-3.689687,-2.021422,1
-1.613304,0.994011,-5.366047,-0.087349,-3.669371,1.261630,-1.169574,0.901391,-1.725584,0.540604,-3.386115,1.498699,-0.291317,1.318283,2.459208,1.485559,-0.165126,-0.389585,-0.583218,-0.604465,-0.979880,-4.362775,-3.565012,-1.962090,-1.091636,-5.254744,-2.899721,-1.224429,0.380576,-0.706241,0.762676,-2.323057,1
-3.422146,-3.535534,1.214540,1.802047,3.578654,-0.558329,3.680223,-2.132763,-2.390100,1.540998,0.344378,-3.330977,-1.401320,-3.649739,1.902242,1.086821,-4.996993,-0.085148,1.147432,-2.937739,-1.819032,3.215162,-2.941014,-2.961022,-1.100229,1.379513,2.635877,1.517171,0.396255,-1.250706,0.942883,1.113559,1
0.799418,-2.522008,-0.277491,1.676515,-3.311789,-2.012972,-0.278764,3.064846,-1.313445,-2.124205,-3.876400,-1.213149,-0.872656,-0.858603,-2.755733,-2.444299,-2.777117,-0.668077,-1.969625,-0.700541,-2.759589,1.295325,-4.028631,-4.383163,-3.824280,1.685433,1.103297,1.944028,0.330189,-1.978138,0.717663,0.038467,1
-0.497593,-4.375495,-1.332124,0.604545,0.276459,1.468519,-1.825571,1.978874,-0.819391,-4.841750,0.185841,2.346766,-0.761470,-0.363657,1.830950,-0.945176,-0.518140,0.796159,-0.292013,-3.478196,-2.400177,-0.089692,-3.263510,-3.574830,-2.746454,0.561991,-0.410401,-4.839487,-2.058121,-0.986997,-0.447917,-0.931839,1
-4.297303,-0.293324,0.253631,-2.428448,-4.497765,-1.072458,-1.243086,-1.356642,-1.134399,-3.968852,0.137992,0.133716,0.246916,0.059693,1.240526,-1.654627,0.411466,-3.544458,0.790046,-0.429786,0.419546,0.624499,0.578754,-0.685063,-3.055092,-1.632657,-2.183071,0.096222,-2.131353,-0.622708,1.086386,-1.489281,1
-2.593159,-0.490871,-3.461101,-1.110433,-1.563646,-1.362645,-2.944835,-0.313200,0.772941,-3.360395,-4.204029,-1.884828,-1.735254,-1.208354,0.182702,-2.993143,-4.337131,-1.846382,-1.471165,-2.602156,3.372076,2.007947,-2.227565,0.765217,-0.497699,-1.798137,2.383426,1.821691,-3.201647,-2.827854,-2.794456,-0.350919,1
-2.468951,-0.917443,-2.264686,-4.210361,-1.756269,-0.667848,-2.068403,1.070608,-4.394298,0.197979,-4.257648,-0.023776,0.761151,0.475533,-1.036024,-2.940679,-0.491602,0.274049,3.127714,-1.680614,-1.078094,-2.216875,-4.232913,0.559999,1.516232,-4.172413,-0.173480,1.326577,-0.996695,-1.673373,3.507051,-2.441877,1
-4.329956,-1.324846,-0.784184,0.111926,1.699782,4.535112,0.244792,-0.414015,-0.348298,0.210726,-0.179464,2.253871,-0.012361,-3.002319,-1.438541,-0.786105,4.039947,-5.583022,-1.267982,0.047443,-2.549077,0.079319,-2.862618,-0.902998,-7.444360,0.965674,1.640186,-1.240949,3.385024,-1.459907,-3.306017,-2.685148,1
-2.470431,0.396564,-4.013051,-2.800607,-0.960036,-1.622947,-0.456986,-1.534782,-1.516079,0.156451,-2.413779,0.215027,0.045474,0.006566,-1.726388,3.594707,-1.036905,-4.632654,-1.375898,-2.505323,0.531036,1.110717,-2.914470,0.364503,-3.743620,-2.326933,-2.686666,-1.815673,-5.532734,-5.832537,-6.239898,-2.076955,1
-6.000343,-4.709513,-5.323174,-2.680048,-1.820853,1.558172,-3.331504,0.211846,3.424696,-3.909685,-1.949996,-5.219707,2.751465,-2.874721,-0.071109,-0.462600,-0.264853,1.366250,-0.824327,0.004368,0.351368,-0.898089,-2.701979,2.153314,1.491259,-6.372761,-1.676142,-3.677740,-1.823538,-0.841752,0.570278,-0.919294,1
-0.690352,-3.161407,-1.779006,-1.824213,0.303616,0.877671,0.190670,-1.053680,-1.276306,-4.272295,2.612505,-2.817999,0.131785,-0.649267,-2.274314,-1.320388,-3.100689,-3.803723,-2.802786,-0.543770,-1.135664,-1.042803,1.562063,-2.596163,-7.040331,-3.569764,2.357038,-2.950322,-0.147156,-2.230494,0.380585,0.906020,1
-3.554831,-0.055403,-0.593273,-0.121751,-4.665322,2.566607,-0.054944,-2.035321,2.506424,-2.328389,-3.826941,-0.264359,-2.629994,-2.518181,-1.725484,-7.631348,-2.689570,-5.755206,-0.737532,1.144691,0.992287,-0.112077,-1.688574,-3.765070,0.252578,1.186011,-2.973713,-2.845779,-4.455169,-1.236628,-0.299021,2.413422,1
-1.978745,-3.030828,-1.182276,2.453542,-3.054897,1.695646,-1.191959,-2.250607,-3.518518,0.717703,0.333180,-1.417979,-1.024185,4.653965,-2.957743,0.282226,0.256708,2.596241,0.991404,0.171260,1.115476,2.994884,-0.126314,-0.147590,-1.803122,2.077942,0.754954,-0.868293,-1.489500,-5.004941,-0.470987,0.745440,1
-0.887378,-2.058731,0.699533,-2.736086,1.199685,0.538812,0.180555,-3.977423,0.903165,-3.150509,4.040304,-1.863433,-1.484005,-0.057727,-2.612916,-1.854545,-3.212749,-0.466969,-0.031336,-1.960453,-1.714832,-3.665677,4.915842,0.464546,2.447548,0.813391,2.099378,-0.044068,3.674848,-0.352063,-2.250475,-4.193868,1
-0.239882,4.464885,-2.267246,-0.745461,0.844873,-1.564111,-1.867347,-0.273445,-1.477170,-2.454176,-0.371374,-3.029283,1.247005,-4.813202,3.321340,2.340217,-0.656018,-2.761235,2.370154,1.476860,1.018234,-1.141738,-4.527522,0.682508,-2.470296,0.366259,0.916883,-0.551532,-1.136701,0.242281,0.224016,-3.391870,1
-1.055113,-2.842954,0.493190,-4.061800,-0.097166,0.330694,-1.630904,-0.404992,-0.846743,-0.229847,0.993777,2.299239,-3.612533,-1.964880,-3.486524,-3.725429,5.413092,-3.009945,-2.956646,-2.841815,0.271091,-3.665720,1.325297,-1.992752,-1.089592,-2.517935,-1.300856,2.615770,-0.201538,1.975727,2.927974,-1.925416,1
-3.317140,0.935275,1.241853,-2.340354,-3.701234,-0.664359,-2.853069,1.447791,-2.825888,1.150605,-1.404974,-2.725419,-0.892199,-2.044402,-3.014702,2.455091,-4.805212,-0.946454,0.013688,1.136153,3.554718,-1.876225,-0.510157,-5.873806,-0.960384,-4.368443,-3.242052,0.045630,1.988077,-2.815055,-1.852280,-2.755862,1
-3.196728,-1.654881,-2.424739,-2.114798,-3.628163,-1.784263,1.059402,1.028624,-4.369031,1.126360,-1.294683,-0.119029,0.963450,0.653090,1.398087,-3.504396,-3.213240,-1.777165,-0.260330,1.607530,-0.402615,0.154037,-0.453666,-2.864399,-1.501163,-1.251841,-1.876444,-1.679809,1.762259,-1.697967,-0.801167,-1.642725,1
-1.275390,0.445819,4.366276,2.648913,1.293171,-2.037177,-4.007926,2.133863,-1.542504,0.141797,5.049223,-1.487240,-1.323560,1.487599,3.757498,-0.939262,-2.530572,-0.502525,-3.344117,-2.293353,0.510222,-1.007665,-3.000920,-2.074492,-1.399403,-0.588842,-2.401555,-4.086546,-1.238775,-3.459731,-1.608430,-2.695213,1
-1.042202,-2.039814,-1.814162,-0.283222,-0.675316,-2.554756,1.089766,0.494952,-0.837293,2.793161,0.107210,-0.823107,1.432183,0.699121,-3.773145,-2.541751,0.090920,-0.717080,2.930528,-1.687688,-2.061081,0.671337,-0.205265,-2.919574,0.204109,-0.350200,0.903481,-2.692086,-0.013337,0.703130,-0.006786,-2.944830,1
-3.471826,0.571239,1.337541,1.809735,0.027960,-1.345184,0.658756,0.049603,0.778310,-1.593077,-1.943353,0.891159,1.868025,-0.925895,0.601162,-2.151026,0.291322,-1.483924,-2.980315,1.051887,0.330331,-0.457170,2.190292,-1.324701,-2.402932,2.001965,0.693967,-0.565619,-2.140443,1.863918,-3.603297,-3.091572,1
-0.153172,-1.980107,1.768015,-0.197393,0.680682,1.213200,-3.111200,-0.483237,0.471190,-1.293135,-0.270775,-1.892313,0.928721,1.497886,-1.724874,-1.960423,1.083951,0.443808,-1.955741,-2.707208,0.468267,-1.776995,-0.742110,-0.207783,-2.689055,-1.772660,-3.083261,-2.580939,-0.938698,0.225853,-0.930073,-0.295480,1
-1.087335,0.038682,-1.813861,2.138622,-0.811473,-3.741073,-1.471005,-0.485575,1.293951,-4.682111,-1.619311,-1.473073,-0.418557,-0.444942,3.411556,0.851566,2.430080,0.447542,-1.110546,-0.680003,-0.142262,3.720072,1.061192,-2.267382,-1.101141,-0.541245,2.959028,-0.387533,-1.478622,-0.841167,-4.352365,-3.580425,1
0.182698,-3.701661,-1.317894,-1.766295,0.049358,-2.178400,-0.538198,-2.944458,1.697599,-1.066051,-1.632449,-1.899519,-3.361114,0.858237,0.979766,-0.552540,-3.689813,0.401030,4.955013,-1.184372,-4.852354,-0.048348,-0.595062,-0.829414,1.049235,-5.553042,-1.251265,-3.576776,-2.087426,-2.733075,-1.429311,-5.094434,1
-2.848847,-2.346202,-2.890704,-0.160611,-4.361709,-2.332780,-0.087380,4.164288,-0.092275,-1.219646,-0.637848,-1.596623,-3.319166,-3.697244,-4.577236,-1.068330,-2.065933,-2.913269,-1.577040,1.137609,4.196056,-2.405709,0.626747,0.331315,-2.911622,-1.668252,2.565334,-0.252825,1.769919,-1.101366,-1.198573,-1.745876,1
-3.337714,-2.437159,-2.748269,-0.545247,-1.965516,-0.733429,-1.318450,-3.276443,-2.816989,3.011765,-4.544011,-0.322568,0.742187,-1.618389,-1.953303,0.495951,-2.708979,-2.572958,-0.968851,0.343202,0.809400,-0.730598,0.528361,-1.132004,-1.716442,-1.392715,-3.247241,-1.124609,-1.540328,-1.979667,-2.871869,0.498850,1
-5.736044,-4.714706,-1.918579,-0.890003,3.025263,1.170284,-0.644615,0.282089,-0.565668,3.011341,0.667108,-3.140574,-2.429323,-1.303230,-0.544753,0.991732,0.871741,-3.295726,-3.463290,-3.229082,0.973940,2.279001,-2.290128,-0.617846,-0.587704,2.077186,-0.008135,-1.542408,-1.036220,-3.691258,0.756409,0.658279,1
-1.620117,-2.356984,-1.823117,-2.045712,-1.943719,-0.436506,-0.074171,-1.484175,-1.653476,-2.448158,2.619376,-1.597490,-1.738298,1.263929,1.268422,-2.562244,-0.134990,-0.672852,3.535488,0.206875,-2.421539,-3.620312,-1.525556,-2.593330,-2.646107,0.196883,0.474687,1.443014,-5.594745,0.004142,-1.040915,-0.353250,1
-2.763571,0.045454,-1.462634,2.984156,-1.990487,-4.183354,-4.917138,-2.149865,-2.515974,-3.427292,1.112301,0.115085,-0.294307,-3.419510,-4.070604,0.474767,-1.306714,-3.594069,-8.352869,-0.077705,2.299650,-0.808023,-0.202541,-0.041100,-4.123574,-1.001893,-3.542420,0.032084,-4.156626,-1.822300,-1.545009,-2.806284,1
0.694942,-5.049283,2.102576,-3.850751,1.838803,-2.585905,-2.774899,-0.296516,2.022028,-0.782025,-2.441586,-0.646580,-2.617250,-1.080830,0.723876,-0.205406,1.488203,0.684064,-4.495105,1.321512,-0.383811,0.976747,0.490304,1.657174,-1.241641,-1.757111,-0.494809,-0.927000,-4.712427,0.507960,-1.054586,-3.281054,1
-6.637449,-2.537949,2.773174,0.201072,-0.946962,-1.171314,-5.670841,0.384798,-2.807775,-0.152719,-2.705479,1.068925,-1.383689,-3.479129,2.083982,-0.189817,-0.392783,0.718747,2.238349,1.728474,-2.436368,-0.716677,0.780194,0.111323,-4.545060,-2.973977,-2.559929,3.316309,-6.044477,-2.278453,-5.183399,-4.840207,1
-3.622902,-0.366118,0.715785,-0.976053,1.496622,1.025118,-3.659986,-1.729860,-1.950203,0.266138,-3.255132,-1.401532,-1.843802,0.693690,-2.145455,-2.639626,0.187126,1.581133,-2.063370,-2.502102,-0.873173,-0.415171,-2.004877,-1.321559,0.530136,-2.938026,-0.417312,-5.553849,-1.351011,-1.535042,-2.922266,-0.470400,1
-3.226650,-3.516461,-0.002883,0.181266,1.581315,2.364291,0.953067,-2.080567,0.389380,-2.144835,-2.454386,-1.027511,-0.327936,2.015232,-4.268448,-4.782198,-2.931031,-2.997895,-0.603676,-0.994149,0.905624,-2.437101,1.172292,-2.080951,0.890235,-1.578492,0.466640,-2.458977,-2.172583,-0.914894,0.549786,-4.056440,1
-3.735163,-1.749824,3.204123,3.950463,-0.674054,-0.824642,-1.494307,1.607398,-3.337996,1.145205,-2.106882,-6.101868,-1.487540,-1.054369,-5.217871,0.717869,2.689125,-1.993352,-1.032983,0.245401,-6.539070,-1.378451,-0.071190,1.005549,-0.900785,-2.110425,-3.385060,1.160535,-3.739186,0.926336,-4.079143,-3.421845,1
-0.688091,1.951266,0.427919,-4.890507,1.246290,-2.015426,1.403870,-1.093090,-1.823545,-4.642765,0.311936,-1.677192,-3.167872,3.392108,-0.280298,-1.959799,-1.270443,-2.802040,-0.368393,-0.114095,-0.868466,0.163574,-4.382534,0.738769,-2.832088,1.987905,-0.958216,-0.173955,0.066312,2.779835,-1.152146,1.689547,1
2.040378,3.477399,-0.194701,1.000613,0.594111,-4.396297,-2.588838,-0.761791,-4.449803,-3.263706,-0.168131,-5.678253,-1.292085,-2.534258,-3.329975,0.315543,-2.773828,-0.273572,-1.561325,-0.188916,-1.806484,-1.558467,1.653020,-0.761731,-1.491317,-0.030556,-2.716008,-1.645498,-2.049833,-2.619308,-1.787770,-0.826377,1
0.516069,-2.516171,-0.582039,-4.155116,-0.708177,1.336671,-3.029038,1.431140,-1.084392,0.450306,0.311899,2.037662,0.473891,0.094728,-4.339612,-0.527683,1.511361,0.021020,-1.051388,-0.385717,-0.012576,-1.058075,0.002419,0.512526,-1.528481,-0.830643,2.222961,-1.649944,-1.185249,-3.829813,1.325359,5.197502,1
-0.813912,4.882780,0.178240,-1.777072,1.825255,-2.374059,-3.105477,-2.026551,-2.137260,-1.182110,0.023153,-3.360820,-2.340699,1.810367,-0.459183,-2.149222,-3.132265,-0.267706,-2.269197,-0.469471,-1.315535,-1.023183,-1.580901,-1.197679,0.193662,-1.424184,-0.206658,-1.247500,1.938497,-0.314672,-0.403877,-0.396868,1
1.525763,1.424737,-2.797470,-2.221346,-3.429587,-2.172174,-5.081035,-2.307984,-0.990139,-4.384496,2.331973,-0.728447,2.212049,1.654905,-1.560640,-2.581626,1.442060,0.695339,2.604777,-0.742112,-0.377550,-1.406723,2.158199,-1.628902,-1.866599,2.801693,-3.240880,-3.713097,-0.340309,-4.768720,1.464853,-0.562608,1
-0.490694,-1.360497,1.397634,-7.154925,-1.920418,0.597758,-2.427177,-2.568167,0.523596,2.175839,-2.515536,3.959373,3.883313,-1.496050,-2.662710,-0.363254,1.548208,-1.125305,-2.537676,1.849559,0.521294,-2.369264,-1.128927,-3.411629,-0.485693,-6.073565,-0.857865,-7.663907,0.848711,-1.624257,-0.324105,2.865946,1
-1.145791,0.710442,-0.899134,-2.790820,-3.731882,2.300557,-2.592625,-2.452130,0.784396,-3.463633,0.345483,-4.556824,-1.634023,-0.873743,-1.325615,-2.008598,-1.994517,-3.918011,-0.402890,-4.513247,3.049724,-1.981588,-1.912489,-1.320853,-0.508276,-2.835388,2.799361,-0.278239,-0.740334,-0.402122,-0.960813,-1.277468,1
-1.696999,-0.936967,-1.970638,-0.585330,4.654074,3.783807,0.254935,-1.978107,-0.719374,-0.112443,0.562868,3.093721,-2.765552,-0.502501,-1.001095,1.002791,-0.609138,3.342856,-4.459158,-2.361497,0.493773,-3.018685,2.576601,-5.895049,2.746930,-2.978682,-0.648438,-0.412605,-5.140681,0.146816,-0.473721,0.713748,1
1.393060,-3.618608,-3.871727,-1.089046,-3.685280,4.094876,-4.025498,-2.305859,-1.390347,-3.245790,-4.836065,-1.851568,-1.840657,-1.163836,-0.927623,1.085435,-0.427869,-1.244425,-1.359021,1.947785,0.273753,-1.642697,-0.274929,-3.405153,0.265645,-3.045054,-1.955519,-0.964353,-4.674517,4.020203,-2.054686,-1.614562,1
-4.042973,1.878099,-1.707596,-1.765715,0.967237,-3.117776,-3.245188,-0.028363,-2.554253,-3.808475,-1.823745,-4.132458,-2.114073,2.096160,-2.787058,-1.569755,-7.231530,-0.205301,-6.244335,1.284081,-3.965517,-1.093231,-0.096970,0.716901,-4.144419,-0.813959,0.118247,-1.827014,3.048751,-6.336128,-1.159125,-2.383136,1
1.601014,1.786842,1.115391,0.741503,0.954760,-3.206465,-2.213428,0.296992,-0.478673,-5.461824,-4.241442,0.062259,-0.218947,-1.469327,-1.331720,0.536557,0.353889,-0.943174,-2.507247,-4.416765,-2.897888,-0.846533,0.449642,0.061462,-1.085672,0.807908,-0.657302,0.215016,-3.518246,3.777680,-2.666209,-2.005851,1
-0.581623,-0.456365,-0.857609,1.523039,-3.899028,-2.889141,0.455160,-3.639471,-0.552917,-0.852256,2.078501,-2.661807,-0.703877,1.039562,0.367329,-3.851526,0.971099,0.180823,-2.009570,0.591470,-0.539515,-4.709374,0.870316,-3.019087,0.177176,-1.726004,4.176255,-0.528985,-3.292617,1.264816,-0.774879,2.452526,1
2.386209,0.598753,-1.405787,0.259942,-5.103386,1.053065,1.240512,-1.371192,-1.018086,-1.389745,-2.643505,-4.091739,-2.837049,-2.515585,-2.414807,3.689928,-2.809604,-1.740646,2.654223,-2.120639,-4.293206,2.164294,-2.715711,-2.348088,-2.482903,2.409940,-4.056077,-3.493115,-3.774087,-1.267119,-0.141814,-2.192427,1
-0.691158,-1.288850,-1.400043,-1.261041,-0.674644,0.235735,-0.380886,-1.827273,-5.224128,1.727538,2.507602,-3.279164,-0.774281,-1.799561,-1.985140,-1.594907,-0.275690,-2.682635,1.021171,4.146795,-0.261703,0.967390,-1.149427,-1.887534,-0.224454,-3.111710,-0.963835,1.699844,-3.969610,1.455795,-3.282798,-4.709546,1
-0.113935,-1.330299,0.268037,0.191665,-2.804539,-1.125070,-1.774910,0.471494,-2.697692,-5.127058,-1.128751,-1.753090,-2.605164,-4.413390,-2.236959,-0.896677,-2.533807,-1.322699,-2.016770,-1.299965,0.763285,-1.393329,-1.772511,1.231466,-3.166701,1.302190,1.333707,0.310804,-1.413397,0.994709,0.782516,0.804189,1
-6.856059,0.870050,-2.347025,0.071372,-1.524434,-1.458047,-0.422430,-1.631617,-2.892582,-3.184713,-0.341895,5.649614,-0.784436,-4.161371,-2.926525,0.904529,1.285047,-2.530544,-2.107688,-0.585497,-1.530748,-1.772243,-1.900275,2.615590,-2.712406,1.618848,-2.454241,2.672966,-1.294276,2.224405,-2.639230,-2.497782,1
0.535749,0.379671,-3.553630,-0.295330,-3.251797,-2.398525,-1.526084,-3.908998,-4.851071,-5.035029,0.291699,-0.373540,-2.743534,-0.544910,-2.558411,-1.039325,1.005523,-1.279153,-0.871728,-5.516640,-1.975507,-1.599771,-1.598511,-2.985858,-0.433836,-0.326181,-2.805984,-0.731007,1.089858,0.919632,1.690348,0.159571,1
-0.629558,-2.753682,0.227685,0.808345,3.362779,-2.156423,-0.783353,0.251994,-0.734490,4.749208,1.854598,-3.267762,0.645148,3.814050,-2.353989,-2.417501,-0.584437,0.412170,-3.118931,-1.116294,3.615825,-0.181040,-0.678756,-2.368028,-0.425961,-2.045925,-0.387499,0.713125,-2.638375,-1.066466,-1.674065,-3.898764,1
-3.640568,-0.882263,0.116597,0.852229,-1.463820,-2.461816,0.806226,-4.851751,-3.447595,-2.178785,2.416022,1.268216,-0.303028,-0.452401,1.242161,0.834889,-3.583859,-1.205005,-2.718836,-1.496824,-1.069535,0.394932,-0.033844,-3.046865,-1.838640,-3.270315,-3.449801,1.339861,0.016843,-1.525312,-0.154403,-2.569166,1
-0.090284,-1.059117,-0.642455,-2.187090,1.576574,-2.133398,-1.890012,-1.608735,-2.126324,-4.611578,-3.013015,-2.818188,-3.360775,-0.600545,1.599281,3.315274,-3.913994,-3.975917,-0.139919,-2.360513,-2.188669,-2.195428,-3.893946,0.548028,-1.077342,0.276006,3.416018,-3.441618,0.709275,0.282058,1.301867,0.283201,1
-0.398975,-4.135552,3.679545,-1.937071,-2.928938,-3.614600,3.461731,-1.815470,-1.475516,-1.850570,0.589455,-0.783584,-1.208614,-2.716037,-0.013824,-2.926349,-5.170650,-0.195225,-1.991133,-1.205913,-5.529332,-2.527471,-1.196330,2.656141,0.387330,-2.313560,-0.324443,-5.498771,-4.675282,-1.531631,-4.123552,-0.676950,1
0.057182,-0.063049,1.426525,2.851704,-2.415328,-1.021238,-0.467514,0.387612,-2.258166,-1.769852,-1.629503,2.409684,0.758212,-0.782403,-0.864815,0.715492,-4.243779,-4.805617,-0.998565,-1.045960,-2.346510,1.332850,-1.058556,3.174687,1.746266,-0.262486,-2.200539,-3.314116,-0.921276,-0.102777,-1.800246,-1.414728,1
-1.584665,-3.365644,-2.103212,1.180089,1.043359,-1.335838,-1.653595,-4.230020,-1.217655,0.290060,-0.029793,-0.576827,-1.723315,-0.623885,0.222542,3.854780,1.974879,-2.306602,-3.129497,-0.310796,1.153087,-2.152934,-0.540755,-1.602973,0.790179,-1.071549,-2.477839,-2.504919,-2.238216,-1.967649,0.558168,1.156144,1
2.484522,3.316826,-3.627492,-0.125030,-2.221628,0.623477,0.234957,-2.240352,-1.660462,0.544614,-1.476006,0.791471,2.523714,-5.079245,1.451397,2.705154,0.907954,1.335646,-2.425543,-3.171140,3.163766,0.030529,-1.567772,0.935268,-0.531659,-3.205036,-0.815218,-1.623551,-1.054905,-6.592127,0.912426,2.364029,1
-2.520149,-0.620181,0.521734,-0.851388,-3.184919,-0.243036,2.573097,-2.811168,-0.611704,-0.924544,-2.165301,0.395428,-5.373288,-4.057988,-0.938324,-2.277309,-3.420803,-1.179576,-2.342038,-3.352355,-3.714997,-2.318838,1.428689,-3.044971,0.158884,-2.471265,-0.106376,3.081809,-1.387505,-2.571719,-1.235137,-6.392228,1
-1.356902,-1.584313,0.163049,0.029866,1.440904,-0.307321,-3.087380,-1.849153,-3.319669,-0.479873,-1.373046,-2.976146,-3.701438,-4.089177,1.430930,-1.415684,-2.364068,-1.963641,-0.917699,-2.603270,-0.601794,-4.197912,-1.117578,3.924514,-4.497708,-0.940753,-0.626612,-1.412467,4.734228,-2.334338,0.155801,-1.015420,1
-6.310638,-1.882617,-3.852339,0.216217,-2.540449,1.173063,-0.266146,-4.669290,-0.397995,-1.125526,-4.503519,0.647926,-1.369256,-0.371104,-0.038486,-2.167218,-2.942223,0.582334,-1.102861,-1.300621,-2.919450,-0.331036,4.213424,0.260781,0.525634,-5.612422,-1.861017,-1.793091,-4.389460,-0.638653,-2.338159,-0.948794,1
-1.036179,2.358271,1.985748,-3.650597,-0.179089,0.883843,-1.311561,-3.246315,-2.287242,-2.576991,-1.650717,1.428265,-1.523245,-1.060390,-3.494548,-0.917813,0.362625,1.689878,-1.524302,-1.430520,0.103016,-3.923655,-1.221022,0.720043,0.574002,-1.193448,-1.588735,-3.196525,-5.193406,-1.203826,-0.015946,-2.567876,1
-2.234269,1.790807,-2.852763,-1.142405,0.721889,2.662316,-2.695887,1.072395,2.709028,-0.325998,-2.195664,0.087531,-1.112235,-2.681108,-6.076924,-2.707428,-0.390618,0.236886,-2.538043,-0.453311,1.811568,-2.844820,2.705573,-3.313215,-3.078446,0.636816,-0.489323,-0.214655,-3.532157,1.253129,-2.851235,-3.017617,1
-1.727374,0.716205,-0.351526,2.967779,-1.183932,1.925821,0.000506,-2.911329,-0.862855,-0.192704,0.781198,-5.929845,-4.629386,-0.028360,-0.284172,1.513033,1.138050,-0.363113,0.287332,-2.226270,-5.711343,2.510474,1.718424,-1.696188,2.526640,-1.215646,-1.702436,1.520212,-1.092944,-1.824033,1.795305,-1.141191,1
-0.553935,-2.922895,-2.265508,-3.385756,-1.536241,-2.131074,0.825273,-3.305940,1.559786,-3.765502,0.176012,-2.060954,1.135329,0.490920,-1.452744,-2.247441,-2.219582,0.960653,1.424252,-4.387580,-3.198630,-0.076172,2.846737,-3.537471,-2.697625,0.242521,-3.028468,1.293482,-3.599788,-4.894939,-0.515047,0.664788,1
0.661905,-1.615805,-0.553887,-3.620411,0.787946,-0.533383,-3.386740,-1.928496,0.798091,1.780421,-4.528577,0.744473,1.120230,-2.290123,-0.544719,0.752143,3.529845,-5.950295,0.407701,0.468799,-5.020133,0.783411,-1.239018,-2.154516,1.345336,-2.444384,-1.683973,-1.453617,0.457319,-1.239955,-2.281483,-2.472882,1
-1.143534,-3.244212,-0.450746,0.148406,-5.059123,-1.656301,-3.001327,-0.476211,-0.545878,-1.081176,-1.609729,1.862575,0.075882,2.195591,-1.195873,-2.046535,2.683854,1.931894,-3.174057,-2.970523,4.713160,3.550800,0.375514,-1.815954,-2.211969,1.168399,1.791253,-2.677881,-3.549481,1.323434,-4.502886,-1.199661,1
-2.546526,0.577796,-4.593063,-2.446521,0.450562,-3.063333,-4.632120,-3.246477,0.409657,-6.137965,1.004139,-0.806005,-1.684276,0.257458,-0.388538,1.004851,-1.584933,-0.086982,0.552286,-0.859900,-0.763292,-4.500717,-2.685233,-1.302224,-0.327595,0.059348,-1.584871,-0.280308,-1.051835,-3.222864,-2.471910,-1.866791,1
-1.239263,-0.417212,-0.231940,-3.854849,-0.385804,-0.866089,-1.243590,-2.658992,1.029639,-2.033388,1.164333,-3.701845,-0.495456,-1.899014,-5.848612,-0.121300,-2.343427,2.279717,-3.311330,-3.367711,-0.473153,-0.294816,-3.429485,-2.154848,0.713556,-2.934874,0.043746,-0.733726,-2.188057,-1.364473,1.102409,3.205443,1
0.722496,-1.708122,-3.410430,-0.143146,-0.760855,-3.237631,1.773080,2.919034,-1.483545,4.823032,-2.660852,-1.538258,-2.585745,-0.647480,-1.823586,-3.793592,-0.668361,-3.110744,-1.574341,-3.599396,-3.162460,0.832665,-2.643539,1.151999,-1.154169,-3.370754,-2.609250,-1.441761,-1.953911,-4.651802,-4.613055,-2.310259,1
0.233344,0.769606,2.060547,2.335589,1.785379,-2.241544,-2.008129,0.860554,-1.465709,-3.568170,-0.175618,-0.563850,-2.459923,4.783470,-0.341022,1.037504,-5.582972,0.743871,2.614527,-1.316063,-0.936831,-2.971309,0.574198,0.997277,-1.109567,-2.466012,-3.431845,-2.423334,0.197547,-5.765245,2.529219,-2.419162,1
-1.701912,-2.722006,-1.594315,-0.065138,3.801812,1.702634,-1.895473,-2.465771,-0.900389,1.815705,-1.452765,-1.759832,-1.559125,0.527947,0.038098,0.477304,2.401408,-3.967561,-1.912241,1.141242,-1.506404,-0.753582,0.858141,-5.866389,0.992759,-1.549851,-2.800584,-2.743464,-1.921821,-0.126881,-1.330502,-0.458324,1
-0.710318,-2.272136,-2.697076,-2.843268,-3.087976,-3.051204,-2.699345,1.442232,-0.806611,-0.044485,-3.612419,0.107366,-0.186452,-1.309385,0.395244,2.591010,-2.051055,-2.788091,-2.269716,-3.870084,-0.939835,2.177134,0.547485,2.050640,0.804778,-6.247896,-7.190631,-2.495533,1.565664,-2.403816,2.007997,-3.000933,1
-0.286898,-0.060764,-3.280858,0.522810,-0.815247,0.710643,-0.904391,0.076609,-0.602473,-0.732537,1.426513,-2.565514,2.080922,-0.553370,-1.922552,-0.655133,0.829906,0.156385,-0.749880,1.402558,-3.173180,-0.556424,0.376941,0.510861,2.352001,-0.741141,0.685385,-1.934738,-2.391984,-0.971901,-4.581020,-0.335039,1
0.883087,-0.213129,3.976002,-0.025539,-1.566219,0.857556,4.089597,-1.984604,4.497190,-0.332015,-4.691448,-2.556339,-4.519245,-4.160939,-0.147697,0.946549,-0.666777,-0.248098,-0.014305,-5.315310,3.485104,-0.740572,0.060378,-0.411835,0.641595,-4.293966,-4.271107,0.025508,0.077810,2.745140,-2.987308,-3.902879,1
-1.431219,-2.008273,-5.416855,1.929296,-4.867177,-5.657245,0.479930,-2.093521,-3.111188,-4.206690,0.605657,-2.164011,-0.874180,-1.046286,-2.393173,-0.496721,0.560548,-1.826894,-3.456265,-1.503631,-0.241552,-1.324236,-0.662858,-4.702094,-0.572999,2.481844,-1.923991,-0.051240,-0.398203,0.173203,2.110877,-0.033008,1
-2.867154,-2.130031,-1.323656,-1.271599,-1.034132,-0.855612,1.656742,1.727873,-0.902802,-2.272976,0.005069,-5.037547,-1.131719,-1.630809,-3.976748,-2.283435,-2.059130,0.090213,1.480109,0.952622,-2.682459,-4.302036,0.291075,-3.561476,-5.943828,-3.508645,-1.842893,-1.387948,-2.500036,-0.870831,-4.651309,-3.812050,1
-1.495520,1.286226,0.504375,-1.193410,-1.688906,1.510741,-1.890966,-2.120304,-1.113027,-0.217093,0.486606,-0.736647,-0.628276,0.326409,0.584625,0.308828,0.336153,-0.181280,-2.845919,1.335158,-0.406330,-1.731878,-3.278855,1.651562,-5.119879,-2.061092,1.682756,-2.713301,-2.287583,-1.480392,-1.703196,1.710193,1
