1.229151,0.093240,0
2.086200,0.382437,0
0.434999,1.046312,0
2.813135,-0.889434,0
1.776814,-0.637958,0
0.672777,-0.881177,0
0.825005,0.220920,0
1.054859,-0.723463,0
1.438340,0.482944,0
1.384773,0.660952,0
1.322361,0.237454,0
1.187835,-0.212655,0
0.444368,-0.001613,0
1.632131,0.755043,0
1.064887,-1.078344,0
1.070039,0.239929,0
0.559170,-1.059947,0
1.914091,-0.171623,0
0.017023,-1.591532,0
1.344768,-0.590319,0
1.218227,1.020370,0
-0.355673,0.002273,0
0.022861,-0.979158,0
-1.107530,0.122514,0
0.110371,-0.846273,0
-0.258601,-1.508961,0
0.405429,0.156855,0
0.700273,1.291387,0
1.849571,-0.578603,0
1.890744,-0.712387,0
0.949893,-0.290900,0
1.705706,1.081285,0
1.420746,1.785614,0
1.451524,-1.740861,0
1.681039,0.288967,0
2.068224,0.345031,0
2.297870,0.007301,0
-0.440158,0.695080,0
-1.196033,1.337598,0
1.804018,0.400225,0
2.066557,-0.757517,0
0.669290,0.409034,0
1.542444,0.101560,0
1.189580,-0.456833,0
1.225028,-1.012184,0
0.172131,-0.862797,0
0.822942,-0.857110,0
1.454727,-0.544122,0
1.170609,0.426827,0
0.063077,0.892382,0
-0.460422,-0.683543,0
1.572376,-0.051492,0
2.242649,0.327058,0
1.053183,-1.316695,0
-0.159111,0.436639,0
1.974092,0.949768,0
0.616799,-1.622659,0
0.215487,0.610689,0
0.952888,-0.272774,0
0.646286,-0.922708,0
0.111414,0.484185,0
-0.360967,-1.289577,0
2.080560,0.384004,0
1.249851,0.592995,0
0.133397,-0.221842,0
0.980150,-0.019656,0
0.419936,-0.270691,0
-0.253433,-0.114380,0
-0.288257,-0.189566,0
-0.105869,0.271950,0
0.879400,-0.878217,0
1.443792,0.447955,0
0.314485,0.404169,0
0.586131,0.463265,0
0.279015,0.269022,0
0.674901,-1.116601,0
-0.126125,-0.988944,0
1.546400,-0.995483,0
1.111186,-1.197243,0
1.428378,0.339130,0
2.095049,0.415499,0
1.582639,-0.674781,0
1.243148,0.878654,0
1.149390,0.395345,0
0.100262,-0.240654,0
0.376645,0.004370,0
0.949188,0.280970,0
-0.812825,-1.245413,0
0.192042,0.063025,0
-0.728771,0.281188,0
0.638776,-0.070346,0
1.375772,0.496154,0
1.239425,-1.181515,0
1.593779,-0.196377,0
1.099936,0.982957,0
2.287603,-0.358746,0
2.442277,0.252151,0
1.079948,-0.399291,0
0.489441,0.312769,0
2.157597,0.640146,0
0.628126,0.340759,0
-0.053485,0.030481,0
1.511371,-0.249858,0
1.125016,0.334135,0
1.077374,-0.188769,0
0.706154,-0.323308,0
1.005381,0.558994,0
0.725728,-0.450143,0
-0.086379,0.678393,0
1.163147,-1.039353,0
-0.617870,1.092355,0
1.069630,1.008484,0
1.229856,0.244687,0
1.784843,0.916675,0
1.477829,0.678561,0
0.190790,-0.317384,0
1.508325,-0.217440,0
0.989302,1.086644,0
0.196137,0.357230,0
1.150886,0.321762,0
1.155004,0.129655,0
0.418055,0.856946,0
1.254883,-0.347896,0
0.903130,-1.720223,0
1.188006,0.498443,0
2.069910,-0.659391,0
0.440512,-0.024025,0
0.603551,-0.301732,0
0.407001,0.479466,0
1.883067,0.340868,0
1.511043,-0.959054,0
1.602782,0.566699,0
0.705510,-0.421834,0
1.266970,-0.101251,0
1.162443,1.094506,0
-0.037390,-0.578154,0
1.780599,-0.614367,0
0.957144,0.635183,0
0.262868,-1.037878,0
0.221053,-0.963179,0
2.615975,-0.862490,0
0.098371,-1.122356,0
1.145642,-0.379136,0
1.159979,0.701152,0
1.811699,-0.273905,0
1.266822,0.440145,0
0.224248,0.376212,0
3.061344,-0.153189,0
2.283829,-1.286733,0
0.599644,-1.039963,0
0.017180,-0.127125,0
0.954538,1.640487,0
1.635631,-0.603644,0
0.688445,0.768152,0
0.133649,-0.004338,0
1.470358,0.079099,0
0.443922,-0.165326,0
0.604151,-0.515071,0
1.251425,0.179613,0
2.367498,-1.544792,0
1.028301,-0.345425,0
1.995802,-0.657733,0
0.640407,0.343709,0
1.532716,-0.829761,0
-0.070653,1.255990,0
2.700982,0.136075,0
0.622071,1.316267,0
2.071196,-0.489227,0
1.949668,-0.757241,0
0.867417,-0.508234,0
2.541736,0.160392,0
3.020598,-0.783790,0
-0.124626,0.513450,0
0.007622,-0.331448,0
1.825902,0.658000,0
0.695158,0.053352,0
2.148968,-0.788685,0
0.534189,-0.115668,0
0.734620,1.095550,0
-1.225890,-0.328995,0
0.617393,-0.362611,0
0.930664,-0.213622,0
0.270884,-0.867533,0
0.374558,-0.780694,0
1.758284,-1.381902,0
1.153536,0.916642,0
2.804527,0.356591,0
1.623235,0.853794,0
0.867236,-0.336661,0
1.360398,-0.971735,0
0.720758,-0.427082,0
0.959546,0.181823,0
0.939071,1.551887,0
1.353475,-1.120954,0
-0.103008,-0.287072,0
0.183091,-0.409345,0
1.800728,0.244301,0
0.916075,-0.505611,0
0.044608,0.198146,0
0.991966,0.208892,0
0.583161,1.117722,0
1.540904,0.003584,0
2.002265,0.581574,0
1.012883,0.338240,0
0.936729,-0.163643,0
1.460229,0.083903,0
1.602220,-0.579932,0
1.515506,0.841744,0
3.654042,0.520406,0
2.348559,-2.192428,0
-0.000158,0.457669,0
1.119177,-0.174775,0
1.850402,-0.011693,0
-0.418448,0.307231,0
1.032517,0.930598,0
2.189371,0.049410,0
1.375155,-0.229238,0
-0.069072,0.556760,0
0.834662,-1.637609,0
-0.045140,-0.990752,0
0.433399,0.201725,0
-0.589845,-0.180568,0
0.011858,0.468286,0
1.554332,0.345418,0
1.347765,0.507164,0
0.527246,-0.768463,0
1.022854,0.440249,0
0.652756,-0.119120,0
-0.079475,0.741845,0
0.280731,-0.178109,0
1.557806,1.805184,0
0.521603,-0.369168,0
2.026252,1.269781,0
2.055619,-0.972058,0
0.517055,1.469052,0
2.424639,-0.041196,0
1.689071,0.429323,0
1.586097,0.764589,0
0.766955,-0.209294,0
0.254616,-0.120773,0
0.525307,-0.882447,0
1.243604,0.263101,0
0.922144,-0.157206,0
0.660831,-1.277528,0
1.285225,0.559470,0
0.425266,0.692355,0
-0.298725,0.093799,0
0.344341,1.488339,0
0.934856,0.114549,0
0.308314,-0.272995,0
-0.459153,0.844188,0
0.616198,-0.131227,0
0.290389,0.173376,0
1.619142,0.520627,0
-0.803966,0.509044,0
-0.701608,-1.237034,0
0.411040,-0.219996,0
1.466329,0.798095,0
0.881360,1.643493,0
1.455151,1.323805,0
0.436665,0.279665,0
2.499540,-0.343207,0
0.846701,0.307521,0
1.036931,0.778239,0
-0.084836,1.086321,0
-0.768763,0.213588,0
2.016014,-0.319542,0
1.272590,0.062296,0
0.295338,0.436052,0
1.878509,0.698220,0
2.974256,-0.097869,0
1.273663,0.812458,0
1.142673,0.622780,0
1.454410,0.200064,0
0.302550,-0.723855,0
0.296552,-0.103861,0
0.624208,0.886064,0
1.248088,1.401778,0
1.801012,-1.429542,0
0.822886,-0.521209,0
-0.234895,0.817931,0
1.702539,-0.291802,0
0.317640,-0.943381,0
0.011563,0.809022,0
1.405552,-0.091950,0
1.121325,-0.641857,0
1.280769,-1.158443,0
1.199661,-0.878673,0
0.930429,-1.777107,0
-0.805186,-1.076343,0
1.417361,-0.797511,0
1.134450,-1.409740,0
0.818893,-0.611803,0
2.137248,2.044715,0
1.587866,-0.037826,0
2.322718,0.314850,0
1.252489,-1.361346,0
1.225520,0.572766,0
-0.275553,-1.281921,0
-0.119178,-0.226156,0
0.937349,-0.234485,0
0.308559,-0.243011,0
1.524091,-0.007582,0
0.790117,-0.046363,0
1.737733,0.266885,0
-0.246852,0.133653,0
0.900934,0.418833,0
0.237284,1.515832,0
0.686656,1.643833,0
0.695704,-0.519179,0
1.081157,-0.635370,0
0.778678,1.255532,0
0.101008,-0.188973,0
2.354168,-0.260125,0
0.667545,0.777332,0
-0.134470,-0.321489,0
0.101685,-0.141289,0
0.662923,-1.195451,0
1.795662,-0.341207,0
2.528961,0.315509,0
1.474658,1.400063,0
-0.331282,-0.301502,0
0.803385,-1.252905,0
1.434629,0.419483,0
0.031035,0.036078,0
1.748084,-1.089402,0
0.926352,1.992256,0
0.717841,1.092253,0
0.500939,0.158564,0
0.136531,1.049945,0
2.215727,0.315101,0
1.965074,-0.137841,0
0.618956,1.185019,0
2.061316,-0.563714,0
0.955311,-0.358923,0
0.736593,-0.600253,0
0.545485,-0.025148,0
1.707803,-0.858675,0
2.284963,-0.575742,0
2.267943,1.882401,0
1.364256,-0.918972,0
1.636197,-0.251508,0
-0.675373,-0.518150,0
1.769393,0.938458,0
1.024187,0.494580,0
2.015847,0.548073,0
2.210386,-0.399480,0
1.432161,0.970042,0
1.412609,0.066014,0
1.405864,0.787001,0
1.706775,0.079798,0
2.486957,-0.075094,0
0.465712,-0.868652,0
1.746979,0.800621,0
1.366187,1.233458,0
1.239941,0.117937,0
1.968633,-1.351569,0
0.279562,0.674675,0
-0.228887,-0.682311,0
0.846536,0.900985,0
1.139830,-0.656035,0
0.240843,0.569616,0
2.756044,0.345187,0
1.415025,-0.277403,0
2.906150,0.504088,0
1.073059,0.218856,0
0.541671,-0.025370,0
2.340479,0.389660,0
0.872355,0.141706,0
1.479308,0.648053,0
0.299060,0.177229,0
1.628838,0.047333,0
0.801691,0.108888,0
0.403059,-0.722884,0
0.880953,-0.254091,0
1.180557,-0.102872,0
-0.286945,0.334306,0
1.783517,0.590069,0
0.927650,-0.942433,0
0.332279,0.096783,0
0.398691,0.357532,0
0.939431,0.989048,0
1.995905,0.747072,0
0.096977,-0.450432,0
1.229336,0.174343,0
0.297698,-0.830960,0
-0.200538,0.243207,0
-0.244269,-0.538661,0
0.968837,0.348613,0
-0.349889,-0.927252,0
0.964979,0.007803,0
2.411932,0.121938,0
0.965754,0.353427,0
0.806920,-0.986553,0
1.129846,-1.055677,0
0.549135,1.840404,0
1.068004,0.643624,0
1.423440,-0.184048,0
0.449057,0.379026,0
0.956578,1.806603,0
0.971103,-0.600105,0
-0.016760,-0.846319,0
0.108367,-0.383844,0
0.992966,0.107262,0
0.830434,-0.439629,0
0.739762,-0.515820,0
1.729935,0.444528,0
2.104554,0.210387,0
0.927432,0.251212,0
1.359180,-0.773904,0
0.880046,-0.466344,0
1.338613,0.303328,0
1.499208,0.432753,0
0.218208,-0.093246,0
1.289279,-1.472762,0
-0.044040,-1.337770,0
0.730106,-0.480065,0
-0.399064,-0.270227,0
0.479741,0.896924,0
0.651970,-0.898315,0
0.898739,0.488225,0
0.825276,-0.317060,0
0.973905,0.160747,0
0.375942,0.352949,0
0.184843,-0.347852,0
0.972064,0.056123,0
1.147635,0.343026,0
-0.898975,0.123909,0
1.586930,0.274391,0
-0.546130,0.236749,0
1.539794,0.121956,0
0.574173,0.673635,0
1.192233,-0.071868,0
0.210932,-0.092575,0
2.068650,1.364056,0
-0.320770,-0.037471,0
0.552269,-1.290424,0
0.447114,1.048023,0
0.812950,-0.887225,0
1.767587,-1.019600,0
1.887450,1.275842,0
-1.367494,-0.360934,0
0.858975,-0.933084,0
0.157894,1.231855,0
2.059773,0.398193,0
0.442461,-0.950603,0
0.545257,-0.293759,0
1.452214,-0.886480,0
0.354679,-0.463326,0
0.677694,1.030704,0
0.321332,0.299530,0
0.305357,1.064975,0
-0.252472,-0.549607,0
1.119781,1.273414,0
1.404695,-0.513307,0
0.777259,1.043314,0
1.419163,-0.013656,0
-0.406041,-0.136021,0
1.866529,0.986664,0
0.567785,0.215674,0
0.755887,0.052962,0
0.671389,0.455833,0
0.633535,0.189267,0
0.106099,0.365532,0
-0.100138,1.676639,0
1.779541,0.721438,0
0.476134,-0.307762,0
-0.022994,0.805882,0
1.038374,-1.576192,0
1.682125,1.124302,0
1.119877,-0.155049,0
0.704965,1.137497,0
2.197242,1.447963,0
1.791064,0.264305,0
1.051265,-0.959531,0
-0.230144,0.296842,0
0.159216,-1.153392,0
1.937227,-1.006486,0
1.618422,-0.668007,0
-0.162980,-0.223696,0
1.287843,-0.044472,0
0.889835,-0.005186,0
0.170070,-0.607589,0
0.930866,0.969039,0
0.562468,0.446771,0
0.848191,-0.226401,0
-0.011454,0.708336,0
-0.053675,-0.269003,0
1.671608,0.456954,0
1.348688,0.190802,0
0.014717,-0.204086,0
0.216470,1.424831,0
0.917540,0.330784,0
0.237698,0.052224,0
1.046754,0.586678,0
1.393100,-0.405238,0
1.137122,0.437647,0
1.538846,0.138642,0
0.504614,-0.004212,0
1.859152,0.001600,0
1.706017,-0.184109,0
-0.209264,-1.896297,0
0.433065,0.445302,0
0.023122,-0.172567,0
0.291275,-0.580287,0
1.268431,-0.616390,0
1.035405,-1.024819,0
0.790676,2.157764,0
1.567417,0.305140,0
1.814639,0.607935,0
-0.402073,-0.244749,0
0.840779,0.359040,0
0.193424,0.969434,0
1.819763,-1.175936,0
1.350459,0.694643,0
1.002644,0.582589,0
0.743640,-0.216344,0
0.454268,-0.722220,0
0.829599,0.607274,0
0.205614,-0.203057,0
1.627883,0.364588,0
-0.346290,-0.743787,0
0.219623,-0.446850,0
2.518355,-0.880303,0
0.044980,-0.675597,0
1.991106,0.388665,0
0.498746,-0.607014,0
1.279377,1.194698,0
2.424328,0.040324,0
1.441015,-0.566887,0
-0.283183,0.692517,0
-0.308920,-0.656039,0
0.634043,0.865410,0
2.298252,-0.050141,0
1.635650,0.386385,0
0.962282,0.624339,0
0.980514,1.864727,0
0.353253,-1.380764,0
1.732608,-0.763320,0
1.805969,-0.723056,0
1.134710,1.031503,0
0.818527,-0.632741,0
2.055755,0.691716,0
1.207230,-0.203218,0
0.696083,-0.179795,0
1.352412,0.317401,0
1.477386,-0.634857,0
0.428070,0.246119,0
1.571137,-0.719033,0
0.517664,1.036728,0
1.359538,-0.178594,0
-0.138389,1.287871,0
0.734862,0.805525,0
0.834682,0.167554,0
1.052123,1.199608,0
-0.006173,-1.152791,0
1.596941,0.858044,0
0.824547,-0.393801,0
0.264777,0.287438,0
0.396860,-0.110898,0
-0.280143,0.728292,0
1.994674,1.538700,0
0.869362,-0.932157,0
1.502065,0.301930,0
-0.483297,-0.852379,0
0.454066,-0.546463,0
0.941464,0.481709,0
1.206591,-1.422257,0
2.328965,0.755399,0
2.037500,-0.890687,0
-0.110366,0.696532,0
1.367462,-0.186269,0
-0.335575,0.809839,0
-0.455315,0.845721,0
0.157457,-0.146194,0
2.695123,0.270022,0
0.410625,0.465237,0
0.763454,-0.471426,0
0.888129,-0.040710,0
0.524639,1.715095,0
1.392237,-0.039906,0
0.744521,0.983822,0
2.500592,-1.787345,0
0.359855,0.431705,0
-0.082741,-0.441037,0
1.101904,-0.500123,0
1.970974,-0.523357,0
1.152616,-0.103611,0
0.508217,0.238142,0
0.354747,0.145329,0
1.635475,-0.394978,0
2.488272,-0.549912,0
1.031429,0.610960,0
1.270527,1.279610,0
1.763630,-0.454349,0
1.487955,-2.178311,0
0.737824,1.767496,0
1.868659,0.451851,0
2.709048,0.403894,0
1.208094,1.482743,0
1.644192,0.550959,0
1.459924,0.413324,0
0.418477,-0.719289,0
2.136379,-0.223510,0
1.510329,0.244710,0
0.850189,-0.442986,0
1.120840,-0.308449,0
0.573630,0.738138,0
1.575708,0.452186,0
0.485852,0.187476,0
1.180413,-0.371685,0
0.953035,0.877511,0
0.602605,1.497138,0
1.333511,-0.377251,0
0.434499,-0.751685,0
1.064342,-0.888346,0
0.938478,0.120993,0
-0.045110,0.209019,0
2.535324,-0.786992,0
1.071466,0.614260,0
-0.676104,-0.333697,0
0.267683,0.068923,0
1.140754,0.110903,0
2.033665,1.376515,0
1.316741,-0.397512,0
0.992007,0.954014,0
0.827969,-0.655836,0
2.139930,-0.432721,0
1.762683,-0.931454,0
1.153189,0.165892,0
0.754841,0.724252,0
1.718118,0.248853,0
1.204080,-0.351629,0
1.663641,0.237556,0
1.153915,-0.396033,0
2.180668,0.732338,0
1.830593,-0.144242,0
0.904187,1.011842,0
1.978675,1.167627,0
1.056386,0.279735,0
0.991799,0.778959,0
1.565666,1.347012,0
0.315619,-0.201668,0
1.448445,0.226448,0
2.192109,-0.519810,0
0.086277,0.097495,0
1.168405,-1.286942,0
0.778649,-1.632067,0
-0.002962,0.299772,0
0.915791,0.066516,0
1.096722,-0.960652,0
1.838320,-0.676728,0
1.436303,0.102635,0
1.105715,0.097203,0
1.682491,-0.534869,0
1.250343,-0.646450,0
0.392794,0.576809,0
1.950049,0.003584,0
1.310024,0.811363,0
1.086868,0.543800,0
1.314268,-1.770058,0
0.592047,-0.749994,0
0.838361,0.767584,0
1.915340,0.268986,0
2.712732,1.297974,0
0.860126,1.098676,0
0.926803,-0.479324,0
0.454024,1.039130,0
0.512586,-0.452163,0
1.339743,0.602260,0
1.023844,0.286198,0
0.528795,-0.055039,0
1.634904,1.083331,0
2.548794,0.655929,0
-0.354748,0.901723,0
0.688272,-0.789325,0
0.977040,0.017968,0
2.353840,-0.327843,0
2.166035,-0.539790,0
1.347343,0.056746,0
0.967827,0.680020,0
1.523916,0.525001,0
0.692935,0.096963,0
0.044526,-0.936811,0
0.013721,0.708642,0
0.106675,0.219091,0
1.294595,0.770259,0
0.454957,-0.292267,0
-0.547142,-0.195461,0
1.956682,0.762669,0
1.263794,-0.761604,0
0.324560,-0.023272,0
0.149678,-0.483361,0
0.429187,0.420240,0
2.265429,1.140701,0
1.481415,0.137408,0
1.682162,1.671191,0
1.046199,0.138637,0
0.784088,-1.261315,0
2.361415,-1.344344,0
1.233021,-0.586802,0
1.531788,-0.561313,0
1.708498,1.300203,0
0.986616,-0.155650,0
1.154166,-0.589362,0
-1.081652,-0.575734,0
0.672422,-0.311418,0
1.526249,-0.178805,0
0.436451,0.158716,0
0.317176,-0.362938,0
1.857368,-0.218204,0
-0.259992,0.128515,0
1.254997,-1.118412,0
1.411951,0.159554,0
1.766625,-0.788396,0
2.100072,0.987677,0
0.251392,-1.515888,0
0.370982,0.675998,0
0.172093,-1.229056,0
0.140294,-0.198454,0
2.044455,-0.534107,0
1.644178,0.473419,0
1.645619,0.028745,0
-1.221020,0.349661,0
1.317197,0.001669,0
1.126648,-0.163772,0
1.946195,0.713889,0
1.507280,0.206940,0
0.315288,0.399292,0
0.957921,-0.514084,0
1.519628,0.416342,0
0.470965,0.153102,0
1.551565,-0.072599,0
2.236311,-0.100853,0
0.508406,-0.001462,0
1.437062,0.064488,0
0.682729,-0.014554,0
0.469622,-1.274851,0
1.922828,0.296299,0
0.270310,0.286896,0
0.837561,-0.226566,0
0.801447,-0.311912,0
0.480585,0.157889,0
0.618323,0.585354,0
0.528774,0.453170,0
0.349666,-0.943102,0
1.466999,-0.295983,0
0.346992,0.262566,0
1.803980,0.397533,0
1.143560,0.552499,0
0.746567,0.584259,0
1.843999,-0.122825,0
2.379180,-0.881316,0
1.439715,-0.902623,0
1.951442,0.464288,0
1.610826,-0.234747,0
1.500050,-0.263272,0
0.066782,-1.106309,0
1.802465,-0.954663,0
1.688061,-0.045106,0
1.141711,1.256607,0
1.419311,-0.096635,0
2.271969,-0.465201,0
1.130158,0.724534,0
1.360677,-0.800636,0
2.041847,-2.503475,0
1.550682,-0.349489,0
0.888657,-0.960888,0
1.374228,-0.406218,0
1.540732,-0.996756,0
-0.270571,-0.079207,0
1.928301,1.457278,0
0.420586,0.206421,0
1.967366,-0.158987,0
0.113528,-1.307642,0
2.407602,0.432426,0
1.490864,0.383362,0
1.846580,0.795939,0
1.566178,0.598250,0
2.326011,0.259322,0
0.823736,0.649049,0
0.926832,0.266753,0
2.158756,-0.670218,0
-0.301980,-0.375413,0
0.773723,-0.582772,0
1.165260,-0.572007,0
2.245040,0.334532,0
1.194726,-0.299236,0
1.789501,0.229058,0
1.773293,-1.202873,0
1.035830,1.896607,0
1.504997,0.346314,0
0.258427,-1.489247,0
0.632692,-0.089309,0
1.736706,0.994194,0
0.329766,-0.998690,0
2.447331,0.264664,0
1.535409,0.066812,0
0.040603,-0.497655,0
0.089506,1.427871,0
2.226662,-0.838917,0
0.936116,-1.604673,0
1.768243,-0.492021,0
2.473902,-0.149948,0
1.978837,0.462682,0
-0.172547,-0.922432,0
1.824660,0.464602,0
1.079082,-0.538433,0
0.934685,-0.402848,0
2.391860,0.129206,0
0.706197,-0.052036,0
0.373046,-0.034081,0
1.283354,-0.711938,0
-0.302625,-0.240258,0
1.233661,0.126687,0
0.529747,0.433547,0
0.786665,-0.083106,0
-0.646504,-1.021236,0
1.407675,0.166970,0
1.316072,0.760489,0
1.488180,1.258258,0
0.352516,1.441895,0
1.255113,0.020258,0
0.374549,0.958504,0
1.998842,-0.361236,0
1.691348,0.549584,0
1.722944,0.563484,0
1.838701,0.375171,0
0.385653,-1.482869,0
-0.323888,2.132495,0
0.390392,-0.492789,0
0.916771,1.120463,0
0.915077,0.347758,0
0.738031,1.115845,0
0.172328,-0.097332,0
0.907631,0.051072,0
1.353251,-0.379503,0
1.238361,0.211494,0
0.500373,-0.852555,0
1.089171,-0.094730,0
-0.836588,0.785471,0
0.985352,0.067533,0
0.455837,-0.416933,0
1.513242,1.702545,0
0.577562,0.606092,0
0.239484,-0.266538,0
0.786934,0.611007,0
1.167828,0.300387,0
1.991143,0.643088,0
2.560130,-0.886684,0
0.650584,1.946141,0
1.790308,-0.389357,0
1.070648,0.045682,0
1.603970,0.984198,0
-0.762389,0.220299,0
-0.343711,0.409797,0
0.612795,-0.017005,0
1.008801,-0.116819,0
0.606371,-0.571314,0
2.076971,0.945248,0
1.243697,-0.504200,0
0.309692,0.675111,0
1.259324,0.444422,0
1.825091,0.627414,0
1.947978,-0.685695,0
2.563653,-1.581715,0
1.233705,2.708543,0
0.290728,0.914728,0
1.019079,-0.017833,0
1.480710,-1.507776,0
-0.452719,-0.307030,0
1.112640,-0.226791,0
0.217788,-1.302525,0
0.535122,-0.320227,0
0.702786,0.971302,0
1.622721,0.945766,0
1.285880,-1.145710,0
1.664467,0.034064,0
0.386789,0.413348,0
1.116965,-1.277790,0
0.910672,-0.954722,0
1.645929,0.604566,0
1.951105,-0.181276,0
1.510547,-0.987971,0
0.331073,0.581493,0
-0.001301,1.048840,0
0.555954,-0.902356,0
1.421009,0.627929,0
0.679602,0.195409,0
-0.035049,0.325744,0
1.176846,-1.047780,0
1.495379,1.923314,0
-0.105556,0.755713,0
1.817715,0.194151,0
0.940723,0.155019,0
1.126750,0.225532,0
1.715139,1.305150,0
0.786190,-0.383455,0
0.161248,-0.368681,0
2.420018,1.074363,0
1.213995,-0.585781,0
1.850916,0.066237,0
-0.513805,1.005405,0
0.701744,0.791982,0
1.189215,0.446433,0
0.488630,-0.745254,0
1.309415,-1.204218,0
1.702029,-0.333512,0
0.081990,0.144472,0
0.712861,-0.020479,0
1.999064,1.615464,0
-0.466484,0.670718,0
1.201610,0.541844,0
-0.890677,-1.783308,0
2.060387,-0.230978,0
2.552503,-0.193124,0
1.916987,-0.378941,0
0.616276,-0.606411,0
1.623204,1.127990,0
0.818164,-0.520342,0
0.778636,-0.966254,0
1.785733,0.745790,0
1.889585,0.036589,0
1.510085,-1.301147,0
-0.155654,0.891557,0
0.887156,0.741607,0
1.509593,0.209711,0
2.117311,0.514623,0
1.362476,-1.522996,0
1.494112,-0.161480,0
0.314173,-0.917247,0
1.440269,1.310603,0
0.649745,2.436548,0
1.301761,-1.639069,0
1.140442,0.776649,0
0.340407,-0.869529,0
1.748399,0.633810,0
2.620666,0.330133,0
0.886997,0.499517,0
0.836001,-0.698231,0
-0.261668,1.547413,0
1.511946,1.193432,0
1.688263,1.395137,0
-0.537731,0.643430,0
0.882445,-0.933151,0
0.991705,-0.149646,0
0.909268,0.573204,0
1.625033,-0.010183,0
1.660600,-0.274457,0
0.222762,-0.320076,0
1.692627,-2.225177,0
0.367467,1.264615,0
1.207483,1.275189,0
1.427097,1.266382,0
1.248414,-0.903225,0
0.647841,-0.411842,0
2.561678,0.087527,0
0.485142,-0.650124,0
0.545910,1.009346,0
0.146506,0.205881,0
0.776787,0.506699,0
1.187069,-0.685332,0
1.589387,-0.034494,0
0.501648,0.500387,0
1.385310,-0.616230,0
0.083844,-0.952460,0
1.901985,0.442529,0
3.337425,0.739518,0
1.085726,1.830775,0
2.440152,-0.935390,0
-0.002186,0.790848,0
2.520445,1.155959,0
1.605601,0.400609,0
0.585023,-0.368995,0
4.311458,1.107620,0
1.215416,-0.084585,0
-0.319386,-2.131651,0
1.239376,-1.187355,0
2.462344,0.136016,0
1.108876,-0.990561,0
2.135252,0.573716,0
0.345258,0.093763,0
1.015781,-0.456220,0
1.020695,0.659115,0
0.332823,-0.281168,0
0.546881,0.394363,0
0.716778,0.435830,0
1.940430,-0.692631,0
1.177166,-1.080451,0
1.299230,0.241496,0
0.687215,-0.655890,0
1.287264,0.113929,0
1.096633,1.350446,0
3.118624,-1.788879,0
0.199656,-0.701388,0
0.470324,-0.663855,0
1.842221,-0.507915,0
0.481317,-0.951036,0
0.920094,0.937781,0
2.051724,-0.566990,0
0.736540,-1.880601,0
0.690069,-0.261683,0
1.844105,0.203064,0
1.683371,-0.796835,0
-0.002502,-0.188329,0
1.063707,-0.882238,0
0.993612,-0.868350,0
1.364635,-1.269020,0
2.357952,0.052396,0
1.434359,0.118058,0
0.661264,-0.615041,0
0.611464,0.316417,0
2.895189,0.111308,0
1.141133,-0.822016,0
0.033577,0.515484,0
0.932911,0.792782,0
1.111592,0.031071,0
2.494740,0.344473,0
2.017029,1.605290,0
1.290510,0.546765,0
1.827050,0.310945,0
1.404524,-1.159711,0
0.374334,1.013501,0
2.269870,-0.654166,0
1.377538,0.294371,0
0.756642,1.395435,0
0.714274,1.439011,0
-0.078042,-1.048511,0
0.292952,0.106512,0
0.752871,-0.813169,0
1.429169,-0.826534,0
2.084031,-1.418637,0
1.496413,-0.565151,0
1.063134,-0.966183,0
1.117442,-0.199466,0
1.661555,-0.557291,0
1.628901,-0.789559,0
1.116989,-0.064361,0
2.780493,0.635340,0
1.409556,-0.992779,0
1.105380,0.251858,0
0.942281,0.452057,0
1.093271,0.014954,0
1.549514,-0.364494,0
0.446974,0.019310,0
1.459435,-0.568992,0
1.671784,0.243532,0
0.173506,0.503848,0
0.173481,-0.792642,0
1.596665,1.294396,0
0.972182,0.626945,0
1.481553,-0.807605,0
1.713622,0.314113,0
-0.439328,0.584944,0
0.156420,0.612217,0
0.734027,-0.720674,0
2.202324,0.165837,0
-0.080592,0.414738,0
1.532067,0.600076,0
1.496183,1.006016,0
0.866353,0.839753,0
0.115788,1.509354,0
-0.612001,-0.045308,0
1.374179,0.082121,0
-0.486591,0.878902,0
2.378262,-0.630744,0
0.908769,1.818574,0
0.681756,-0.432448,0
0.341761,-0.161096,0
2.098115,0.454671,0
1.658562,-3.370761,0
2.161705,-0.047358,0
1.239223,0.161194,0
1.128863,0.157381,0
-0.957157,0.467312,0
0.011918,-0.196646,0
2.486451,-0.685603,0
2.159710,-0.561557,0
0.811915,-0.786872,0
2.379722,0.993421,0
2.223799,-0.059373,0
1.933215,-0.342933,0
1.027220,-0.590402,0
1.952097,-0.352743,0
1.443517,-0.391010,0
0.372394,0.333451,0
1.005341,-0.376285,0
1.554906,0.541754,0
0.364852,-0.489537,0
1.106996,0.775161,0
0.525995,0.417341,0
1.529768,-0.014726,0
0.988092,-0.443894,0
1.497914,-0.134122,0
1.658548,-0.205678,0
0.604905,-0.171394,0
1.386000,0.124001,0
1.030178,0.809025,0
1.823849,-0.293115,0
-0.537996,-0.298210,0
1.530236,0.471279,0
0.643783,-1.487739,0
1.252259,0.651590,0
2.362973,-0.659943,0
1.015263,-0.205105,0
1.505515,-0.861663,0
1.387702,-1.498432,0
0.553956,0.369378,0
0.795499,0.758633,0
1.985358,0.678393,0
0.576146,-0.035416,0
1.903711,-0.160288,0
2.070071,0.144671,0
1.028405,0.272655,0
0.968769,0.268120,0
0.779538,-0.031384,0
1.556701,-0.317279,0
1.495364,-0.068222,0
1.019311,0.515997,0
0.709843,0.148736,0
0.762654,0.490011,0
-0.116374,1.136548,0
0.989424,-0.765660,0
1.110476,-0.597543,0
0.324138,-0.240916,0
1.378513,-0.400713,0
2.064163,-0.013068,0
1.371337,-0.564479,0
2.882410,0.582115,0
1.404897,-0.345767,0
0.852114,1.031829,0
1.558371,-1.496468,0
0.586739,-0.288550,0
0.264206,-0.767576,0
1.390705,-1.272519,0
-0.266633,-0.944867,0
1.390711,-0.014113,0
1.714870,0.272491,0
1.405061,-0.260832,0
0.414677,0.025331,0
0.567934,0.146686,0
1.227590,-0.447601,0
0.819741,-1.513301,0
0.623105,-0.270118,0
2.318316,-1.614115,0
1.600308,0.878630,0
0.093647,-0.191535,0
0.951089,-0.506244,0
1.622543,0.500879,0
-0.879858,0.041790,0
0.482917,0.242331,0
2.311994,-0.943538,0
0.497905,0.963417,0
1.913076,0.606981,0
1.740046,0.545622,0
0.334247,0.604620,0
1.521077,-1.371889,0
-1.437548,-0.098966,0
-0.296775,0.662581,0
1.781327,1.349095,0
0.519609,-0.522072,0
0.035909,-0.907667,0
-0.732991,0.787141,0
-0.303794,-0.328447,0
1.736486,-0.112707,0
2.320309,-1.176920,0
1.206912,-0.572034,0
0.462391,0.394258,0
0.432853,-0.244608,0
1.682542,0.005888,0
0.391729,-0.831949,0
1.868686,0.455652,0
2.395177,-0.921996,0
0.573309,0.069033,0
1.113962,0.442696,0
1.180951,-0.643780,0
1.374141,-0.680778,0
0.451519,-0.103233,0
1.964739,-0.442081,0
-0.217989,0.970144,0
0.358354,-0.372338,0
0.034594,-0.132157,0
0.170293,-0.526700,0
0.267428,0.154211,0
1.712250,-0.837286,0
-0.175211,-0.288728,0
1.858338,0.727121,0
1.945304,-1.103584,0
1.519590,-0.200962,0
0.343680,-0.704967,0
-0.410736,0.093668,0
0.510459,-0.751983,0
-0.183414,-0.959052,0
0.849968,-0.874811,0
0.698120,0.999593,0
1.977217,0.799852,0
1.999326,0.894259,0
0.408609,0.404725,0
2.188821,0.117420,0
0.255398,0.192035,0
1.989944,-0.306271,0
0.686446,0.460155,0
1.004910,1.030136,0
0.640096,0.571090,0
0.805996,-1.084191,0
1.665938,-0.467388,0
-0.173132,-0.156749,0
2.562744,-0.466324,0
-0.433987,0.214186,0
0.807603,-0.781766,0
1.239491,-0.411772,0
-0.105174,0.311671,0
1.825156,0.519960,0
1.207442,-0.438183,0
0.590860,0.362040,0
1.586116,-0.438161,0
1.154528,-1.108053,0
1.838202,0.720151,0
1.376701,0.147333,0
1.731560,-1.373012,0
0.205451,0.006794,0
-0.307831,0.294312,0
-0.884553,0.682515,0
3.180432,-1.583309,0
1.173374,-0.007326,0
0.758546,0.091499,0
1.226029,-0.386696,0
1.357849,0.213750,0
1.870702,-0.604703,0
2.062140,0.465667,0
1.568444,-0.872450,0
1.159548,-1.021922,0
3.353436,0.242103,0
-0.305657,-0.299493,0
0.693509,-0.733818,0
0.797567,-0.391446,0
0.284528,0.481838,0
1.029127,0.953504,0
0.158331,-0.278406,0
0.845223,-1.135918,0
0.279056,1.613685,0
0.942224,-0.436679,0
0.219889,0.390551,0
1.718876,0.204981,0
1.919582,0.954059,0
1.522561,-0.757848,0
0.307840,0.741993,0
0.249646,-0.467651,0
2.060956,-0.389608,0
1.303186,1.324944,0
0.798648,0.150442,0
1.638522,-0.620882,0
1.596021,0.143298,0
1.089153,0.356625,0
0.218060,0.277484,0
0.583504,-1.013564,0
1.775189,0.301971,0
0.532333,-0.665976,0
2.894615,1.029169,0
0.637332,-0.370528,0
1.585316,1.555691,0
2.070434,0.714943,0
1.708116,-0.816665,0
0.430431,0.437603,0
0.760190,0.560055,0
1.499467,1.434231,0
1.510728,-0.580352,0
0.497988,-0.083683,0
1.646947,0.305097,0
0.821503,-1.244018,0
1.078605,-0.066756,0
0.576959,0.349878,0
2.848717,-0.111344,0
1.756132,-0.978637,0
2.201709,-0.785621,0
1.338815,0.303890,0
1.248211,-0.419088,0
1.465663,-0.659709,0
1.146652,-0.476095,0
0.077943,-2.192329,0
1.583899,0.201060,0
0.469511,1.223161,0
2.136724,-0.196935,0
0.631888,-0.458806,0
1.411709,-0.328308,0
1.096173,-0.012042,0
0.128752,-0.155841,0
1.326771,-1.156223,0
0.273842,-0.215313,0
1.712125,0.507647,0
0.916466,1.068314,0
-0.025305,0.069446,0
1.106442,-0.520467,0
1.699957,-0.586351,0
1.054142,-0.562305,0
0.461023,-0.280660,0
-0.375799,1.374035,0
1.063811,0.975212,0
1.223825,0.038111,0
0.044867,-0.803942,0
1.969327,-1.260910,0
1.314620,0.926952,0
2.430834,-0.059182,0
2.010422,0.950883,0
2.374390,0.241853,0
0.982426,0.155321,0
-0.080461,-0.311264,0
2.106038,0.924572,0
1.952000,0.558620,0
0.345584,-0.714366,0
1.333825,-0.428715,0
1.377737,0.791747,0
0.789496,-0.390066,0
0.901037,0.208505,0
1.369986,0.919532,0
0.947541,-1.276907,0
1.546128,-0.114023,0
0.871311,1.503937,0
1.299759,0.273458,0
1.743603,-0.512317,0
1.454560,-0.470479,0
1.717925,-0.302785,0
-0.432640,0.334214,0
2.019580,0.269031,0
2.369914,-0.415668,0
0.750568,0.824429,0
1.606689,0.677099,0
-0.500202,-1.189833,0
1.307004,0.281748,0
1.388828,0.709854,0
0.953661,-0.414569,0
0.025458,1.922858,0
0.764152,-1.564398,0
0.669930,0.647758,0
-0.215180,0.552171,0
0.085986,0.235768,0
1.329698,-0.541211,0
1.047397,-0.606423,0
1.096404,1.103480,0
0.566816,-0.583146,0
1.277316,-1.037391,0
1.173111,-0.353850,0
0.421349,-0.304301,0
0.592612,1.123180,0
1.046510,-0.965823,0
1.272722,1.123538,0
0.425908,1.139317,0
0.836329,0.778217,0
1.078928,-0.965490,0
2.148894,-0.578561,0
2.177828,0.353834,0
-0.122937,0.882506,0
-0.768841,0.487056,0
0.728543,0.055399,0
0.054333,-0.072922,0
0.398052,-0.129104,0
0.575144,0.237564,0
0.890123,-0.043131,0
0.593561,0.646933,0
1.615720,-0.000206,0
0.080560,-0.075778,0
2.142579,0.825118,0
1.063456,0.747789,0
-0.888651,1.413838,0
-0.310302,2.085314,0
1.567172,0.434177,0
1.153344,-1.134660,0
1.174631,-1.303553,0
-0.166440,-0.228246,0
0.608517,-0.107613,0
1.593717,-0.538634,0
1.128486,-1.611912,0
-0.600488,-0.001999,0
1.849572,-0.177315,0
0.595676,-0.332956,0
-0.178426,1.513928,0
1.697593,0.645813,0
1.299400,0.283020,0
1.294047,2.364350,0
1.073431,-0.037893,0
2.513011,-0.341480,0
0.644764,-0.333876,0
0.932255,0.251351,0
1.596486,-0.279490,0
2.240959,0.813288,0
1.715679,0.658987,0
1.450119,-0.072154,0
1.068515,-0.325979,0
0.628506,-1.912831,0
1.225282,1.122398,0
1.026046,-0.782950,0
0.940897,-0.349915,0
0.306076,0.466767,0
2.419611,0.135424,0
1.621150,0.319211,0
1.727788,-1.061064,0
0.604397,0.464807,0
0.566520,0.065464,0
1.444891,-0.173108,0
-0.897075,-0.461695,0
-0.233184,1.063500,0
1.738157,-0.364655,0
0.248057,-0.503898,0
0.844611,0.568592,0
1.906945,0.113304,0
1.660106,-0.036932,0
1.128955,-0.072216,0
0.769692,-0.091120,0
0.897424,0.509059,0
0.048456,1.996639,0
2.008918,0.558803,0
0.913325,1.341421,0
0.316575,-0.433635,0
2.182960,0.777963,0
0.374401,-0.513533,0
1.090444,-1.085457,0
0.852149,-1.061121,0
1.830316,-0.914559,0
0.784720,1.471561,0
1.327461,1.071328,0
0.230805,0.701024,0
2.447000,0.143508,0
0.475114,-0.519422,0
1.395911,-0.705896,0
0.594607,-0.105670,0
1.352906,0.770741,0
0.897734,-0.788769,0
1.187425,-1.089311,0
1.565275,0.361320,0
3.009495,0.509143,0
1.121221,-0.097369,0
2.136079,-1.156681,0
0.496920,-1.353784,0
1.150472,-1.277833,0
0.891422,-1.539520,0
1.758036,-0.660866,0
1.998177,0.352560,0
1.668010,0.319456,0
0.732588,-0.381637,0
1.848214,0.528249,0
0.836053,1.832681,0
0.367485,0.674752,0
1.094001,-0.590615,0
1.757757,0.981754,0
-0.653756,-0.174253,0
1.193710,-0.348679,0
0.617145,0.673940,0
1.233733,-0.046061,0
2.422185,0.302638,0
0.052504,0.200179,0
1.126140,0.567820,0
2.463705,1.659155,0
-0.007610,-1.186282,0
2.077464,-0.670826,0
0.323380,-0.829342,0
1.920254,-0.866914,0
0.009427,0.770338,0
1.024100,0.134118,0
-0.505184,1.694071,0
1.167791,-0.517239,0
0.725872,0.839890,0
0.918192,-0.681752,0
1.065983,-0.253817,0
0.945698,-0.600262,0
2.348069,0.724374,0
1.157021,-0.218244,0
2.250732,2.013757,0
1.649453,0.260445,0
2.160100,-0.815403,0
1.376264,-0.734914,0
0.273146,0.429841,0
1.638094,-0.886611,0
1.535990,0.173537,0
0.218266,-0.010685,0
0.696973,-0.323576,0
-0.092609,0.237479,0
1.464684,-0.042017,0
-0.492178,0.042585,0
1.822519,-0.067742,0
0.258541,-0.276425,0
0.018433,0.306924,0
1.877823,-0.702161,0
1.475111,-0.865373,0
0.963230,-0.911597,0
0.193851,-0.579271,0
2.389468,0.333924,0
-0.241054,-0.460999,0
2.384599,-0.127871,0
-0.025683,-0.377184,0
1.682506,0.855729,0
1.601344,-2.026000,0
1.851386,-0.646937,0
0.817620,-0.091564,0
1.122561,-0.135199,0
2.477051,-0.446975,0
2.398869,0.534686,0
-0.145442,-0.540810,0
2.217703,-0.122353,0
0.488275,1.566416,0
0.880793,0.153276,0
1.439777,0.139145,0
-0.510416,0.107765,0
1.647746,0.649487,0
0.921735,-0.563302,0
-0.906407,0.539177,0
1.651490,-0.257060,0
1.186159,0.916590,0
1.358413,-0.736179,0
2.139012,1.127255,0
0.062055,-0.526808,0
1.704952,-0.784559,0
1.155359,-0.750630,0
1.561136,0.183760,0
2.849067,-0.041987,0
1.609605,0.757865,0
0.661643,-0.085523,0
0.039504,-1.397130,0
-0.339035,-0.699705,0
-0.112428,0.037246,0
1.798612,-0.839843,0
0.025088,0.356544,0
1.271259,0.584554,0
1.069074,-0.110023,0
0.868241,1.312864,0
0.394916,-0.736247,0
0.519881,-1.621686,0
1.675552,-0.354515,0
1.871078,-0.481712,0
0.943190,-0.192613,0
0.489917,0.523606,0
0.041745,-0.053994,0
1.305314,0.437611,0
1.733122,-1.337214,0
1.460549,-0.981380,0
0.455715,-0.594414,0
1.098360,1.014399,0
1.156278,-0.047110,0
1.700234,0.258557,0
1.758327,0.715657,0
2.345045,-0.000719,0
0.186461,0.122813,0
0.886074,0.317511,0
1.565860,0.415443,0
2.666140,0.931476,0
1.026417,-0.949524,0
0.857128,0.283142,0
1.869940,-1.118914,0
1.894760,1.150427,0
0.882812,-0.903136,0
0.345600,0.299628,0
1.054539,-0.372104,0
1.002733,-1.378808,0
0.505934,-0.807381,0
1.270633,-1.248153,0
1.618014,0.074123,0
2.393642,-0.838350,0
0.820254,-0.953772,0
0.139457,-0.003579,0
1.882286,0.278429,0
0.262384,-1.436455,0
2.014882,-1.573804,0
0.449706,-0.858093,0
1.544710,-0.093735,0
0.357949,-1.749052,0
1.081141,2.208458,0
0.600256,-0.200434,0
2.455390,0.513138,0
1.509763,-1.199863,0
1.201850,1.186756,0
1.011959,0.293078,0
1.216388,1.314798,0
1.293301,0.419119,0
0.780246,0.090712,0
-0.121183,0.559912,0
0.580053,-0.237234,0
0.278124,0.442389,0
2.956414,1.364379,0
1.678426,1.704968,0
1.878728,0.296581,0
0.351545,0.289356,0
0.243103,-0.321974,0
2.152797,0.126358,0
0.801719,1.237496,0
1.379231,-0.052579,0
1.455883,1.045601,0
0.698302,-0.123057,0
1.329994,1.001979,0
0.723292,-0.976256,0
1.534280,0.143328,0
2.756315,0.153387,0
1.437529,0.500318,0
0.859963,-2.739500,0
2.322955,-0.351117,0
1.255976,-0.746455,0
1.002717,1.408167,0
-1.126426,-0.696566,0
0.558641,1.281753,0
1.341871,0.111802,0
1.308303,0.485457,0
1.104661,0.002483,0
0.420348,0.552195,0
1.484596,-0.204884,0
0.334786,0.368606,0
1.388389,0.180515,0
-0.139908,0.180836,0
0.739132,-0.259976,0
0.433980,-1.283755,0
-0.108930,0.319797,0
2.785390,-0.189436,0
1.146897,-0.492151,0
2.490302,-0.695683,0
-0.804392,-0.681735,0
2.419917,-0.792796,0
1.191814,-0.028194,0
0.841484,-1.009767,0
0.886965,0.166611,0
0.905208,1.112848,0
1.456703,-0.117435,0
1.061517,-0.672884,0
1.934865,-1.092731,0
1.184715,-0.528418,0
0.069804,-0.392898,0
1.425888,-0.351058,0
1.723387,0.914818,0
1.095054,0.980710,0
1.864905,0.009138,0
1.092892,1.203947,0
1.083209,-0.660564,0
1.450325,-0.500401,0
2.460608,1.442966,0
0.839949,-0.351123,0
0.826433,-0.781935,0
-0.002872,1.102744,0
0.860656,1.102862,0
1.566684,-0.310029,0
0.621784,-0.352016,0
1.035180,0.056336,0
0.676075,1.012739,0
1.968511,-0.247757,0
1.412040,-0.699490,0
-0.120851,1.494537,0
1.263316,-0.152822,0
1.491956,-1.121327,0
1.501404,1.094524,0
0.415393,0.090601,0
0.616799,0.928384,0
1.713918,0.042225,0
1.075743,-0.989427,0
0.141441,-1.695845,0
0.620950,-0.095151,0
1.358999,0.393075,0
0.112474,0.282164,0
1.561558,-0.834243,0
0.547620,0.503261,0
1.355008,0.158546,0
-0.404908,-0.370753,0
0.875470,-0.208634,0
1.715696,0.342214,0
0.532473,0.712813,0
0.634684,-0.749933,0
1.965862,0.244021,0
0.327950,0.565361,0
1.995679,0.167280,0
0.315341,1.153224,0
1.809127,0.982945,0
0.096758,0.448954,0
0.742545,0.629696,0
1.845697,0.508466,0
-0.528581,2.135906,0
0.784896,1.553810,0
2.011394,0.270194,0
1.132434,0.156897,0
3.295608,-0.508199,0
1.356866,0.563516,0
0.058424,0.059684,0
0.291675,-0.439237,0
1.308085,0.587517,0
0.435867,0.455463,0
1.760722,2.052059,0
0.950831,-0.892306,0
2.314596,0.261346,0
0.564472,-2.458092,0
2.148973,0.028322,0
0.942266,1.433421,0
0.032333,0.715797,0
1.723567,0.190031,0
1.257555,0.436114,0
0.141563,0.249655,0
0.901448,0.787308,0
-0.378682,-1.034623,0
1.626689,-0.023340,0
2.500943,1.033396,0
1.142512,-1.101338,0
2.711683,0.570193,0
2.534166,-0.452886,0
0.109093,-0.647976,0
1.154989,0.259282,0
0.924097,-1.103750,0
0.942756,-1.281612,0
0.107628,-0.573185,0
0.213397,0.792491,0
3.100208,0.311545,0
0.570714,-0.343688,0
1.706298,-0.322409,0
0.575348,-0.520746,0
1.494241,-0.963844,0
0.936823,-0.976711,0
0.610948,-0.250272,0
1.795986,0.099658,0
0.691477,-0.237347,0
0.485533,-1.231381,0
0.354309,0.190973,0
-0.477320,0.910599,0
2.208752,-0.200895,0
-0.225648,-0.090838,0
0.426533,1.188200,0
1.598267,0.335654,0
0.992953,1.977233,0
0.948538,0.547540,0
-0.728508,0.062355,0
0.892095,0.469165,0
0.968027,0.403965,0
1.551585,-0.796873,0
1.943326,-0.598101,0
-0.328764,1.020203,0
1.580983,-1.219336,0
0.317568,0.785494,0
0.965439,-1.063162,0
0.575049,-0.037935,0
-0.019074,0.551157,0
2.335585,-0.561264,0
-0.597451,-0.233043,0
0.527007,-0.701015,0
0.926891,0.655294,0
1.221616,-0.101658,0
1.220070,0.761887,0
0.155767,-0.040685,0
-0.738493,0.208894,0
1.839734,0.331126,0
-0.108564,-0.696448,0
0.463949,-1.716218,0
0.971542,-0.010808,0
1.925164,0.558198,0
1.227882,-0.013171,0
0.695687,0.000867,0
1.744451,-0.643762,0
1.338946,1.373686,0
1.309126,0.521769,0
1.904527,-0.494908,0
1.586840,0.017751,0
1.234309,-0.216301,0
1.024034,-0.841830,0
1.360391,-0.091299,0
0.335703,-0.605554,0
1.581420,-0.320314,0
-0.840585,-1.015150,0
-0.420068,-0.100399,0
1.426993,-1.173582,0
1.049276,1.509695,0
0.630026,-0.860733,0
2.404189,0.240416,0
1.976887,-1.008007,0
2.231288,-0.247013,0
1.630277,0.084167,0
0.315146,0.893515,0
0.770401,-0.468469,0
0.729639,-0.145965,0
0.694885,-1.681224,0
1.320947,0.532505,0
2.645080,-1.811666,0
-0.000780,-0.974009,0
0.644875,0.256112,0
1.732788,0.115070,0
0.865740,-0.316702,0
-0.128974,-0.115022,0
1.531168,-0.195444,0
-0.283643,-0.348001,0
0.377288,1.281858,0
-0.710064,0.849994,0
2.399299,-0.288814,0
2.803179,1.959545,0
1.466949,-0.330606,0
1.653718,0.334563,0
0.525101,1.022008,0
0.791166,-0.278074,0
0.823277,0.169461,0
0.784660,0.785711,0
1.968264,-1.833454,0
-0.174998,0.362975,0
0.174542,1.022425,0
1.415262,-0.150650,0
0.677522,0.048524,0
0.420008,-0.792067,0
0.837539,-0.352822,0
-0.777755,-0.767096,0
0.516492,0.575152,0
-0.012443,-0.524301,0
0.629584,-0.417435,0
0.486378,0.828575,0
-0.044582,-1.485918,0
0.466130,0.288735,0
2.085697,-0.792449,0
-0.878525,-0.672850,0
0.977648,0.756381,0
1.887165,-0.220919,0
0.407922,0.202182,0
1.272134,-0.618523,0
1.116807,0.384513,0
1.914084,-0.318091,0
1.453889,0.154854,0
0.650802,0.285273,0
0.708623,-0.013926,0
2.831723,0.984212,0
1.251247,0.614360,0
1.257218,0.626427,0
2.487990,-0.764015,0
-0.286240,-0.428850,0
0.428925,-1.024878,0
1.925764,0.547619,0
1.321295,-1.077231,0
2.161275,0.224665,0
2.081407,0.361976,0
0.692569,-0.548390,0
0.548496,1.190917,0
1.773833,0.394367,0
0.673259,1.159559,0
1.124144,0.029275,0
0.616131,1.380487,0
1.093449,0.471057,0
2.259864,0.259508,0
-0.495840,0.595685,0
0.712917,0.629518,0
0.780891,0.616241,0
-0.130463,-0.509764,0
1.252944,0.292033,0
0.650271,0.383231,0
1.213445,-0.637525,0
0.823207,-0.037396,0
0.869266,0.398129,0
1.832470,-0.510275,0
0.728786,-0.810908,0
0.994851,0.763783,0
1.180828,0.105521,0
0.917842,-0.484073,0
1.895003,0.488209,0
1.402981,1.397570,0
0.364956,0.274535,0
1.045843,1.048759,0
1.343283,0.854642,0
0.922379,-0.714878,0
2.552388,1.046743,0
0.981646,-0.157714,0
1.654709,-0.035773,0
2.083247,0.695204,0
0.559911,-0.751742,0
1.763270,1.549749,0
0.147096,0.531337,0
0.738105,-0.912855,0
1.101403,1.188289,0
1.322049,-0.076071,0
-0.397116,-0.817749,0
3.014998,-0.849823,0
0.315993,1.294122,0
-0.888410,0.907614,0
1.761000,-0.784732,0
0.418489,-1.541491,0
1.062469,1.167972,0
1.559086,-0.591590,0
1.347014,-0.532422,0
-0.260157,0.429868,0
0.405772,0.391337,0
1.945392,0.449768,0
0.881361,-1.261852,0
3.257796,-0.457677,0
0.220935,1.095802,0
0.034777,-1.932472,0
1.675448,-0.239854,0
0.636961,1.555746,0
2.695066,0.186360,0
0.153880,0.733080,0
1.740163,-0.548528,0
0.556795,0.183267,0
2.050243,0.575175,0
1.185789,0.845948,0
2.077158,0.651108,0
1.155426,0.006235,0
2.254097,-0.195102,0
2.489997,0.582579,0
1.613201,-0.076872,0
1.538477,-0.226464,0
1.330553,0.211768,0
1.037365,0.194908,0
-0.459136,-1.223247,0
0.318188,-0.335051,0
1.109716,-1.114240,0
1.775726,0.464522,0
1.579425,1.142722,0
1.306455,-0.252333,0
0.582864,-1.154331,0
0.186810,0.919255,0
1.207855,0.620849,0
1.088658,-0.969964,0
1.527771,0.354189,0
0.315047,0.362695,0
1.134541,0.632806,0
1.898323,0.046922,0
1.056196,-0.747229,0
0.899548,-0.248371,0
1.496891,0.285109,0
0.495317,-0.073948,0
1.263280,2.157488,0
1.486632,-0.965946,0
2.038678,-0.374583,0
1.617943,-0.170036,0
1.311446,0.314041,0
0.491198,0.435481,0
1.018430,0.835780,0
2.176745,-0.066153,0
1.003991,0.108370,0
-0.112946,-0.247701,0
1.342902,-0.094578,0
0.929410,0.850211,0
1.463010,0.707127,0
0.434684,0.139846,0
0.422850,-0.464574,0
-0.712713,1.726624,0
0.585837,0.998223,0
2.128136,0.226197,0
-0.158960,1.240903,0
1.728850,-0.621429,0
2.735932,-0.887161,0
0.051533,1.021699,0
0.827804,0.354956,0
1.132601,-0.233008,0
0.890433,-0.688641,0
1.647626,-1.292076,0
1.826822,0.297614,0
1.754365,-0.354480,0
0.669357,-0.288671,0
2.011695,1.248116,0
0.555928,-0.196204,0
1.687654,0.590736,0
0.704082,-0.490919,0
0.091156,1.189138,0
1.488859,0.711960,0
1.569634,-0.794794,0
2.128143,0.003346,0
1.022424,-1.162729,0
1.297911,0.979014,0
1.965280,0.821272,0
1.792784,0.997610,0
1.137516,1.811581,0
-0.569988,0.555624,0
0.102601,-0.202590,0
0.562792,-1.200246,0
1.308206,0.499213,0
1.994956,-0.366910,0
-0.169218,-0.714631,0
1.038299,1.140370,0
1.270213,-0.597384,0
0.206839,-0.569220,0
1.359849,0.925322,0
-0.402274,-0.223927,0
1.826795,-0.147711,0
0.342263,-0.023451,0
0.588669,-0.308705,0
1.499031,0.085827,0
0.969928,0.991015,0
1.389420,1.687230,0
1.656625,-0.232207,0
1.166732,-0.146515,0
1.088092,1.294127,0
0.047377,0.384166,0
0.140706,1.772809,0
1.391172,0.344081,0
-0.294382,-0.230338,0
-0.644355,-0.853815,0
0.895054,0.048174,0
0.113031,1.287418,0
1.305612,0.321132,0
1.435615,0.147879,0
1.244079,0.081567,0
0.614967,-1.218175,0
1.554557,1.338077,0
2.037771,1.280643,0
0.786852,-1.770365,0
-0.538519,0.222737,0
2.065439,-0.125395,0
0.953389,0.157954,0
1.803674,0.265930,0
0.564770,0.180196,0
0.410937,-1.145550,0
2.794365,0.082795,0
1.159938,-0.490082,0
1.870223,0.512779,0
1.314374,-0.633965,0
0.411633,0.962478,0
1.723397,-0.334275,0
1.958785,-0.530782,0
1.943389,-0.003957,0
-0.972350,-0.046231,1
-0.735041,0.028550,1
-0.899768,0.521214,1
-0.323646,-0.288141,1
0.735891,1.196638,1
-2.269739,0.222356,1
0.062209,-0.943314,1
-0.494194,-0.284762,1
-0.264476,0.768521,1
-0.885100,0.313164,1
-0.510672,2.096185,1
-2.165969,0.303330,1
-1.311819,0.136831,1
0.468459,0.484334,1
-1.441129,-0.380959,1
-0.808975,-0.278952,1
-2.042579,-0.164675,1
-1.423167,0.843426,1
-1.556297,0.877619,1
0.309108,0.446705,1
-2.005358,-0.341726,1
-1.190889,-0.678848,1
-0.360144,0.032088,1
0.637056,-0.621607,1
-2.315054,0.185909,1
-2.017502,0.338016,1
-1.471989,0.612538,1
-0.790482,1.812207,1
-0.826458,0.226974,1
-0.612669,-0.068053,1
-0.342562,0.830728,1
-2.349185,-0.117637,1
-1.636916,-0.101023,1
0.120876,0.538528,1
-1.387855,0.190470,1
-1.792212,-0.109632,1
-0.702532,-0.323852,1
-1.117593,1.567716,1
-0.585642,-0.229564,1
-1.198445,-0.301867,1
-0.567155,1.279838,1
-0.351184,-0.648999,1
-1.533647,0.065790,1
-1.115856,0.880149,1
-1.062546,-1.561629,1
-1.854473,-0.581728,1
-0.012450,-1.114904,1
-2.306574,1.262893,1
-1.205075,-0.893389,1
-1.969394,0.941946,1
-0.089008,-0.402742,1
-0.729250,-0.437234,1
-1.194183,0.522530,1
-0.171660,-0.084789,1
-0.019117,0.065974,1
-1.311939,0.235377,1
-1.613631,-0.631660,1
-0.629343,-0.253361,1
-0.710358,0.689556,1
1.002287,-0.652933,1
-1.540823,-0.240621,1
-2.174553,-0.898947,1
-0.422723,0.992373,1
1.094131,0.327920,1
-0.647789,0.413726,1
-2.038908,0.177013,1
-0.464594,-0.665405,1
0.611149,-0.230129,1
-0.593918,1.083699,1
-0.063209,-0.527935,1
-1.516410,-0.225859,1
-1.441401,-0.735780,1
-2.217146,1.365355,1
-0.303728,-0.275301,1
-1.038518,-0.856796,1
-1.593828,-1.047675,1
-0.983077,-0.712492,1
-0.099190,-0.980670,1
-0.015428,-0.349754,1
-0.223662,-0.381274,1
-1.081007,0.096153,1
-2.192492,1.060016,1
-1.117825,1.358266,1
-1.582329,-0.135352,1
1.423061,-0.703775,1
-1.049515,0.753491,1
-0.650387,1.222503,1
-1.151270,0.321245,1
-2.156713,0.419511,1
-1.680388,0.754916,1
-0.715703,1.277300,1
-1.115625,-0.323201,1
-1.135767,0.307482,1
-1.370963,1.027344,1
-0.245302,-0.082571,1
-0.901458,0.106657,1
-0.887712,-0.917391,1
-1.702043,0.032984,1
-0.606072,1.364321,1
-1.016527,0.021310,1
-0.687304,-0.459636,1
-0.596762,0.008847,1
-0.705544,-0.203009,1
-1.000587,-0.875886,1
-0.390622,-0.810810,1
-0.556503,0.265955,1
-1.128809,-0.636708,1
-1.766718,0.180214,1
-2.023230,-0.832170,1
-0.270936,-0.423327,1
-1.822096,-1.334686,1
-1.153330,-0.446852,1
-1.270207,-1.112278,1
-1.650208,1.694996,1
-1.482940,0.534365,1
-1.906407,-0.503393,1
-1.096753,-0.792077,1
-2.310822,0.232156,1
0.022436,-0.429599,1
-0.935902,-0.302593,1
-0.821144,-0.048794,1
0.246274,1.432240,1
0.188982,-0.306529,1
-1.265217,-0.556124,1
-1.029995,-0.308116,1
-1.296262,-0.334744,1
0.312091,0.903102,1
-1.488061,0.375796,1
-1.634888,0.852638,1
-0.945151,-0.362385,1
0.180096,0.071802,1
-1.138110,0.211939,1
-0.959244,0.858792,1
-1.191221,0.394236,1
-0.561814,-1.200779,1
-0.065756,0.460264,1
-0.607677,-0.445401,1
-0.573487,0.252021,1
-2.249871,0.382936,1
-0.479867,0.343369,1
1.106845,-0.078661,1
-1.296927,-0.086106,1
-1.131295,0.628214,1
-1.453076,0.134057,1
-2.530506,0.097628,1
-0.983859,-1.096970,1
0.631744,1.454122,1
-0.650304,-0.418625,1
0.070401,0.775083,1
-1.336905,0.573923,1
-0.861544,0.172254,1
-1.250176,-0.274961,1
-0.898298,-0.594701,1
0.417267,0.869096,1
-0.063396,0.360971,1
-1.259368,0.341081,1
-0.790858,-0.814129,1
-1.082910,0.684833,1
-0.790572,-0.293602,1
-0.869787,0.677182,1
-0.936109,-0.248096,1
-0.440584,-0.990388,1
-1.187995,-0.366155,1
-1.409147,0.219979,1
-1.112838,0.450670,1
-0.459882,0.542880,1
-1.347682,-0.947690,1
-1.730818,-0.936002,1
-1.829561,0.776270,1
-1.666654,-0.111675,1
-0.059761,-1.425987,1
-0.974797,0.284688,1
-0.811697,0.834922,1
-1.528676,0.690583,1
-1.155753,1.254289,1
-0.427227,-0.759562,1
-0.631601,1.351150,1
-0.445273,0.808005,1
-0.530423,-0.231908,1
0.796280,0.182261,1
0.666642,-0.584305,1
-1.725247,-0.572683,1
0.189124,-1.424927,1
-2.226139,-1.277888,1
-1.117244,1.509324,1
-2.544524,0.669292,1
-1.007299,-0.851204,1
-1.187171,-0.015119,1
-0.310428,0.499529,1
-0.426288,0.308164,1
-2.139914,0.673856,1
-1.141839,-0.291421,1
-1.002820,-0.100529,1
-0.692322,-0.365548,1
-1.492568,0.304506,1
-0.017180,-1.740187,1
-1.452062,0.644888,1
-1.140433,-0.318408,1
-1.239293,-0.721968,1
-0.386777,-0.512594,1
-1.314342,-0.181011,1
-1.952846,-1.510217,1
0.459911,0.361714,1
-0.828411,0.648060,1
-2.063940,-1.214315,1
-1.404011,-1.380110,1
-0.410934,-0.066578,1
-1.423777,0.162491,1
0.559999,0.796135,1
-0.963418,0.444444,1
-0.975920,0.988849,1
-1.797623,-0.207367,1
-0.879298,0.368930,1
-2.362294,0.280463,1
0.323658,-1.107695,1
-0.605999,0.024918,1
-1.273499,-0.344422,1
0.287331,-1.129627,1
0.304945,-0.553686,1
-0.241143,-0.376005,1
-1.227073,-0.087449,1
0.102699,-2.244365,1
-0.733077,-1.016482,1
-0.399946,0.053710,1
-0.763126,0.164130,1
-0.742353,-0.288166,1
-1.603649,-0.707156,1
-0.514771,0.095589,1
0.103681,-0.378710,1
-1.032759,0.556062,1
-0.048321,-0.037375,1
-1.008046,-0.025915,1
-1.336790,-1.584561,1
-2.238910,1.624154,1
-0.937386,0.474375,1
-1.767182,-0.112929,1
-0.672914,0.758311,1
-0.876900,-0.303544,1
-0.981253,-0.193005,1
-0.956217,-2.074289,1
-1.381486,-0.349749,1
-1.591854,1.509868,1
-2.683103,1.304657,1
-2.836901,0.996940,1
-0.690421,-0.023999,1
-2.231802,0.697726,1
-2.081425,0.597056,1
0.266837,1.248703,1
-2.293459,-0.557519,1
-2.121668,0.000778,1
0.073181,-0.575891,1
-0.063743,0.295575,1
-1.934700,-1.606612,1
-0.443896,-0.111879,1
-0.948800,-0.554411,1
-0.616573,-1.232854,1
-2.233772,-0.392244,1
-1.752900,-0.341699,1
-0.863088,-0.511328,1
-1.977564,-1.151782,1
-1.254316,-0.061141,1
-0.556438,-0.498153,1
0.186375,-1.340899,1
-2.196502,-0.879125,1
0.153000,0.674152,1
-0.506062,-0.177025,1
-1.390854,0.505008,1
-0.053648,1.140964,1
-1.812770,0.881462,1
-2.283544,-0.169757,1
-1.617074,-0.896825,1
0.199201,0.917763,1
-0.742626,0.635926,1
-0.947423,-0.499030,1
-1.007286,-0.271749,1
-0.246572,-0.591547,1
-1.781947,0.261197,1
-0.574626,0.502406,1
-1.151999,1.159865,1
-1.260722,0.436534,1
-2.668859,-1.334985,1
-1.937627,-0.237302,1
-1.937943,-0.279592,1
-0.076122,0.247982,1
-1.198615,-0.085085,1
-1.327269,-0.603748,1
-1.773563,-0.213881,1
-1.499668,-0.833754,1
-1.515208,0.634457,1
0.058596,-1.930593,1
-1.068491,-0.443863,1
-2.681098,0.814485,1
-0.829630,-0.151623,1
-2.721590,-0.365250,1
-0.949265,-0.131958,1
-2.642034,-1.911402,1
-1.791854,-0.715705,1
0.050077,0.533753,1
-1.593472,1.926309,1
-0.927166,0.982207,1
-0.978798,-0.922698,1
-0.473544,0.496511,1
-2.088173,-0.162502,1
-2.247183,0.178594,1
-0.765215,-0.179289,1
-0.775622,-0.654955,1
-1.493291,0.962400,1
-1.777006,-0.042874,1
-0.106457,-0.163558,1
-0.525396,0.003698,1
-1.175956,1.544463,1
-0.705165,1.311648,1
-1.283043,0.562160,1
-0.042942,0.711809,1
-1.075831,0.265311,1
-1.114011,0.946485,1
-1.646762,1.613840,1
-1.112344,-1.875661,1
-1.658893,-0.462089,1
-2.716770,0.376148,1
-0.594960,0.378435,1
-1.587762,-0.270574,1
-1.391136,0.111620,1
-2.424531,-0.650902,1
1.848331,-0.717390,1
-0.807156,0.124515,1
-0.641192,-0.013952,1
-1.257472,0.693006,1
-1.508193,-1.797438,1
-1.649722,-0.881388,1
-0.882748,-1.531835,1
-2.721003,0.591437,1
0.245622,0.138331,1
-0.242492,-0.112727,1
-1.673275,-0.123756,1
-0.485813,0.906316,1
-0.732399,-1.386748,1
-1.176653,-0.700410,1
-0.335904,-0.490877,1
-0.882371,-0.135523,1
-0.361627,-0.261743,1
-0.560972,-0.007151,1
-1.211782,0.122895,1
-0.235965,1.557431,1
0.480626,0.144427,1
-1.292833,-0.645486,1
-2.011434,-1.480647,1
-1.561296,0.869279,1
-1.332781,1.081960,1
-1.661582,1.666206,1
-1.539020,1.102765,1
0.364738,-0.928071,1
-0.498921,-0.384246,1
-1.077453,-1.347964,1
-0.781868,1.089365,1
-1.325641,0.376006,1
-1.973148,-0.019276,1
-0.368284,2.160239,1
1.234126,-0.311120,1
-1.856494,-0.969058,1
-1.493956,-0.023943,1
-1.447230,0.909224,1
-1.147581,-0.491352,1
-1.194453,-1.398891,1
-0.724566,0.385712,1
-0.779562,0.891058,1
-0.862092,0.650895,1
-0.497875,0.399777,1
-1.390758,-0.649061,1
-0.731602,-0.855289,1
-0.929461,0.600165,1
-2.004516,-0.021258,1
-0.646380,0.169658,1
-1.326748,-0.193641,1
0.577291,0.146417,1
-0.805791,0.098892,1
-1.301617,-1.843861,1
0.161372,-0.253114,1
-1.719077,0.723423,1
-0.239271,0.883533,1
-1.564610,-0.405147,1
0.213729,0.612314,1
-0.682837,-0.289255,1
0.746484,0.203020,1
0.223124,-0.262894,1
-1.018102,-0.135624,1
-0.156200,1.436369,1
-1.036498,-0.925561,1
-0.975378,-0.834759,1
0.657488,-0.334138,1
-1.303027,-0.122904,1
-1.078296,-0.180338,1
-0.413544,-0.147232,1
-1.732441,0.491192,1
-0.811106,0.626166,1
0.650767,-0.010713,1
-0.671613,-0.845731,1
-2.082670,-0.101664,1
-0.368942,0.280813,1
-1.204458,0.939281,1
-0.364366,0.452134,1
-1.104181,-1.104059,1
-0.757570,-0.514405,1
-1.798663,0.852495,1
-1.204107,-0.868968,1
-1.400104,-0.273152,1
-0.487565,-0.465433,1
-1.403658,0.128056,1
-0.720284,0.682754,1
-0.554076,-0.049457,1
-0.839670,0.924510,1
-1.111079,-1.201293,1
-1.696908,-0.462095,1
0.951509,-0.476920,1
0.016555,-0.296520,1
-1.244667,-0.608504,1
-1.899916,-0.091408,1
-2.194067,1.027668,1
-2.244822,-0.613087,1
-1.052253,0.417052,1
-0.757985,0.272677,1
-0.823257,-0.192875,1
-0.782846,0.834335,1
-2.633781,-0.579826,1
-0.599238,-0.505569,1
-0.784047,0.550942,1
-0.827792,-1.044003,1
-1.242499,0.093181,1
-1.030139,1.456522,1
-0.796780,0.652011,1
-2.197039,-0.219720,1
-1.187780,-1.550519,1
0.136913,0.150502,1
-1.793511,-0.211273,1
-1.461140,2.746044,1
0.559720,1.694162,1
-2.321703,1.087712,1
-0.401970,-0.722733,1
-0.935717,1.829799,1
-2.198520,0.509450,1
-1.226365,0.206269,1
-1.311631,-0.228825,1
-1.539679,0.048259,1
-0.373586,0.459113,1
-1.895962,-0.849453,1
-3.324100,-0.361952,1
-1.928851,0.477324,1
-0.942508,0.355538,1
-0.930009,0.522690,1
-0.599155,0.910310,1
-0.206764,-0.703601,1
-1.249296,-0.699910,1
-2.422885,-0.090167,1
-0.414960,-0.229846,1
-2.554500,-0.214359,1
-0.582833,1.947694,1
-1.006897,1.050187,1
-2.173115,-0.000066,1
-0.869018,-0.149686,1
-0.236041,1.193644,1
-1.716585,-0.188901,1
-1.619871,-0.173160,1
0.179466,1.397115,1
-1.446423,-0.207661,1
-0.598272,0.632436,1
-0.696506,0.965736,1
-1.474596,0.333049,1
0.297427,0.430048,1
-0.353734,0.568733,1
-0.312061,-0.654306,1
-1.028006,-0.435767,1
-0.645303,0.253003,1
-2.754219,0.856517,1
-0.989357,-0.701172,1
0.442630,-0.272038,1
-0.887466,0.067158,1
-0.498702,0.678812,1
-1.896524,0.713005,1
-2.168570,1.299995,1
-1.518085,0.888989,1
-1.250616,-0.385980,1
-1.740085,0.125170,1
-0.563316,-0.205041,1
-0.619701,0.472224,1
0.755354,-0.159652,1
-0.158548,0.738724,1
-1.180856,0.344622,1
-1.169348,-1.585070,1
-1.171153,-0.036676,1
-1.455128,0.690943,1
-1.318314,-0.790289,1
-1.478742,-0.201735,1
-2.207079,-1.377025,1
-1.896829,-0.236097,1
-0.970473,1.165041,1
0.166889,-1.039379,1
-0.841941,-0.916236,1
-0.747388,-0.351082,1
0.029335,0.212072,1
-0.977248,-0.040158,1
-0.690691,0.884253,1
-0.309502,-0.999253,1
-0.532053,-0.580485,1
-0.983184,-0.389364,1
0.432627,1.152160,1
-2.319408,1.629661,1
0.379462,1.118448,1
0.040296,0.782305,1
-1.993254,1.241225,1
-0.783835,0.238597,1
-1.984028,0.806470,1
-1.559756,-0.253612,1
-1.623849,0.028790,1
-2.388613,-0.199989,1
-1.058089,0.749525,1
-0.964430,0.351862,1
-0.784959,0.190871,1
-1.286905,-0.624920,1
-1.509619,0.291177,1
-0.166760,-0.091043,1
-2.020440,0.089349,1
-1.394767,0.572627,1
-0.507407,2.354508,1
-0.938252,-0.487178,1
-1.491785,-1.200600,1
-0.711881,0.903583,1
-0.240484,-1.932996,1
-2.543433,0.456058,1
-0.299001,0.340805,1
0.120539,-0.771543,1
-1.217445,-0.234632,1
-1.786984,-0.497841,1
-1.105879,-0.615804,1
0.018675,-0.929408,1
-1.021230,0.244957,1
-0.979326,0.426323,1
-0.330675,0.756489,1
-1.097471,-0.376978,1
-1.814615,0.061389,1
-2.606748,-0.879032,1
-0.687481,-0.583391,1
-1.132628,-1.021442,1
-0.043344,-1.555509,1
-2.032224,-1.040864,1
-0.738764,-0.970482,1
-0.548296,0.992205,1
-0.105726,0.200869,1
-1.735193,-0.595938,1
-0.965712,-0.113747,1
-0.520937,0.835038,1
-1.424820,-1.385474,1
-0.876059,0.551457,1
-1.071801,-0.668221,1
-0.148518,-1.160780,1
-0.875172,-0.766179,1
-0.650884,0.070254,1
-0.622559,-1.814294,1
-0.647130,-0.470126,1
-0.621242,-0.036599,1
-2.460007,-0.898705,1
-1.088392,-1.213953,1
0.269036,0.412135,1
-0.869523,-0.375335,1
-0.715912,-0.470674,1
-0.756110,0.407835,1
-0.151240,0.778668,1
-0.562754,0.868210,1
0.933971,-0.486174,1
-2.202708,1.434411,1
-0.169892,0.416231,1
-1.842510,-0.574032,1
0.428706,1.010539,1
-0.568637,0.074965,1
-0.778458,0.426950,1
-0.759045,0.546170,1
-0.561134,-0.028262,1
-1.619276,0.505104,1
-0.495997,-0.354880,1
-0.103150,1.257479,1
-1.940614,-0.697806,1
-1.461210,-1.715132,1
-1.535270,0.726651,1
-0.712498,-1.285347,1
0.956758,0.332531,1
-0.875115,0.942731,1
-0.044425,-1.000212,1
-0.858090,0.452810,1
-1.145153,0.480570,1
0.280477,1.097206,1
-2.209992,-1.004215,1
-1.802770,0.146943,1
-1.095403,0.599476,1
0.035800,1.238015,1
-0.181451,-1.421191,1
-0.879091,1.234744,1
-0.419495,-0.168394,1
-1.433708,1.294258,1
0.816233,1.024597,1
-1.989614,-1.109770,1
-0.656559,0.012818,1
-0.558992,1.176749,1
-0.951215,0.146144,1
-1.034730,-0.676849,1
-2.116345,-0.197167,1
-0.281294,-0.002436,1
-1.436463,0.309575,1
-1.482946,-0.394934,1
-1.545016,1.206029,1
-0.607799,-0.212593,1
-2.057490,-0.007938,1
-1.391597,-0.061332,1
-2.405444,0.227127,1
-0.875487,-0.648333,1
-2.215776,-0.450608,1
-2.957850,-1.011579,1
-1.531670,-0.516437,1
-0.927485,-0.833411,1
-0.761289,-0.294106,1
-1.166229,0.054111,1
-1.608992,-0.454195,1
-1.352698,-0.039603,1
-0.478777,-1.818095,1
-0.669901,0.421259,1
-0.694963,-0.302761,1
-1.491222,-0.200907,1
-0.244310,0.436893,1
-0.429998,1.460240,1
-1.341187,-0.036184,1
-0.071552,-0.254387,1
-0.739470,-0.457496,1
-0.734340,0.211335,1
-0.914888,0.194160,1
-1.434721,0.135891,1
-1.546474,0.591214,1
-0.819032,-0.349091,1
-0.032738,2.097317,1
-1.489257,-0.376762,1
-1.768342,-0.270907,1
-1.685440,-1.041961,1
-0.237044,0.442940,1
-0.702389,-0.149916,1
-1.287197,-0.199609,1
-1.085080,-1.283256,1
-0.557609,0.955949,1
-1.394732,1.236367,1
-1.133158,-1.753901,1
-1.663235,-0.985879,1
-0.834179,-0.123185,1
-1.187416,-1.142187,1
-0.636055,-1.717867,1
-1.614968,1.083590,1
-0.607452,-0.804918,1
-1.592173,-0.892549,1
-0.250422,-0.407546,1
0.778430,0.669420,1
-0.646620,0.319967,1
-0.647460,1.249071,1
-0.931068,0.499342,1
-1.482259,0.606417,1
-0.938007,-1.060621,1
-1.197092,1.549642,1
0.376212,0.901208,1
-1.409659,0.327554,1
0.123576,-0.908267,1
-1.297771,-1.010397,1
-1.049873,-0.010587,1
-1.593678,0.065183,1
-1.097623,0.417818,1
-0.180532,1.282345,1
-1.781540,0.012372,1
-1.551391,0.022870,1
-2.164287,0.395606,1
-0.593858,0.958573,1
-0.058619,-1.000039,1
-0.390456,-1.572854,1
-1.723103,-0.397555,1
-1.299807,-0.449468,1
0.145258,-1.019974,1
-1.236157,0.009693,1
-0.365044,0.810449,1
0.555859,1.152444,1
-0.725809,0.175477,1
-0.463760,-0.095196,1
-0.624098,1.703779,1
-1.092392,0.321907,1
-0.668444,-0.580619,1
-0.617993,-0.913752,1
-2.656075,0.380154,1
-1.259600,-0.101671,1
-1.342910,1.572508,1
-0.744113,-0.764199,1
0.611210,0.613236,1
-1.420918,0.788337,1
-1.871181,-0.982110,1
-1.867228,0.708147,1
-1.131751,0.721176,1
-1.185697,0.721174,1
-0.262816,0.000576,1
-0.024930,0.457153,1
-1.661755,-0.440241,1
-0.931666,-0.079715,1
-0.585167,0.785627,1
0.197109,-1.071079,1
-0.437086,-0.177075,1
-0.775399,1.425035,1
-1.637439,0.746019,1
0.547953,0.132568,1
0.206836,-0.948018,1
-0.071389,-0.147384,1
0.537781,0.488554,1
0.030725,0.676128,1
-1.043851,-0.691606,1
-1.079960,0.971737,1
-0.588761,-1.475096,1
-0.369980,-1.439994,1
-0.762129,-0.950037,1
-1.628659,0.103647,1
-1.016363,0.765829,1
-0.734052,-0.486713,1
0.082980,0.467189,1
-2.118818,-1.364433,1
0.505732,0.208094,1
-0.781494,0.605784,1
-1.972459,0.269368,1
-2.259512,0.783944,1
-0.958505,-0.453331,1
-1.607544,-0.139677,1
-0.732431,1.020293,1
-0.904415,1.203660,1
-1.739496,-0.374635,1
-2.133652,0.174164,1
-0.165928,0.745721,1
-2.125430,-0.232232,1
-0.360576,-0.196276,1
-1.232212,-1.117949,1
-0.285738,0.829385,1
-1.886839,-0.506822,1
-1.785389,-0.212471,1
-2.022501,0.814131,1
-1.145551,2.221764,1
-1.754022,-0.205707,1
-2.656145,-1.071725,1
-0.768198,0.868495,1
-0.075460,0.314168,1
-0.991562,1.423251,1
-0.426751,-0.042474,1
-1.060820,-0.657841,1
-0.714933,0.466475,1
-0.149698,-0.535551,1
-0.560287,-0.354968,1
-2.303934,0.555437,1
-1.892337,0.131093,1
-1.593098,-0.478230,1
-2.322117,-0.434469,1
-0.840600,-0.806592,1
0.044164,-0.332006,1
-0.855135,0.215910,1
-1.533917,-0.255532,1
-0.306145,1.207597,1
-0.960109,-0.158511,1
-0.518494,-0.663382,1
-0.640436,0.234631,1
-2.204523,0.299286,1
-0.518139,-0.081929,1
-1.354082,0.825125,1
-0.503086,-0.173548,1
-2.164338,-1.091830,1
-0.997874,-1.121347,1
-1.687937,0.712881,1
-1.014972,-0.837699,1
-0.319432,-0.050728,1
-1.384526,0.212070,1
-2.125608,0.650801,1
-0.903163,0.929754,1
-1.550133,-1.681634,1
-1.607668,-0.282318,1
-0.779702,-0.924167,1
-1.976984,0.088958,1
-0.380816,0.295304,1
-1.464295,0.422635,1
-0.505891,-0.318598,1
-0.278947,-0.200937,1
-1.861187,0.589785,1
-0.323753,-1.162463,1
-1.474967,-0.225049,1
-1.502616,0.191940,1
-1.517120,1.049659,1
-1.355197,-1.180691,1
-0.697921,0.633234,1
-0.427837,-0.416156,1
-1.562526,-0.647977,1
-1.949147,-0.472398,1
-0.764755,-0.127826,1
-0.692969,-0.665854,1
0.371154,0.688296,1
-1.573988,0.629562,1
-0.587369,-0.069172,1
-1.016342,0.697220,1
-1.039556,-1.341073,1
-0.481744,-0.491015,1
-1.576008,0.680322,1
-1.256426,1.213968,1
-0.695693,1.138365,1
-0.120103,1.440817,1
-0.850336,1.091275,1
-1.288224,-0.236545,1
-2.006718,-0.084548,1
-0.943129,-0.904758,1
0.015988,-0.562690,1
-2.244657,-0.585437,1
-1.775317,0.933804,1
-1.359224,0.114742,1
-1.677792,1.445284,1
0.355443,-1.168067,1
-0.676606,-0.246092,1
-0.945984,0.640465,1
-1.585187,-1.193002,1
-1.546424,-0.207295,1
-0.691290,0.913010,1
-0.025025,0.219681,1
-2.494088,0.656913,1
-1.043016,1.044213,1
-0.131774,-0.080048,1
-2.100170,-1.224397,1
-0.798627,0.267672,1
-0.488508,-0.533001,1
0.024060,1.475660,1
-1.100677,-1.454023,1
0.013151,0.747874,1
-0.928339,-0.462176,1
-1.813562,-0.915568,1
-1.328320,0.065447,1
-1.617030,0.420742,1
-2.140708,0.114076,1
-0.924109,0.238046,1
-2.067014,-0.204989,1
-1.744679,-2.114439,1
-1.588913,0.413632,1
-1.576012,-0.489681,1
-0.932916,1.179770,1
-1.374155,0.419460,1
-0.377829,-0.603261,1
-1.241677,-0.853647,1
-2.718728,0.255554,1
-0.004341,0.657092,1
-1.636523,0.072694,1
-1.285327,1.052933,1
-1.158196,0.541455,1
-0.925082,0.484862,1
-0.644129,-1.659986,1
-0.398615,0.346959,1
0.225409,0.026812,1
-2.363363,0.373900,1
-1.715176,1.296673,1
-0.926342,0.370245,1
-0.112791,0.080187,1
-0.708688,0.773497,1
-1.237394,0.349784,1
-0.937445,0.466033,1
-0.536202,2.009805,1
-1.601922,0.031419,1
-0.797729,-0.665576,1
0.319157,-0.540192,1
-0.718160,0.161105,1
-0.596159,-0.750345,1
-2.187107,0.288175,1
-0.458734,-0.844595,1
-2.071487,-0.770090,1
-2.182397,1.003157,1
-1.186205,0.476067,1
-0.706222,0.822603,1
0.200553,-2.682218,1
-1.890692,-0.982964,1
-1.071571,-0.077133,1
-1.293579,1.155106,1
-0.550999,-0.558076,1
0.738848,-0.282456,1
-0.833796,1.173641,1
-2.066907,-0.331381,1
-1.774363,0.675944,1
-1.014973,0.304012,1
-1.303765,1.186142,1
-1.825069,-0.323735,1
-1.199794,0.463413,1
-1.222609,1.410860,1
-0.803004,-0.171489,1
-1.925966,-0.063626,1
-1.281084,-0.318234,1
0.264910,-0.706488,1
-2.282774,-0.159923,1
-0.190363,-0.411416,1
-0.434314,1.261024,1
-0.224029,-0.598044,1
-1.789738,0.407355,1
-0.336578,0.514387,1
-0.563951,-0.501361,1
-1.404985,1.841270,1
-1.896950,0.650661,1
-0.158209,-0.163698,1
-0.725746,-0.357606,1
-1.033464,0.010155,1
-0.668108,0.404646,1
-0.068403,-0.554544,1
1.320229,0.254054,1
-0.928897,-0.735555,1
-1.088970,-0.529808,1
0.234998,0.489664,1
-1.796587,1.246105,1
-1.400088,0.522452,1
-0.312311,1.450293,1
-1.473463,-0.180134,1
0.366273,-0.433044,1
-1.489301,1.407764,1
-0.391424,2.017386,1
-0.644349,1.100287,1
-0.028450,1.116916,1
1.314286,1.152989,1
-2.571439,0.861265,1
-1.006312,-0.055027,1
-0.917248,0.219570,1
-1.457837,0.006864,1
-1.739908,0.721283,1
-1.998440,-0.038364,1
-0.359393,-0.757560,1
-1.145739,-0.336082,1
-2.110781,1.230372,1
-1.350225,0.867883,1
-1.369992,-0.092755,1
-0.182801,-0.612834,1
-1.439550,-0.412665,1
-0.231001,-0.303879,1
-1.413773,1.309284,1
-1.363299,0.019104,1
-1.967656,0.151204,1
-0.696595,0.407602,1
-0.243392,-0.565385,1
-0.083439,-0.331688,1
-0.817009,0.139560,1
1.153120,0.015436,1
-0.460979,-0.684458,1
0.419983,0.852068,1
-1.437724,-1.843204,1
-3.022421,1.545783,1
-2.172365,0.251127,1
-1.798091,0.682989,1
-2.095317,-0.132467,1
-1.508615,0.149956,1
-1.550935,1.101367,1
-2.312191,-0.302776,1
-1.906705,0.723245,1
-0.666723,0.469151,1
-1.327325,0.962123,1
-2.441646,0.246390,1
-1.177622,-1.755103,1
0.627908,0.656144,1
-1.601690,0.699009,1
-0.417986,-0.092959,1
-0.351688,-0.386332,1
-1.352289,-1.398057,1
-1.332176,0.746082,1
-1.867585,-0.633404,1
-1.123548,0.602629,1
-2.330686,0.105774,1
-1.995873,-0.765192,1
-0.251111,2.028895,1
-1.493186,-0.172609,1
-0.023403,-1.090106,1
-2.065246,0.388440,1
-0.571595,-0.890571,1
-1.131901,-0.885041,1
-1.432051,-0.498603,1
-1.326276,0.855800,1
-0.951870,0.300435,1
-1.429415,-0.326502,1
-2.173468,0.470937,1
-0.894039,-0.513135,1
-1.315947,0.208575,1
-2.014012,0.984345,1
-1.252030,0.196532,1
-0.753312,0.905779,1
0.587788,-0.427621,1
-0.839053,-1.639522,1
-0.932963,-1.066852,1
-0.473427,-0.948096,1
-1.137887,-0.830310,1
-1.964363,0.953814,1
0.057118,-0.114408,1
-1.902568,1.166161,1
-0.698818,0.746163,1
-0.531460,1.235289,1
-2.035630,-0.860751,1
-1.900550,0.486276,1
-1.042327,-0.221496,1
-0.474493,-0.577665,1
-0.406074,-0.528956,1
-2.237567,1.226323,1
0.199950,0.662992,1
-1.530106,-0.984077,1
-0.772097,-0.046551,1
-2.360774,-0.455089,1
-2.346924,0.165603,1
-0.027020,-1.075095,1
-0.904733,-1.170630,1
-1.492635,-0.220140,1
-0.392329,-0.987032,1
-2.049284,-0.774166,1
-0.638414,0.096060,1
-0.607636,-0.887552,1
-1.578313,-1.755048,1
-0.888956,-0.692592,1
-1.435123,-1.249901,1
0.807912,0.473666,1
-0.411755,0.605829,1
-0.281991,-0.425663,1
-0.771686,0.992995,1
-1.784341,-0.398985,1
-0.669016,0.376365,1
-0.786870,-0.760926,1
-1.474366,0.199081,1
-1.564998,0.284694,1
-1.371869,-0.259329,1
-2.418966,-0.061755,1
-1.133512,-0.749187,1
0.434998,0.745545,1
-0.991880,-0.626008,1
-1.026969,1.431534,1
-0.808264,0.028024,1
-0.131305,-0.849603,1
-0.597412,0.071145,1
-1.306745,0.379790,1
-1.182728,0.109351,1
-1.927768,0.091730,1
-0.622072,-1.386481,1
-0.723237,-1.721036,1
-1.889705,0.224912,1
0.169222,0.639126,1
-1.395493,0.801989,1
-1.534617,0.032610,1
-1.221628,0.686444,1
-1.874070,-1.225729,1
-0.767010,0.213954,1
-0.826092,0.704554,1
-0.879373,-1.073083,1
-0.485052,-0.033026,1
-1.102244,-0.445406,1
-0.555811,0.323319,1
-0.550562,0.420239,1
-0.427624,-1.545542,1
0.133192,0.202493,1
-1.684237,-0.688543,1
-1.447706,-0.546774,1
-1.307021,-2.291881,1
-1.345136,-0.860302,1
-0.630932,0.295277,1
0.312086,-0.407791,1
-0.622110,-1.207114,1
-0.690137,0.608967,1
-0.732609,-0.453063,1
-0.849386,-0.132727,1
-1.011801,0.386943,1
-1.250546,-1.151210,1
-1.226575,-0.282761,1
-1.990212,-0.694530,1
-0.522480,-0.351861,1
-0.695340,0.198704,1
-1.381093,1.280882,1
-0.202027,-0.309552,1
-0.811932,0.477576,1
0.025153,1.174603,1
-1.014400,-0.767865,1
-2.154197,-1.146098,1
-0.956333,-0.113795,1
-1.948558,-0.843870,1
-1.046286,-0.482880,1
-1.084932,-1.671520,1
0.306387,0.050968,1
-1.369698,-0.283376,1
-1.958748,0.162300,1
-1.602828,0.126269,1
-1.421922,0.048754,1
-0.865739,0.537549,1
-0.291389,0.171519,1
-1.911937,-0.266486,1
-2.339551,-0.298634,1
0.177720,1.685670,1
-2.248791,0.130288,1
-2.279879,0.131074,1
-0.419875,0.095115,1
-0.955396,0.576864,1
-1.411261,1.231134,1
-0.690337,-0.823748,1
-1.559795,-0.829596,1
0.048077,0.500962,1
-0.607079,-1.103956,1
-1.357741,0.384744,1
-0.854186,-1.170432,1
-1.206343,0.023926,1
-1.114387,0.459606,1
-1.743212,-0.601244,1
-0.727280,-0.291312,1
-0.639047,-0.001219,1
-0.913089,0.439219,1
-1.572849,-0.276417,1
-0.916615,-0.966204,1
-0.850408,-0.356675,1
-0.355641,-0.797933,1
-0.422387,0.069349,1
-1.079906,-0.932909,1
-2.950643,-0.316607,1
-0.351107,0.935095,1
-0.452160,0.761735,1
-1.370005,-0.280320,1
-1.526668,-0.210068,1
0.118738,0.173781,1
0.544860,-0.081773,1
-1.842614,1.022507,1
-0.427173,0.147647,1
-0.773081,0.116082,1
-1.148785,-0.408078,1
-2.126046,-0.943296,1
-1.210155,0.172861,1
-2.431619,0.098293,1
-0.954542,0.106420,1
-0.236643,-0.608998,1
-1.546272,-0.331325,1
-0.685673,1.489621,1
0.126460,0.045253,1
-0.607392,-1.170056,1
-0.992946,-0.470022,1
-1.715968,-1.179255,1
-2.080279,0.588200,1
-1.063944,-0.704600,1
-1.063616,-1.718484,1
-0.752656,-1.746084,1
-1.241273,-0.227716,1
-2.225670,-1.512070,1
-0.327790,1.067772,1
-2.299524,1.604182,1
-0.871547,0.644077,1
1.029093,-0.154229,1
-2.414876,-0.188918,1
-1.283158,-1.465388,1
-1.032549,1.259229,1
-1.048341,-0.644796,1
-1.439041,-1.340404,1
-2.217634,-0.226023,1
-1.674524,-0.090612,1
-1.338221,1.239504,1
-0.451572,-0.125369,1
-0.809533,-0.610440,1
-0.985587,-0.680306,1
-1.764685,1.299538,1
-0.796730,0.051637,1
-0.490185,1.550546,1
-0.652796,1.035963,1
-1.989410,-0.383489,1
-1.328931,-0.221092,1
-2.326309,-0.483158,1
-1.893504,0.859710,1
-2.067458,1.435188,1
-1.678108,-0.887983,1
0.537930,-0.059798,1
-0.490324,-0.264945,1
-2.778074,0.360408,1
-1.150828,0.250892,1
-0.090628,-0.758928,1
-1.181773,0.273368,1
-0.488421,-0.208898,1
-1.420559,0.045257,1
-0.240313,0.035998,1
-2.270390,-0.000487,1
-0.499596,-0.755887,1
0.045609,-0.638515,1
-0.406947,-0.090955,1
-1.391420,-0.063714,1
-0.399331,-0.679956,1
0.164021,-0.081401,1
-1.668125,0.433328,1
0.157060,0.341878,1
-1.058751,-0.184346,1
-0.257251,1.365670,1
-0.052807,-0.121945,1
-1.486248,-0.865866,1
-1.332030,0.353708,1
0.462542,-0.264303,1
-0.389102,0.979584,1
-0.138127,0.563002,1
-2.378670,0.413186,1
-0.340044,1.110348,1
-1.660805,-0.455008,1
-1.237095,-0.672222,1
-0.611151,-0.363913,1
0.250042,-0.851465,1
0.052234,0.229297,1
-1.102457,0.636221,1
-2.689867,-0.441118,1
-1.257279,1.315219,1
-1.505173,0.510998,1
-0.784931,-0.597008,1
-1.220355,0.190250,1
-0.644829,0.381907,1
-2.064471,-0.084572,1
0.259405,-0.526671,1
-0.877347,0.076540,1
0.279129,-0.615157,1
-0.663916,-0.684593,1
-0.832226,1.104856,1
-1.023544,-0.302017,1
-0.183414,0.207154,1
-0.851426,-0.666378,1
-0.538048,0.639312,1
-0.980674,-0.112483,1
-1.044200,0.601187,1
-0.910206,-0.854216,1
-2.300047,-0.238696,1
-0.772809,-0.564202,1
-2.507349,-0.364724,1
-0.355360,-0.801417,1
-1.183462,-0.357580,1
-1.781187,0.691640,1
-0.619043,0.028975,1
-1.237507,0.514621,1
-1.653840,0.541683,1
0.013752,1.193439,1
-0.971105,-0.850216,1
-0.453533,0.133932,1
-0.486811,-0.458616,1
-1.528305,-2.232156,1
-0.142620,-0.212445,1
-1.493282,-0.689172,1
-1.370303,0.619915,1
-0.835929,-0.074235,1
-1.446549,1.581825,1
-0.332668,-0.270640,1
-0.440816,-0.971665,1
-1.124885,1.510803,1
-1.002332,0.677481,1
-0.210576,-0.627322,1
-0.601583,0.865144,1
-1.189265,-0.528226,1
-1.528471,1.391819,1
-1.177207,-0.047163,1
-1.353812,0.607793,1
-1.510769,1.704967,1
-1.867797,0.495813,1
0.882990,-0.700124,1
-1.957445,-0.199385,1
-1.386729,0.725272,1
-1.094709,-1.187438,1
-0.878203,-1.266750,1
-0.792410,-0.764325,1
-0.202353,0.409256,1
-2.797171,0.367943,1
-0.713236,-0.236054,1
-1.045140,0.583300,1
-2.745846,-0.350886,1
-2.288587,-0.898704,1
-2.322351,-0.784799,1
-1.385370,-1.883950,1
-1.919452,-0.166674,1
-1.130791,-0.382247,1
0.319753,0.599153,1
-1.727636,-0.508168,1
-1.193637,-1.866285,1
-0.480948,0.474188,1
-2.028778,0.386139,1
-0.025268,0.167285,1
-1.480026,0.980219,1
-1.825982,-0.188557,1
-0.061595,0.833125,1
-0.406419,0.832496,1
-2.528345,-0.704869,1
-0.095357,0.088562,1
-1.352953,0.240454,1
-0.542692,-0.314349,1
-1.580782,0.728262,1
-1.036681,0.708446,1
-1.456493,0.038957,1
-0.392593,1.129332,1
-1.028076,-1.612992,1
-1.881241,1.173726,1
-0.326739,-0.336646,1
-0.318477,-0.367819,1
-1.738090,-0.461817,1
-0.537314,0.021879,1
0.211792,0.548932,1
-1.397253,-1.452019,1
-0.582861,0.519872,1
-2.836840,1.918160,1
-2.264595,0.174044,1
-0.334692,0.137478,1
-1.177928,-0.315309,1
-2.857549,0.570237,1
-0.651472,0.518946,1
-1.067646,0.602787,1
-2.406015,0.267122,1
-1.826430,0.882658,1
-2.145143,-0.002820,1
-2.925345,-0.443915,1
-1.825619,0.471775,1
-1.757838,0.354086,1
-0.408767,0.440410,1
-2.625227,-0.916295,1
-1.359737,1.062594,1
-1.088377,-0.007314,1
-0.452725,0.345431,1
-2.026500,-0.766089,1
-1.460502,-0.734792,1
-1.275486,-1.503131,1
-0.518315,0.061134,1
-1.534155,-0.238365,1
-1.268026,0.034243,1
-1.983297,-0.134682,1
-2.031708,-0.507653,1
-0.354232,0.227244,1
-0.513981,0.168538,1
-0.662396,-1.677377,1
-1.108617,1.486395,1
-1.314360,1.555543,1
-1.756732,0.545890,1
0.758301,-0.707990,1
0.244328,-0.731456,1
-1.199020,0.898616,1
-2.661847,-0.615615,1
-1.345570,-0.129224,1
-0.703533,-0.927493,1
-1.060745,0.155084,1
-0.864884,0.635655,1
0.142080,-0.355381,1
-1.180896,0.433967,1
-0.116947,-0.469219,1
-1.990995,-0.791562,1
-0.469866,0.024119,1
-1.648935,1.734604,1
-0.281965,-0.101943,1
-2.827526,0.988842,1
-0.313973,0.190296,1
-1.653696,-0.712920,1
-1.646530,-0.438416,1
-0.672290,-1.087062,1
-1.251713,-0.545133,1
0.008897,-1.256804,1
-2.163343,0.535162,1
-0.630118,-0.407898,1
-0.895628,0.377610,1
-2.047624,2.132316,1
-0.692350,0.663982,1
-0.777396,-0.819402,1
-0.118736,-0.327332,1
-1.443919,0.358814,1
-1.176320,-0.549347,1
-0.360940,0.145725,1
-0.262355,0.084239,1
-1.543851,0.556749,1
-0.008897,0.382698,1
-1.154815,0.179367,1
-1.511956,0.940391,1
-0.495731,0.732748,1
-0.559411,0.347631,1
0.313169,-1.214468,1
-0.928998,1.049864,1
-2.230522,-0.890707,1
-0.611649,-0.522121,1
-0.004191,-0.453996,1
-1.585900,-0.566900,1
-0.837243,-0.446314,1
-0.000700,-0.949523,1
-1.234959,-0.483596,1
-1.447971,0.515853,1
-0.294760,0.231539,1
-0.653603,0.651063,1
-0.432862,-1.144427,1
-1.299301,0.666517,1
-1.011297,-0.594054,1
-0.976461,-0.516133,1
-1.424035,0.858055,1
-0.657858,-1.360154,1
-0.272751,0.080007,1
-0.467521,0.743566,1
-0.093596,0.779146,1
0.456529,-1.010050,1
-0.915041,0.421944,1
-0.490593,0.328896,1
-1.673500,0.436247,1
-1.009861,-0.153232,1
-0.545957,-1.082941,1
-0.207495,0.764330,1
-0.230771,0.434083,1
-0.486438,0.451058,1
-1.702020,-0.751362,1
0.388022,-0.105459,1
-1.851306,-1.052743,1
0.213298,1.215871,1
-1.075821,0.320232,1
-0.959387,-0.649259,1
-1.176239,-1.898692,1
-1.148517,0.077064,1
0.163153,-0.695270,1
-2.088188,0.243819,1
0.574533,-1.343390,1
-1.281521,0.329246,1
-1.219472,0.478512,1
-1.310168,-0.906954,1
-1.232505,-0.960922,1
-0.640192,-0.696280,1
-1.430716,-0.535800,1
-0.359222,-0.093511,1
-1.222535,2.086918,1
-1.809765,-0.225882,1
-1.222913,0.286140,1
-1.982795,1.082311,1
-0.502528,0.159265,1
-1.651039,-0.387765,1
0.095026,-1.240781,1
-1.282665,-0.906277,1
-2.284204,-0.822075,1
-1.983934,-0.268707,1
-0.644989,0.632221,1
-1.631202,-0.103424,1
-0.124482,-1.059530,1
-1.648967,-1.227990,1
-0.718239,-0.697124,1
-1.803038,-0.284928,1
-0.551664,1.146391,1
-2.723936,-1.191442,1
-1.498263,1.019509,1
-0.571063,-0.551852,1
-1.666742,0.084633,1
-0.725923,-1.446078,1
-1.053613,-0.430834,1
-0.733371,1.611932,1
-1.609370,-1.612456,1
-2.228111,0.744665,1
-1.499226,1.567353,1
-1.369855,0.162954,1
-0.617901,0.636598,1
0.381251,0.050002,1
-1.198915,-1.230192,1
0.166669,0.038826,1
-1.082513,1.146526,1
-0.917716,1.227628,1
-1.238794,0.352032,1
-0.737674,-0.427995,1
-1.468359,0.078321,1
0.473291,-1.054185,1
-1.281583,-1.419905,1
-0.100432,-2.282800,1
-0.592803,0.619860,1
-0.514357,-0.798254,1
-2.347121,1.231508,1
-1.003969,-1.616406,1
-1.407312,0.087802,1
-1.554409,-0.200626,1
-1.894455,0.791982,1
-2.317048,-0.644859,1
-1.182427,1.629460,1
-0.738874,0.598516,1
-2.629047,0.419761,1
-0.527882,-0.401324,1
-2.332581,0.355257,1
-0.869749,-0.468965,1
-0.801250,-0.032706,1
-1.076796,-1.678859,1
-0.726272,0.625890,1
-1.752856,0.177033,1
-1.969971,0.661617,1
-1.615811,-0.405877,1
-1.648576,0.544032,1
-1.444028,-1.280984,1
-0.735241,0.512288,1
0.619373,0.237609,1
-0.496474,-0.751580,1
-0.611579,0.668985,1
-1.254033,0.419478,1
-2.425479,1.283312,1
-0.419972,-0.169334,1
0.010927,0.191504,1
-2.152482,2.010714,1
-0.773997,0.603372,1
-0.467213,-0.811440,1
-0.651202,-0.046617,1
-1.839160,1.992764,1
-1.166974,-0.422022,1
-1.079005,0.670855,1
-0.867163,0.393130,1
-2.897515,-1.087401,1
-3.015405,0.778737,1
-0.969822,-1.415145,1
-0.894578,-1.270766,1
-2.152267,0.057592,1
-0.930005,0.367872,1
-2.050321,-1.166773,1
-0.785653,-0.700058,1
-1.906195,-1.312443,1
-1.690758,-0.604397,1
-1.583505,1.230427,1
-2.080482,-1.881434,1
-1.565943,0.921632,1
-0.823761,-0.915681,1
-0.066208,-0.719831,1
-0.800327,2.329621,1
-0.370045,0.845359,1
-1.866259,0.865221,1
-1.513354,-0.574305,1
-1.153197,0.555060,1
-2.038398,-1.075076,1
-0.753117,-0.748358,1
-0.439951,-0.910719,1
-0.635731,-1.004991,1
-2.794287,1.077986,1
-0.070157,-1.377461,1
-1.430059,0.172314,1
-1.570431,0.196989,1
-0.990467,-0.872433,1
-0.759649,-1.350327,1
-0.685081,-1.905728,1
-1.245650,0.264164,1
-1.877924,-0.966904,1
-2.694587,0.849777,1
0.721615,-0.883117,1
-1.095403,2.580013,1
-1.048907,0.488659,1
-0.627417,0.252167,1
-2.050220,0.179328,1
-1.478879,0.489665,1
-1.140211,-1.326474,1
-1.668449,-0.392429,1
-0.710806,0.458489,1
-1.400606,-0.450837,1
0.144151,0.323768,1
-1.615953,0.477282,1
-0.337067,0.350237,1
-1.453547,-0.236171,1
-0.199636,-1.256122,1
-0.148058,0.814930,1
-1.062087,-0.896010,1
-0.388783,0.779589,1
-1.023333,0.500847,1
-0.319917,0.967834,1
-0.780839,-0.092587,1
-1.210772,-1.114288,1
-0.991221,0.670953,1
-1.465800,-0.903922,1
-0.723661,-0.945792,1
-1.928094,-0.311973,1
-2.261139,0.613732,1
-1.081278,-0.424735,1
-0.523663,-0.325629,1
-1.504971,0.111906,1
-0.757175,0.038943,1
-2.754705,0.948095,1
-1.548724,0.419033,1
-0.002783,-0.473896,1
-1.353870,0.719704,1
-0.114156,0.524544,1
-0.410603,2.048607,1
-1.395101,0.426315,1
-0.102628,1.476596,1
-1.582929,-0.166131,1
0.150317,0.260288,1
-1.679069,-1.427575,1
-0.287215,-0.338128,1
-0.297282,-0.507469,1
0.762413,-1.120292,1
-0.517389,-0.270510,1
-1.115340,-0.657107,1
-1.510873,-0.562059,1
-0.360851,-1.119512,1
-2.192261,0.479770,1
-1.088413,-0.490220,1
-1.016590,-1.159604,1
-1.264143,0.276581,1
-0.822495,-0.037936,1
-0.372396,1.480818,1
-1.245064,-0.373164,1
-0.798088,0.458252,1
-1.141679,0.573614,1
-0.456242,-0.219315,1
-0.525194,1.541314,1
-0.320915,-1.126886,1
-1.181555,1.644284,1
-1.786332,-0.364417,1
-0.737745,0.718579,1
-0.426869,-0.018530,1
0.192592,-0.404061,1
-1.511898,0.216225,1
-0.895538,0.105512,1
-2.201461,1.052673,1
-1.748382,1.327490,1
-0.803452,-1.489004,1
-1.618237,-0.318377,1
0.788860,-0.218332,1
-2.140062,0.003466,1
-1.332854,0.522183,1
0.563089,0.075272,1
-1.379759,-0.350923,1
-1.375563,-1.389887,1
-0.272770,-0.119463,1
-0.260967,0.550686,1
-0.906075,0.144911,1
-1.053439,0.149336,1
-2.867929,-0.013112,1
-1.607033,0.298245,1
-2.260902,-0.092031,1
-0.707922,0.516859,1
-1.082783,-0.317376,1
0.429066,-1.324779,1
-1.434216,0.151616,1
-1.071988,0.284003,1
-1.797768,-0.479137,1
-1.087078,0.813303,1
-0.625751,-0.729706,1
-1.931109,1.534906,1
-1.896296,-0.597791,1
-2.192621,0.901728,1
-2.472220,-0.274366,1
-1.286215,0.887557,1
-0.280950,-0.512508,1
-1.078304,0.349370,1
-1.366436,-0.366666,1
-0.344094,0.102695,1
-0.761125,-0.937357,1
-1.791472,-0.811702,1
-2.454698,0.875495,1
-1.320070,-0.143978,1
-1.969651,-1.108226,1
-2.482609,0.675549,1
-1.412881,0.498217,1
-1.817702,0.948222,1
-1.757500,0.505531,1
-0.056330,-0.347816,1
-0.803048,-0.495254,1
-1.885367,-1.627696,1
0.042360,0.362658,1
-1.278877,-0.331809,1
-1.685503,-0.226830,1
-1.471278,-1.032733,1
-0.485885,-0.612330,1
-1.824311,-1.332198,1
-1.076083,0.222299,1
-0.548409,0.966676,1
-0.931032,1.488835,1
-0.075549,-0.420316,1
-0.251414,-0.720672,1
-0.846478,0.699890,1
-1.631647,-0.350304,1
-1.910930,0.359031,1
-1.704532,1.918110,1
-1.465258,-0.387256,1
-0.485297,-1.876840,1
-2.046451,-0.572470,1
0.697572,0.747779,1
-0.676789,1.819786,1
0.961962,-0.721513,1
-2.931533,0.215034,1
-1.267832,-0.355539,1
-0.086929,-1.524816,1
-1.291659,1.562647,1
-1.081207,0.314308,1
-0.833311,-1.217835,1
-1.844271,-0.973005,1
-0.653013,-0.546309,1
-1.464017,0.102175,1
-1.025687,0.377167,1
-0.092055,-0.724630,1
-0.975825,0.419193,1
-1.338000,-0.999978,1
-0.512838,-0.085722,1
-1.932964,-0.091435,1
-0.692746,0.001531,1
-0.724740,0.627522,1
-0.732863,-0.242542,1
-0.855115,-0.870624,1
-0.689545,-0.611014,1
-2.581136,-0.003707,1
0.147138,0.039912,1
-2.660292,0.097631,1
-2.705224,0.243355,1
-1.372416,-1.745799,1
-2.127942,0.617974,1
0.114374,-0.201937,1
-0.460467,0.401860,1
-0.290551,-0.137248,1
-1.213012,-0.739521,1
-0.281113,0.062397,1
-1.515503,0.481296,1
0.441422,-0.559391,1
-0.229557,1.374950,1
-1.864692,-1.162144,1
0.290415,-0.175267,1
-1.658653,0.344043,1
-0.227990,-0.745961,1
-1.854228,0.037989,1
-2.476109,-0.700449,1
-0.907069,-0.230741,1
-1.028920,0.656819,1
-1.892264,-0.699898,1
-1.458876,-0.356987,1
-1.516717,-0.636085,1
-0.806067,-1.164485,1
-2.259468,0.746742,1
-1.496533,1.268517,1
0.560081,0.766429,1
-1.149380,0.396536,1
-1.859600,1.318723,1
-0.322959,0.575054,1
-0.025809,0.647914,1
-0.295140,0.827454,1
-0.947577,-0.408842,1
-1.299944,-0.898616,1
-2.425309,-0.621823,1
-1.470079,-0.670563,1
-1.116506,-0.351342,1
-1.538373,-0.404195,1
-1.849712,-0.329333,1
-2.329855,-0.615975,1
-1.190338,-0.645834,1
-0.518650,0.000069,1
-1.723443,0.659281,1
-1.481922,-0.282334,1
-1.652484,-1.511656,1
-2.017756,-0.474013,1
-1.080107,0.324239,1
-0.023043,-0.102724,1
-0.204921,0.382622,1
-1.640953,1.156758,1
-1.891534,-1.763613,1
-0.066733,0.513098,1
-2.186809,0.582182,1
-0.619240,0.454989,1
-0.384889,-0.575878,1
-1.992217,0.665757,1
-1.169388,-0.263659,1
-1.741579,0.865853,1
-1.992640,0.813593,1
-0.648423,-1.010461,1
-0.860701,-0.787214,1
-0.255749,0.332822,1
-0.913570,0.045300,1
-1.843553,0.859054,1
-0.168710,-0.363302,1
-0.225389,0.240612,1
-1.617512,-0.154343,1
-2.033267,-0.830612,1
-1.315016,-0.672339,1
0.138858,0.304188,1
-2.020797,0.099224,1
-0.947747,0.797764,1
-0.861758,1.731264,1
-0.538816,0.209930,1
-0.841712,-0.683644,1
-0.357107,-0.892853,1
-0.983086,-0.983131,1
-1.074876,-0.232609,1
-1.569444,0.546142,1
-0.077193,1.047320,1
-1.139526,0.533176,1
-1.435639,-0.730395,1
-2.453043,-0.225731,1
-0.174301,-1.122942,1
-1.687018,-1.704552,1
-0.702940,-0.419570,1
0.013591,0.220686,1
-0.875051,-0.478383,1
-1.379084,-1.238098,1
-0.479976,0.065706,1
-0.428517,-0.185728,1
-1.384305,0.280132,1
-2.051239,-0.641948,1
-1.587979,0.137228,1
-0.633802,-0.201199,1
-2.215561,0.078449,1
-1.450512,0.088027,1
-1.936076,1.146112,1
0.859290,0.534409,1
-2.373910,-0.235922,1
-0.200124,0.195604,1
-0.946201,-0.502109,1
-0.504458,-0.130979,1
-1.210658,-1.005711,1
0.278561,1.285267,1
-0.759438,0.134662,1
-1.682127,-0.429995,1
-1.372867,0.005303,1
-0.554371,1.046961,1
-2.215628,-0.005324,1
-1.173204,0.241559,1
-1.288107,-0.415070,1
0.102779,0.570161,1
-0.122232,-0.469312,1
-1.494117,-0.028095,1
-0.167417,-0.051235,1
-0.301381,0.577793,1
-1.616944,0.455590,1
-1.737287,-1.178230,1
0.244652,0.156469,1
-1.991259,0.824661,1
-0.412501,-0.820295,1
-1.488189,-0.087716,1
-1.412462,-0.155592,1
-0.584929,0.613627,1
-0.343051,0.599515,1
-1.437167,-0.599117,1
-1.425111,-0.898886,1
-1.531394,-0.164763,1
-1.830565,-0.005738,1
-1.361865,-0.466143,1
0.602360,-0.916785,1
-0.896601,-0.211971,1
-1.722421,-0.008944,1
-1.106482,-0.435466,1
-0.072012,0.492876,1
-0.399404,-0.508339,1
0.721908,-0.205693,1
-0.942739,-0.769065,1
0.026987,-0.900694,1
-0.980826,-1.141504,1
-1.285698,-0.550891,1
-0.191442,0.981314,1
-1.619184,1.296277,1
0.211242,0.115903,1
-0.416656,-0.634646,1
-1.119722,-0.941339,1
-0.714734,1.215740,1
-0.244148,-0.897522,1
-1.960770,-0.317186,1
-1.799868,-0.227395,1
-1.033641,-0.428261,1
-1.266804,-0.176567,1
-1.892762,-1.556972,1
-1.431603,0.503959,1
-0.117196,0.369045,1
-2.188679,-0.812437,1
-0.787909,-0.037821,1
-1.522588,0.123628,1
-1.252070,0.438228,1
-0.982718,0.342729,1
0.305217,0.297227,1
-1.991349,0.939080,1
-0.159845,-0.042177,1
-0.083721,0.491898,1
-0.001018,-1.017746,1
-1.020539,-0.328284,1
-1.415732,0.686761,1
-0.642304,2.694798,1
0.003142,-0.322876,1
-0.664324,-0.604231,1
-1.122372,-1.082595,1
-1.278233,-1.156415,1
-1.607047,-0.458690,1
-1.415029,-0.911999,1
-1.420341,0.327978,1
-0.972914,0.782892,1
-1.816283,-0.650504,1
-1.286228,0.326043,1
-1.479176,0.410206,1
-0.105511,-0.150093,1
-0.786314,0.247895,1
-1.852168,-1.825593,1
-1.379323,0.537224,1
-2.480763,0.494071,1
-2.544007,-0.813989,1
-1.486572,0.058082,1
-1.148142,-0.530853,1
-1.390030,-0.592871,1
-1.567504,-1.256806,1
-1.924171,0.986415,1
-1.982047,-0.818661,1
-0.926963,-1.319035,1
-0.637259,0.629166,1
0.033670,-0.409998,1
-0.789788,-1.014681,1
-1.359253,1.069481,1
-1.749187,0.154070,1
-0.724177,-1.471553,1
-1.484658,0.300500,1
-1.261181,-1.007552,1
-0.638324,-0.135984,1
-1.464943,-0.051680,1
-0.858336,0.123952,1
-0.524681,0.312009,1
0.303077,1.405211,1
-1.411282,-1.144119,1
-1.406714,0.864657,1
-1.055628,1.243461,1
-1.772957,-0.140932,1
-0.389024,-0.735892,1
-0.041574,-1.222167,1
-0.191736,-0.666902,1
0.153106,0.603019,1
-0.726737,-0.288188,1
-0.800318,0.258111,1
-0.547543,0.749982,1
-1.437894,0.966349,1
-0.765621,-1.293092,1
-1.078662,2.471677,1
-0.301284,0.086341,1
-1.478358,-0.225049,1
-0.991226,0.932735,1
-1.040517,-1.257705,1
-0.992676,0.433959,1
-1.120418,0.431430,1
-0.529354,-1.100337,1
-0.452805,-0.700702,1
-1.385084,0.375239,1
-0.368012,1.459582,1
0.967972,0.216062,1
0.203413,0.003716,1
-0.681411,0.658637,1
-0.025036,-0.703589,1
-0.869149,-0.697869,1
-0.476830,1.912065,1
-2.292151,0.341387,1
-0.448726,-0.062926,1
-1.314241,1.396960,1
-2.153469,0.971950,1
-2.373376,-0.235150,1
-2.074095,0.452594,1
-0.550083,-0.106907,1
-0.257183,0.184764,1
-1.003399,-0.172809,1
-0.164451,-0.396853,1
-0.773828,-0.065079,1
-1.091533,0.052746,1
-1.503835,-0.536165,1
-1.055576,-1.510786,1
-0.913723,-0.231599,1
-0.626313,-0.994658,1
-0.317570,0.492265,1
-0.636843,0.189520,1
-1.230207,0.549618,1
-0.316298,-0.121182,1
-2.034943,-0.741930,1
-1.908030,0.614931,1
-0.640306,-1.117208,1
-1.963249,0.500688,1
-0.276928,-0.145669,1
-2.063684,-0.688476,1
-2.110713,0.084226,1
-1.184473,0.419949,1
-0.622130,-1.614244,1
0.807877,1.178766,1
-0.181081,-0.048741,1
-1.065538,0.906491,1
-0.693658,0.667489,1
-1.258908,0.717914,1
0.191250,0.758507,1
-0.521998,0.134144,1
-0.334762,-1.079679,1
0.724527,1.064412,1
-1.062513,0.177635,1
-0.727480,1.420576,1
-0.303985,0.042302,1
-0.776809,0.661687,1
-1.734649,0.834806,1
-0.914775,-1.538771,1
-1.164409,-0.250253,1
-0.534871,0.202458,1
-0.154869,1.473141,1
0.017013,0.971927,1
-0.688539,1.925513,1
-0.841392,1.077173,1
-2.068691,-0.019906,1
-0.559465,-0.080812,1
-0.594191,1.057552,1
0.131578,0.104800,1
-1.120632,0.299454,1
-1.170830,0.915508,1
-0.154311,0.050064,1
-1.743582,-0.844988,1
-1.004456,-0.127522,1
-0.463442,-0.221824,1
-0.936119,0.508549,1
-1.659456,2.053315,1
-1.175475,-1.543456,1
-1.986898,0.916437,1
-1.610877,1.276926,1
-1.432420,0.561865,1
0.314040,1.144035,1
-2.719465,1.609698,1
-1.253888,0.495302,1
-1.466215,-0.753392,1
-1.653773,0.744502,1
-0.338398,1.185805,1
-0.750977,0.411717,1
-1.278889,0.438405,1
-0.744120,0.191523,1
-2.035281,-0.503808,1
-1.820254,-0.025548,1
-1.469710,0.163172,1
-2.389800,0.069693,1
0.061215,-0.544903,1
-0.824948,1.022966,1
-1.724152,1.558651,1
-1.073310,0.305876,1
0.664782,-0.152675,1
-1.563527,1.617001,1
-1.058028,-0.512561,1
-1.024812,1.280161,1
-0.442580,0.154668,1
