0.961936,-0.252974,0
-0.267652,-1.250554,0
1.878136,1.648974,0
1.046480,0.784365,0
-0.770014,0.707037,0
0.499166,1.724095,0
2.057075,0.635703,0
1.042074,1.410728,0
-0.255922,-0.791310,0
2.166040,0.879944,0
1.435357,3.009678,0
0.440299,2.283345,0
-1.233150,0.223294,0
0.243984,0.989062,0
-0.156249,0.189682,0
2.089056,0.116952,0
0.959550,1.420987,0
1.203610,0.625261,0
-0.120236,1.036060,0
0.744911,0.077940,0
3.006790,1.446590,0
2.584523,0.910249,0
2.354215,0.742627,0
1.514709,1.471635,0
-1.121841,1.560701,0
0.416223,-0.046059,0
-0.151460,3.571586,0
1.382140,1.366074,0
0.740811,0.247355,0
2.154280,2.178525,0
1.466756,2.077189,0
0.821535,2.269348,0
2.644483,1.790943,0
1.393096,-1.559558,0
1.611908,0.147957,0
1.765270,1.961229,0
2.808406,0.874401,0
1.617216,1.469402,0
2.517648,-0.424369,0
0.611509,-0.292231,0
0.619708,1.929618,0
-0.118271,0.628916,0
1.790034,-0.876251,0
1.210753,-0.087020,0
-0.401480,-0.220753,0
0.433195,1.076347,0
0.020000,0.822462,0
0.727419,-0.991266,0
0.315312,2.232774,0
2.095819,0.952891,0
0.990355,0.411641,0
-0.269912,0.437806,0
-0.535326,-0.413915,0
0.713243,-0.260204,0
0.226720,3.221107,0
1.716402,1.235395,0
1.180548,-0.722236,0
2.012290,1.120048,0
0.381960,3.304981,0
-0.495111,1.252523,0
0.754993,1.062051,0
1.293931,-0.372679,0
1.104497,1.888376,0
2.520168,1.457642,0
1.344790,0.150459,0
1.345371,2.494297,0
1.013069,0.528017,0
0.934297,1.332582,0
0.787859,2.535848,0
0.283307,1.543314,0
1.515697,1.869895,0
1.486222,0.274601,0
2.302095,0.331405,0
2.227112,2.485816,0
1.183467,1.238241,0
-0.339997,0.031101,0
0.346815,1.375260,0
-0.182499,1.731422,0
0.399833,1.710501,0
1.903840,1.252911,0
0.630364,0.685266,0
1.443080,3.076612,0
1.988728,0.234447,0
-0.004388,0.746019,0
0.924090,2.895953,0
1.347360,1.579980,0
0.666807,1.351484,0
1.260088,1.376998,0
0.836545,0.576196,0
1.846758,1.303540,0
1.978548,0.972450,0
2.443783,2.360256,0
0.911899,3.137903,0
0.130770,0.904053,0
1.432693,2.062294,0
1.519934,1.727911,0
0.458609,0.697494,0
3.923471,-0.040226,0
1.391711,-0.230797,0
0.944865,2.282682,0
1.486102,1.614450,0
2.242340,0.566949,0
1.345051,0.534585,0
1.550199,0.691641,0
1.578501,1.157020,0
0.163814,0.484296,0
0.612706,1.049370,0
2.405067,1.147083,0
-0.007594,-0.462023,0
0.922135,1.145507,0
2.254886,1.746618,0
1.212565,1.282050,0
1.199407,2.041734,0
1.713970,2.823725,0
-0.359790,3.101271,0
1.980749,0.845179,0
-0.027295,0.001606,0
2.254312,1.089377,0
1.985129,-0.807664,0
1.331060,3.243683,0
0.912457,1.241070,0
1.101481,-2.662390,0
1.063753,-1.010061,0
1.978163,1.696145,0
-1.583014,1.532938,0
1.460395,0.032666,0
1.816949,0.306499,0
1.164155,0.944972,0
0.440220,3.678463,0
-1.633991,1.624527,0
3.165997,0.509430,0
2.394593,1.357173,0
2.010650,1.187797,0
1.506341,1.897335,0
-0.408953,1.203397,0
0.448882,2.304330,0
1.026165,0.210272,0
1.541444,0.151993,0
1.809279,1.292595,0
1.829506,1.828910,0
-0.061554,1.231123,0
-0.179307,2.416632,0
2.164431,1.336446,0
2.443667,1.747520,0
0.123401,1.865706,0
0.409760,0.472732,0
0.634628,0.594256,0
0.490288,-0.111750,0
-0.392110,0.383346,0
0.066134,0.570511,0
1.986581,-0.485029,0
3.372232,3.283819,0
2.514864,0.831807,0
0.032078,0.468574,0
0.147660,-0.831843,0
2.483530,1.151004,0
1.485288,-0.639687,0
2.669654,-1.248366,0
-1.189828,1.064573,0
2.324107,-1.263337,0
0.850207,0.031073,0
0.648330,-0.010952,0
1.606960,-0.485770,0
1.289098,1.135535,0
1.129593,1.290167,0
-1.306617,0.132754,0
2.275373,1.180431,0
0.071851,2.874869,0
1.607332,1.236450,0
-0.437375,-0.189516,0
2.358413,-0.603051,0
0.338153,1.265981,0
0.904565,-0.682112,0
-0.029846,1.088847,0
0.861745,1.974131,0
0.546745,-0.589286,0
0.637130,2.131063,0
1.026419,0.906454,0
1.032849,0.959733,0
1.073972,-0.211712,0
1.868228,1.377923,0
0.974968,0.260310,0
0.761532,0.873185,0
0.721236,-1.239443,0
1.505848,2.575598,0
2.095737,1.918189,0
2.269525,-0.546914,0
0.423857,-0.749750,0
0.813049,-0.280124,0
1.478262,0.966722,0
0.639773,2.249928,0
-0.295820,0.531481,0
2.095846,-0.918078,0
0.940322,1.863115,0
1.399580,-0.790751,0
0.922858,2.707150,0
0.115673,3.284621,0
0.892263,1.391431,0
1.249715,-0.069331,0
1.784037,0.291111,0
1.511293,1.876269,0
0.605114,1.749350,0
-0.097774,3.294519,0
0.908837,0.877291,0
1.538797,3.032439,0
-0.674242,0.763438,0
1.086588,1.386013,0
1.718996,1.574691,0
1.208814,0.299068,0
0.884052,2.110817,0
1.048038,1.961803,0
-0.605222,1.631904,0
-0.255378,1.690424,0
1.000257,-0.227870,0
1.910455,2.564853,0
-0.131627,-0.350945,0
1.497275,1.700109,0
0.818038,-1.157504,0
1.390439,1.548876,0
1.243167,-0.046337,0
2.064271,2.340888,0
0.994334,0.741104,0
0.270389,0.110691,0
1.626302,0.751320,0
0.494676,2.948919,0
-0.074557,0.982886,0
2.352425,-0.293425,0
1.894840,1.066501,0
-0.253098,0.355246,0
0.695421,1.550968,0
0.145316,0.657007,0
1.094052,1.419529,0
1.607136,2.830414,0
0.704370,0.338017,0
1.444179,0.361359,0
-0.397461,1.104179,0
1.724731,2.435378,0
1.137650,0.811263,0
1.772781,1.034367,0
2.573911,0.629104,0
1.333607,0.278616,0
1.488918,0.505033,0
0.703508,1.786712,0
0.697865,1.897522,0
-0.750818,1.551257,0
1.627303,1.808248,0
0.436803,-1.566240,0
1.318371,1.490078,0
2.627073,1.767603,0
0.981978,-0.193414,0
0.860047,0.644096,0
0.801560,1.033453,0
2.780651,1.411602,0
0.971089,0.253956,0
0.530330,2.030576,0
1.569184,-0.257162,0
-1.012601,1.417523,0
1.125232,1.193768,0
1.235230,-0.122258,0
0.504366,-0.391478,0
2.179603,0.574088,0
-0.109632,0.491562,0
0.729055,0.420899,0
-0.493855,0.575535,0
0.418368,-0.356243,0
-0.191393,0.190637,0
1.351265,1.412983,0
-1.480513,0.120664,0
0.710670,0.269063,0
1.047915,0.194126,0
0.835761,1.517146,0
2.119936,1.480601,0
0.599710,0.720086,0
0.719609,1.134655,0
2.874943,0.613983,0
-0.676454,2.351373,0
0.462865,1.734318,0
3.525704,2.022032,0
1.294834,0.350715,0
0.576672,3.295389,0
0.623302,1.205610,0
1.213526,-0.426233,0
0.877441,0.520030,0
0.483007,1.371676,0
2.558559,1.879952,0
0.616967,1.071304,0
-0.075440,0.557832,0
2.261574,-1.141736,0
-0.613301,1.105339,0
1.316416,0.826623,0
2.465186,3.492063,0
-0.271403,-0.229225,0
0.136942,0.438674,0
0.440723,0.802618,0
0.490187,1.234133,0
-0.195053,0.649338,0
-0.912267,1.113259,0
3.743814,1.781438,0
0.125804,0.462776,0
-0.298891,-0.270446,0
-0.793581,1.590960,0
2.230079,0.762095,0
0.488225,1.054494,0
0.128958,0.637921,0
1.696317,2.529297,0
-0.409603,0.800108,0
3.221897,-0.611390,0
0.669779,1.875293,0
1.768085,0.300664,0
1.236669,2.279382,0
1.683787,2.186506,0
1.776259,1.745839,0
0.747349,0.633821,0
-0.129185,1.315495,0
2.439279,1.568510,0
1.183805,2.709804,0
0.479665,2.373752,0
3.001564,1.271468,0
-0.292839,2.403288,0
2.080293,2.282452,0
1.464718,1.005270,0
1.824223,3.090283,0
-0.513066,0.333123,0
-0.872103,0.267765,0
1.573835,1.714715,0
1.317471,-0.239892,0
0.265905,0.097001,0
1.079852,0.858368,0
1.196667,1.796688,0
2.011415,1.815803,0
1.979642,1.292420,0
0.754593,1.689523,0
1.265743,-0.182841,0
1.382158,-0.061458,0
-0.328636,1.807069,0
1.341704,0.736639,0
1.199342,-1.711806,0
1.855752,1.855083,0
1.984755,0.035332,0
1.174154,1.054317,0
0.174159,-1.342245,0
0.283509,0.962971,0
2.668055,1.962177,0
0.753999,0.394835,0
1.256374,1.227173,0
-1.215014,2.208820,0
0.114727,0.235040,0
0.789992,1.070135,0
0.751595,0.277492,0
0.537458,-1.379062,0
0.578405,-0.097396,0
0.718962,2.685056,0
2.535266,0.725603,0
0.681754,1.255471,0
0.579567,1.182067,0
3.742318,1.597588,0
1.430421,1.069339,0
0.822326,1.606464,0
0.638107,0.273544,0
1.062714,0.910459,0
-0.217845,-0.391821,0
0.910061,0.588235,0
1.734770,3.428050,0
1.623075,-1.045675,0
0.006417,1.451150,0
3.732288,-0.177355,0
0.674341,0.317234,0
0.881109,2.329096,0
0.891919,0.034647,0
2.721139,0.017837,0
2.047958,0.043870,0
0.671676,1.165892,0
1.657029,2.114412,0
0.225894,1.540790,0
1.647925,1.016628,0
0.431653,-0.039125,0
1.251480,3.108116,0
0.120026,1.449414,0
-2.071401,1.117024,0
1.402302,3.507368,0
0.701871,1.749630,0
2.614706,-0.693356,0
2.132492,1.623282,0
0.181601,-0.794988,0
-2.156112,1.273511,0
0.551617,2.334874,0
2.397690,1.282562,0
3.077454,1.281516,0
1.298533,2.542318,0
-0.616708,-0.392707,0
-0.164573,2.490539,0
0.101994,1.979044,0
0.706812,2.014007,0
-0.755666,2.201644,0
1.544578,2.476898,0
1.893929,0.055433,0
0.655117,2.157631,0
0.131068,4.334939,0
-0.680103,1.245377,0
1.417539,1.113338,0
-0.378469,1.627610,0
1.936624,0.453306,0
2.034094,1.205318,0
2.183160,-0.006581,0
1.944657,2.053566,0
0.820442,0.289336,0
1.970392,1.105211,0
-1.089707,-0.343722,0
2.482505,2.256203,0
0.879491,2.178927,0
-0.002248,-0.120239,0
0.886622,-1.599587,0
1.618191,3.308505,0
1.200787,1.239415,0
1.680645,1.792854,0
2.578075,0.993187,0
2.937097,-0.164217,0
0.053312,-0.222970,0
0.789343,-0.374711,0
2.006340,1.761364,0
1.284308,0.514287,0
2.533757,0.114538,0
-0.388086,0.706916,0
1.165642,2.742206,0
2.036421,-0.317642,0
-0.388906,0.932623,0
1.298449,0.194103,0
0.752627,0.036387,0
2.618935,1.093167,0
1.464380,0.501893,0
0.153264,-0.449061,0
1.685885,1.819339,0
0.990689,0.424977,0
0.252706,0.896657,0
2.593548,0.037965,0
-0.119227,0.370532,0
2.315175,0.417546,0
0.879309,0.720098,0
3.414318,0.345072,0
0.225146,0.484109,0
0.865692,0.468482,0
0.408127,0.886318,0
-0.591075,-0.334239,0
0.198750,-0.150529,0
0.302797,-0.089540,0
2.130814,2.265971,0
-0.442793,2.185142,0
0.199114,2.021798,0
2.069051,0.880256,0
2.190449,0.904754,0
0.794091,1.273512,0
1.875061,-0.110626,0
2.380110,0.806607,0
0.913811,1.444995,0
-1.678459,2.352902,0
0.137697,1.154203,0
-0.160967,0.711878,0
1.447669,2.197663,0
0.922887,0.732698,0
0.492938,1.654053,0
2.203642,1.411843,0
2.318946,-0.665691,0
-0.365053,0.549445,0
0.523444,0.482089,0
-0.164381,-1.028034,0
1.228203,-0.309561,0
2.537125,1.162355,0
1.795984,-0.018357,0
1.003830,1.642877,0
0.150604,1.437469,0
0.540015,0.841381,0
2.090972,2.415273,0
-0.497925,0.532623,0
1.901639,1.334375,0
1.866426,0.956373,0
1.926457,0.002559,0
0.576705,0.000691,0
1.196927,1.532256,0
1.807523,0.204524,0
1.375236,0.397659,0
2.128335,0.033237,0
2.001725,2.185262,0
0.200647,3.200847,0
2.519668,1.118658,0
1.916183,1.510503,0
1.340492,1.690392,0
1.874081,-0.338682,0
1.674199,-0.316616,0
1.916362,1.448531,0
1.284288,2.187625,0
0.348410,0.969794,0
2.195903,0.380149,0
1.380957,0.860353,0
0.496587,2.252059,0
1.320889,0.857681,0
1.054239,1.355654,0
0.946784,2.839222,0
0.453872,-0.590318,0
2.136687,2.174777,0
-0.013178,1.983722,0
2.292633,0.677137,0
0.554550,-0.413224,0
1.013109,0.218825,0
1.748117,-0.085770,0
0.288890,1.055773,0
-0.584770,0.539267,0
1.926794,0.706466,0
2.072867,0.981916,0
-0.453115,-0.379593,0
-0.939065,2.124035,0
-0.433546,2.503197,0
2.172569,-0.153821,0
1.464985,0.683611,0
1.162724,-0.313250,0
0.278460,1.224187,0
-0.714653,1.370163,0
0.091920,-0.108735,0
1.324104,0.286426,0
2.269891,-1.410800,0
-0.141928,-0.556261,0
0.401383,-0.414228,0
1.704313,0.980057,0
3.880150,0.522008,0
-0.057166,2.266672,0
1.576972,1.637029,0
-0.629122,2.023333,0
1.275893,0.357630,0
0.875826,-0.645769,0
1.085216,-0.141512,0
1.592080,0.687973,0
1.468593,0.607270,0
0.117010,0.750628,0
0.562390,-0.287582,0
0.452438,0.463871,0
2.115067,0.233619,0
0.754817,1.884725,0
2.442941,0.813685,0
1.572189,0.648412,0
2.710655,0.975996,0
1.645813,1.550118,0
0.013236,1.385709,0
1.497257,1.644055,0
2.899952,0.016484,0
2.368198,2.005064,0
-0.188655,0.618745,0
2.068915,0.647164,0
-0.525183,2.991916,0
2.189895,0.607090,0
2.163918,3.195658,0
1.064324,1.258637,0
1.234477,0.459450,0
0.113539,1.135393,0
-0.299305,0.077790,0
0.043217,0.034443,0
3.270703,1.708388,0
0.655814,1.676986,0
1.680600,2.570710,0
0.278197,0.658789,0
2.201655,0.160040,0
0.428876,0.201237,0
1.984619,0.495662,0
-0.089537,0.001640,0
0.961180,1.282258,0
0.532112,2.123173,0
1.336185,1.954780,0
1.195000,-0.146698,0
-0.050139,0.121223,0
1.211622,1.345834,0
-0.043250,1.773562,0
0.676437,1.403463,0
0.301168,2.042287,0
2.481426,1.531667,0
1.446148,0.778305,0
-0.570445,1.397955,0
1.460418,1.018831,0
0.796081,1.592405,0
2.483262,1.698185,0
1.878414,2.683998,0
0.521081,2.735353,0
0.709423,0.460173,0
-1.178123,1.932484,0
1.504255,0.050130,0
1.093946,2.228436,0
1.082464,-0.203657,0
-0.946853,1.032401,0
-0.195564,1.071028,0
0.537249,2.158547,0
1.545585,-1.038775,0
2.602455,-0.471143,0
1.254031,1.784234,0
1.032813,1.906799,0
1.329173,0.731460,0
0.196833,1.127203,0
0.818772,1.518328,0
0.327070,2.070328,0
3.134888,2.019714,0
0.319713,1.619921,0
0.930578,0.262998,0
0.302065,0.856853,0
2.093514,1.195629,0
1.793081,2.139465,0
2.360595,-1.115886,0
1.345948,-0.315012,0
0.055947,-1.071117,0
1.107013,1.392298,0
-1.711133,0.584848,0
1.402597,0.399774,0
-0.045603,1.726724,0
1.136501,2.049762,0
2.661774,0.686752,0
2.310369,1.419810,0
1.306245,2.713428,0
1.464734,1.472621,0
0.202846,1.256731,0
1.954286,1.237288,0
-1.372576,0.817841,0
2.285634,0.915935,0
0.758443,1.445009,0
0.846920,0.704562,0
-0.408208,1.040032,0
1.406476,2.439401,0
-0.672570,-0.717012,0
1.144938,-0.553429,0
2.304221,0.834071,0
1.714196,1.074886,0
2.543460,2.368029,0
1.118926,0.857362,0
1.515715,1.142612,0
-0.783579,-0.227986,0
1.918898,1.720317,0
2.702200,2.391427,0
-0.796467,0.084436,0
2.285585,0.392967,0
4.569530,1.860165,0
-0.347501,1.152311,0
2.188855,1.465889,0
1.090129,2.455407,0
1.788227,0.982405,0
1.811878,0.589402,0
1.898993,2.106765,0
0.493342,2.316061,0
0.833507,0.307590,0
1.023202,1.382196,0
2.611260,3.111254,0
-0.325361,0.413540,0
1.600400,2.135755,0
3.405584,1.138941,0
1.394510,0.777532,0
1.749856,0.411952,0
0.482006,1.068487,0
-0.548807,1.579614,0
2.454371,0.749238,0
0.305337,1.362314,0
0.081127,1.782208,0
2.279276,4.101319,0
1.325997,-0.228638,0
-0.643686,1.656475,0
1.869071,0.572726,0
-0.160971,0.683406,0
-0.828320,0.275296,0
0.017855,1.426901,0
0.388524,0.262772,0
1.374598,-0.305550,0
1.691512,0.427167,0
0.892576,0.119078,0
1.405335,2.069722,0
1.551379,1.044787,0
0.825581,-1.084440,0
-0.157139,0.331316,0
0.978372,1.864538,0
0.801703,1.701101,0
0.449062,-0.802633,0
1.115473,1.252552,0
1.720162,-0.257939,0
0.483145,-0.327285,0
1.441351,2.538311,0
-1.085355,2.162657,0
0.460718,3.399256,0
1.215506,2.956939,0
0.080441,1.064429,0
-0.465966,1.151687,0
1.085419,1.115695,0
0.957468,1.832132,0
0.857618,0.238597,0
1.860810,1.877454,0
0.525528,2.131217,0
0.708231,1.683339,0
0.744215,0.519125,0
-0.269184,1.367943,0
1.357425,2.162780,0
1.498753,1.843122,0
1.446916,0.679981,0
1.328288,1.138758,0
0.956393,1.367733,0
1.410264,1.993109,0
1.288292,3.506308,0
1.134065,3.615302,0
1.693031,1.630032,0
-1.175855,0.677666,0
1.871587,2.668003,0
1.895253,0.536044,0
0.630556,0.514740,0
1.103094,2.079502,0
0.200798,0.555050,0
0.485914,1.943216,0
1.944345,-0.030666,0
0.370344,-0.174121,0
0.764553,-0.623239,0
-0.350584,1.227602,0
-0.079778,-0.527446,0
0.847816,-0.665672,0
-0.042382,-0.092406,0
1.233682,0.228381,0
1.656595,1.057725,0
-1.143608,0.901276,0
1.328252,1.323298,0
0.695058,1.882524,0
1.893891,1.987764,0
-0.244976,1.811626,0
1.795208,0.642933,0
-0.613472,0.257588,0
-0.763427,0.276712,0
0.464388,-0.059938,0
2.375621,1.705233,0
1.076996,1.200409,0
1.628806,2.758206,0
-0.516507,0.850630,0
1.197759,0.600684,0
0.446906,1.353809,0
0.584869,2.278317,0
2.098620,1.191179,0
-0.506334,-0.781351,0
-0.299773,0.638312,0
-1.131903,0.197125,0
1.503628,0.151694,0
0.827837,1.606269,0
-0.305494,1.882019,0
-0.052032,2.546225,0
-0.092148,1.348717,0
2.272214,-0.722902,0
2.437486,0.769445,0
1.310951,0.985885,0
2.922004,0.915949,0
1.116100,0.312568,0
2.043274,-0.334018,0
-0.294147,2.668601,0
1.062748,2.522659,0
1.011175,1.438703,0
0.201781,1.386015,0
1.182721,0.316872,0
2.004840,0.454258,0
2.298702,0.020843,0
0.632950,0.067164,0
0.675531,2.013764,0
1.792459,0.204154,0
0.888134,-0.698946,0
0.768192,1.190001,0
0.250830,1.247575,0
1.669683,2.159994,0
1.698394,-0.608974,0
0.331831,-0.251625,0
1.728913,1.586498,0
1.953445,1.104965,0
0.934675,0.888042,0
0.643657,0.720917,0
-0.923453,1.571574,0
-0.248271,0.399640,0
2.558412,0.148603,0
-0.152037,0.661434,0
0.574141,0.921714,0
-0.458481,0.455076,0
1.281696,1.581265,0
0.204170,1.504096,0
1.598547,0.713122,0
1.286334,1.075838,0
2.339172,3.136557,0
-1.712260,0.200368,0
1.305666,0.828346,0
0.230803,0.524125,0
2.644003,2.155749,0
-1.087302,1.999282,0
1.797252,4.161284,0
0.585291,1.129481,0
0.932104,-0.332819,0
0.876386,1.722010,0
1.471543,1.787842,0
-1.264169,2.336795,0
0.106021,-0.281098,0
1.513430,-0.151173,0
-0.141107,0.068684,0
0.274888,1.676441,0
1.156193,0.053949,0
-0.721398,0.137555,0
1.623391,-0.100338,0
1.665759,1.109029,0
0.077601,1.400049,0
1.205379,0.872872,0
2.729916,0.885145,0
2.268971,0.549879,0
0.705471,1.505663,0
0.806670,1.195415,0
0.244526,1.185156,0
0.931951,1.617257,0
1.265697,0.860372,0
0.584674,0.118646,0
0.471767,-0.944020,0
1.945926,0.289279,0
0.148887,-0.592594,0
0.945831,3.153767,0
1.379610,0.308294,0
0.245511,0.306470,0
-0.444731,1.699610,0
1.094048,2.529997,0
0.256349,1.408439,0
2.570510,0.840208,0
-1.800725,-0.062993,0
1.704500,-0.999182,0
0.481203,0.917414,0
0.904387,-0.438192,0
1.630484,-0.290493,0
1.837065,1.474214,0
1.884025,0.759266,0
0.618109,1.564321,0
2.663527,1.896323,0
0.930077,0.400061,0
0.123473,0.199865,0
-1.803324,1.487317,0
0.689481,2.144814,0
-0.290676,1.299638,0
0.568611,2.836881,0
0.671924,1.797926,0
0.551988,0.431313,0
1.626587,0.465711,0
1.708578,-0.808387,0
1.179134,0.279153,0
0.137225,2.796528,0
1.689763,0.711296,0
-0.969580,0.472103,0
-0.754974,0.789949,0
-0.158460,1.185256,0
2.481493,-0.511359,0
-0.220249,0.408865,0
-0.459737,-0.319313,0
2.630792,0.730934,0
3.319523,0.010978,0
-0.294772,-1.504159,0
0.169063,0.796811,0
1.145952,-0.031711,0
1.903706,-0.092709,0
0.974614,1.608106,0
0.006568,1.780832,0
0.326598,1.924076,0
1.323820,-0.032346,0
2.007939,1.036454,0
0.032161,0.736208,0
0.223729,1.279905,0
1.231487,0.952690,0
0.577468,-0.050200,0
1.570940,1.306912,0
1.695362,0.685292,0
1.079255,-0.053249,0
0.787254,1.698260,0
1.639370,-0.673678,0
1.296220,0.752960,0
0.595645,0.864202,0
0.649644,0.903425,0
0.479405,0.403072,0
-0.342503,0.681957,0
0.122433,0.801035,0
2.518761,1.728499,0
1.697389,1.355110,0
0.951464,0.744871,0
3.881689,0.545778,0
1.473223,-1.559463,0
1.172000,0.950523,0
1.198282,2.042819,0
0.833989,-0.037256,0
0.970805,1.295022,0
0.095040,-0.089621,0
1.124417,-0.688012,0
2.959894,2.469479,0
-0.219270,1.866475,0
1.170176,1.819208,0
1.615611,0.728382,0
1.942363,0.503191,0
3.168507,-0.230037,0
0.715257,2.810976,0
1.972393,1.459995,0
2.641536,2.253736,0
1.287513,1.023569,0
1.224283,0.361948,0
-0.281207,1.758841,0
1.729845,0.738687,0
1.448018,1.335053,0
0.958486,0.314475,0
0.727877,1.857969,0
1.514605,0.016452,0
1.874387,0.761396,0
0.917132,0.914750,0
0.674224,2.697132,0
2.785333,0.626773,0
1.446596,0.582975,0
0.602329,2.317126,0
0.274471,2.040371,0
0.632444,0.381086,0
-0.251183,-0.052687,0
0.662777,1.865368,0
0.251216,1.967271,0
0.394777,1.775594,0
1.199645,0.107613,0
-1.586838,2.242836,0
2.574257,1.135001,0
0.354141,0.603548,0
3.412441,-0.525268,0
-0.364992,1.660610,0
-1.456888,2.799911,0
0.790308,0.161129,0
1.442660,-0.238401,0
1.760064,-0.814555,0
1.708105,3.160211,0
1.165592,3.056248,0
1.684956,1.143426,0
1.524900,0.582606,0
2.705633,1.661468,0
0.726239,3.855151,0
0.927701,-0.402452,0
0.030504,2.556647,0
1.542834,-0.564911,0
2.040979,2.415476,0
1.230002,1.217162,0
1.828127,2.202271,0
1.017272,1.101692,0
0.633385,2.364311,0
1.773676,-0.478515,0
1.543510,1.734606,0
1.856788,0.824952,0
3.123151,2.089002,0
1.396065,0.433904,0
2.511778,1.984279,0
-0.259284,-0.050549,0
-0.395411,-0.145498,0
0.955649,1.693524,0
1.146231,-0.367871,0
-0.077862,0.588918,0
2.406595,-0.511649,0
0.029840,0.996545,0
2.748054,0.113468,0
0.575896,1.017748,0
-0.100786,0.496169,0
1.032439,-0.048956,0
-0.569407,-1.255727,0
0.363171,2.147071,0
1.688793,0.416769,0
1.174460,0.148544,0
0.891179,1.270342,0
1.498013,-1.551405,0
2.400688,0.570637,0
1.313012,0.046409,0
3.159944,2.012823,0
1.295626,-0.409795,0
0.606848,-0.744370,0
-0.201604,2.726780,0
0.921358,-1.596857,0
-0.253711,1.822080,0
0.735466,2.230998,0
0.125017,0.246153,0
2.471305,2.242785,0
1.817925,0.697735,0
-0.827643,1.316664,0
1.360505,0.931995,0
0.404643,-0.139728,0
-0.401625,1.669248,0
-0.543063,-0.276420,0
1.252542,0.753368,0
1.722812,0.557710,0
0.911720,1.938447,0
0.916745,0.926374,0
1.452172,1.919773,0
2.369968,0.591724,0
0.747215,3.411145,0
1.990063,0.534113,0
2.637720,0.778888,0
0.559032,1.253648,0
0.516882,-0.738641,0
2.413217,0.195299,0
-0.198947,0.750623,0
0.639582,0.618873,0
2.228736,1.426839,0
-0.452281,1.200050,0
-0.399576,1.304245,0
0.871938,0.905044,0
0.083270,1.882381,0
0.586485,1.039104,0
1.980618,2.032293,0
1.925089,2.052223,0
2.113041,0.494334,0
0.293499,1.466602,0
0.825583,2.018512,0
0.659173,-1.105052,0
2.541980,0.972061,0
-1.322195,1.801268,0
2.451355,1.901183,0
1.020216,0.816087,0
2.686430,1.804342,0
1.509408,0.394812,0
-0.353158,-1.725647,0
-1.294708,1.435921,0
2.444342,1.276105,0
0.927555,2.030778,0
1.128497,0.927828,0
1.568560,1.322551,0
1.741133,0.173822,0
1.011381,-0.237566,0
1.155622,0.650163,0
0.574020,0.630596,0
1.977602,0.871701,0
2.598378,1.557079,0
-0.404427,-0.046508,0
-0.085696,1.103713,0
2.139747,0.388409,0
1.121658,0.353145,0
0.896846,-0.722684,0
1.437964,0.219012,0
2.249497,0.434143,0
1.581327,2.228991,0
1.121819,-0.029227,0
1.946790,2.705476,0
0.945576,1.810662,0
1.529931,1.317584,0
1.041485,1.186225,0
1.586628,2.798762,0
0.190164,1.507491,0
1.103348,1.003457,0
0.616940,0.607119,0
0.807913,0.871637,0
1.250652,1.825808,0
1.359105,-0.318205,0
0.986814,0.452785,0
0.459533,2.237237,0
0.405452,0.918344,0
1.505425,1.627942,0
1.888738,0.364175,0
1.728429,1.611047,0
0.337578,0.909299,0
0.930134,0.134429,0
2.093117,0.771211,0
1.220140,-0.166776,0
0.193872,0.611797,0
2.048432,-0.134416,0
0.887247,-0.529971,0
-0.797821,4.093777,0
0.468781,0.033225,0
1.160921,2.382116,0
-0.200782,2.584835,0
2.636200,0.173765,0
0.800923,0.816892,0
1.071821,2.464433,0
0.996056,1.483918,0
1.665743,1.665267,0
0.085270,-0.037576,0
1.506363,1.200605,0
0.294444,3.318489,0
0.234752,-1.599760,0
1.087961,1.103600,0
1.556520,1.296392,0
0.550745,-0.444051,0
-0.510899,0.013146,0
0.494437,-0.228902,0
2.446758,1.677271,0
2.966016,0.541705,0
1.260568,1.391490,0
0.369475,-0.830964,0
1.731364,0.947680,0
1.226168,2.426284,0
-0.344815,-0.118720,0
1.528009,1.315333,0
1.176432,2.159281,0
0.822037,1.392877,0
0.354837,0.156771,0
-0.670288,2.165938,0
0.139812,0.646962,0
1.969382,0.030148,0
0.350033,0.765967,0
2.859382,2.865307,0
0.549133,0.842246,0
-0.931903,0.373329,0
1.245258,0.991603,0
0.092640,2.008962,0
0.205739,2.490547,0
0.372610,0.040702,0
1.704529,0.181557,0
2.442454,1.717656,0
1.619103,-0.004628,0
0.092843,1.324597,0
1.904659,1.143705,0
2.212753,0.386907,0
0.615534,0.121589,0
1.127233,1.091387,0
2.423154,1.341172,0
0.463613,0.908099,0
0.182292,1.616963,0
-0.152633,2.742899,0
0.173009,0.721700,0
1.572706,0.492013,0
0.680047,1.137479,0
2.777550,0.868266,0
2.530655,0.020505,0
-0.755167,0.239522,0
0.754771,0.861798,0
-0.482960,2.751341,0
-0.142117,0.197333,0
0.495214,-0.535827,0
0.627802,2.123863,0
0.711937,2.665314,0
2.016426,-0.334919,0
2.013373,2.528883,0
-1.321968,1.596356,0
1.697094,0.031040,0
0.599848,-2.380262,0
0.459090,1.764499,0
0.931456,0.691702,0
0.229343,1.426300,0
0.438694,0.599720,0
1.320398,1.476279,0
1.548051,0.321708,0
1.126971,1.040271,0
2.121981,0.106396,0
0.894196,2.030812,0
0.493671,0.463536,0
-0.368471,1.866875,0
1.469700,-0.334660,0
1.179580,1.341589,0
2.684049,0.923705,0
1.442660,1.706264,0
2.141440,0.799864,0
0.437589,1.481651,0
0.187861,0.732222,0
1.648807,1.114594,0
1.486747,0.250776,0
0.878471,1.852442,0
0.732697,1.726474,0
2.910829,0.860502,0
2.165320,0.881773,0
2.633549,-0.302439,0
-0.507351,2.550680,0
0.293184,1.887276,0
2.139585,1.305710,0
2.667506,1.798737,0
1.570756,-0.088536,0
-0.655703,1.390134,0
1.331913,-0.360339,0
-0.276227,0.943555,0
-1.679726,1.828805,0
2.244248,2.525220,0
0.980315,0.856246,0
2.147051,0.537319,0
0.480479,0.189249,0
0.749685,1.867085,0
0.892796,1.815053,0
2.430188,0.798969,0
3.448802,-0.410010,0
0.358879,0.900143,0
-0.676005,-0.239251,0
-0.051253,0.792769,0
0.702023,1.848324,0
2.730478,0.849720,0
1.765266,1.415135,0
2.489272,2.284914,0
0.562668,2.332929,0
-0.638818,0.809307,0
1.841604,2.420218,0
1.704923,1.458043,0
2.756526,-0.798220,0
0.461092,1.450898,0
2.859404,1.615312,0
1.507155,-0.868579,0
0.273502,1.649539,0
0.142145,0.531746,0
0.357924,1.312705,0
2.142565,1.302921,0
1.553819,1.202358,0
-0.297209,1.881573,0
1.498733,-0.014653,0
0.936962,-0.426322,0
2.076241,1.712854,0
-1.393921,-0.067355,0
1.682266,1.032084,0
0.875443,1.328675,0
-0.397617,0.216307,0
0.986140,0.560451,0
1.036166,1.458653,0
1.068679,-0.540479,0
1.338872,1.420404,0
-0.090718,-0.196433,0
0.710931,1.183286,0
-0.569766,0.871511,0
3.003305,0.483608,0
1.842441,-0.283307,0
-0.017382,0.284263,0
0.760570,-0.102932,0
-0.094799,1.298715,0
0.373235,-0.050160,0
1.318978,2.141058,0
0.802680,2.868108,0
2.385071,1.358298,0
1.123937,1.536945,0
1.510245,1.142087,0
0.955621,0.603251,0
1.376131,1.454220,0
0.754677,1.064247,0
0.545812,1.911601,0
1.614310,1.741992,0
0.736025,2.737138,0
-0.064034,1.554764,0
1.367154,1.542469,0
-0.320356,1.475195,0
-0.212286,2.039309,0
1.016929,0.672751,0
1.401686,1.386810,0
0.595829,0.705095,0
1.387999,1.402448,0
1.476193,0.663682,0
0.834126,0.451998,0
1.353467,1.675498,0
1.009769,-0.035614,0
0.619678,1.467218,0
-0.523619,1.218914,0
1.784312,1.337722,0
1.564100,1.795919,0
2.172563,0.391985,0
1.479943,0.463686,0
1.357687,2.309748,0
-0.708285,2.430961,0
1.180536,0.821256,0
2.306761,-0.315584,0
1.365527,1.850392,0
-0.543365,0.595324,0
0.251017,0.951271,0
1.659402,1.736328,0
1.482859,0.736285,0
1.814901,1.832007,0
1.243731,0.458584,0
1.725612,2.217299,0
1.345396,4.015143,0
0.294352,3.187938,0
-0.009919,2.727663,0
1.423287,0.086245,0
1.037426,0.417569,0
0.876256,-0.157511,0
0.837467,0.957303,0
1.400903,0.063170,0
0.786879,2.263526,0
0.494181,-1.726001,0
0.111139,2.350170,0
0.794488,-0.597435,0
1.528220,1.759086,0
1.415294,0.121552,0
0.879029,0.962358,0
1.458264,-0.194918,0
2.266300,2.859906,0
2.069138,1.286765,0
0.976745,0.111417,0
1.257879,1.908484,0
1.193795,2.335991,0
-0.214666,0.109666,0
1.604252,-0.032643,0
1.374410,0.901726,0
0.270153,2.378519,0
1.353149,-0.133778,0
0.898913,1.386102,0
3.008665,0.941525,0
-0.137337,1.179542,0
1.249778,0.266165,0
-0.351125,-0.293256,0
1.603188,0.392097,0
2.565432,2.053103,0
3.506443,2.153036,0
0.974727,2.948687,0
1.452250,2.242359,0
1.273822,-0.618399,0
0.206642,1.720356,0
1.011463,-1.525558,0
1.613383,0.760362,0
1.926305,0.499615,0
0.102017,-1.154713,0
2.969100,2.424338,0
0.083247,1.630939,0
1.222736,1.699832,0
0.353680,0.416737,0
2.052575,-1.281442,0
1.694235,0.403687,0
-1.176488,0.108809,0
0.075717,1.415891,0
0.241715,0.194399,0
1.649053,1.899204,0
2.893794,0.941323,0
0.647510,1.016738,0
1.093741,1.413170,0
-0.378983,1.264789,0
0.268445,0.877384,0
1.060623,1.048871,0
0.804061,0.719051,0
1.763327,-2.157459,0
0.944978,-0.083554,0
1.666057,0.756648,0
1.106888,-0.638139,0
1.259121,-0.642715,0
0.798131,1.427845,0
0.842924,1.467495,0
3.755077,0.431356,0
1.289074,0.756917,0
0.242964,1.965578,0
0.460692,1.552758,0
1.835903,1.044881,0
0.903927,1.946808,0
0.846762,-0.078338,0
1.159675,4.613434,0
2.375469,0.661853,0
-0.425147,0.411908,0
2.126553,1.852376,0
1.934441,2.058504,0
-0.123605,1.714628,0
3.454365,1.751631,0
1.868384,1.183918,0
3.228902,2.993464,0
-0.162000,0.027450,0
0.750076,-0.822188,0
-0.105957,0.279282,0
0.795275,1.125628,0
1.077669,2.133682,0
-2.035537,0.738972,0
1.113264,1.626976,0
1.225292,1.596583,0
-0.410912,2.046026,0
1.694774,1.784971,0
2.427039,-0.459325,0
0.846899,0.533750,0
1.974892,-0.232334,0
-0.920215,1.948223,0
2.323408,0.289433,0
1.194252,0.579351,0
1.906755,1.021686,0
0.846416,0.506691,0
0.523150,-0.632513,0
1.997726,1.289146,0
0.454505,1.299870,0
0.925978,-0.112687,0
-0.377703,2.099760,0
0.997282,-0.236015,0
0.926906,0.259825,0
2.473105,0.599831,0
0.261841,1.434258,0
0.513360,0.463724,0
-0.235129,0.062633,0
0.399537,2.938898,0
-0.524005,1.983670,0
1.704119,0.867477,0
1.465681,-0.478628,0
0.385989,0.689251,0
2.154383,-0.961710,0
1.611558,-1.698079,0
2.387071,0.609586,0
1.500793,3.221032,0
-0.436080,2.148534,0
1.826943,-0.286448,0
-0.569946,1.482919,0
1.434782,0.656116,0
1.657213,0.440587,0
2.514261,0.822136,0
0.792731,0.552392,0
-0.664700,-0.056211,0
1.385741,0.780849,0
0.777177,0.751901,0
-1.250401,2.438611,0
-0.470515,2.600686,0
2.998991,-0.348440,0
2.435918,1.259697,0
-0.479375,1.779717,0
1.412167,1.414269,0
-0.637932,0.804236,0
0.991765,0.969789,0
-0.036945,1.037102,0
0.769936,0.617698,0
-1.279670,-0.380281,0
3.730427,0.950031,0
2.456884,0.362488,0
0.072889,1.575907,0
1.619358,1.379216,0
-0.408037,1.226320,0
2.545819,0.911973,0
0.557979,-1.263217,0
0.157167,1.673045,0
-0.361011,3.121805,0
0.594789,1.425273,0
-0.414533,0.187958,0
1.879798,0.736700,0
1.025793,0.920910,0
2.338972,1.199120,0
-0.128829,0.080962,0
-0.698335,1.666221,0
0.562701,1.517792,0
0.474483,1.018299,0
-0.268285,0.581136,0
0.283080,0.685178,0
0.429173,1.197278,0
1.204034,1.793062,0
1.013649,1.230368,0
0.346842,0.226460,0
1.703142,1.490882,0
0.702091,1.411283,0
0.817986,-1.715175,0
2.093962,2.569633,0
0.423086,1.783515,0
1.035441,1.476826,0
2.039404,0.170007,0
1.328809,-0.527555,0
1.635147,2.854916,0
1.685471,2.652072,0
1.249969,-0.561461,0
0.352166,-1.306185,0
0.601747,-0.720805,0
1.876796,0.916148,0
-0.906350,1.767789,0
-0.010500,1.552877,0
0.010194,0.948459,0
0.539767,1.780474,0
-0.045302,0.497073,0
1.194260,1.830216,0
1.077908,0.722628,0
-1.105426,1.480790,0
1.380259,0.723226,0
1.810517,-0.949630,0
0.590194,0.615352,0
0.649873,0.798688,0
0.551134,0.073004,0
2.231404,3.266949,0
0.846986,-0.225864,0
0.272807,0.031969,0
0.728899,2.185020,0
1.695217,-0.035618,0
0.686063,0.344200,0
1.723490,2.836194,0
0.672082,1.909084,0
1.291578,1.199805,0
-0.013486,0.188291,0
0.178480,-0.787922,0
1.463367,1.065874,0
1.455156,2.017253,0
1.819350,1.216600,0
0.007364,1.107208,0
1.488196,0.132036,0
2.226151,1.311824,0
1.129571,1.333747,0
-1.129025,1.669024,0
-0.377872,1.818919,0
1.639698,0.506311,0
0.230648,-0.253772,0
0.757506,0.376345,0
1.031188,3.247100,0
-1.003528,-0.834224,0
1.429087,-0.301114,0
0.061673,-0.716393,0
1.575499,2.318044,0
0.085668,0.992217,0
2.256185,2.623957,0
2.359147,-0.171583,0
2.649716,0.788707,0
1.073077,0.704659,0
1.919827,3.154321,0
-0.163893,1.634684,0
1.255284,1.461088,0
1.414493,2.792840,0
-0.512813,1.649286,0
0.768806,1.364223,0
-1.392869,2.202864,0
-0.404504,-1.255626,0
-0.023240,2.152866,0
-0.005886,2.983334,0
0.958948,2.754155,0
0.524095,0.842919,0
-0.439092,1.215627,0
-0.017486,-0.751623,0
-1.480858,1.544110,0
2.557972,1.639201,0
1.561637,1.142263,0
1.594853,1.423725,0
1.999792,0.782738,0
0.788331,1.700611,0
1.310847,1.081594,0
-0.725718,-0.064724,0
0.401914,-0.194125,0
1.833230,2.556257,0
0.733189,0.923629,0
2.425162,1.056733,0
-0.176140,1.091284,0
2.234723,-0.885613,0
0.981545,1.876224,0
-1.043230,0.473775,0
1.969789,-0.525528,0
0.224709,-0.149506,0
-0.740330,0.160225,0
0.921771,1.308494,0
2.024918,1.494115,0
2.633924,1.204094,0
2.218579,3.032714,0
1.140748,-1.657571,0
1.674253,1.191737,0
0.984217,2.241882,0
1.233944,1.457780,0
2.121520,1.966030,0
0.150696,0.782604,0
1.391293,0.749848,0
0.490872,2.029863,0
-0.819510,1.326394,0
1.049141,2.905748,0
1.070666,0.105371,0
2.432890,-0.157434,0
2.446331,1.223981,0
0.478515,1.129495,0
1.546945,-1.190930,0
0.743066,-0.174566,0
1.666759,1.186171,0
2.197101,0.683891,0
0.804178,0.809556,0
0.017604,1.089069,0
0.640777,0.873281,0
2.231263,1.804976,0
-1.477895,1.406286,0
1.524748,0.717360,0
0.461029,2.161134,0
1.183473,2.318245,0
2.613880,1.679160,0
0.694831,-1.598630,0
2.578659,0.258695,0
1.624238,1.909942,0
0.029335,0.702701,0
1.405500,0.865919,0
2.756446,2.969613,0
0.004094,0.826821,0
1.855714,0.423951,0
1.718648,2.534289,0
0.622561,1.428110,0
-1.064998,1.218505,0
-0.656273,1.125642,0
1.892300,0.210155,0
0.339394,0.189496,0
1.238449,0.725985,0
0.886917,0.851418,0
0.952895,1.004961,0
2.303440,0.513985,0
1.774508,-0.619909,0
-0.034559,-0.244246,0
-0.010060,0.959813,0
0.005459,0.593480,0
0.652504,0.740092,0
1.819976,1.489828,0
-0.368686,-0.350769,0
0.217608,1.890659,0
3.088727,0.900420,0
-0.264674,-0.049706,0
0.996111,2.111159,0
2.721508,1.400694,0
2.502714,1.024146,0
-0.351642,1.731736,0
1.387620,0.520786,0
1.223260,0.520083,0
0.271472,2.722647,0
3.690914,-0.755298,0
0.805516,-0.338917,0
1.070210,1.519297,0
2.063338,0.275105,0
0.809867,-0.037367,0
0.429672,1.038498,0
-0.914802,1.001616,0
-0.260846,1.138183,0
-0.238584,3.663174,0
1.322109,2.101910,0
0.213506,0.570011,0
-0.568514,0.062045,0
2.124978,-0.502670,0
-1.746476,0.462005,0
2.189699,-1.816157,0
1.302283,0.849980,0
0.383421,3.148498,0
-0.368974,0.404988,0
2.220624,2.012336,0
1.504688,0.973532,0
1.030298,0.437697,0
2.043443,0.738211,0
2.698191,1.565577,0
0.766013,1.075394,0
1.647474,2.137629,0
0.860584,0.385019,0
-0.288988,1.203165,0
1.314065,0.365326,0
2.219866,2.176426,0
-0.106198,0.749481,0
1.703276,-0.629803,0
3.493588,1.415726,0
0.229779,-0.146853,0
-1.358503,0.936029,0
0.526762,3.109823,0
0.299314,0.729397,0
-1.007875,0.332452,0
0.597217,0.017058,0
0.779467,0.398667,0
-0.015628,-0.239770,0
0.248780,1.369637,0
0.888539,0.661330,0
0.255306,1.124498,0
1.902199,0.406110,0
1.022410,1.491141,0
1.800880,1.257706,0
-1.005455,0.220109,0
1.087033,-0.328838,0
-0.544748,1.747617,0
2.674284,-0.400378,0
-1.410939,-0.127781,0
1.991079,1.247585,0
1.039552,0.966428,0
0.448047,-0.642925,0
-0.161335,0.942543,0
0.452279,1.295769,0
0.907391,1.782137,0
0.210464,-0.395402,0
2.160400,0.582613,0
0.950616,3.473193,0
0.690148,-0.416081,0
1.320733,3.073420,0
-0.618063,0.762478,0
0.868288,0.393485,0
0.360229,0.330950,0
0.879953,0.636439,0
1.198088,1.394240,0
1.935804,1.893167,0
0.823992,1.646735,0
0.604274,-0.747838,0
0.639298,1.088841,0
0.294090,1.420331,0
1.907424,1.513486,0
1.839436,0.260678,0
-0.264661,0.708221,0
1.831801,-0.725366,0
3.548333,2.439252,0
1.934956,1.202842,0
0.149257,1.447521,0
2.125861,0.885709,0
1.506155,2.850832,0
1.424615,2.120919,0
1.441775,1.333262,0
-1.207020,1.616756,0
0.276137,1.636552,0
0.948663,2.442547,0
2.643486,1.563304,0
1.206488,0.885907,0
0.635344,0.217565,0
2.835568,2.989390,0
1.302901,2.145916,0
3.623089,-0.438727,0
-1.204168,1.122063,0
2.576204,1.804413,0
1.609081,-0.152380,0
2.133182,1.469052,0
2.717229,1.507026,0
1.037543,1.461796,0
0.078411,1.964809,0
1.474598,2.300367,0
2.805825,0.945105,0
0.748080,1.192683,0
0.573484,-0.125856,0
1.182921,1.421953,0
2.044440,0.793075,0
1.637935,1.917284,0
1.328309,2.362270,0
-0.319216,1.404515,0
1.132455,2.523724,0
-0.225269,0.130140,0
1.881541,0.776394,0
0.525081,0.542469,0
0.034017,0.262683,0
0.375689,1.547756,0
0.497785,2.416103,0
1.727500,1.014265,0
0.987920,1.288671,0
-0.005608,1.619541,0
1.461568,0.257843,0
1.610100,0.619848,0
-0.416979,-0.136324,0
1.453423,2.488018,0
1.778372,-0.455657,0
-0.494160,-0.113453,0
-0.112417,-0.206334,0
1.640818,1.667327,0
1.334982,-0.700525,0
1.925087,0.528075,0
0.527676,1.862878,0
2.393693,1.354946,0
1.810919,0.456058,0
0.968334,2.155808,0
0.976846,1.748377,0
0.526076,0.680820,0
0.757751,0.468657,0
1.423427,0.246832,0
-1.035061,0.722175,0
-0.641615,0.485326,0
-0.008767,0.944648,0
1.556142,1.465925,0
0.292524,1.568512,0
3.447134,0.984778,0
1.974460,0.572562,0
0.977469,1.657437,0
0.144838,0.835187,0
1.643581,0.057201,0
0.406479,-0.029049,0
-0.556308,1.215532,0
2.966806,-0.257208,0
0.631624,1.909635,0
0.281622,1.069602,0
1.176517,1.806254,0
1.017804,2.664320,0
-0.823862,0.159470,0
2.363090,0.465959,0
2.472100,0.671064,0
0.701869,1.216632,0
1.012358,0.872037,0
1.941779,0.526668,0
1.446792,1.826030,0
1.934414,0.636819,0
1.673677,0.415103,0
1.166983,1.924170,0
-0.326020,1.048726,0
0.453356,-0.314661,0
2.046876,1.656472,0
-0.071517,2.477400,0
3.321883,-0.045566,0
2.066178,2.209778,0
1.759518,2.144004,0
0.674589,1.117469,0
0.038622,0.884007,0
0.213937,0.398916,0
1.981143,0.416903,0
3.055773,-2.142646,0
0.611652,-0.154511,0
0.848518,1.271565,0
-0.143104,0.700836,0
0.769999,2.512080,0
0.338578,1.978233,0
-0.127280,-0.066675,0
-1.264504,1.531497,0
0.942457,0.723867,0
2.102789,0.767426,0
2.158072,0.542543,0
-0.262173,3.239349,0
-0.679554,0.646546,0
0.998969,2.463181,0
2.071167,0.871973,0
-1.127943,-0.680737,0
1.634585,1.443808,0
1.728459,1.212324,0
1.153371,0.045444,0
0.798462,0.549254,0
1.665147,0.520524,0
2.662879,-0.064785,0
0.766699,0.920665,0
-1.933260,0.562012,0
-0.192197,1.965003,0
1.116579,-0.334260,0
1.728013,0.259430,0
2.463657,1.683082,0
-0.445986,1.109143,0
-0.021834,-0.010352,0
1.479193,1.178030,0
1.820614,0.887826,0
1.837942,1.961749,0
2.754618,0.563058,0
1.181571,1.395742,0
2.544341,1.154276,0
-0.366380,1.181907,0
-0.060068,1.865248,0
0.369077,0.832552,0
1.474085,2.428590,0
2.517303,0.062260,0
1.581653,0.715363,0
0.618259,-0.029061,0
0.489279,0.677164,0
2.324725,0.865362,0
1.191025,-0.004942,0
3.067925,-0.165674,0
0.137866,-0.010153,0
2.761302,0.592265,0
-0.066752,2.042730,0
1.510597,2.698393,0
1.249313,2.066298,0
0.577798,1.352438,0
1.417781,0.857170,0
1.464575,0.144217,0
0.709100,0.349345,0
0.222932,1.600696,0
1.919963,2.780262,0
2.397300,-0.052242,0
-0.454677,-0.125515,0
0.951577,0.434421,0
-0.978019,-0.562937,0
1.491632,1.427659,0
0.951571,-0.575463,0
0.711888,1.418999,0
1.279533,0.048684,0
1.259428,1.083164,0
0.218516,0.506377,0
2.689141,-0.327472,0
1.514956,1.442019,0
1.231195,-1.432256,0
0.451299,1.752271,0
0.516857,1.386059,0
2.016703,0.970339,0
0.853870,1.296194,0
2.589184,0.607449,0
1.233480,0.024686,0
1.445735,-0.909177,0
1.504000,0.540582,0
0.787424,2.255042,0
2.168352,1.074372,0
-0.174304,3.188746,0
3.243860,1.584320,0
1.992731,0.090724,0
0.731204,2.640427,0
-0.051005,1.106360,0
0.449574,2.530919,0
2.333161,-0.056034,0
0.244052,1.241133,0
0.673465,2.992725,0
1.759028,0.681654,0
2.336667,-0.993268,0
1.964739,0.385357,0
1.187993,0.165620,0
0.770217,1.628313,0
2.552480,2.602662,0
0.977390,3.370132,0
1.827433,0.150314,0
1.685785,-1.119186,0
-0.462266,3.223857,0
1.634099,3.085575,0
0.889829,1.728723,0
1.633801,1.885824,0
1.488361,-0.240018,0
1.042214,0.022710,0
1.459598,1.261751,0
0.379507,0.504007,0
-0.527895,0.831592,0
2.063130,1.880970,0
0.512678,0.563770,0
2.997907,1.691512,0
2.470367,1.313985,0
-0.828148,-0.361450,0
0.745229,4.354905,0
0.051935,1.053302,0
0.949148,1.631518,0
0.254258,0.923575,0
-0.194757,2.807545,0
-0.966164,2.213011,0
0.917975,-0.012180,0
1.293376,0.010390,0
1.359613,2.371713,0
0.813215,1.359286,0
1.616010,1.775950,0
2.668423,-1.206407,0
-0.089709,0.948515,0
1.023281,0.892230,0
0.493449,-0.431885,0
1.418842,2.118994,0
3.199410,1.403752,0
1.793826,3.429365,0
1.576978,0.725927,0
0.527918,1.248275,0
0.928782,-0.061404,0
2.357208,-0.372572,0
-0.070639,1.635256,0
0.356358,-1.692711,0
0.974599,0.508392,0
2.071011,0.465605,0
0.971080,1.512338,0
1.456171,0.600447,0
0.107604,0.993807,0
2.458535,1.723535,0
0.348602,0.780461,0
1.299880,-0.168542,0
0.956129,0.638571,0
1.541958,0.128810,0
3.602225,2.310018,0
2.098371,1.157398,0
2.902882,0.142374,0
0.847824,1.749502,0
2.228078,-1.130073,0
2.262151,2.445550,0
0.829054,0.540292,0
1.535813,0.028268,0
1.446232,1.493268,0
0.729235,0.339557,0
2.871492,2.681872,0
0.883307,3.675799,0
0.929148,0.079155,0
1.093633,1.313187,0
-0.445129,0.674956,0
-1.275695,2.306333,0
2.041607,3.476242,0
2.341887,0.685441,0
2.036592,1.369761,0
1.793611,1.768131,0
0.316765,1.630085,0
0.911946,1.832980,0
1.745342,-0.934269,0
1.304895,0.111391,0
2.086113,-0.180250,0
2.361828,1.809422,0
-0.045798,0.833575,0
-0.100142,-0.270972,0
-0.038331,1.511112,0
1.058694,3.124815,0
1.127571,0.409203,0
1.204125,0.909609,0
3.361945,0.455535,0
0.057568,-0.257399,0
1.217352,-0.029211,0
0.507969,-0.674983,0
-0.201275,0.551521,0
0.522462,1.885292,0
-1.917566,2.942181,0
-0.096910,0.502488,0
1.881999,1.685266,0
1.152904,3.732941,0
1.526753,2.765790,0
0.703815,0.398354,0
1.666470,0.955860,0
-0.237134,1.853597,0
1.267984,2.464931,0
-0.438699,0.842797,0
2.301643,1.370137,0
0.393837,0.561551,0
1.393303,2.058286,0
0.246149,1.004596,0
1.575556,-1.117861,0
0.937327,1.091854,0
0.902604,1.417071,0
0.790674,0.830640,0
0.605897,1.038849,0
0.075596,1.008781,0
0.648594,1.043702,0
1.329643,0.468127,0
0.161009,0.842169,0
-0.016274,3.655915,0
-0.313947,0.673430,0
2.924891,0.843193,0
0.480816,2.305499,0
1.986754,1.284923,0
1.722307,0.483571,0
1.276335,0.028605,0
0.397299,-0.844533,0
2.564101,1.904606,0
1.648086,0.927386,0
1.378528,-0.191894,0
0.476255,0.187251,0
0.188041,-0.898747,0
1.289220,-0.228441,0
1.076752,1.974251,0
2.037206,1.913440,0
0.850720,1.485256,0
0.676448,2.805504,0
0.463528,1.471293,0
-1.602718,0.081356,0
2.162658,1.246191,0
1.266269,1.929929,0
1.259855,0.453524,0
1.937193,0.201666,0
0.867424,1.542939,0
0.918762,0.044774,0
2.189593,1.305934,0
0.631619,1.892712,0
-0.316101,0.808070,0
1.237424,1.407320,0
0.035694,0.578429,0
1.287406,1.646925,0
1.487533,0.710544,0
1.604064,-0.784009,0
0.050193,-0.163922,0
0.785646,2.069044,0
3.011137,1.412527,0
1.537618,2.482373,0
2.605682,0.943147,0
0.313242,3.051476,0
1.120254,-0.502157,0
1.261530,-1.151938,0
-1.787439,0.534888,0
0.694646,0.927933,0
0.789660,1.051337,0
-0.054133,1.227990,0
1.271595,1.719360,0
2.246276,-0.479051,0
1.591771,1.839063,0
3.595427,2.176119,0
0.766204,1.256340,0
-0.653322,1.029052,1
-0.149991,-1.604338,1
-2.698874,-1.404708,1
-2.487422,-1.937753,1
-2.522611,-1.217184,1
0.360640,-0.940823,1
-1.383365,-0.863032,1
0.290224,0.243080,1
-0.979634,0.236948,1
-0.942438,-0.845356,1
-1.604652,-1.587923,1
-3.016860,-0.158367,1
-0.130787,0.461032,1
-0.673577,-0.568814,1
-1.956102,-2.963928,1
-0.558368,-1.223113,1
-1.238726,-2.316630,1
-1.943104,-1.375878,1
-0.089155,-1.007866,1
-1.817908,-0.013540,1
0.246562,-0.402239,1
-2.046518,-2.067163,1
-0.415666,-2.045404,1
-0.644094,-1.844297,1
0.038055,-0.260557,1
-0.698528,0.258328,1
-1.103524,-0.994247,1
0.301073,-1.664651,1
-0.778646,-2.227530,1
1.447856,-0.289434,1
-1.958864,-0.394123,1
-1.262476,-0.601953,1
-2.043773,0.658466,1
1.540572,-1.319361,1
-1.008635,-2.094077,1
0.022035,-0.967403,1
-0.088040,-0.760725,1
-0.046633,-0.289137,1
-1.815885,-1.565501,1
-0.189165,-0.902044,1
-0.412094,-2.996517,1
-1.376540,-0.901602,1
-1.096933,-2.038840,1
0.113556,-1.660182,1
0.378694,-0.618726,1
-0.741179,-1.166281,1
-1.965314,-0.531043,1
-1.241910,-2.050184,1
-0.674780,-2.192056,1
-0.240608,-0.776881,1
-0.522200,-0.354495,1
-0.699298,-0.501617,1
-1.831272,0.321978,1
-1.098903,-0.622275,1
-1.852489,-0.150092,1
-0.766828,-1.419739,1
-2.050707,-2.255345,1
-0.001330,-0.624040,1
-0.718339,-0.585828,1
-0.192852,-0.618131,1
-0.105433,-0.897040,1
-0.262044,-1.510139,1
-1.066123,-3.150829,1
0.262402,-0.730634,1
-2.635458,-1.419930,1
-1.096364,-2.264067,1
-0.911690,-2.368413,1
-1.375963,-0.025436,1
-1.152690,0.194843,1
-0.332512,-3.066049,1
-3.138118,-0.173255,1
-0.253892,-0.989656,1
0.520988,-2.423671,1
-0.520468,-2.339541,1
-1.607773,-2.395453,1
-1.135411,1.214861,1
-1.225950,-1.760851,1
-2.667001,-0.802120,1
-3.457055,-1.222977,1
-0.771958,-3.188085,1
-2.693224,-1.176847,1
-1.996284,-2.120004,1
0.415319,-0.893190,1
0.819529,-0.369226,1
0.155159,-1.147125,1
-0.561822,-1.161243,1
-0.587554,0.992879,1
-0.644600,0.358166,1
0.594494,-1.528860,1
0.675123,-1.769663,1
-0.491194,-1.733119,1
-1.792814,-1.271540,1
-0.360804,-0.890527,1
0.778814,-0.863043,1
-1.436213,-1.145282,1
-0.884272,-1.556818,1
-1.693270,-1.865696,1
-1.538581,-1.683823,1
-1.454841,-1.208312,1
-1.388044,-1.246562,1
0.153678,-0.290079,1
-1.309610,-0.111232,1
1.092596,-0.779719,1
-2.026494,-0.919716,1
-1.386183,-0.890191,1
-3.523739,0.384592,1
0.150488,-1.668478,1
0.079401,-0.426750,1
-1.953115,-1.757711,1
0.163807,-0.226128,1
-1.377647,-2.479529,1
-1.407128,-0.724852,1
-1.976699,-2.471732,1
-0.892527,-0.377648,1
0.591634,-0.851334,1
-0.365479,-0.525988,1
-3.835722,-2.996196,1
-2.082650,-1.781898,1
-0.983203,-1.190931,1
-1.538801,-2.585398,1
-1.446090,-0.644778,1
1.086364,-0.704794,1
1.192183,0.253775,1
-1.949891,-0.437289,1
1.221632,-0.651224,1
1.737571,-0.472451,1
0.597563,-1.998192,1
-0.048426,-2.419621,1
-1.166373,-1.869286,1
-1.936156,-2.139627,1
-0.743752,-0.108628,1
-0.519827,-1.593898,1
-1.552302,-0.197825,1
-0.949032,-1.905125,1
-0.933612,-0.613268,1
-1.296820,-1.228512,1
-0.393552,-0.573100,1
1.608872,-1.302040,1
-0.186546,-1.087890,1
0.459476,0.155694,1
-2.256766,0.324516,1
-2.362184,-3.444963,1
1.495327,0.318543,1
-1.968508,-0.569720,1
-1.259086,-3.043658,1
-1.612967,-0.316668,1
-0.839033,-0.595897,1
-0.652665,-2.414134,1
-0.410174,-0.525276,1
-0.744217,-2.082920,1
-1.388098,0.233555,1
-1.389933,-1.031705,1
-0.568498,0.002320,1
-0.926357,-1.528701,1
-1.080189,-2.928278,1
-1.383156,-2.256168,1
0.501180,-1.487098,1
-3.350741,-0.676316,1
-0.783192,-1.709862,1
-0.295621,-0.324206,1
-3.124368,-1.669561,1
0.543067,-0.821676,1
-1.732719,-2.025562,1
-2.751527,-0.052618,1
0.071413,-1.228234,1
0.282688,-1.052437,1
-0.492141,-0.346851,1
-0.354031,-0.504108,1
-0.333136,-2.097270,1
0.421328,-1.843929,1
-0.847433,1.163826,1
-1.075120,-1.072129,1
-2.013414,-0.321067,1
-1.407773,-1.023288,1
-0.811888,-0.429487,1
-2.537398,-2.292841,1
-1.372600,-1.019571,1
-2.481844,-0.935231,1
-1.487499,-1.694027,1
-0.903755,-2.205524,1
-0.003362,-1.413152,1
0.464380,-1.415149,1
-0.585644,-1.145239,1
0.415840,0.020383,1
-2.618621,-1.655486,1
0.294367,-1.073608,1
0.567876,0.712369,1
-1.216094,-1.539029,1
-1.981689,-1.296821,1
-0.220068,0.108349,1
-0.499852,-0.386320,1
-2.538473,-1.121234,1
-0.833790,-2.099651,1
-1.140433,-1.572590,1
0.520667,-2.059453,1
0.091129,-0.955661,1
-0.929125,-1.205824,1
-2.756392,-2.793131,1
-0.902079,-1.764040,1
-1.193377,-0.372391,1
-1.109997,-0.738018,1
-1.790691,1.316825,1
-1.053129,1.102678,1
-0.857384,-0.506368,1
-0.678282,-0.568057,1
-0.096666,-0.374435,1
-1.120359,-3.231972,1
0.236250,-1.876186,1
-1.838829,-0.336034,1
-2.143678,-1.206136,1
-1.686091,-1.893677,1
-2.505377,-0.563347,1
-0.053428,-0.872921,1
-0.179215,-1.773860,1
-0.936007,-1.185767,1
-3.255461,-4.112034,1
-0.546403,-0.615734,1
-3.590355,-2.832193,1
-0.812160,0.601961,1
1.423696,-0.377222,1
0.224518,-0.973961,1
-1.068821,-0.424059,1
-0.850599,0.502317,1
-0.336082,-1.898561,1
-0.370085,-0.539858,1
-2.318135,-1.848919,1
-1.170423,-1.898502,1
0.554609,1.052268,1
0.505667,-0.605439,1
-3.095232,0.871594,1
-0.863292,-0.282550,1
-1.706448,-0.252905,1
-1.441300,-0.770407,1
0.263426,-0.505834,1
-1.837204,-1.145018,1
-1.173049,-1.401252,1
0.214774,-0.918934,1
-0.614347,-0.745333,1
-1.553041,-1.524491,1
-0.564034,-0.855347,1
-2.631675,-2.044147,1
-1.737336,-1.023315,1
-0.596766,-2.042944,1
-1.023682,1.040155,1
-1.250013,-0.581181,1
-2.347519,1.155912,1
-0.988067,-2.780149,1
-0.831478,-0.264712,1
0.456726,-1.214951,1
-1.298197,-1.807786,1
1.335809,0.250657,1
-2.255581,-1.860259,1
0.592391,-1.851465,1
-1.900553,-2.083004,1
-1.864223,-1.568895,1
-0.103772,-0.427198,1
-1.120951,-0.133855,1
-0.362984,-1.436409,1
-1.061069,0.157440,1
-0.762099,-1.311321,1
-0.484908,-0.569983,1
-1.273715,1.045566,1
-2.517672,-2.371475,1
-1.623832,-0.367400,1
-0.437936,0.587471,1
-1.333649,-1.963501,1
-1.332615,-2.023220,1
-0.279965,0.943460,1
0.893106,-1.149541,1
-3.285772,-2.103657,1
-2.893726,-0.717014,1
-2.453337,-3.273241,1
-2.281838,-1.059111,1
-1.888322,0.849759,1
-0.560984,-2.127936,1
0.747217,-0.271609,1
-0.143927,-0.462969,1
0.844120,-1.227612,1
-0.452730,-0.931450,1
-2.248760,0.633119,1
-2.105007,-2.751091,1
-1.684752,-3.067794,1
0.224542,0.271917,1
-1.340865,-0.694529,1
-2.311296,-4.332870,1
-0.366948,-0.973374,1
-0.400684,-1.211752,1
-0.979943,-2.713055,1
0.592425,-1.037541,1
0.243221,-0.528306,1
-1.625064,0.194104,1
0.026492,-1.871080,1
-1.658841,-0.207959,1
-0.104781,-1.553956,1
-3.440307,-2.173069,1
-1.725684,-0.470642,1
0.130430,-0.967550,1
-0.668038,-0.797564,1
-2.308253,-0.397095,1
-1.664347,-1.209309,1
-2.081532,-0.219918,1
-1.232432,-0.489682,1
-1.906493,-0.872763,1
-0.260265,-0.780117,1
-1.587579,-1.114129,1
-1.733397,-2.234846,1
-2.013332,-1.984725,1
-0.427554,-0.776427,1
-1.653637,-2.052447,1
0.452962,-1.114248,1
-1.448740,-1.506660,1
-0.451916,-2.992573,1
-0.744693,-2.722447,1
-1.120658,0.507205,1
-1.483000,-0.988068,1
-0.248303,-2.628598,1
0.653961,0.397916,1
-0.473247,-3.329829,1
0.044589,-1.895957,1
-0.681215,-0.544781,1
-1.246260,-0.371814,1
-1.241278,-2.193165,1
-1.159545,-2.144570,1
-0.890133,1.090293,1
-1.172992,-0.270485,1
-2.347891,-0.881203,1
-3.137367,-0.254311,1
-1.907434,-1.805583,1
-1.594950,-2.022750,1
-1.414893,0.241323,1
-2.349168,-1.975378,1
-0.816059,0.443478,1
-1.809043,-1.493013,1
0.529562,0.295456,1
-0.532988,-0.621230,1
-1.364560,-2.309733,1
-1.230315,-2.798764,1
-1.962355,-3.198075,1
-1.992207,1.016337,1
-0.263146,-1.161709,1
-0.487240,-1.815756,1
-0.978400,1.019209,1
-2.344779,-2.088589,1
-0.874497,0.631302,1
-0.460772,-2.373113,1
0.504457,-0.775808,1
1.078051,-0.406503,1
-1.263751,-1.272871,1
-1.313439,-1.116947,1
-2.396473,-0.646775,1
-2.027282,0.208802,1
-0.201682,-1.231915,1
-1.499770,-0.447255,1
-2.091052,-0.546351,1
-0.697659,-0.525188,1
-0.458549,1.198718,1
-2.725083,-1.154179,1
0.064711,-0.602226,1
-0.978043,-1.596434,1
-2.254458,0.475967,1
-0.660898,-1.375247,1
0.044293,-3.266583,1
-0.403018,-1.400126,1
1.055841,-1.019253,1
-3.553870,-1.241981,1
-1.681383,-1.702564,1
-0.731840,-0.182440,1
-1.887276,-0.662089,1
-2.706851,-1.610048,1
1.794715,-1.891428,1
-1.469941,-3.440786,1
-2.437596,-0.092134,1
-0.824837,0.091097,1
-0.351896,-1.491113,1
0.698960,0.715525,1
1.278283,-0.681475,1
-1.104798,-1.926456,1
-2.068133,-1.215717,1
1.201761,-2.367823,1
-1.882662,-1.982376,1
-1.066899,0.332212,1
-2.035601,-1.446619,1
-2.176054,-0.093729,1
0.395866,-0.324881,1
-0.124428,-1.754190,1
-0.805252,-0.457970,1
0.600045,0.086070,1
-1.398468,0.170712,1
-0.181958,-1.735060,1
-1.144157,0.867936,1
-1.467170,-0.781381,1
-2.157195,-1.798680,1
-2.175341,-0.703068,1
0.062642,-1.056078,1
-1.340606,0.645681,1
-1.792565,-3.171097,1
0.241893,-1.011430,1
-1.266237,-0.385575,1
-0.610425,-1.936255,1
-0.895155,-1.198269,1
-0.411274,-0.697227,1
-0.694348,0.566215,1
-1.647521,-1.497394,1
-1.535778,-0.481433,1
0.095487,-1.134722,1
0.670413,-1.471549,1
-0.960503,-0.939033,1
-2.315361,-0.291898,1
0.109221,-1.098423,1
-0.529983,-0.235354,1
-0.147915,0.939541,1
-2.564962,-1.309453,1
-0.836470,-0.192914,1
-3.655009,-0.973919,1
-3.069301,-3.076266,1
-0.011705,-1.536793,1
-1.419282,-0.040206,1
-0.616810,-2.952915,1
-2.512939,-0.995387,1
-0.827924,-1.083883,1
-2.389927,-1.563563,1
-1.201111,-0.847404,1
-1.706599,0.190918,1
1.004786,-1.722867,1
-0.249808,2.541685,1
-2.794813,-0.364654,1
-2.396905,-0.794012,1
-1.791299,-3.500679,1
-1.613773,-0.952883,1
-0.438872,-0.771597,1
-0.330173,-0.742461,1
-0.990417,-1.082098,1
-0.470023,-1.420595,1
-1.571665,-0.728656,1
-1.316383,-0.245074,1
-0.376678,-0.890759,1
-0.514132,-2.156418,1
-2.227704,-0.415202,1
-0.011871,-0.936934,1
-2.216189,0.191473,1
-0.291001,-0.680909,1
0.728794,-2.055939,1
-0.583996,-0.668926,1
0.039004,-1.691738,1
-0.251153,-0.563562,1
-2.483856,-1.510687,1
-2.411603,-1.899035,1
-1.625109,-1.804629,1
-2.683823,-0.583675,1
-1.103699,-0.459769,1
-0.583455,-1.384533,1
-2.657650,-0.505733,1
0.133277,0.618597,1
-0.838232,0.752821,1
-2.822263,-1.308270,1
-1.385814,0.012011,1
-0.041285,-0.521897,1
0.747441,0.551390,1
-1.149279,-1.709031,1
0.812799,-2.313381,1
-3.304050,-0.410461,1
-2.294416,0.126738,1
-0.507703,-0.807961,1
-0.995004,-1.670569,1
0.719975,1.474466,1
-2.950862,-1.681069,1
-0.930491,-3.265790,1
-1.999625,-1.334302,1
-1.098034,-3.218167,1
-0.721631,-1.333355,1
-0.111290,-1.900950,1
0.286792,-0.628134,1
-1.096851,-2.972868,1
-3.335169,-0.226694,1
-1.745188,0.081527,1
-0.906062,-0.860389,1
-0.820547,-2.432727,1
-1.102626,-0.280403,1
-2.573972,-1.791225,1
-2.250585,-1.361889,1
-0.659004,-1.484585,1
-2.057532,-3.151202,1
-0.833780,-2.092023,1
-1.273520,-1.400470,1
-0.355107,-0.441371,1
-0.389867,-1.894743,1
-0.357424,-2.203410,1
-1.076642,-2.738162,1
-0.332821,-0.383105,1
0.022249,-1.413074,1
-2.545422,-0.856297,1
-1.827345,-4.187963,1
-0.492491,0.001232,1
-0.452064,-0.614541,1
-2.507893,-3.128087,1
-1.645208,-0.861836,1
0.542569,0.311032,1
-2.603315,-0.414911,1
-1.478460,-0.509498,1
0.524444,-1.404981,1
-0.534788,0.745256,1
-0.223146,-0.523821,1
-1.121912,-0.751589,1
-0.562155,-1.439496,1
-1.005617,-3.335594,1
-1.294470,-0.333877,1
-1.465146,0.088969,1
-1.476141,-0.193195,1
0.749177,-1.719724,1
1.119226,-1.631853,1
-1.036859,-1.264241,1
-1.172043,-0.611332,1
-0.123412,-4.410859,1
-2.071553,-1.312002,1
-2.452722,0.026670,1
0.419109,-0.788241,1
0.943464,-1.898420,1
0.661226,-0.396532,1
1.921209,-1.467012,1
-1.026670,-1.047118,1
-0.332026,-0.444303,1
-1.478126,0.209569,1
-1.344316,0.361821,1
-0.126359,-0.887275,1
-0.745624,-2.196540,1
-0.221277,0.448510,1
-0.556445,-2.173942,1
-1.309316,-1.073969,1
-1.659398,-2.972355,1
-0.076511,-0.926920,1
-1.451224,-1.648469,1
-1.313435,-3.149332,1
-2.453029,-0.884764,1
-1.181005,-0.887670,1
-2.195734,-1.869818,1
-2.194629,-1.186055,1
-1.146748,-0.984868,1
-1.562953,-1.782341,1
-1.313478,-0.661666,1
-1.662167,-0.507729,1
-4.048569,0.036806,1
-1.101269,-1.192743,1
-0.201940,-1.467831,1
-0.384260,-0.946747,1
-0.573869,-1.966123,1
-2.328288,0.407723,1
-2.192015,-2.751472,1
-2.383200,-0.711550,1
-1.387853,-1.347841,1
0.543345,-0.056548,1
0.783309,-0.446853,1
-1.945071,-1.576783,1
-2.785983,-0.934483,1
-1.858398,-1.109337,1
-0.487426,-0.789009,1
-2.505406,-0.425135,1
-1.383080,-0.888475,1
0.265979,-1.092390,1
0.624791,-1.103630,1
-0.930829,-0.766850,1
-1.654290,-0.620572,1
0.426078,-0.528104,1
-0.691634,-1.735904,1
-2.828043,-0.448538,1
-0.299927,-2.767045,1
-2.689498,-1.054861,1
0.008434,-3.529391,1
-2.309917,-1.916817,1
-0.307499,-1.143191,1
-1.073725,-1.170255,1
-1.931177,-1.515911,1
-1.030658,-1.160120,1
-0.691352,-2.078907,1
0.353140,-1.514360,1
-0.763028,-0.925561,1
-2.920031,-1.228520,1
-0.271436,0.890448,1
-1.634758,0.013549,1
-0.521889,-0.031277,1
-1.136712,-0.370979,1
-2.379027,-1.074805,1
-2.167233,-1.398973,1
-0.256325,-1.457850,1
0.095909,-1.890996,1
-1.928435,0.785720,1
-1.074589,-0.838418,1
-1.429658,-2.440068,1
-0.532025,-0.270242,1
-2.212401,-1.501928,1
-0.150466,-0.851478,1
-2.535927,-0.654934,1
-0.883218,-0.954120,1
-1.189919,-2.571891,1
-0.266417,-0.657306,1
-2.044307,-2.805087,1
-1.215900,-2.246751,1
-1.780759,-0.668150,1
-2.719890,-1.284169,1
-1.477991,-1.293531,1
-1.048056,-0.189188,1
-0.512377,-1.186269,1
1.009812,-1.849370,1
-2.534266,-1.387318,1
-3.787050,-0.133337,1
-0.607490,0.389563,1
0.411550,-0.469278,1
-1.181785,-1.979289,1
0.473714,-2.075742,1
-0.201474,-0.319759,1
-0.543400,-0.879940,1
0.195029,0.158714,1
1.715729,-0.009380,1
-0.417891,-0.075311,1
-0.542136,-1.799980,1
-1.954552,-1.044779,1
0.281941,-2.316714,1
-1.481163,-0.394246,1
-2.602752,-3.561684,1
-0.318905,-1.164656,1
0.942088,0.624343,1
-2.341365,-0.418876,1
0.396580,-1.633223,1
-0.691130,-0.846834,1
-0.499907,-1.690626,1
0.191301,-0.259539,1
0.362868,0.189631,1
-0.463914,-0.684700,1
-0.808348,0.073804,1
-2.165496,-2.970376,1
-1.872848,-1.322243,1
-1.803478,0.372925,1
-2.497801,1.066166,1
-0.654110,-1.312997,1
0.343959,-1.428152,1
-0.433017,-3.755805,1
-2.255349,1.340822,1
0.603294,-1.630203,1
0.958506,-2.481398,1
-0.642355,-0.555083,1
0.758293,-1.616513,1
-2.357932,-1.458875,1
-0.310718,-1.553933,1
-1.551412,1.485016,1
-0.165907,-0.918431,1
0.434731,-1.126367,1
-0.108489,-0.641015,1
0.632473,0.506852,1
-1.362974,-1.934750,1
-1.249197,-0.818573,1
0.206487,-1.588543,1
0.060982,-1.202499,1
-0.539684,-1.468282,1
-0.444221,-0.680466,1
-1.843338,-0.612844,1
-0.788763,-1.408802,1
1.375692,-1.719490,1
0.219514,-0.509377,1
-0.649468,-0.916097,1
-1.597376,-0.946005,1
-0.379467,-2.163038,1
-1.076674,0.609727,1
0.260817,-2.267402,1
0.485901,-0.571707,1
-1.631235,-1.539081,1
-0.786472,-0.864878,1
-0.191933,-0.509760,1
-0.913412,-2.488942,1
-1.093311,-0.127319,1
-1.773583,-0.156424,1
-1.613305,0.117080,1
0.537139,-1.830618,1
-0.638484,-1.705773,1
-0.061381,-0.516067,1
-1.712211,-2.746331,1
-0.817430,-1.327198,1
-2.887508,-3.692605,1
-0.138902,0.191652,1
-1.544216,-2.101645,1
-1.312689,-2.760526,1
-1.801284,-1.608215,1
-1.446560,-1.514271,1
-0.452021,-2.403656,1
-0.215259,-0.705361,1
-1.144150,-0.195485,1
-0.505990,-0.897688,1
0.448469,2.378325,1
-1.145481,-0.591161,1
-0.399589,-0.560822,1
-2.713591,0.808116,1
-0.978329,-1.958362,1
0.800856,-0.479590,1
-0.045054,-0.224047,1
-1.132934,-0.141451,1
-0.711596,0.024705,1
-0.356812,-0.019223,1
-1.314947,-0.658466,1
-1.641541,-1.164288,1
-0.360100,-0.059029,1
-1.042622,-2.240979,1
-0.236336,-0.240246,1
-0.693115,-1.821107,1
-2.051370,-1.474380,1
-3.124496,-0.440108,1
-1.237533,-1.339940,1
0.200069,-1.079792,1
-2.380169,-2.297648,1
-0.563735,-0.291433,1
-0.858514,-1.130201,1
-1.893844,-1.925447,1
-0.544833,-1.707062,1
-1.492786,-0.463594,1
-1.420454,-0.272850,1
-0.077335,0.537761,1
0.088821,-0.833468,1
0.448183,-0.004042,1
-2.372740,-0.048903,1
-1.173817,-0.287232,1
-1.975441,-0.194959,1
-0.798681,-0.208391,1
0.580925,-0.180363,1
-0.599215,-2.059913,1
-1.346367,-0.975043,1
-1.866354,-1.246127,1
-1.356242,-2.199947,1
-3.809621,-2.977560,1
1.721467,-0.579745,1
-0.139314,0.799816,1
-1.501973,-1.334348,1
-1.963426,-1.405271,1
-2.029394,-2.059782,1
-2.300277,-2.253676,1
-2.440368,-2.508790,1
-0.479753,-0.267103,1
0.197847,-2.239354,1
-0.547436,-0.332203,1
-0.260451,-1.001674,1
-2.531147,-0.029605,1
-3.425161,-1.382797,1
0.860535,-0.237664,1
0.273530,-0.211955,1
-1.468619,0.369958,1
-0.039423,0.967021,1
-0.444681,1.050999,1
-2.469771,-0.667869,1
-0.391224,0.424136,1
-0.413261,-1.482835,1
-2.992673,-1.205289,1
-2.238793,-1.649467,1
-0.491048,-0.112348,1
-1.995816,-1.427838,1
-1.897404,0.177222,1
-0.914205,-1.219466,1
-0.294819,-0.250104,1
-1.252347,-2.256637,1
-1.564738,-1.000733,1
-0.120799,-0.117837,1
-0.882983,-1.121794,1
-1.387744,-1.734892,1
-1.659226,-1.514332,1
0.208639,-3.584747,1
-0.844932,-0.818306,1
-0.902506,-1.580171,1
-2.582663,-2.604450,1
-1.056926,-1.483668,1
-1.471101,1.229352,1
-0.521464,-0.112833,1
-0.926843,0.001762,1
-2.009072,-1.241093,1
-0.323051,-1.621180,1
-1.366940,-1.748474,1
-1.467756,-0.253126,1
-0.170029,0.247614,1
-1.730734,-0.494873,1
-0.761118,-2.737828,1
-1.345593,-0.928213,1
-0.883293,-1.251668,1
-0.789184,-1.317310,1
-2.186965,-1.142300,1
-0.660765,0.686326,1
-1.508367,-2.779335,1
-2.223776,-0.518405,1
-1.218638,-1.120169,1
-1.173052,-2.941977,1
-1.077219,-0.531468,1
-2.005183,-2.247207,1
-0.769014,-0.665347,1
-2.540759,-2.037107,1
-2.865918,-1.038162,1
-0.057517,-1.230236,1
-0.335414,0.132658,1
1.266056,0.606829,1
0.264833,-2.333036,1
-1.194068,2.054703,1
-0.607183,-0.869907,1
-0.401997,-1.222085,1
-1.328909,-0.544008,1
0.078425,-1.733141,1
-0.745780,-1.421172,1
-1.722157,-1.362633,1
-0.517386,0.090674,1
-2.899538,-1.674873,1
-1.246064,-1.080716,1
-3.279291,-1.788092,1
-0.063076,-1.189504,1
0.110257,-1.789084,1
-1.724046,-1.580381,1
0.793634,-2.932955,1
0.323874,-1.420966,1
-0.784554,-0.622051,1
-1.265471,-1.922178,1
-0.120796,-0.969967,1
0.352941,-2.522354,1
-0.289572,-2.992777,1
0.233188,-2.704249,1
-0.230274,-1.984995,1
0.014074,-2.255784,1
-1.431911,0.018211,1
0.590652,-1.006035,1
-2.338728,-0.736084,1
-0.426140,-0.784955,1
-0.114928,-0.551432,1
-1.212039,-0.008696,1
-1.240615,0.331078,1
-0.617362,-1.616235,1
-1.018497,-2.615885,1
0.090109,-0.818458,1
0.295402,-1.005909,1
-0.930531,-2.305098,1
-0.993029,0.456340,1
-1.492644,-0.551813,1
-1.114420,-2.724541,1
-2.146576,-3.323692,1
-2.566964,-1.027972,1
-0.028872,-1.417807,1
-2.446181,-2.455938,1
0.042837,-2.733267,1
-0.548389,-0.370367,1
-0.631065,-0.555411,1
-1.078633,-1.978440,1
-0.716388,-0.073589,1
-0.864053,-1.392215,1
-2.669282,0.298758,1
-1.461744,-1.591292,1
-1.814720,0.073064,1
1.126111,-1.677767,1
-1.174240,-1.293771,1
-0.658370,-0.457771,1
-0.115575,-2.105161,1
-1.374093,-1.596043,1
-1.755144,-0.415967,1
0.210622,-1.125832,1
-0.422416,0.107564,1
-1.289732,0.823201,1
0.058864,0.400334,1
-1.711762,-1.453490,1
-2.683199,-0.653100,1
-1.710686,-3.414322,1
-2.649654,-0.859029,1
-1.418576,0.795161,1
-0.353373,-0.005954,1
-1.065907,-2.629920,1
-2.987877,-2.235807,1
0.793040,-0.433232,1
-3.056002,-1.380874,1
-1.143466,0.365769,1
-3.022744,-1.981902,1
-1.065397,-1.865968,1
-1.687235,-1.787263,1
-0.456944,-2.254157,1
-2.222149,-0.407273,1
-0.431020,-1.652910,1
0.288220,-1.193151,1
0.924094,-0.703961,1
-2.128666,-1.691632,1
-0.247978,-1.718328,1
-1.974619,-0.658373,1
-0.600521,0.021578,1
0.766426,-1.113281,1
-1.056568,-0.549903,1
-2.513865,-2.035642,1
-2.224475,-0.962361,1
-2.691444,0.257709,1
-0.455026,-1.095617,1
-2.199050,-1.334392,1
-1.314126,-0.626895,1
-4.305023,-2.144605,1
-1.329321,0.944085,1
-1.132767,-1.563671,1
-0.195908,-2.127181,1
-3.855661,-0.868289,1
-1.126070,-2.852268,1
-0.570325,-0.165276,1
-1.868500,-1.577885,1
-1.201294,-0.344560,1
0.676268,-1.767628,1
-1.286489,-1.349321,1
-1.855720,-0.191480,1
-1.484073,1.335704,1
0.282886,-0.122077,1
-0.157275,0.167426,1
0.321833,-2.405502,1
-1.215512,-0.976209,1
-0.820621,0.131655,1
-0.224679,0.643349,1
-1.997098,-0.659428,1
-0.216963,-2.002778,1
-2.009806,-0.558646,1
-0.502272,-1.223034,1
-2.265942,-0.647061,1
-1.569224,1.629334,1
0.229826,0.454811,1
-1.173121,-1.056907,1
-2.157704,-1.527321,1
-1.186961,-0.458109,1
-1.889937,-0.918387,1
0.415164,-0.364837,1
-1.621416,-2.177328,1
-1.676829,-2.071921,1
-1.699207,-1.235235,1
-1.773957,-2.484058,1
0.826950,-0.462205,1
-1.660635,-0.811270,1
-1.412262,-1.273716,1
-1.097034,-1.089582,1
-0.949008,-1.495093,1
-1.285519,-1.212890,1
-1.350058,-1.668757,1
-3.295084,-0.801889,1
-0.045591,-1.945483,1
-2.182499,-0.493428,1
-0.912042,-1.638601,1
-1.300309,-0.752961,1
-0.240671,-1.822562,1
-0.513557,-1.243743,1
-1.337955,-2.846164,1
-0.870494,-2.511290,1
-2.818729,-1.427446,1
-1.360469,-1.577769,1
-1.351624,1.264598,1
0.511144,-0.812177,1
-1.095799,-0.493735,1
0.540615,-0.258630,1
-4.112083,0.535661,1
-2.192060,0.221782,1
-1.375921,0.844698,1
-2.607126,-0.829110,1
-1.881931,-0.283653,1
-0.756202,-0.447639,1
-0.384592,-0.134828,1
-1.650442,-0.045176,1
-1.369490,-2.363659,1
-1.491707,-1.070368,1
0.380419,-2.749379,1
-0.028796,-0.810140,1
-1.682065,-0.017746,1
-2.400736,-0.124462,1
-1.956482,-0.532596,1
0.450954,-0.385962,1
-1.349039,-2.020226,1
-1.296575,-3.069313,1
-0.651059,-0.077468,1
-0.834219,-2.179517,1
-0.808841,-0.829551,1
-0.281708,-0.905045,1
1.047410,0.332717,1
-1.107338,0.033438,1
-1.403581,2.149474,1
-1.087815,-1.375144,1
-0.381848,0.689538,1
-1.391529,-1.165448,1
-2.758587,-0.722539,1
-0.601113,-0.187939,1
-2.067720,-0.719435,1
-0.788725,-0.988223,1
-1.885132,1.283085,1
-0.667642,-1.350865,1
-0.251105,-0.306945,1
-1.672340,-0.481397,1
-0.390105,0.793476,1
-0.864955,0.224870,1
-1.958197,-3.691396,1
-1.403866,-1.896484,1
-0.108657,-1.032063,1
-0.962926,-1.579785,1
-0.829795,-1.592872,1
1.670434,-1.387485,1
-0.051554,-1.928964,1
-1.444525,-1.533213,1
-0.142318,-0.009424,1
-1.092622,-1.049108,1
1.077854,-0.039046,1
-0.776975,-1.526034,1
-1.315023,-2.537346,1
-1.019586,0.653716,1
-1.787225,-2.387275,1
0.958875,-1.947731,1
-1.588862,-0.696004,1
-0.248426,-1.131571,1
-1.447824,-1.297820,1
-2.877399,-1.017042,1
-0.930472,-0.457462,1
-0.159211,0.221812,1
-0.933810,-0.767815,1
-3.898120,-2.043145,1
-1.857342,-1.852342,1
-1.956586,0.525317,1
0.242892,-0.302492,1
-0.481299,-2.715111,1
-1.339577,-0.741843,1
-1.132967,-1.063678,1
-0.665234,-1.161865,1
-0.778561,0.590608,1
-0.417648,-0.566345,1
-1.489264,0.239699,1
0.715902,-1.731122,1
-2.119549,-1.013690,1
-1.699070,0.806911,1
-0.481791,-0.179079,1
-1.607487,0.022167,1
0.702034,-1.319952,1
-2.168204,-0.371170,1
-1.181113,0.563681,1
0.295704,0.292549,1
-0.537659,-0.577765,1
-0.076723,-1.009664,1
0.028047,-0.866134,1
-1.321783,-0.399343,1
-0.195367,-2.964011,1
-0.489482,-0.858130,1
-0.551128,-0.469175,1
-2.708175,-0.056262,1
-1.553698,-2.043163,1
-0.929328,-1.514085,1
-1.977362,-0.490629,1
0.893046,-0.361351,1
-1.688182,0.226470,1
-2.031487,-1.762756,1
-1.092213,-0.425011,1
-1.137263,-0.316620,1
-1.511314,-2.063544,1
0.169925,1.018242,1
-1.298769,-2.365805,1
-0.012312,0.136618,1
-0.232451,-3.059813,1
-3.524718,-3.339808,1
0.038157,-0.676048,1
-2.659645,-4.144662,1
0.430164,-0.181276,1
-2.365843,-1.774534,1
-0.305030,-0.440570,1
-2.445644,-1.460039,1
-1.678522,-1.350002,1
-1.776508,-1.437024,1
0.274918,-1.830566,1
-0.829471,-1.506193,1
-0.208313,-1.118228,1
0.659469,1.065815,1
-1.272667,0.045096,1
0.165304,0.248898,1
0.096848,-2.075081,1
-1.476542,-2.207616,1
-0.911237,-0.930143,1
-2.614454,-1.424217,1
-3.480409,-1.297645,1
0.350430,-0.805308,1
-1.635198,-1.276572,1
-1.674782,-1.460671,1
-1.911711,-0.894608,1
-1.777409,0.575990,1
0.506728,-1.367331,1
-1.818149,0.523524,1
-0.039912,-1.673713,1
2.004335,-3.376631,1
-2.037880,-1.298545,1
-1.251330,-1.312204,1
-0.539914,-1.395631,1
-0.572942,0.438683,1
-1.697345,-0.272987,1
-2.695838,-2.193334,1
0.912767,0.734539,1
-0.654680,-1.603780,1
-0.533801,-0.918857,1
-0.509503,-1.385357,1
-1.494207,-1.359717,1
-3.588772,-0.994888,1
-0.068193,-0.100370,1
-0.728416,-0.937089,1
-1.496019,-1.362688,1
-1.295033,-1.820771,1
0.767675,-1.569175,1
-2.084543,-0.196069,1
-0.976380,-2.518702,1
0.298137,0.845342,1
-1.030517,0.351668,1
-1.822312,-1.825686,1
-0.130791,0.163810,1
-0.553750,-1.521397,1
-0.081080,-1.818298,1
-0.202774,-0.304580,1
-0.077518,1.452544,1
-0.085387,-2.448092,1
-1.726007,-0.821115,1
0.312063,-0.077901,1
-1.176001,-1.320768,1
1.111773,-0.430554,1
-0.454689,-2.312920,1
-1.888265,1.249964,1
0.030761,-0.446954,1
-0.205999,-1.149423,1
-2.285980,-0.807919,1
0.488049,0.259538,1
-1.246242,-0.182368,1
-1.251573,-0.312988,1
-1.148973,0.803796,1
-0.242470,-0.528472,1
0.303904,-1.086029,1
-1.889526,0.695462,1
-0.808117,-1.094279,1
-2.026755,-0.335664,1
-1.515821,-1.095544,1
-1.738114,-0.819680,1
-2.336268,0.512506,1
-0.805546,-1.447331,1
-2.367598,-1.286718,1
-1.288520,0.218986,1
-0.098253,-1.287106,1
-0.730622,-2.358023,1
-0.066769,-0.350006,1
-0.377962,-0.590104,1
-1.459686,-1.250777,1
0.385957,-1.818917,1
-1.724028,-0.599360,1
-0.338357,-0.991596,1
0.177192,-0.503845,1
-0.611445,-0.495959,1
-1.124878,-2.679725,1
-1.975745,-0.864541,1
-1.859549,-2.018486,1
-0.667262,0.221192,1
-1.432018,-0.017693,1
-0.651145,-1.149333,1
-1.758958,-2.611696,1
-1.541263,-1.383296,1
-0.818552,0.144580,1
-0.295871,0.243100,1
-1.895487,-4.892511,1
1.652331,-2.534781,1
-1.326028,-0.579803,1
-0.394557,-1.628983,1
-0.375034,-0.647019,1
0.237855,-0.534488,1
-0.603095,-2.156912,1
-0.185286,-1.429539,1
0.673923,-1.117259,1
-1.201619,-0.622883,1
-2.211706,-1.962132,1
-0.059898,-0.731087,1
-0.924026,0.182585,1
-0.587455,-0.994457,1
-0.280710,-0.015679,1
-1.069221,-1.653150,1
-0.959718,-1.110817,1
1.345520,-0.387307,1
-0.631545,-3.360574,1
-3.153430,-0.488285,1
-1.562266,-0.480640,1
-1.819057,-0.899287,1
-0.318876,-0.662880,1
-0.867015,-1.026706,1
-2.869846,-0.751742,1
-0.972445,-0.913270,1
-1.910797,-0.571725,1
-0.121997,-0.747726,1
-1.726604,-0.715341,1
-2.551121,-2.548691,1
-1.048128,-0.536139,1
-0.816851,-0.791837,1
-1.110309,-2.023741,1
-1.870376,-1.643748,1
-0.053007,-1.791285,1
-0.683339,-0.447227,1
-0.416271,-1.487644,1
-1.485775,-1.372838,1
0.411185,-0.114346,1
-2.509710,-1.455783,1
-0.094495,-0.171324,1
0.672717,-3.766421,1
-1.933895,0.931703,1
-1.076202,-1.127019,1
-1.457485,0.106115,1
-0.461699,-0.956112,1
-1.183165,-1.126630,1
-0.814502,1.396784,1
-1.133195,-0.448907,1
0.563060,-0.298470,1
-2.300996,-2.989356,1
-1.033181,-2.898568,1
-0.435003,-1.699006,1
-0.623360,-3.422779,1
-1.395755,0.094284,1
0.319255,-0.825593,1
-0.232425,-0.689419,1
-1.915462,-2.792351,1
0.308779,0.466027,1
-0.639535,-2.312062,1
-0.707878,1.604233,1
-1.950921,1.566149,1
-0.998853,-0.718019,1
0.568330,-1.671188,1
-1.056742,-0.982746,1
-0.609384,0.254701,1
-1.065502,-0.768180,1
0.440442,-0.587198,1
-2.500544,-1.341613,1
-0.099148,-2.361827,1
0.042372,0.893091,1
-0.769620,-1.156490,1
-1.741124,-0.410415,1
-0.103648,-0.988715,1
-2.404553,-1.402087,1
-1.736814,-1.213288,1
0.745484,-2.017670,1
0.576904,-0.313520,1
-4.003738,-0.837435,1
-2.193707,-0.704343,1
-1.919290,-1.379854,1
-3.216626,1.542008,1
1.118521,-0.477225,1
-2.024441,-1.011018,1
-0.940265,-0.422868,1
-0.795895,0.206113,1
-1.068604,-0.855517,1
-0.556138,-1.686491,1
-1.607289,-1.400903,1
0.962589,-1.188402,1
0.243289,-0.310693,1
-0.469725,0.716017,1
1.091701,-0.236300,1
1.111001,-2.332240,1
-1.193878,-0.766915,1
0.147653,-0.503781,1
1.605366,-1.946286,1
1.408018,-1.010443,1
-1.377203,-2.169203,1
-2.350591,-0.940401,1
-3.280292,-2.157977,1
-0.343942,0.054026,1
-0.690176,-1.532256,1
-1.201804,-2.951222,1
-0.824265,-1.697403,1
1.504554,-1.742839,1
-1.585083,-0.214290,1
-1.062841,-3.924127,1
-1.720565,0.953177,1
-1.863307,-0.659283,1
-0.920449,-0.172295,1
-0.985748,-0.686456,1
0.440732,-2.262187,1
-0.308266,-1.916812,1
-0.854837,0.638011,1
-0.606101,0.479931,1
-2.100816,-2.092548,1
-1.292338,-1.211585,1
0.660244,-0.832529,1
-0.386514,-2.020319,1
-1.686119,-0.995902,1
-1.999342,-0.960219,1
0.448380,-0.864466,1
-2.124998,0.349779,1
-1.341143,-0.406883,1
-0.031320,-1.561742,1
-1.945170,-0.049881,1
-0.766259,-0.191381,1
-3.730326,0.223846,1
-0.071794,-0.745779,1
-0.629808,-1.829070,1
-1.469859,-0.649607,1
-1.140287,-1.186371,1
-2.902727,0.454091,1
-0.606459,-0.416921,1
-2.598532,-2.229637,1
-1.151619,-0.123662,1
-2.437002,-0.629656,1
-0.180552,-0.016809,1
-0.803482,-1.127140,1
-0.532841,-1.435080,1
-1.719223,-1.009313,1
-0.617028,-0.388685,1
-0.855035,-0.038774,1
-1.985521,-0.904474,1
-0.365739,0.723663,1
-1.449147,-1.180211,1
-0.788824,-0.075760,1
-1.458931,0.090694,1
-1.621295,-1.142413,1
-1.581060,-0.929045,1
-1.444473,-1.971145,1
-1.975596,0.990116,1
-1.028319,-1.925224,1
-1.350980,-1.190396,1
0.049663,-0.808822,1
1.100660,-0.618530,1
0.397936,-0.286813,1
0.642776,-3.415313,1
-0.832285,-1.353798,1
-0.313116,-1.895707,1
-1.358427,-1.149514,1
-2.431500,-0.365667,1
-1.511751,0.610693,1
-0.765907,-0.941773,1
0.491942,0.242781,1
-1.751659,0.113694,1
-1.603476,-0.283734,1
-0.168733,-0.697093,1
-1.597383,0.274954,1
0.351583,1.365700,1
-1.478137,-2.677805,1
-1.372038,0.301857,1
-0.828332,1.231334,1
-1.455886,-1.505084,1
-2.691900,-2.886966,1
-1.081440,-1.675175,1
-0.320062,-2.448540,1
-2.131769,-1.835880,1
-0.464205,-0.648960,1
-1.255133,-1.905525,1
-1.227242,-3.964252,1
-0.055637,-0.662751,1
-1.281954,-1.500895,1
-0.784505,-0.408228,1
-3.204835,-0.627434,1
-1.982877,-0.113777,1
-1.247224,-2.411097,1
-3.579930,0.285869,1
-1.699249,-1.950732,1
1.014584,-1.314832,1
0.651218,-1.316305,1
-0.618814,-1.409135,1
-1.710383,-1.966716,1
-0.913972,-2.143662,1
-2.255212,0.023488,1
-0.401391,-1.042821,1
-1.317092,-0.624558,1
-1.290874,-1.656836,1
-1.205065,-1.321361,1
-0.624887,-1.572369,1
-1.216839,-1.212327,1
-1.142050,-1.642513,1
-3.469853,-1.060947,1
-1.321626,-2.487527,1
-1.611692,-1.413606,1
-3.169909,-0.080570,1
0.354101,-1.927508,1
-0.410356,-0.891588,1
-1.939349,-0.509576,1
-2.215778,-2.059235,1
-1.042963,0.048501,1
-1.423457,0.913770,1
2.428816,0.407059,1
-1.209577,-3.163349,1
-1.814824,-0.778548,1
-0.586660,-3.488168,1
0.118747,-2.145453,1
-0.469283,-1.470178,1
-1.768977,0.145574,1
-0.518301,-1.161602,1
-2.088418,-1.858139,1
-0.162919,-0.148304,1
-2.432066,0.161971,1
1.210773,-1.174167,1
0.209975,-0.624062,1
-0.473496,0.021031,1
-3.155985,-3.337495,1
-4.206928,-1.130520,1
-1.378483,-0.811528,1
-0.072775,-1.762783,1
0.126305,-2.352480,1
-2.485276,-1.294164,1
-2.092300,-1.867154,1
-0.958178,-0.714599,1
-0.339111,-1.348293,1
-1.674505,-0.772595,1
0.261347,-2.250824,1
-2.331022,-0.919365,1
-1.308253,-0.948540,1
1.655182,-2.738885,1
-1.503023,-1.284761,1
0.077192,-0.954123,1
-3.373775,-2.191329,1
-0.882515,-0.007163,1
-0.346525,-2.509015,1
-0.340968,-1.355615,1
-2.213866,-1.221064,1
-0.959544,-1.410505,1
-0.023801,-0.240227,1
-1.585222,-0.301256,1
-1.271780,-1.288140,1
-1.931042,0.328892,1
-0.782770,-1.784965,1
-0.054582,-0.413611,1
-1.118920,-1.572841,1
-1.165347,-0.305559,1
-1.716589,-2.024218,1
-0.997310,1.515758,1
-3.360593,-0.017446,1
-2.258059,-1.701940,1
-1.684797,-1.501124,1
-0.718107,-0.435944,1
-0.978253,-0.326663,1
-0.269110,-1.748264,1
-0.979938,-2.257880,1
-1.105252,-1.883678,1
-2.293663,-1.393051,1
-1.112323,-1.657905,1
-0.369043,-1.201515,1
-2.619326,-1.981017,1
-1.785644,-0.985396,1
-1.075686,-1.356490,1
0.495205,-0.662949,1
-1.391445,-0.861668,1
-0.404738,-0.750001,1
-1.828933,-2.441017,1
-1.159589,-1.683511,1
-2.912041,-1.045824,1
-0.835300,0.363223,1
0.672431,-3.173096,1
-1.656532,-0.962613,1
-1.863580,-0.886941,1
0.606950,-0.749009,1
-1.377415,-0.596220,1
0.061165,-1.467834,1
0.149848,-0.585754,1
0.064428,-0.710402,1
-1.311919,-1.852967,1
-1.350493,-1.074949,1
0.449264,-2.034732,1
-2.021168,-2.377298,1
-1.904370,-3.323852,1
0.358177,-2.047180,1
-2.152947,1.562904,1
-1.302662,-0.978787,1
-0.164037,1.059134,1
-2.744036,-1.909503,1
-1.232035,-1.535096,1
-2.551664,-3.261460,1
-3.243335,0.489809,1
-0.396036,-0.422814,1
-0.111670,-0.056273,1
-0.478717,-0.161902,1
-2.043882,-1.137146,1
-2.360462,-2.977943,1
-3.049257,0.757739,1
-0.506951,-0.153141,1
-0.748267,-1.271538,1
-1.885355,-0.983092,1
-2.052678,-1.419399,1
0.122759,-0.277898,1
0.799326,0.022320,1
-1.954430,-1.869206,1
-0.669421,-1.296618,1
0.289538,1.354206,1
-1.934019,0.218815,1
-0.665155,-1.557310,1
-0.205508,-2.638151,1
-0.976100,-0.468933,1
1.841007,-0.737624,1
-1.056280,-1.006106,1
-0.646461,1.833187,1
-1.335762,-1.470479,1
-1.128911,-0.650056,1
-1.676708,-1.148177,1
-2.219999,-1.303103,1
-1.365177,-1.136059,1
-0.602447,0.365132,1
-1.472950,-2.651592,1
-1.205677,-0.479451,1
-1.989589,-1.563921,1
-0.302501,-0.523639,1
-1.966862,-0.755494,1
0.446131,-0.585342,1
-1.642679,-0.377017,1
-2.268842,0.300010,1
-1.507319,-0.063399,1
-0.557088,-1.776874,1
-0.560269,-1.426454,1
-3.231041,-1.388565,1
-1.521115,0.862197,1
-1.791894,-0.883623,1
-2.378877,-1.545095,1
-1.183395,-1.881683,1
-2.970144,-2.207513,1
-1.345168,-0.273290,1
-1.199490,-1.006239,1
-0.265495,0.641583,1
-2.118950,0.703341,1
-0.129581,-0.206379,1
0.750750,-2.308738,1
1.138319,0.306583,1
-0.488191,0.249650,1
-1.440350,-0.533549,1
0.410497,-1.818974,1
1.441062,0.818089,1
0.239902,-1.622189,1
-1.193758,-1.363474,1
-0.932005,-1.344522,1
-1.895493,-0.091455,1
-1.186115,-1.126424,1
-1.695213,-1.398426,1
-1.658832,-0.721249,1
-2.312970,0.058095,1
-0.190626,-0.779393,1
-1.528871,-3.357262,1
-1.568163,-0.916670,1
-1.449467,0.398658,1
-2.358890,-2.597581,1
-0.788569,-0.976900,1
-0.912451,-0.923943,1
0.098705,0.324045,1
0.732550,-2.597402,1
-1.518574,-1.476713,1
-2.487475,-1.859067,1
0.558573,-2.275439,1
0.114905,-1.401704,1
-1.982018,-0.638151,1
-1.114019,-2.540113,1
-0.655105,-2.499995,1
-1.315222,1.718529,1
-2.234515,-2.512107,1
-1.375203,-0.374721,1
-1.513320,-0.076066,1
-1.834088,-1.946866,1
-2.076405,-1.799399,1
-0.415127,0.100926,1
-1.107933,-1.884357,1
-2.582103,-0.642598,1
-1.841230,-0.426099,1
-1.019928,-0.257351,1
-1.016230,-1.221125,1
-0.189045,-1.180387,1
0.236462,-0.401777,1
-1.746977,-2.341805,1
-3.210297,-3.062537,1
-1.359102,-1.782865,1
-1.374287,0.698368,1
1.458138,-2.593861,1
-2.499675,-1.673373,1
-0.087475,-0.931149,1
-2.268095,-1.615524,1
-0.806066,-1.320877,1
-0.752248,0.181951,1
-2.627736,0.603562,1
-0.755066,1.180156,1
-1.513403,-1.460592,1
0.468753,0.247728,1
-0.909844,-2.552541,1
0.422148,1.146071,1
0.026484,-0.777553,1
-1.264729,-1.313907,1
-1.940882,-2.883891,1
0.049718,-3.041931,1
-0.278981,-1.156355,1
-1.059658,-1.070151,1
-3.944709,-3.476124,1
-2.351994,0.318020,1
1.087239,0.465771,1
1.607129,-0.894675,1
-0.948216,-1.282234,1
0.365141,-0.292687,1
-0.552161,0.663723,1
-0.563730,-0.197978,1
-2.076871,-2.040753,1
-1.298878,1.790293,1
-0.332289,-1.133937,1
-2.269897,-2.071770,1
-1.216357,0.653001,1
1.010373,-1.621082,1
0.088993,-1.523700,1
0.582121,-0.502911,1
-0.100137,-0.042257,1
-1.652661,-1.382379,1
-1.470701,-2.201579,1
-1.064602,-0.912191,1
-2.179017,0.574127,1
-2.614897,1.358761,1
-2.332645,0.593293,1
-2.545983,1.150986,1
1.300290,-0.327057,1
0.307271,-1.288501,1
-2.579207,-0.560532,1
-1.584035,-1.452786,1
-1.296337,-0.069715,1
-0.666538,1.178295,1
-1.167173,-2.206699,1
-1.532978,-2.121890,1
-1.805872,-2.651331,1
-2.491526,-2.587636,1
-0.984675,0.693783,1
-1.884670,0.342558,1
-1.201967,-1.610139,1
-0.735035,-0.772121,1
0.732019,0.550924,1
-0.115453,1.015715,1
-0.412632,-1.707233,1
-0.688429,-1.377230,1
-1.696134,-0.580277,1
-0.209133,-0.269172,1
-0.464552,-1.733546,1
-1.340371,-1.196994,1
-0.285857,-1.474342,1
-0.329967,0.070466,1
-0.880440,-0.489103,1
-0.383224,-1.400898,1
-1.703671,-0.018979,1
-2.600880,-1.332527,1
-0.626698,-0.287636,1
-2.385159,-1.441159,1
-0.296368,-1.834117,1
-2.445079,0.425576,1
-2.342240,-1.682447,1
-3.379060,-1.123691,1
0.179583,-1.271235,1
-0.364668,-0.308882,1
-0.623655,-2.456202,1
-1.973618,-0.638589,1
-1.612798,-1.859456,1
-0.691387,-1.018019,1
-0.938129,-0.289422,1
-1.655908,0.462639,1
-0.093921,0.639434,1
-0.948870,1.208746,1
-1.243270,-1.016549,1
0.974132,0.796282,1
-1.725551,-0.369009,1
-1.173201,-1.445744,1
0.878960,-0.993270,1
-0.805272,0.492125,1
-0.611846,-0.903029,1
-0.278729,-2.294619,1
-2.492308,0.136482,1
-1.908325,-1.542495,1
-1.079685,-0.784099,1
0.697803,-0.098393,1
-1.514997,-0.866309,1
-0.469017,-2.157909,1
-0.992774,-2.269760,1
-1.985642,-2.279057,1
-1.404566,-1.968162,1
-2.170992,-1.246710,1
-2.904182,0.054184,1
-1.689934,-1.979314,1
-1.104309,-1.600317,1
-1.455964,-0.768582,1
0.077055,-0.967941,1
-0.405931,-0.308608,1
-0.340191,-1.039251,1
-1.361681,-1.206927,1
-1.850657,-2.000091,1
-1.006094,-2.131520,1
-0.410499,-0.847561,1
-1.157362,-1.052270,1
1.590434,-0.678217,1
0.295522,-0.101694,1
0.425601,-0.899195,1
-0.059589,0.043879,1
-1.163670,-1.129400,1
0.067677,-1.952771,1
0.445272,-1.968313,1
-2.336391,-2.646846,1
-0.755629,-0.385286,1
-0.062902,-2.335014,1
-1.181214,0.316539,1
-1.536672,-0.758085,1
-0.102998,-0.451784,1
-1.255451,-1.529348,1
0.968302,-0.439376,1
0.462750,0.117952,1
-1.897285,-1.192403,1
-1.790414,-0.911413,1
-1.316168,0.332395,1
-1.230761,-0.327760,1
-3.139448,0.172287,1
-0.193175,-1.950730,1
-1.275730,-1.571072,1
-0.661076,-1.736486,1
-1.812257,0.101974,1
-1.806957,-1.250015,1
-1.565608,-3.205511,1
-1.079364,-1.807573,1
-0.298242,-0.926489,1
-1.357311,-1.433063,1
-1.471286,-0.838250,1
-0.874932,-0.167139,1
0.045682,-0.455801,1
-1.582287,-0.713253,1
-1.025017,-0.740286,1
-1.760796,0.278455,1
-2.200161,0.261001,1
0.080442,-1.568361,1
-1.065500,-0.445233,1
-2.107450,-1.648668,1
-1.967457,-0.903001,1
-2.146342,-2.981558,1
-1.177936,-1.830096,1
-2.296756,-1.226213,1
-2.272763,-1.235951,1
-2.242813,-0.761955,1
-1.196309,-1.223436,1
-0.325899,0.858187,1
-0.585256,-0.618261,1
-1.572536,-0.920557,1
-1.815135,-2.428387,1
-1.134542,-1.488255,1
-1.512449,0.940025,1
1.790401,-2.061966,1
-0.876745,-1.643326,1
0.505251,-1.347831,1
-1.138783,-0.340972,1
-2.738040,-1.995436,1
-2.580155,1.488050,1
-1.664035,-2.594305,1
-2.556561,-0.432838,1
-1.804770,-1.997912,1
-0.555921,-2.202799,1
-0.187274,-0.757247,1
-0.788515,-1.806576,1
-0.481775,-1.011891,1
-1.219012,-0.979718,1
-0.315955,-0.037717,1
-0.276217,-0.596132,1
-2.007113,-0.334729,1
-1.742013,-0.926529,1
-2.686728,-0.664366,1
-0.815547,-1.270726,1
-1.564891,-0.314429,1
-1.330217,-0.919249,1
-0.588518,-1.638561,1
-0.914257,-1.067483,1
-0.274059,-1.866726,1
0.559690,-1.065825,1
-0.528021,-2.046963,1
-1.205389,-1.296583,1
0.252383,0.335633,1
-2.356800,-1.758584,1
-3.580760,-2.776568,1
-1.939998,-1.470416,1
-1.710682,-1.669120,1
-1.112779,-1.403545,1
-1.527726,0.713216,1
-2.576244,-0.444431,1
1.454802,-2.826866,1
0.125475,1.202467,1
-2.119263,-2.892835,1
-2.228387,-3.909673,1
-1.459146,-1.555666,1
-0.644582,0.708834,1
-2.054766,-1.693132,1
-0.830930,-0.380548,1
-0.976074,-0.042857,1
-0.215827,-1.500790,1
-0.631146,0.118026,1
-2.370144,-0.700779,1
-1.789859,-3.553070,1
-1.844702,-0.744645,1
-0.920832,0.006451,1
-1.197277,0.042100,1
0.232680,-1.733377,1
-1.104647,-1.688470,1
-0.283933,1.306934,1
-0.300920,-1.456416,1
-1.746884,-2.551967,1
-1.775846,-0.247655,1
-1.750802,0.038005,1
-0.116785,-0.838940,1
-0.277034,-0.927602,1
-0.728736,0.569997,1
-0.576614,-1.195435,1
-1.479100,-1.162709,1
0.195970,-0.665893,1
-1.358849,-1.973209,1
-1.479257,1.513904,1
-3.025501,-0.495845,1
-0.872221,-0.152434,1
-1.082439,-0.550402,1
0.040509,-0.640648,1
-0.851539,-1.585365,1
-1.467482,-0.775625,1
-1.041003,-1.146210,1
-1.393232,-0.716647,1
-2.190507,-1.470064,1
-1.777278,-2.956876,1
-1.467568,-0.516875,1
-2.467734,-0.902153,1
-3.132883,-0.310996,1
-1.201632,-1.075159,1
-0.883605,-0.940785,1
-0.854322,-1.125072,1
-0.641777,-0.120618,1
1.175365,-3.690702,1
-0.889576,-1.033523,1
-1.730249,-1.617784,1
-0.604378,-0.117265,1
-3.146808,-1.928354,1
-3.120752,-0.092294,1
-3.164274,-1.388915,1
0.755247,-1.028586,1
-1.599530,-1.942378,1
-1.437325,-0.826722,1
-1.229038,-1.492791,1
-0.562650,0.105460,1
-0.965262,-0.300732,1
-1.265650,-1.084227,1
0.004366,-1.010824,1
0.108315,-0.706090,1
0.789542,-0.926549,1
-1.214194,-1.680984,1
-0.970773,-0.694628,1
0.664877,-1.369305,1
-1.266817,-2.029761,1
0.746449,-0.820062,1
-1.503263,-2.610513,1
-1.974246,-0.494980,1
-0.359528,-0.453583,1
-2.445121,-1.479115,1
0.376195,-1.488557,1
-1.745218,-2.402027,1
0.818296,-0.712050,1
-0.660722,0.367713,1
-0.093968,-0.656888,1
-2.595186,1.220655,1
-3.122699,-0.715630,1
-2.185119,-1.625415,1
-0.206247,-0.497823,1
0.369246,-3.050658,1
-3.417466,-1.037549,1
0.336237,-1.026176,1
-0.318379,-1.021595,1
-1.893380,0.097316,1
-0.328241,-2.192490,1
-3.179636,-1.565026,1
-1.192604,-0.983315,1
-1.311381,1.032558,1
0.617133,0.118407,1
-2.080429,0.390556,1
-1.255804,-0.195463,1
0.470587,-1.073412,1
-1.914353,-0.827787,1
-0.520975,-1.420216,1
-1.506837,-0.623693,1
-2.315078,-1.659262,1
-1.409005,-1.733901,1
-1.580330,-0.743757,1
-0.410131,-2.731960,1
-0.823631,-2.769068,1
0.860798,0.695343,1
-2.053639,-1.053648,1
-0.908600,-1.716231,1
-0.683530,0.410168,1
-1.304780,-1.637378,1
-1.089319,1.240008,1
-0.331606,-0.569738,1
-0.469047,-1.580601,1
-0.959156,-2.293495,1
-0.342093,0.537241,1
-1.468901,0.708280,1
-1.857071,-1.621212,1
0.326288,0.625405,1
-0.809407,-0.051022,1
-1.486855,-0.340894,1
-0.270199,-2.034503,1
-2.851305,-2.656495,1
-2.263757,0.052859,1
-1.225993,-2.346379,1
-0.789417,-1.454869,1
-0.246246,-3.185478,1
-2.321938,-2.424861,1
-0.906239,-0.442657,1
-0.011730,0.012259,1
-0.697521,-0.532432,1
-1.373032,-1.648047,1
1.294833,-2.595833,1
-0.299027,1.299945,1
-1.145194,-1.103007,1
0.380973,-0.392108,1
-0.752991,-1.692710,1
-1.021491,-1.713373,1
-0.514161,-1.133437,1
-1.980054,-1.601414,1
-0.346270,-1.482105,1
-0.822304,-0.117423,1
-0.836329,-0.100757,1
-1.669876,-1.359087,1
-2.056904,-1.568572,1
0.206773,-0.850981,1
-0.147141,0.574118,1
0.511084,-0.648782,1
0.194680,0.223171,1
-1.524657,-0.861333,1
-1.982913,-1.510663,1
-0.775172,-1.232406,1
0.008627,-1.989246,1
-2.264329,-1.043735,1
0.030578,-1.311694,1
-0.806550,-1.111528,1
1.667017,-1.531015,1
-1.676614,-1.007971,1
-1.093286,0.379058,1
-3.030830,-2.965691,1
-1.288010,-1.160006,1
0.476562,-2.459226,1
0.209687,-0.235421,1
-2.097581,-1.271357,1
-2.058985,-0.447004,1
-0.770566,-0.878412,1
-0.861371,-1.210285,1
-1.369183,-0.466245,1
-2.339590,-1.592195,1
0.522211,-0.352980,1
-0.787244,-2.712939,1
-2.853436,-1.381307,1
-1.186799,0.745807,1
-0.166247,-1.746332,1
1.216196,-1.692260,1
-2.708029,-1.022025,1
-0.477105,0.249577,1
-1.008472,-0.549350,1
-0.093993,-2.128245,1
-2.033549,-3.263347,1
0.178731,-1.666619,1
-1.106733,-0.390503,1
-2.000522,-0.129333,1
-3.487944,-0.814064,1
-0.624224,-2.169722,1
-1.980970,-2.060057,1
-2.824597,-1.533904,1
-3.239471,-2.860745,1
-2.157384,-1.062464,1
-1.495025,-0.972402,1
-1.429662,-2.199289,1
0.082619,-0.197674,1
-1.333256,-0.163836,1
-1.501694,-1.487685,1
-0.659086,1.529129,1
0.151942,-0.858132,1
0.219766,-2.478398,1
-0.443462,-1.597045,1
0.616689,-0.687673,1
-2.347594,-1.217650,1
0.507142,-0.879064,1
-2.061383,-0.408680,1
1.448934,-1.203663,1
0.424778,0.563585,1
-2.441992,-0.339212,1
-0.889161,-0.371863,1
-0.147012,-0.835044,1
1.339388,-1.360940,1
-3.199533,-1.512750,1
0.177461,-0.305340,1
-1.424582,-3.084556,1
0.666006,-1.859394,1
-1.158973,-1.365030,1
-0.546812,-2.231251,1
-1.206481,0.101137,1
0.166289,-1.728539,1
-0.081527,-1.146481,1
-0.161761,-2.124163,1
-0.662858,-0.800405,1
-0.182392,-0.997002,1
-1.809059,-1.476417,1
0.514175,-1.160723,1
-0.824146,-2.844824,1
-1.696033,-1.361856,1
-2.075090,-0.613540,1
-2.624501,-0.446185,1
-1.879447,-0.978659,1
-0.860609,-0.430733,1
1.182012,-1.061140,1
-0.271287,-1.702954,1
-0.866645,-0.110747,1
-1.578430,-0.636093,1
-1.397348,-0.141245,1
0.456855,-0.600723,1
-0.130842,-0.251507,1
-0.709559,-0.661716,1
-2.682670,-2.194325,1
-3.434248,-1.118003,1
0.287724,-1.124963,1
1.333239,1.234967,1
-1.143090,-0.590448,1
-1.321546,-2.841255,1
-0.466955,-0.050769,1
0.447581,-2.840097,1
-2.156460,0.483543,1
-2.694668,-1.532540,1
-0.523753,0.389245,1
-0.007413,-0.818064,1
0.688385,-1.234013,1
-1.908442,-2.134109,1
-0.653266,-1.508860,1
0.549823,-1.713772,1
0.368855,-1.806454,1
