1.459014,1.279191,0
2.348131,0.435269,0
2.016783,0.265161,0
1.002159,-0.235271,0
-0.776186,3.096814,0
2.122019,1.210418,0
-0.514801,1.171884,0
2.033326,0.784818,0
2.091465,1.122360,0
-0.555242,0.511205,0
2.689786,1.684686,0
1.247386,1.396639,0
1.464357,1.577322,0
2.399857,1.548817,0
2.856963,1.567347,0
-0.577366,2.679374,0
0.288630,1.123766,0
1.477284,0.405321,0
1.254743,1.504170,0
0.846270,-0.162834,0
0.653504,1.323243,0
-0.858814,1.467289,0
0.170807,0.275722,0
1.987295,0.461571,0
1.502576,0.550921,0
1.445074,0.248721,0
0.108232,0.930216,0
-0.596363,1.963898,0
-0.159580,0.903606,0
0.640165,2.768289,0
1.221290,2.765886,0
0.945302,2.487251,0
-0.448040,1.515157,0
0.940764,1.079218,0
-0.282912,0.153801,0
2.966232,2.082762,0
1.055823,-0.148066,0
2.574254,1.371090,0
1.208109,-2.032971,0
-1.153860,-0.130194,0
1.318937,0.013575,0
1.784377,-0.045331,0
2.028016,0.003087,0
1.597585,0.525876,0
2.772384,-1.018640,0
0.906205,0.694966,0
1.698722,0.771613,0
1.023954,-0.316015,0
2.559928,1.425321,0
-0.086154,0.013456,0
1.558747,1.898245,0
0.451926,-0.516333,0
0.753447,1.008653,0
0.729859,0.944476,0
0.539734,-1.245128,0
-0.056730,-0.296574,0
0.653061,1.099217,0
2.225408,1.598430,0
-0.767617,-0.549146,0
0.803091,-0.190861,0
0.681439,0.732577,0
0.240632,0.599805,0
-1.364186,2.014160,0
0.573980,0.814178,0
2.937098,0.941238,0
2.639420,0.862025,0
-2.418094,2.666344,0
1.566210,0.328409,0
0.900858,-0.610603,0
-1.149251,-0.341429,0
1.916017,2.119477,0
1.052948,0.362702,0
0.579443,0.456703,0
0.310874,0.985364,0
2.194895,-0.190460,0
-0.427085,2.145616,0
2.508124,2.141576,0
3.680422,2.863416,0
2.242955,0.255108,0
2.216748,0.598593,0
-0.910708,2.019346,0
0.486839,0.182485,0
1.627974,2.007757,0
-0.179163,-0.097652,0
3.170989,-0.167679,0
0.592656,0.019179,0
1.145638,2.147102,0
0.442045,-1.676612,0
0.205298,0.954977,0
0.250893,1.722301,0
1.268624,-1.238421,0
1.229933,-0.529058,0
1.342732,1.184844,0
-0.775138,0.899199,0
0.478173,2.391736,0
0.812763,1.099358,0
1.057361,0.032882,0
2.022649,0.651946,0
0.224259,1.337377,0
2.310641,1.392373,0
-0.414276,1.100730,0
1.795349,0.134736,0
2.355330,3.399305,0
0.628905,1.100241,0
2.741614,2.894994,0
1.651218,1.546849,0
2.592862,0.389482,0
-0.038253,0.946770,0
-1.070556,0.164490,0
1.265671,-0.177750,0
0.462399,1.880086,0
2.242499,2.855488,0
1.143795,0.200109,0
2.243763,1.048203,0
-0.017591,0.704045,0
1.469454,3.145865,0
0.653044,1.006989,0
0.656938,1.345895,0
-0.435148,0.360353,0
0.533866,0.665811,0
0.731292,1.989405,0
0.443645,2.487312,0
1.039838,0.441798,0
2.438415,1.765853,0
2.006390,0.481984,0
2.075101,1.766136,0
1.523072,-0.363000,0
0.447904,-0.416312,0
0.269220,1.664953,0
1.297347,0.408628,0
0.207108,1.611502,0
0.666986,1.297884,0
2.198398,0.483143,0
1.322142,1.742327,0
-0.220981,2.376771,0
-1.541661,0.165959,0
0.894005,1.671770,0
-1.330273,0.648052,0
-0.532502,1.617669,0
1.446557,1.407064,0
1.046968,0.912058,0
1.419872,0.698357,0
-1.862744,0.523652,0
0.250165,1.081806,0
-0.786584,0.804677,0
-1.191856,2.660788,0
-1.075984,1.168703,0
2.721652,0.143070,0
-0.367310,0.909110,0
1.290113,1.813986,0
0.637860,1.670872,0
0.780370,1.822594,0
-0.175655,1.615824,0
2.695375,0.587155,0
0.878180,1.790477,0
1.703473,-0.675884,0
1.355337,1.766526,0
1.297353,1.875868,0
1.267559,1.162506,0
0.400963,0.471578,0
-0.554229,-0.203258,0
1.021030,2.552056,0
-0.761256,1.687636,0
0.204054,2.059192,0
-0.262441,0.168597,0
1.427177,1.092089,0
-0.450384,0.472380,0
-0.421809,-0.019335,0
-1.809042,-0.308400,0
1.306103,0.964438,0
2.933755,0.978393,0
2.526083,1.473202,0
-0.849353,-0.002450,0
1.968760,0.209061,0
0.244822,-0.654980,0
0.779765,2.625265,0
0.232923,0.946464,0
-0.201012,0.181356,0
0.528969,0.887869,0
1.911032,0.031276,0
0.714085,0.953959,0
1.790142,-0.341137,0
1.868788,0.652143,0
2.290761,-0.133901,0
1.323803,0.677808,0
0.152212,0.694346,0
1.302429,0.481190,0
0.069890,-0.947531,0
0.093926,1.592744,0
-0.450673,2.075240,0
2.163606,0.071900,0
1.545404,2.944098,0
0.570042,2.055223,0
1.508330,0.887698,0
1.037238,2.019286,0
0.831133,-0.906226,0
2.046096,1.184161,0
1.354768,1.421788,0
3.740381,2.241395,0
0.535672,1.404987,0
0.946058,0.864925,0
2.047727,1.624238,0
0.059937,0.196306,0
0.827032,1.050147,0
2.961978,0.215942,0
0.879322,0.498602,0
1.924105,1.629475,0
0.921772,1.500005,0
1.207413,1.152780,0
-0.537687,1.594572,0
-0.149772,-0.484703,0
0.773442,-0.340768,0
0.679041,2.410148,0
1.550862,1.345175,0
0.505496,1.131958,0
0.848124,0.669174,0
1.167929,-1.634686,0
3.874392,0.470321,0
0.061663,-0.199708,0
-0.141579,3.886399,0
-0.710923,1.299779,0
2.549451,0.429200,0
0.262511,1.293376,0
-0.303052,0.666618,0
1.976289,-1.630913,0
-0.893969,-0.364066,0
0.266723,0.521151,0
0.615872,1.998435,0
0.641027,0.390449,0
1.188249,-0.237327,0
1.815026,2.114360,0
2.224024,1.756679,0
0.992030,0.447418,0
1.339974,0.003783,0
1.198959,-0.876133,0
1.090810,0.506386,0
0.860205,0.310563,0
3.899866,0.209771,0
-1.106629,1.878787,0
-1.715037,0.800628,0
0.885355,2.139519,0
1.044349,-0.338048,0
0.634325,2.400962,0
0.871090,1.011166,0
1.353947,2.025113,0
1.700943,0.225004,0
0.364858,-0.571469,0
0.328721,0.745261,0
1.524458,1.008004,0
0.967382,1.528464,0
-0.519765,-0.251569,0
1.577766,1.807315,0
1.680799,1.610901,0
0.328391,-0.262284,0
1.186335,1.103641,0
2.506111,0.585104,0
2.701473,-0.974430,0
1.788625,0.302874,0
0.923728,1.148221,0
0.189252,1.137628,0
0.903831,1.531242,0
0.696310,1.937253,0
1.393452,-0.917423,0
1.064988,0.937285,0
0.921273,1.315585,0
1.805714,0.597348,0
0.291484,0.629710,0
-0.251830,-0.453766,0
3.497725,0.754236,0
0.881917,2.045037,0
2.546328,2.221306,0
-0.235623,1.059314,0
-0.977669,3.124625,0
1.665444,0.613919,0
1.337900,1.002434,0
-0.511987,2.117067,0
0.429663,0.638717,0
-1.709906,1.680634,0
1.182961,0.727025,0
1.567508,2.279172,0
0.598769,1.645397,0
2.870960,-0.070329,0
1.153789,1.042233,0
0.382725,-0.004648,0
-1.000063,1.172828,0
1.925066,1.194500,0
0.435028,0.405751,0
-0.118590,0.594223,0
1.839267,2.890578,0
2.783151,1.247645,0
0.518647,0.661137,0
1.803407,1.230678,0
1.928832,0.690300,0
0.965402,1.733239,0
2.206264,-0.427741,0
1.354249,1.219813,0
1.026929,1.981953,0
0.470979,1.881824,0
1.349551,-0.215379,0
0.469580,0.202829,0
1.732025,0.270892,0
0.726361,2.690500,0
1.504532,1.298648,0
0.236701,2.138713,0
1.540744,1.513958,0
1.246113,1.630285,0
2.485328,1.205853,0
1.894920,0.717859,0
1.174767,1.394586,0
-0.868035,-0.633055,0
1.543774,2.220979,0
0.657451,1.700128,0
2.041120,0.891530,0
-0.718575,2.455355,0
-0.727853,1.667315,0
-1.010023,1.689208,0
2.257983,2.057772,0
0.664185,1.251692,0
-1.437397,2.158299,0
0.527119,1.348473,0
0.757464,0.045581,0
0.201823,-0.018577,0
0.537941,1.294894,0
0.474106,-0.424987,0
-0.094611,1.259908,0
0.146078,1.068053,0
1.407807,1.454965,0
2.427686,-1.270548,0
-0.705099,0.317000,0
1.024340,0.249070,0
1.530816,0.001911,0
2.094482,1.090233,0
-1.582483,1.379209,0
0.250499,1.316486,0
2.611320,-0.041451,0
1.336086,1.304265,0
0.166533,2.554364,0
-0.265429,3.096316,0
3.001240,1.701846,0
-0.541062,2.660649,0
0.172256,0.078067,0
0.586145,0.376940,0
0.940457,2.301332,0
1.266291,1.527758,0
0.863189,1.912174,0
-0.479769,-0.042722,0
-0.027811,0.691419,0
1.465836,1.227266,0
1.046463,1.398406,0
0.095899,-0.838015,0
0.050681,-0.170129,0
1.127933,0.403991,0
1.496786,0.169576,0
0.415051,0.277156,0
0.682300,2.112105,0
2.623969,-0.662986,0
-0.085561,3.816692,0
2.219841,1.791258,0
0.799117,0.900825,0
-0.634240,2.066062,0
1.659637,-0.080531,0
1.640982,1.670419,0
0.659639,0.546988,0
0.922428,0.338214,0
0.051317,1.032405,0
2.370260,1.101019,0
0.216886,1.660610,0
-0.455475,0.719775,0
2.329690,0.382041,0
1.239922,0.345073,0
0.977441,-0.590600,0
2.929733,0.361928,0
0.680735,0.502474,0
-0.690786,0.308281,0
1.434218,0.181196,0
0.687540,-0.157991,0
2.135565,1.851243,0
2.656373,1.998864,0
2.507607,0.301182,0
1.128408,2.130024,0
1.593991,0.385284,0
2.251736,4.201133,0
2.563604,2.191947,0
0.925390,0.008948,0
0.371990,2.654737,0
2.173776,1.573870,0
1.464905,0.067871,0
2.091169,0.652008,0
1.197666,2.222311,0
0.827513,0.297243,0
0.675839,1.420933,0
1.664921,0.263947,0
2.927760,-1.066556,0
2.790141,1.759201,0
1.786892,-0.399804,0
1.131537,1.888546,0
0.296044,1.073263,0
0.239749,0.767315,0
2.992839,1.864555,0
-0.136454,0.687991,0
2.211471,3.103175,0
2.039391,-0.491495,0
1.349465,1.098098,0
3.033322,2.481742,0
2.532690,2.005312,0
1.076272,1.921750,0
1.635692,1.668293,0
0.140602,0.769121,0
1.028718,0.408177,0
1.266522,0.542542,0
0.526107,-0.183939,0
0.806159,2.101831,0
0.776899,0.197198,0
0.502014,3.010492,0
-0.494699,1.020217,0
0.209488,0.623820,0
1.452993,1.927524,0
1.873051,-1.205996,0
1.146114,-1.388958,0
-0.469134,0.317994,0
1.259177,0.539541,0
0.997932,0.063630,0
-0.273741,0.928493,0
0.231092,1.627744,0
0.495180,-0.433000,0
1.126314,0.930496,0
0.307426,0.806483,0
2.789327,2.041170,0
1.779586,2.121099,0
-0.312303,1.627187,0
0.873426,1.134582,0
-0.207098,2.226175,0
-1.284883,1.838973,0
0.007967,-0.154647,0
0.129430,0.871184,0
0.724679,2.030204,0
2.883418,1.295812,0
2.213355,-0.927615,0
-2.315310,0.801177,0
1.226205,1.270265,0
-0.073562,1.727208,0
0.885148,1.383759,0
1.484986,0.362044,0
2.226674,1.381042,0
0.413383,1.745245,0
1.201595,-0.921764,0
1.816391,0.511658,0
1.211267,0.920820,0
-0.379552,0.535924,0
2.064213,0.154865,0
2.667256,2.528487,0
1.067697,0.824029,0
-0.378506,1.350049,0
1.976435,2.050032,0
1.635474,-0.067372,0
0.516931,0.462701,0
1.428514,1.961878,0
2.054627,2.348767,0
0.843851,0.805630,0
0.736633,0.876045,0
0.761050,0.774165,0
0.006960,1.694603,0
1.017304,0.698254,0
2.949266,1.843410,0
1.861350,1.007971,0
2.055885,2.740682,0
3.559695,2.645381,0
1.198747,0.790198,0
2.484358,0.480965,0
1.316958,0.481818,0
0.244070,-0.035146,0
2.711982,1.930833,0
0.136838,2.791601,0
1.084547,0.492366,0
1.953242,0.911186,0
-1.136385,0.645165,0
1.441476,1.049535,0
0.086753,2.286596,0
-0.737391,0.261750,0
0.502565,0.946072,0
0.754194,0.727598,0
0.850990,1.810432,0
1.821018,0.336647,0
-0.215459,1.710703,0
1.120523,1.545118,0
0.619653,1.059260,0
-0.578454,1.578532,0
0.508857,0.414821,0
0.279691,1.898989,0
0.818854,1.334098,0
0.824555,0.107904,0
2.411852,1.358757,0
0.851247,-0.606560,0
1.262353,1.056758,0
-0.105271,0.910060,0
0.211108,0.997787,0
1.547158,1.378196,0
0.040743,1.580060,0
1.613695,2.467462,0
1.879021,0.671486,0
0.836611,0.802521,0
0.956502,1.637974,0
1.097116,0.434206,0
1.306268,1.948648,0
1.040552,1.391964,0
0.572702,1.092045,0
0.570510,0.668685,0
1.499674,4.275491,0
1.811566,-0.294376,0
0.984226,0.352159,0
0.901588,1.167412,0
-0.083914,-0.817337,0
1.447424,0.726578,0
0.981363,1.954931,0
-0.185139,1.481271,0
0.661351,1.964285,0
2.050186,1.147758,0
-1.357073,0.380641,0
0.533484,-1.510590,0
1.420667,1.269744,0
0.925773,3.209795,0
-0.799086,-0.739913,0
1.774215,0.254268,0
0.326039,0.350794,0
1.524479,-0.498752,0
0.986408,1.724812,0
0.836789,-0.922429,0
0.865418,1.590803,0
-0.118957,1.019323,0
-0.244064,0.232391,0
0.487182,1.218718,0
-0.295096,1.143744,0
-0.718074,0.356952,0
0.017330,1.323991,0
0.730581,1.499205,0
-0.245920,1.272314,0
0.945362,0.683597,0
1.546213,-0.112745,0
1.362043,1.429712,0
0.527204,1.365596,0
1.117145,0.714234,0
0.915632,1.526092,0
1.065958,2.266974,0
-0.832349,2.528194,0
1.769603,1.545270,0
0.745795,0.731072,0
1.831777,0.879110,0
3.174684,1.859739,0
0.463315,0.469441,0
1.082660,1.106904,0
3.066835,2.286667,0
1.188530,0.667516,0
1.159273,0.748037,0
2.369330,0.245329,0
2.049511,1.430751,0
0.072183,1.889536,0
0.124177,0.868121,0
1.016524,0.592891,0
0.573106,1.292189,0
0.502101,1.422025,0
2.774751,2.026217,0
-0.042694,0.903677,0
1.805178,-0.361333,0
1.513322,1.401579,0
-0.818531,0.725835,0
-0.266422,1.767169,0
1.174355,-0.421362,0
-0.390503,2.640292,0
1.119145,1.928293,0
0.249819,1.645388,0
0.714007,-0.030838,0
0.600935,-1.747201,0
1.320103,1.620369,0
2.151257,1.620130,0
0.156201,-0.159325,0
0.899552,1.478358,0
-0.468126,1.205402,0
1.779623,2.978240,0
2.510215,2.916789,0
0.657684,-0.334377,0
0.823145,1.292946,0
0.736856,1.157636,0
1.533102,1.232682,0
0.748219,0.555965,0
1.300302,2.748972,0
0.262253,1.726796,0
2.056635,1.398037,0
1.821364,0.154943,0
0.391848,0.567317,0
0.077353,2.542754,0
0.958180,1.862990,0
3.822715,1.020078,0
-0.140549,2.162807,0
1.287880,-0.365820,0
1.912287,0.385306,0
-1.420503,0.416199,0
0.899014,2.125360,0
2.623503,1.515619,0
0.306813,3.019661,0
1.353975,0.001832,0
0.832827,-0.283371,0
0.533511,0.349638,0
0.043977,0.833953,0
0.236100,1.230783,0
0.584936,-0.623862,0
1.549278,0.482701,0
1.443237,1.173330,0
0.633559,3.248263,0
1.095144,-0.465130,0
-0.954263,1.275082,0
0.138374,1.312550,0
1.232746,1.214345,0
0.030921,1.187753,0
2.402648,-1.154397,0
1.000640,1.509132,0
-1.563214,-0.406266,0
2.005353,0.561652,0
0.269135,2.501673,0
2.510262,0.067131,0
-1.699355,0.033298,0
1.870379,-1.227552,0
1.354081,0.892971,0
1.774200,1.699067,0
1.346625,1.127022,0
1.082800,1.580517,0
-1.652588,1.311367,0
1.333065,0.253228,0
2.147031,1.787531,0
1.094902,0.987628,0
0.678157,1.882574,0
-0.324265,-0.768609,0
2.737588,1.456731,0
1.483003,0.004416,0
0.594609,1.876038,0
1.869002,1.001481,0
1.087174,0.331601,0
-1.890300,0.822231,0
-1.338807,1.622410,0
1.094686,1.895036,0
-0.149105,2.091395,0
-0.447598,1.400131,0
2.014512,-0.723946,0
0.612205,2.110505,0
1.620504,0.514424,0
-0.037084,0.410782,0
-0.124289,0.169080,0
-0.333544,0.963323,0
1.599439,1.584015,0
2.659986,1.725584,0
0.428017,-0.076818,0
0.963650,2.702446,0
-0.069640,1.554007,0
0.431604,0.635382,0
1.752778,2.008759,0
0.656568,1.114402,0
0.703781,1.420430,0
0.907224,2.387019,0
1.245850,1.339048,0
1.261209,0.546670,0
0.893614,0.501813,0
-1.896980,1.157003,0
1.588315,-0.128418,0
1.724639,2.366531,0
2.149096,2.545381,0
2.235035,1.434812,0
0.991876,0.960938,0
0.099314,1.404773,0
1.566229,0.204422,0
-0.172382,0.404570,0
2.318864,0.180305,0
1.156742,1.880922,0
0.082499,0.128327,0
2.665318,2.009405,0
0.557217,-0.138775,0
1.548868,2.404690,0
1.149432,1.730258,0
2.659325,-0.085742,0
0.432070,-0.206104,0
0.589936,2.079616,0
1.147179,2.609479,0
2.423979,1.346588,0
1.456703,1.360816,0
1.513280,-0.233605,0
1.054238,1.380995,0
1.275633,0.946610,0
0.308579,0.236791,0
0.334992,1.880721,0
0.761055,0.397890,0
0.917562,1.128070,0
0.165784,1.332581,0
2.133317,1.378332,0
2.318601,0.494399,0
1.295178,2.363131,0
0.660384,1.989202,0
1.718424,1.073847,0
-0.467296,0.635787,0
0.546433,1.269149,0
0.338279,0.552883,0
1.560760,0.884766,0
2.381946,1.047740,0
0.344320,3.611369,0
0.285594,1.464556,0
1.011127,1.989947,0
0.250950,0.806036,0
0.173232,0.246816,0
0.561666,2.383453,0
1.045295,0.968790,0
1.577379,-0.056665,0
2.134348,0.009533,0
-0.386026,1.824812,0
0.696324,2.435255,0
0.632688,1.028807,0
2.075096,2.355691,0
1.271235,0.975205,0
1.644454,-0.437907,0
0.877726,-0.082619,0
0.284041,1.236289,0
2.837996,2.557937,0
-0.799469,1.650032,0
0.238843,0.341315,0
1.282388,2.168670,0
0.704524,-0.378680,0
1.915372,1.515308,0
0.981781,1.540979,0
1.355794,1.590889,0
1.928716,2.862467,0
0.596133,0.457005,0
1.204105,1.280570,0
1.880656,0.603755,0
1.658162,1.836270,0
2.377751,1.858217,0
-0.128947,2.701934,0
-0.508129,-0.061391,0
1.138811,1.669895,0
0.877134,1.164176,0
2.437939,-0.132512,0
0.775445,0.364555,0
3.583144,0.545630,0
2.210585,1.770716,0
3.816171,0.943281,0
0.954161,-0.995353,0
0.094153,0.970718,0
1.107221,2.248445,0
0.143884,1.039552,0
2.173969,1.949082,0
0.757076,2.756658,0
1.572208,2.284819,0
1.260334,0.298279,0
-0.021209,0.202321,0
-0.600381,0.507380,0
2.153261,1.000990,0
1.550999,1.184269,0
2.038809,-0.154826,0
-1.125983,1.039344,0
2.670061,0.454078,0
1.082098,0.350357,0
1.103527,1.686179,0
0.454674,0.280269,0
2.335865,0.827221,0
0.674726,0.039473,0
1.739885,2.178079,0
0.813391,0.790892,0
1.459207,2.435726,0
0.599365,0.289030,0
1.323818,0.410593,0
0.357742,0.665064,0
1.811299,-0.378737,0
0.720829,1.525635,0
0.865836,1.495488,0
1.600533,2.598738,0
1.349537,-0.734418,0
1.199247,1.418276,0
0.457860,-1.668648,0
2.378690,-0.089239,0
0.934092,2.168076,0
0.473298,-0.050739,0
3.686909,0.167904,0
1.646625,-1.517271,0
2.050924,0.227213,0
1.448112,0.585541,0
2.170975,0.643915,0
1.491249,2.087291,0
-0.028147,0.781091,0
0.166500,0.534956,0
1.858926,-0.342309,0
1.418637,1.426190,0
-1.146083,2.432542,0
1.276051,1.211461,0
-1.939617,0.301814,0
1.643484,0.685484,0
3.200451,0.101646,0
1.618783,1.422750,0
0.805518,0.348873,0
1.661551,1.524253,0
1.656889,0.893795,0
0.540340,0.981887,0
-0.593730,1.498155,0
0.459564,1.546214,0
2.336804,1.248968,0
1.352261,1.683474,0
0.771580,1.097150,0
2.081547,1.861997,0
1.030578,0.121070,0
1.061011,0.712999,0
2.031236,0.967117,0
0.983777,1.616163,0
1.718496,2.321455,0
1.073007,0.122596,0
1.286844,0.558961,0
2.526087,1.078421,0
1.724501,-0.388628,0
1.739188,2.493493,0
1.287427,1.311265,0
1.188381,0.609629,0
1.361483,1.015836,0
1.363767,1.521182,0
-0.001112,1.155613,0
1.958362,-0.599828,0
-1.091677,2.104298,0
0.781705,1.780315,0
-0.577646,-0.639445,0
0.980432,2.031754,0
-0.128886,-0.329585,0
2.803792,-1.016674,0
2.652847,2.322853,0
-1.649515,2.397573,0
1.316544,2.738151,0
2.256024,1.888590,0
0.866374,1.842939,0
-0.540968,0.268340,0
3.588289,2.001021,0
1.623232,2.180233,0
2.269369,0.463927,0
2.329693,0.569525,0
0.166446,0.646826,0
2.269062,0.365236,0
1.805930,0.604254,0
2.300537,1.033327,0
-0.016366,2.311959,0
2.256577,0.971981,0
0.650371,-0.215344,0
2.272398,-0.065610,0
0.431235,1.063864,0
0.079947,1.122844,0
0.672692,1.815395,0
0.966490,-1.194969,0
2.239211,1.702930,0
-0.157125,2.073589,0
2.022710,0.734571,0
1.630459,1.170758,0
-0.271481,2.114694,0
1.822919,1.495953,0
1.483767,1.379850,0
-0.068615,0.171680,0
1.013151,-0.226887,0
0.258796,1.648686,0
1.738747,0.048867,0
-2.015565,1.210773,0
-0.725102,2.228126,0
1.257523,0.250794,0
0.815823,1.021864,0
1.364160,1.174633,0
3.625962,1.848658,0
-0.735850,1.403314,0
0.155821,1.662551,0
1.261330,1.700283,0
1.849416,0.009028,0
2.542202,0.074120,0
1.487627,0.543423,0
2.032197,0.891062,0
0.457038,-0.599019,0
1.971496,-0.098533,0
2.214267,-0.045716,0
1.725272,1.877123,0
0.872853,1.016546,0
-0.509609,2.444325,0
1.308455,0.679266,0
3.054289,1.923594,0
1.363160,2.074599,0
0.227836,-0.242748,0
0.887125,0.711121,0
1.325989,-0.342773,0
0.415730,0.549272,0
0.619181,1.266211,0
2.860748,2.102264,0
-0.154071,0.827960,0
3.356575,0.685998,0
0.974569,1.756543,0
1.694832,1.182746,0
0.242642,0.915067,0
0.315465,1.491106,0
0.212956,-0.108658,0
1.901032,0.165909,0
0.099561,1.852156,0
2.497691,1.297177,0
0.652320,0.360412,0
1.637645,1.586328,0
1.318731,1.072873,0
2.389450,0.946056,0
1.486218,2.542457,0
-0.650416,1.902067,0
1.693535,2.234896,0
1.177389,1.080088,0
1.863079,1.091090,0
0.430893,3.210074,0
0.108568,1.227743,0
1.102134,0.766113,0
0.089092,1.857706,0
-0.602149,1.160483,0
0.291372,-0.661652,0
2.802353,2.270627,0
-0.998908,1.158811,0
1.188924,1.606826,0
0.585639,2.061604,0
2.285172,-0.087713,0
2.928924,0.571275,0
0.285180,1.079864,0
2.120988,1.605700,0
0.319446,1.743623,0
0.398185,-0.022173,0
2.151809,1.600283,0
3.365711,1.426034,0
-0.006978,-1.012524,0
0.150796,2.764814,0
0.767082,2.379972,0
0.413241,0.681511,0
0.399022,1.885376,0
1.065852,1.738786,0
1.603082,1.798689,0
1.636502,3.200675,0
1.949626,1.518222,0
1.051028,-0.241837,0
1.459911,1.506021,0
2.298277,1.728340,0
0.510706,0.561092,0
0.513620,2.454041,0
2.196795,0.607189,0
1.201742,1.534184,0
1.117919,1.305758,0
1.039055,0.536952,0
1.502700,0.533786,0
-0.439859,1.592105,0
1.086038,0.545719,0
2.408447,1.970343,0
1.564314,1.660149,0
2.912299,0.553594,0
1.860798,1.288270,0
0.951540,1.999833,0
1.065643,0.982889,0
2.296235,0.140484,0
0.420976,3.419529,0
1.467002,-0.551741,0
-0.265649,0.923382,0
0.744292,-0.604476,0
1.604118,1.433352,0
2.624765,2.746201,0
2.872828,0.162621,0
-0.776295,1.742911,0
-0.647365,1.719466,0
0.861919,1.078650,0
1.392444,2.184634,0
2.511732,0.172466,0
2.681250,1.312388,0
-0.081994,1.659346,0
0.534770,0.720128,0
1.393238,0.440227,0
1.773274,0.524760,0
0.985720,0.141987,0
2.411769,0.791989,0
1.460412,0.539034,0
0.651575,2.318466,0
1.291080,4.106052,0
-0.907102,-0.109073,0
0.552990,-0.651344,0
0.315665,2.173176,0
0.421429,0.461838,0
0.528069,-0.230447,0
0.355474,1.482821,0
0.603875,2.484158,0
0.293220,1.218945,0
-1.486163,1.532244,0
1.113922,0.840786,0
-0.242034,1.814076,0
-0.115585,0.429150,0
1.098476,1.700690,0
0.285933,2.080165,0
-0.215769,0.541549,0
-0.350038,2.337985,0
1.131978,1.616448,0
1.928598,0.926381,0
1.554235,0.340211,0
1.740167,0.664954,0
0.458821,-0.677907,0
0.976377,-0.337547,0
0.534976,2.596403,0
2.354790,-0.584560,0
1.221785,-1.251625,0
1.054787,1.281919,0
0.991133,1.397565,0
-1.319673,3.366089,0
-2.432348,-0.703783,1
-0.785061,-0.886985,1
-0.106279,-0.659722,1
-1.302694,-2.986190,1
-2.170247,-1.677664,1
0.463528,-1.841972,1
-0.739158,-0.785967,1
0.543399,-0.040110,1
0.036741,1.414148,1
-1.488423,-0.236880,1
0.161482,0.682849,1
-1.267758,0.483069,1
-1.476225,-1.635592,1
-1.471698,-0.119318,1
-0.683726,-1.260659,1
-1.224185,-1.110522,1
0.802372,-1.096800,1
-1.833748,-1.014225,1
-1.455339,1.036664,1
-1.599890,-0.396105,1
-2.032897,0.584484,1
-1.093384,-1.496640,1
0.299431,0.299450,1
-1.574348,-0.454248,1
-0.540872,-2.361653,1
-1.941783,-0.890451,1
-0.638812,0.215119,1
-1.435236,-0.835959,1
-2.632920,-0.834872,1
-2.085580,-1.344734,1
-2.965794,-0.626829,1
-0.742179,-2.245929,1
-1.679794,-1.806188,1
0.273307,-1.043114,1
0.783353,0.032155,1
-2.435031,-0.846877,1
-0.450801,-1.215948,1
-0.448445,-3.367515,1
-0.123898,-1.248806,1
-0.049519,-3.569494,1
-0.627767,-2.188589,1
-0.949243,-0.298765,1
0.506727,-1.116034,1
-1.830121,-1.147911,1
0.658489,-1.224196,1
-1.192180,-0.873445,1
-2.315444,-1.192620,1
-0.743618,0.802074,1
-0.300308,0.503607,1
-1.940320,-0.963516,1
-0.623119,-2.473029,1
-3.645360,-0.348604,1
-1.052394,0.437760,1
-0.566707,-2.583445,1
-2.042704,-1.320636,1
-1.112719,-0.993225,1
-0.255913,-1.267680,1
-0.131341,-0.561416,1
0.461082,-1.224785,1
-1.063948,-0.573250,1
0.577638,0.331610,1
0.183482,0.974597,1
0.111275,-0.537595,1
-1.621901,-0.784629,1
-1.512156,-1.758234,1
-0.837526,-1.913521,1
-0.763235,-3.517917,1
-1.541056,-0.384892,1
0.348195,-1.270551,1
-0.930609,-4.957983,1
1.795027,-1.571459,1
-2.290648,-2.201354,1
-1.336882,-0.413188,1
-0.452436,0.640181,1
-0.485729,0.241756,1
-1.412946,-1.261275,1
-0.546257,-0.632625,1
-2.279742,-0.453096,1
-2.499933,0.926932,1
-0.422103,-1.510686,1
-0.408851,-0.379208,1
-1.543615,0.360026,1
-0.478743,-0.271735,1
-2.265358,2.048656,1
-1.067467,-1.575315,1
-0.183843,-0.208141,1
-2.394481,-2.387756,1
-0.608071,-1.511753,1
1.098785,-0.912247,1
-0.254817,-1.454291,1
0.296806,-0.556557,1
-0.607930,-4.123844,1
-3.385385,-2.952221,1
-1.224595,-1.361846,1
-1.485061,-0.874588,1
-0.835590,-1.871984,1
-1.533214,0.589446,1
-1.682882,0.355993,1
-0.886893,0.222466,1
0.064639,-2.591304,1
-1.553587,0.556549,1
-0.665272,-0.513396,1
-0.568983,-0.413633,1
-0.867319,0.382519,1
-2.835923,-1.322436,1
-2.000719,-1.681656,1
-1.114694,-1.826371,1
-1.917893,-1.890654,1
-1.367966,0.925968,1
1.275774,-1.045313,1
-1.623164,-2.124736,1
0.604721,0.203744,1
-2.540779,-2.134442,1
-1.401920,-0.347247,1
-0.169154,-0.854876,1
-2.929684,-0.331091,1
-1.717265,-1.681754,1
-0.405899,-0.429863,1
-0.544052,-0.139868,1
-1.036267,-1.621839,1
-0.860894,0.667877,1
-1.619158,0.040125,1
-0.465364,-0.851496,1
-1.794843,-2.149677,1
-1.587456,-1.012104,1
-1.408910,-2.474269,1
-0.535449,-2.002546,1
-1.006627,-0.526464,1
-1.327633,-1.544708,1
-2.294379,-2.362733,1
-1.804111,0.605958,1
-2.498494,-1.500613,1
-1.111067,0.055333,1
0.719830,-2.876164,1
-0.635584,-0.588988,1
-1.776351,-0.448952,1
-0.439700,-1.213717,1
-2.596803,-1.102017,1
1.392133,-2.445678,1
-0.139683,0.395193,1
-0.328405,-1.611341,1
-2.091135,0.973144,1
-1.400917,-0.219338,1
-0.288215,-1.730447,1
-0.951449,-1.218692,1
-1.073222,-1.859169,1
0.162771,-1.596496,1
-0.049068,-1.086463,1
-0.699215,-3.421086,1
-2.900048,-1.664625,1
-0.605154,-1.276700,1
-2.357189,-0.674288,1
-1.433996,-1.813208,1
-0.461754,-1.034715,1
-2.129089,-0.118924,1
1.417873,0.573477,1
-1.400051,-1.304172,1
-1.502237,-1.154924,1
-0.736424,-1.153065,1
-2.458599,-0.998578,1
-0.135168,-0.478804,1
-2.404181,-0.923811,1
0.005994,-1.780669,1
-0.451868,-0.042489,1
-0.469858,-0.576190,1
-1.434760,0.258593,1
1.456700,0.035316,1
-1.515927,-0.176865,1
0.969384,-1.878110,1
1.088383,-1.685674,1
-2.113378,-1.589918,1
-2.242515,-1.189627,1
-2.234810,-0.520187,1
-3.236324,0.495774,1
-0.412467,1.138293,1
-0.352020,0.216378,1
-2.220399,-1.267120,1
-0.697262,-2.014625,1
-1.442808,0.454196,1
-1.021758,-0.850137,1
-0.099391,1.046087,1
-1.251590,-1.231183,1
-2.174807,-2.394835,1
-2.241764,-1.345426,1
-1.249269,-0.599736,1
-2.229562,-1.765301,1
-1.259360,-1.857847,1
0.358184,0.347795,1
0.514926,0.181748,1
-0.866218,-0.975549,1
-1.618144,-1.368425,1
0.497421,0.073310,1
-1.200797,-1.746313,1
-0.078826,0.385952,1
-0.947474,-1.967437,1
-2.894606,-1.232261,1
-1.402668,-1.670469,1
-2.141340,0.057224,1
-2.803515,-0.866690,1
-0.976010,-2.466881,1
-1.343835,-1.893265,1
-0.482586,-1.497848,1
-0.540385,-2.390337,1
-3.050088,-3.565398,1
0.402839,-0.590857,1
-0.558845,-1.135762,1
-0.796117,-1.678288,1
-1.385995,-0.511895,1
-0.825494,-1.243692,1
0.483365,-1.371307,1
-1.001613,-1.950533,1
-3.780322,-0.072288,1
0.938919,-0.569468,1
-1.749771,0.618344,1
-0.470451,-2.442214,1
-0.586113,-1.574095,1
-2.037105,-0.295958,1
-2.033972,-1.488249,1
-0.456321,-1.639922,1
-2.327426,-1.269270,1
-0.224116,-2.096697,1
-1.149412,-0.128448,1
-0.335435,-1.706481,1
-0.904372,0.203878,1
-2.104627,-1.780885,1
-0.860734,0.579128,1
-1.179686,-1.382846,1
-1.491837,0.429809,1
-1.266261,-0.609620,1
-0.718929,-0.687552,1
-0.346572,-1.808483,1
-0.244438,-1.500917,1
-0.433459,0.141700,1
-1.661414,-2.255667,1
-0.808892,-0.646787,1
-1.926062,-0.589473,1
-1.717291,-0.981609,1
-2.087380,-1.422912,1
-0.230282,-2.848507,1
-0.507022,-0.351135,1
-0.968440,-0.439356,1
0.675471,-0.198577,1
0.505234,-1.925252,1
-1.607131,-2.002091,1
0.501599,-1.065586,1
-0.854284,-0.728105,1
-1.640967,0.013721,1
0.513661,-1.612716,1
-1.480760,-0.656842,1
0.308891,-0.754921,1
-1.631449,-2.544969,1
-1.781560,-1.380929,1
-3.005587,-0.139384,1
-2.504746,-2.450859,1
0.408075,-0.476736,1
-1.242209,-0.903399,1
-0.314898,0.124467,1
-0.322427,-0.383411,1
-1.262661,-3.094293,1
-1.261289,-0.042195,1
-2.206914,0.986116,1
-1.085123,-0.899679,1
-0.335710,-1.235545,1
-0.265754,0.027577,1
-4.406487,-1.154010,1
-0.708789,-0.726369,1
-0.769988,-0.648777,1
-1.113091,-1.048121,1
-1.689822,-1.958137,1
-1.295671,0.838223,1
-0.040312,-1.660881,1
0.095001,-1.961534,1
-1.593039,-2.311666,1
-3.351053,0.227747,1
-2.440370,-1.709229,1
-2.895823,-2.030366,1
-2.097657,-1.171373,1
-0.303418,-0.239583,1
-0.790758,-0.685596,1
-0.817504,-1.611890,1
-0.695047,-2.058869,1
0.008783,-1.375092,1
-1.737357,-1.479892,1
-0.864202,0.173369,1
-1.621708,-0.307067,1
-0.515081,-0.406506,1
0.443753,-0.030051,1
-1.221229,-2.415602,1
-2.263998,-0.582597,1
-1.105183,-1.308880,1
0.350632,0.223906,1
-2.750127,-0.711961,1
-1.228759,-1.148162,1
-1.869421,-0.527321,1
-1.746879,-1.508850,1
-2.437928,-1.060890,1
-0.035513,1.527540,1
1.183308,-1.047778,1
-2.056071,-1.384034,1
-2.229123,-0.279007,1
0.952757,-0.130278,1
0.135898,-0.275963,1
-1.118060,-1.046342,1
-1.791455,-0.116128,1
-1.273877,-1.419064,1
-2.148174,1.240160,1
0.253481,-0.963914,1
-1.190431,-1.257455,1
0.651258,-0.929986,1
-2.459145,-0.252018,1
0.018672,-1.847482,1
-2.749795,-0.278152,1
-0.052725,-0.715347,1
-1.531158,-2.041569,1
-1.275137,-1.923975,1
-0.671190,-0.078311,1
-1.465373,-2.273463,1
-1.027937,-1.339278,1
-1.885415,-3.012269,1
-2.071159,0.572178,1
-1.235311,-0.103565,1
-0.180811,-1.205595,1
-0.510646,1.379951,1
-1.919171,-2.870921,1
-0.879359,-1.473650,1
-0.908031,-2.101441,1
-1.849724,-2.305038,1
-1.318163,-2.124969,1
-1.442742,-0.741447,1
-3.136342,-0.036631,1
-2.078022,-1.004082,1
-2.990958,-1.214206,1
-3.337745,-1.474939,1
-1.405684,-0.245399,1
-0.438166,-1.107269,1
-0.922833,-2.192172,1
-0.590802,-1.693330,1
-0.414964,-1.442012,1
-1.957744,-1.928428,1
-0.852353,-2.034968,1
-2.253464,-1.976358,1
-1.857529,-2.819325,1
-0.930608,-1.335364,1
-0.519707,-0.815354,1
0.479082,-1.215769,1
-0.501500,-1.410784,1
-2.617495,-1.280176,1
-1.482618,0.609419,1
-3.396317,-0.582554,1
-2.927976,-0.439446,1
1.316623,-1.549624,1
-1.306759,1.519941,1
-0.096013,-1.379314,1
-2.403818,-0.175651,1
-0.314133,-0.296608,1
-1.416150,0.260218,1
-2.180690,-1.075649,1
-0.673542,-2.290418,1
-1.651395,-0.311805,1
-1.393547,-2.084932,1
-2.545831,-1.231687,1
-1.980274,-1.187028,1
-1.329707,1.083506,1
-0.884033,0.902960,1
-1.441067,-0.549168,1
-1.559100,-0.925845,1
-2.303456,-2.326183,1
-0.448233,-1.604723,1
-0.774958,-0.426365,1
-1.349846,-0.413361,1
-1.133301,-2.828269,1
-1.961656,0.365978,1
0.593030,-1.165720,1
-1.302991,-1.393894,1
-0.073587,-1.798128,1
0.265477,-1.687987,1
-1.716304,-0.080615,1
-0.940304,-1.411749,1
0.729218,-0.689847,1
2.502436,-0.403238,1
-0.196089,-0.581404,1
0.097536,-2.117693,1
-1.697136,0.930736,1
-1.058822,-2.755799,1
0.973167,-1.442914,1
-0.597524,-0.977172,1
-0.452719,-1.340458,1
-2.639558,1.219186,1
-1.366485,0.642180,1
-0.998998,2.397842,1
-0.726882,0.234832,1
-1.357840,-1.562846,1
-0.181290,-2.222471,1
-2.693339,-0.418556,1
-0.644149,0.132596,1
0.327045,-1.270492,1
-1.596441,-1.795677,1
-2.439376,1.766502,1
-1.699983,-2.022934,1
-1.704387,-0.911325,1
-1.289935,-1.007374,1
-1.938677,-1.393334,1
-1.105917,-2.298485,1
0.067038,-3.955886,1
1.177526,-2.096628,1
-1.754017,-0.947193,1
-1.745597,-1.696506,1
-1.257608,-0.600143,1
-1.228674,-2.366980,1
-0.411039,-1.506497,1
-0.245705,-1.722084,1
-1.039328,-1.300378,1
-2.088249,-2.005100,1
-1.148987,-0.674057,1
-1.687738,-0.710451,1
-0.829408,0.182807,1
-0.923481,-1.726022,1
-1.043656,2.165066,1
-1.033258,0.090962,1
-2.169633,-2.256419,1
-2.088643,-2.212050,1
-1.401213,-2.078270,1
-1.439435,-1.158536,1
-0.295790,-2.204322,1
-1.062020,-3.012425,1
-0.320692,-1.666789,1
-0.456809,-2.057614,1
-0.383547,-1.443328,1
-0.567675,-0.133807,1
0.322334,-2.207589,1
0.315915,-1.296348,1
-2.163841,-1.422779,1
-1.041433,-0.919230,1
-2.751420,0.268137,1
-2.030209,-0.290516,1
1.179538,-2.328604,1
-0.027375,-0.315541,1
-2.903597,-0.415148,1
-3.468892,-0.305418,1
-1.137251,-0.627409,1
-2.022158,-1.923093,1
-1.073105,-0.735920,1
-0.729272,-0.959079,1
-0.347365,-0.490828,1
1.261607,-0.157427,1
-0.996321,-0.092585,1
-0.503794,-0.816195,1
-2.121996,-1.628943,1
0.478796,-0.987404,1
-1.021826,-1.271132,1
-3.069303,-1.215731,1
-1.960139,-0.757817,1
-1.995603,-3.007889,1
-0.355712,-1.218520,1
-0.093507,0.490837,1
-0.770324,-1.604010,1
0.386034,-2.616239,1
-2.067186,-0.019379,1
-0.176283,-1.670399,1
-1.449475,-0.280486,1
-0.998403,-0.278317,1
-1.158348,0.353696,1
-0.319047,-2.193985,1
-0.999918,-1.434844,1
0.480780,-0.094533,1
-1.888910,-0.057363,1
-4.169697,-1.854539,1
-0.792103,-0.963017,1
-0.125484,0.851456,1
0.048757,-2.601379,1
-0.443146,0.873696,1
-2.384533,-0.177361,1
-1.904285,-1.017981,1
-2.324192,-1.426796,1
-3.805879,-3.038396,1
-1.908738,0.149556,1
-1.433626,1.088151,1
-1.505744,-0.978197,1
0.841391,-0.537731,1
-0.929623,-1.401355,1
-2.140855,-1.959239,1
0.138591,0.423768,1
-0.707196,-1.628012,1
-1.693216,-2.834285,1
0.136706,-2.122102,1
-0.118822,-1.515857,1
-0.711699,-1.489285,1
0.351425,-1.293189,1
-1.761865,-1.319629,1
-0.344764,0.438505,1
-1.147987,-0.206625,1
-2.873719,-0.555105,1
-1.525059,-2.484873,1
-1.013226,-2.519982,1
-0.616009,-2.329802,1
-2.201693,-1.344042,1
-0.029076,-1.376898,1
-1.145246,-0.127625,1
-0.718084,-1.188637,1
-2.711652,-3.099664,1
0.947835,-2.714902,1
-1.989727,0.174015,1
-1.162655,-0.888218,1
0.009624,-1.048554,1
-0.604883,-2.353121,1
-1.942603,-2.248181,1
1.425586,-2.429966,1
-1.815783,-1.259592,1
-1.961138,0.598916,1
-0.214648,-2.400633,1
-2.894707,-0.558930,1
-2.286790,-2.709319,1
0.285705,-1.302747,1
2.228013,-0.412585,1
-0.439222,-1.039606,1
-1.287558,-2.643647,1
-0.538600,-3.237725,1
-2.307297,-0.007891,1
-1.224370,-0.347947,1
-1.482769,-0.306295,1
-0.604970,0.342664,1
-0.631157,-0.572918,1
-2.260813,-0.291045,1
-0.908159,-1.879094,1
-1.005704,-1.876880,1
-0.594705,-0.892142,1
-1.803308,-1.138490,1
1.179420,-0.938035,1
-0.566895,-1.603177,1
-0.943146,-2.354656,1
-0.074011,-1.005423,1
0.301597,0.172760,1
-1.572737,-1.510301,1
-1.766251,0.357814,1
-0.946551,-1.029692,1
-0.037100,0.122494,1
-1.337320,-2.033933,1
-0.915037,-2.454534,1
-2.400714,-1.535605,1
-0.383050,-1.724395,1
-1.095521,-0.847240,1
-1.728936,-1.439879,1
0.590629,-3.315016,1
-0.457895,-0.549868,1
-3.850219,-3.339076,1
0.335395,-0.050773,1
-1.202119,-0.621360,1
0.333860,-0.103887,1
-0.166809,-0.797960,1
-2.071397,-1.614032,1
1.627639,-0.516255,1
-1.234547,-0.647989,1
-1.870841,0.779774,1
0.071046,-0.440490,1
0.021950,-2.045282,1
-3.108545,-1.503229,1
-1.754083,-2.222392,1
-0.732636,-2.192558,1
-1.834915,-2.653329,1
-0.538507,1.020905,1
-0.796895,-2.483685,1
-0.085035,-0.914357,1
0.175972,-1.220111,1
-1.230605,-0.024271,1
-1.049033,-1.941294,1
-1.071530,-1.351817,1
-2.265030,-2.692995,1
-0.511502,-1.350906,1
-1.400650,-0.775362,1
0.608449,-0.428533,1
-0.420485,-0.806292,1
-0.547054,2.021052,1
-1.145316,-0.714031,1
-1.871685,0.151774,1
-0.660380,-1.859755,1
-3.213909,0.197841,1
0.446503,-0.955221,1
0.675773,-2.101766,1
-0.347083,-0.380110,1
-1.897897,-1.395357,1
-2.874625,-1.816748,1
-1.033364,-0.631077,1
-0.638594,-0.607992,1
-1.102427,-1.956941,1
0.423395,-0.859621,1
0.138235,-1.120286,1
0.280965,1.296979,1
0.590894,-1.316577,1
-2.457702,-1.476243,1
-1.315694,-1.940306,1
-2.083434,-0.508863,1
-0.831666,-1.685982,1
0.991819,-2.359670,1
-0.892580,-2.870080,1
-1.343689,0.381277,1
-1.782073,-0.719049,1
-1.298843,-0.240622,1
-0.311447,-2.123973,1
-1.380870,-0.643190,1
-1.810835,-0.890836,1
-1.284568,1.142609,1
-0.589736,-0.997041,1
-1.153419,-0.902012,1
0.791072,0.429877,1
-0.913384,-0.196711,1
-2.235300,0.121150,1
-1.859143,-2.201501,1
-0.642691,-1.308098,1
0.348717,-1.683763,1
-2.274858,-0.133659,1
-2.465085,-2.775441,1
-2.284985,0.170466,1
-1.903111,-0.526597,1
-1.891664,-0.840315,1
-2.051700,0.207430,1
-2.616637,-0.460619,1
-0.684000,0.767407,1
-0.001338,-0.183299,1
-0.036557,-0.101001,1
-0.419329,-0.886676,1
-0.833121,-1.187562,1
-0.760400,-1.370504,1
-2.736832,-0.754941,1
-0.075037,-1.489717,1
-1.208334,-0.400648,1
-1.478713,-0.223771,1
-1.451224,0.716256,1
-1.511818,-1.153026,1
-1.923853,-2.025650,1
-2.132725,-2.202364,1
-0.096590,-1.099873,1
-0.192061,-0.983735,1
-0.117424,-1.041227,1
0.171649,-1.891509,1
-1.693274,-1.153076,1
-0.189449,-0.946040,1
-0.662609,1.352129,1
0.016018,-1.945117,1
-1.553985,0.268823,1
-2.968515,-0.604676,1
-1.002913,-1.067833,1
-1.783147,-0.668477,1
-2.638000,1.386383,1
-0.145939,-1.951998,1
-0.029342,-2.078778,1
-1.639126,-0.651908,1
0.052729,-3.153975,1
-0.712702,-0.819644,1
-1.377208,-1.002906,1
-1.346294,-0.335988,1
-0.773457,-0.505195,1
-0.905756,-1.794264,1
-1.009820,-1.153752,1
-0.736214,-1.694004,1
-2.641377,-1.752077,1
-1.461187,-0.441893,1
-0.752923,0.440007,1
0.254948,-1.607273,1
-1.487687,-2.067682,1
-0.747072,1.008722,1
-0.547891,-2.661534,1
-0.265414,1.930351,1
-2.351319,-0.624736,1
-0.653941,0.079988,1
-1.479006,0.377581,1
-0.737960,-1.473892,1
-0.284175,-2.155941,1
-2.353007,-0.765675,1
-1.194388,-0.174739,1
-2.120384,0.571976,1
0.362812,-0.292313,1
-2.524335,-2.958280,1
0.420375,0.225254,1
-1.015305,-1.873711,1
0.356829,-0.512298,1
-2.211039,-1.234889,1
-1.664770,-0.708568,1
0.072527,-1.192097,1
-0.001472,-2.019136,1
0.210367,-0.923184,1
0.234555,-0.097960,1
-1.629558,0.710428,1
-0.559827,0.157169,1
-1.018666,-2.570533,1
-3.069691,-0.443599,1
-3.003682,-1.608522,1
-1.991102,-0.473435,1
-3.234907,-0.661914,1
0.624877,-1.899010,1
0.172199,-0.200350,1
-0.687079,-0.940095,1
-1.622359,-0.681897,1
-0.019775,1.141466,1
-1.894660,-1.742649,1
-0.129059,-2.048067,1
1.272099,-1.917913,1
0.218508,-1.753611,1
0.776033,-2.015254,1
-0.339137,-1.940995,1
-0.389830,-1.571562,1
0.037023,-2.144786,1
-2.212614,-0.652694,1
-0.390027,0.832366,1
-0.056545,1.745574,1
-0.416927,-0.722628,1
-0.292950,-1.421813,1
-1.096672,-0.034766,1
-0.331629,-1.591480,1
-1.588956,-2.299235,1
0.947272,-1.522590,1
-3.914395,-0.391110,1
-1.068383,1.049036,1
0.506445,-1.506511,1
-0.818434,-2.843887,1
-2.686832,-0.892220,1
-0.196101,-3.494336,1
0.550367,-1.042269,1
-2.291534,-0.780588,1
-2.414523,-2.241210,1
-3.974622,-2.021857,1
-1.502993,0.499003,1
0.016452,-0.552419,1
-1.830699,-0.702404,1
-1.426277,-3.970546,1
-2.086570,-0.283213,1
-0.456096,-1.503028,1
0.245425,-1.287705,1
-0.446369,-0.486028,1
-0.554258,-1.407370,1
-0.484457,1.225330,1
-1.868963,-2.266553,1
-1.518933,-0.657809,1
1.603033,-2.102530,1
-1.445657,-1.553977,1
-2.129367,-0.390366,1
-0.264970,0.068345,1
-0.515480,-0.163887,1
-1.538116,-0.127142,1
-0.795415,-1.384539,1
0.103643,0.847424,1
-1.322975,-1.376269,1
0.208394,-0.851227,1
0.400225,-1.136184,1
-0.052466,-1.201893,1
-0.599427,-1.366039,1
-0.939687,0.002522,1
-2.849476,-2.956043,1
-0.951372,-0.493511,1
0.682829,-1.446692,1
-0.615259,0.676189,1
-1.325533,-0.576507,1
-0.254288,-1.996797,1
-0.738093,-1.701085,1
-0.849132,-1.526271,1
-1.096794,-0.880150,1
-2.938146,0.137113,1
0.727013,-1.227162,1
-1.541447,-0.864411,1
-0.710390,0.332214,1
-1.544442,0.204192,1
-2.749472,-0.328460,1
0.695751,-0.562374,1
-0.746598,-0.693391,1
-0.943441,-1.873229,1
-0.279450,-0.697042,1
0.911476,0.348131,1
0.959138,1.749129,1
-0.840497,-0.537591,1
-0.121925,-2.264159,1
-1.719222,-0.985309,1
-1.628976,-1.867087,1
-2.302400,-1.350887,1
-2.549506,-0.695144,1
-2.309620,-1.363904,1
-0.892563,-2.661166,1
-0.370123,0.238571,1
-1.817967,-3.079978,1
-0.868061,-0.733280,1
-2.387187,-1.536962,1
0.669722,-1.799340,1
0.814563,-0.947329,1
-2.338319,-2.121609,1
0.229738,0.097978,1
-0.232327,-0.402904,1
-0.756319,-0.667200,1
-0.544510,-1.441172,1
-1.426637,-1.035269,1
1.926938,-2.365741,1
-1.730537,-0.967194,1
-1.852018,-0.076069,1
-1.240167,-0.860439,1
0.608718,-0.850468,1
-1.669285,-0.877032,1
-1.810779,-1.059428,1
1.227814,-0.070139,1
-0.561370,-0.493251,1
-0.807206,-3.054503,1
-0.717301,-1.742157,1
0.383762,-2.824903,1
0.410355,-0.896774,1
0.144430,0.177845,1
-0.534917,-0.592476,1
-1.339681,-0.705058,1
-0.546594,-0.174268,1
-1.643875,-0.755265,1
0.306005,-2.003910,1
-0.926577,-1.756485,1
0.994112,-0.177954,1
-1.975544,-1.227076,1
-0.913915,-1.025766,1
1.662389,-2.777309,1
0.366251,0.353678,1
-1.485590,-0.937027,1
-0.564031,0.219284,1
-1.900536,0.890804,1
-1.297680,-2.684008,1
-2.336226,-1.430044,1
-0.002672,-2.000587,1
-1.371307,-0.379417,1
-2.004316,-1.362250,1
-0.359760,-1.379219,1
-1.105129,0.392988,1
0.183684,0.415647,1
-0.764899,-1.885960,1
-1.376713,-0.118452,1
-1.592172,-0.749585,1
-2.135692,-1.006681,1
1.536619,-1.930468,1
0.486979,-0.424250,1
-2.967173,-0.971193,1
-0.265965,-2.541223,1
-0.366784,0.244055,1
-2.213805,-0.295691,1
1.185840,0.307971,1
-2.564833,0.418177,1
-1.081254,-1.574174,1
-2.972968,-1.300231,1
-0.490717,-1.336690,1
-0.990006,-0.936534,1
-1.289102,-1.145088,1
-2.016260,-2.198559,1
-1.229386,-0.083726,1
-1.521974,-1.224594,1
-1.926001,-2.552322,1
-1.428778,-1.286675,1
0.190735,-0.934729,1
-1.349435,-0.323365,1
-1.449533,-1.174081,1
0.793078,-1.314633,1
-2.034297,-1.172497,1
-1.114429,-0.993937,1
-2.268825,-2.218564,1
-0.407078,-0.259179,1
-0.681891,-1.228918,1
-3.051190,-0.125734,1
-0.855139,-0.884135,1
-1.214299,-1.219416,1
0.219505,-0.539962,1
-1.568819,-0.457838,1
-0.227502,-1.727340,1
-1.331698,-0.615819,1
-0.560515,-1.251636,1
1.059603,-1.341107,1
-0.514814,-0.755969,1
-0.191743,-0.637716,1
0.663587,-0.586473,1
-1.204605,-2.036711,1
-0.037873,-0.821245,1
-1.746004,-2.189163,1
-1.895824,-0.897506,1
-1.064716,-0.661751,1
-0.959895,-2.352392,1
-2.941168,-1.007328,1
-0.179266,0.577620,1
0.199409,-0.639527,1
-0.661043,-0.789315,1
-0.785420,0.064693,1
-1.115508,-0.449411,1
-0.765173,-1.711803,1
0.384655,0.466054,1
-1.683208,-0.605606,1
-1.106356,-1.157406,1
-0.401228,-2.031531,1
-0.028168,-2.032545,1
-1.968150,-0.954709,1
-0.458497,1.411756,1
-2.116834,0.347381,1
-1.112034,-1.682255,1
-1.635787,-1.199745,1
-0.747345,-1.505720,1
-0.321234,-2.116257,1
-0.710879,-0.641044,1
-2.574938,-2.782740,1
-0.443040,-3.342005,1
-0.333698,-1.387760,1
0.976922,-2.055126,1
-1.320223,-1.761520,1
-1.926350,0.534435,1
-1.118881,-1.305581,1
-1.958323,-2.121534,1
-0.612715,-0.754643,1
0.650660,-1.281571,1
-1.941930,-1.063243,1
-1.260701,-1.176311,1
-1.091249,-0.923794,1
-3.730823,-0.811595,1
-1.655504,-0.408257,1
-0.514922,-1.329329,1
0.470977,-1.537654,1
0.166893,-0.580714,1
-0.361509,-0.752892,1
-0.488349,-0.599667,1
-1.163077,-2.233888,1
-0.237390,-0.864485,1
-0.498324,-0.564314,1
-0.493819,-0.765499,1
-0.299559,-0.860272,1
-1.035470,-0.070367,1
-1.934840,-1.136821,1
-1.236400,-0.017106,1
0.310769,-0.349867,1
-0.530086,-2.146776,1
-3.629188,-0.967832,1
-1.679335,-1.771233,1
-0.636882,-0.379370,1
0.087471,1.265192,1
-2.847973,-0.390761,1
0.175157,-0.588288,1
-3.365066,0.368009,1
-0.496923,0.143569,1
-1.337296,-1.664362,1
-0.128596,-0.234043,1
-0.599040,-1.161248,1
-0.351502,-0.390121,1
-0.165949,0.303226,1
-2.296249,-2.261070,1
-2.167241,-0.679911,1
-1.565722,-0.422656,1
-1.017676,0.270844,1
-2.287000,-1.484552,1
-1.418234,0.023808,1
-1.408153,-0.418031,1
-1.298842,-0.926543,1
-0.826160,-1.128293,1
-1.017023,-0.204427,1
-0.424696,1.312811,1
-0.941442,-1.446113,1
-2.139838,-1.859685,1
-2.045044,-1.354210,1
-1.506472,-2.628362,1
-2.013405,-2.522861,1
-1.087969,-2.540219,1
-1.431126,-1.902704,1
-2.391557,-1.743598,1
-0.779570,-2.274051,1
-0.479872,0.205939,1
-0.915201,-2.320136,1
0.535741,-1.206182,1
0.188564,-3.078254,1
-2.173241,-1.881806,1
-0.037252,-0.316912,1
0.032897,-0.746550,1
-0.862535,-2.629498,1
-0.012632,0.618709,1
-0.285607,-1.926671,1
1.264597,-1.947136,1
-0.948461,-1.657485,1
-0.636514,-1.866135,1
-0.172046,-1.593692,1
-0.102017,-1.560951,1
-1.811547,-1.007619,1
-1.618040,-1.284115,1
-2.289481,-2.092007,1
-1.954288,0.475948,1
-0.623427,-0.832855,1
-1.424686,-0.567072,1
-1.082873,-0.816455,1
-1.554792,0.302886,1
-1.163439,-3.873903,1
-0.231087,1.202284,1
-0.274060,-0.980432,1
-2.421433,0.199928,1
0.908051,-2.264869,1
-1.481277,0.616210,1
0.462819,-0.742129,1
0.641059,-2.079680,1
-0.733377,-0.887031,1
-2.044400,-0.907116,1
-2.843109,-0.051634,1
-3.071930,-3.135359,1
-1.348288,-0.040797,1
-1.569662,-1.858371,1
-0.457589,0.682960,1
-2.646988,-0.673669,1
-1.259235,-1.717849,1
0.010083,-1.161043,1
-2.520993,-1.121906,1
-2.136843,-2.118629,1
-2.761464,-0.705671,1
-0.879057,-1.311723,1
