2.410394,1.014625,-0.599595,-0.509068,-0.276526,-0.676996,0.136365,-0.912932,0.166607,-1.337199,-0.516984,-0.216413,0.383178,1.308155,-0.343136,-0.678845,0
0.796746,-0.508708,0.865556,1.779717,0.646955,-1.406865,-1.334417,-1.027742,-0.172536,-1.294013,0.062509,1.851339,0.555381,-0.423679,-0.352061,-0.305290,0
2.001264,-0.113391,-1.525995,-0.620358,-0.965161,1.034502,-0.856357,1.296289,0.613143,-0.459491,-0.454588,0.706101,-0.188993,1.256235,-0.749878,0.656313,0
2.755985,-0.242671,-1.572876,1.422230,-0.177044,0.129551,0.148121,-0.664108,0.860387,0.608656,0.671564,-0.147565,-0.677195,1.027015,0.809139,1.322801,0
1.683729,-0.116584,-1.057775,-1.684444,0.113287,-0.759288,-0.325145,0.441689,-0.811809,-0.004549,-1.589486,0.742625,2.385210,-0.617783,0.234938,-0.499679,0
0.281603,-0.890430,-0.657907,1.235396,0.417973,-0.570127,-0.733067,0.194689,-0.059027,-0.271271,-0.436601,1.809829,-1.158907,0.496588,0.454180,0.534766,0
0.967328,0.200249,0.081656,-1.167522,-0.116023,-0.502419,0.331807,-1.214410,-0.519244,-0.669526,-0.476198,-0.102500,0.618678,-0.966509,-0.017709,-0.371582,0
0.775920,-0.356011,-0.596211,0.041133,-0.498085,0.336271,-0.655383,-0.251486,0.099638,1.011519,-0.052258,2.083202,-1.065469,-0.586744,0.376913,0.612498,0
1.326067,0.105362,-1.008657,-0.683706,1.116313,-0.084647,-0.314896,0.528968,0.279326,-1.121379,0.057511,-0.826789,-2.066467,0.511500,-1.227490,1.421634,0
0.333428,-1.338539,0.921870,-0.594575,-0.094291,0.482308,0.048449,0.634798,-0.401124,0.108903,0.598419,-1.314202,-0.001802,-1.185318,-0.443214,-0.892851,0
-0.347323,-0.521597,1.759026,-0.664756,-0.066732,-1.743254,0.571562,0.409076,0.461596,1.473058,0.112363,-1.219100,1.073059,-0.893094,0.029150,-1.288680,0
0.811245,-0.043119,1.303829,-0.119977,0.065782,0.237962,0.185882,-0.055485,2.633374,1.273325,0.303129,-0.793553,0.463430,-1.806921,-1.301150,-1.077267,0
1.131817,-0.570432,0.515836,0.266654,0.244415,-0.470314,0.885870,-0.134152,-0.474017,-0.310771,0.479725,2.152357,0.047324,0.343009,0.184296,0.847026,0
1.068650,-0.474549,0.710263,1.046617,-0.473469,0.790498,0.058241,-0.321937,0.568510,-1.385368,1.054360,0.901757,-1.650514,-0.513736,0.282089,-0.380810,0
0.021307,-1.868297,0.883737,1.256683,0.818992,-0.809468,0.514866,0.399971,-0.469520,-0.441111,-1.492741,0.932481,-0.149379,1.418790,0.768134,-0.258109,0
-0.315490,-0.103134,-0.141787,-0.049032,0.217685,-0.021956,0.543429,0.975966,-0.710947,0.190503,0.623219,-1.669885,1.644508,-0.555216,-0.438321,0.224516,0
0.953799,0.180410,-0.148995,0.761340,-2.111154,0.794836,0.014477,0.499826,-0.292007,0.134629,0.865239,0.564016,-0.520937,-0.076396,-0.081800,0.247997,0
0.550368,0.849756,-1.352358,-0.187614,-0.661365,-0.029047,0.549251,0.461458,0.460791,-1.471988,0.964129,-0.326246,1.160521,-0.132991,0.833603,-0.977397,0
1.129204,2.005330,-0.202879,-0.766299,-0.214795,-0.229557,-0.717648,0.095086,0.530127,1.298713,1.313361,0.465919,-0.798851,0.840400,0.096707,1.166342,0
1.159730,-0.423169,1.623363,1.918161,-0.355299,0.092440,0.883957,-0.359618,0.899717,-0.166436,0.462401,1.374189,1.190549,0.416044,-1.311086,0.464030,0
1.254441,0.230541,-0.868765,1.556940,-1.199101,1.490278,0.048107,0.513497,0.147335,-1.165004,1.358238,0.152881,0.392624,0.878734,0.014108,0.495448,0
1.638847,-0.986933,1.027765,0.095646,-0.110299,0.466478,0.360151,0.471488,0.363257,1.333980,0.890706,0.043769,-0.541128,-0.427085,0.646888,2.220106,0
0.126058,-0.051554,1.029352,0.321879,0.465191,0.212158,-0.272113,0.508081,0.585223,0.807792,-0.650444,1.031298,2.045429,-0.290720,0.356455,0.345227,0
1.830307,0.414747,-0.619641,0.449405,-0.352926,1.079906,1.134649,-0.151246,-0.599143,-0.779086,-0.429684,0.328073,0.504285,0.120471,-0.151245,0.415743,0
1.189147,-0.535951,-0.087517,-0.593790,0.661431,0.665439,0.946755,0.353552,-0.889206,-0.440136,0.752517,-0.305905,0.244048,-0.099088,1.578962,-0.064926,0
0.670443,0.969204,0.900350,-0.981456,0.204301,-0.026426,1.176798,-0.347191,-1.485853,0.114547,-0.036429,1.250890,1.351541,-0.816462,-0.115466,-1.338809,0
2.058369,-1.037410,0.801088,0.498286,2.101996,0.704837,-0.232800,-0.019329,-1.078296,1.278578,0.472844,0.114133,-0.387995,1.501367,0.313241,-0.252268,0
0.354383,1.343585,-0.661830,-0.661919,0.978253,-0.297808,0.553968,-1.156765,0.315428,-1.033137,0.409620,-0.699067,0.055085,0.176320,-0.239936,0.274175,0
0.072699,-0.803493,0.394902,0.334766,0.983352,-0.705594,0.142337,-0.490716,0.558512,-1.426083,0.216516,0.138182,-0.691486,-0.434922,0.089528,0.208232,0
1.858190,0.844312,0.871135,0.022820,0.085200,0.037515,0.371802,-0.376372,-0.917478,0.118688,-1.695436,-1.152778,-0.696685,-0.309026,-1.223058,0.162583,0
1.175085,-0.888223,1.520108,-0.253554,-0.815274,0.715535,-0.283618,0.945312,1.127791,0.470642,1.073357,0.526376,0.215021,-0.422446,0.287210,-0.832396,0
1.002787,1.166623,-1.154481,-0.018969,0.036307,-0.145077,-0.862729,-0.199518,0.299148,-0.777073,0.505426,-0.606786,-0.256941,-0.215495,-0.035608,0.385188,0
0.652785,0.478326,0.185191,1.086266,-0.475186,0.188953,-0.058561,-0.396573,-0.518321,0.508944,-1.189470,0.798026,0.492628,1.247819,1.001209,1.027050,0
1.295303,-0.969396,1.176347,-0.867841,-0.002992,0.519068,-0.149556,-0.695653,-0.866232,1.870636,-0.453932,0.102024,-0.885325,-0.835699,-0.638783,-0.754815,0
-0.017566,0.055309,-0.431235,-0.060036,-0.515152,-0.788137,-0.205190,0.241031,-0.115027,1.474814,0.610903,-1.394710,-0.377038,-0.453945,-0.029335,1.094787,0
1.852462,-0.309737,-0.222155,0.197693,1.509275,0.151519,0.657028,-1.099092,-0.996967,-0.438932,-0.738544,-0.600551,-0.602022,1.071519,1.197737,-0.203671,0
-0.166411,0.377024,1.256267,-0.418675,-0.006828,0.911262,0.795522,-1.983593,-0.147661,0.105837,0.908892,0.316530,1.044864,-0.242389,-0.596259,0.113678,0
2.237204,-1.102442,-0.535381,-0.161984,0.638047,0.602126,0.310487,-0.110553,-0.309542,-0.724875,0.129174,0.143454,-0.155381,-0.509803,-0.522949,-0.774366,0
1.904612,0.029789,-0.001856,1.125015,0.203917,0.374022,-0.036664,-0.497151,-1.070171,1.262069,-0.722609,1.063042,0.680302,1.288135,2.332351,-1.726956,0
0.624990,-0.630703,1.180736,0.679396,-0.117915,-0.910548,0.204707,-0.720417,0.126149,-0.960699,0.155233,0.451533,-2.452229,0.610723,0.187504,-0.217123,0
1.746953,-0.011268,-0.254921,0.243024,0.786580,0.293354,1.166209,-0.371340,-1.449689,0.093753,0.739276,1.564057,-1.391917,0.601040,-0.246389,-1.045905,0
1.267909,-1.199862,-0.249878,0.143784,-0.087032,-0.390268,-0.142678,1.005109,0.033911,-1.142419,0.025169,0.085282,0.200315,-1.478492,-0.580978,0.451959,0
0.984853,0.461298,0.375517,-0.594854,0.964134,-0.320271,0.066359,0.531523,0.455150,1.522040,0.295334,1.068847,0.279287,0.123393,0.085845,-0.548835,0
1.999961,-0.154420,0.842840,0.335142,-0.008303,0.201282,-0.133706,0.305492,0.882378,0.943019,0.801028,-0.159586,-0.069717,0.507447,0.624631,-1.447644,0
1.627532,0.083522,1.438938,-0.134353,0.787369,0.480780,1.201017,0.013624,-0.395608,-0.183118,-0.477142,0.804158,-0.616855,1.517777,0.380657,-1.851494,0
0.263371,-1.107813,-0.069511,-0.565083,0.000306,0.596532,0.019902,-0.751871,-0.136645,0.806130,-0.111466,0.093930,-0.581959,0.521371,-2.144474,0.474411,0
1.990063,0.231286,-0.757719,-0.700511,1.125680,-0.424340,-0.312780,-0.058919,-0.337330,-0.717496,1.051479,-0.565901,-0.323626,0.778241,-1.035838,0.441747,0
0.803724,-1.395107,-0.344666,-0.052791,0.709191,1.180337,-0.591672,0.837354,1.179655,-0.843110,-0.298807,-0.854531,-0.087234,0.073067,1.371288,-0.081585,0
1.619700,-0.388995,-0.030552,-1.935923,-0.779387,0.482104,0.812098,1.532068,0.783635,0.923522,0.222639,-0.486683,1.615905,-0.788697,1.095017,1.224086,0
-0.382051,0.233674,0.863012,-1.093884,-0.134699,0.964617,-1.225542,-0.686588,0.230831,-0.705749,-1.067992,0.719437,0.237213,0.013338,-1.122148,-0.334598,0
1.209453,0.661337,0.930557,-1.313973,-0.896628,-0.005324,-0.450869,-1.240816,-0.500657,-0.670011,-0.314044,0.627908,-0.323012,-0.241805,0.290814,-1.137578,0
1.083699,0.089332,1.388205,1.065276,0.174757,0.846521,-2.522576,0.561746,-0.959664,0.192900,0.336984,1.099379,-0.272393,0.454303,-0.634472,-1.226880,0
1.244661,-0.582282,-0.671282,-0.539846,0.484692,0.852032,-1.131523,-0.764460,0.001440,0.129743,-0.027028,0.492141,-0.079033,0.300746,-0.084107,-0.480853,0
0.931589,-0.936370,0.657463,0.158435,-1.742634,-0.730052,1.536315,0.925385,-0.636780,-1.962546,1.144680,-0.030489,0.101605,-0.955167,-0.972781,0.903694,0
0.936131,-0.897883,0.144412,-0.572890,0.576177,0.843961,-0.317106,0.090721,-0.060766,-0.650221,-0.214785,-1.616669,-0.364386,-1.766338,-0.497346,-0.808191,0
0.859594,0.057303,-0.057976,0.763566,0.109509,-0.695217,-0.430509,-1.283947,-1.176330,0.415169,0.470488,-0.357682,-0.139374,-1.390652,-0.231371,0.808330,0
1.370680,-0.166398,1.054269,0.399783,0.353189,-1.919411,0.085636,-0.332594,-0.029026,-0.279246,0.407966,-0.674091,-0.815616,-0.230183,0.077425,-0.467016,0
0.984323,0.492519,1.068913,-0.480431,-0.227079,-0.207689,0.231128,0.359105,0.915023,0.111919,-0.727085,0.612331,-0.695082,0.302368,0.648464,-0.514970,0
0.114528,-1.195130,-0.368376,0.182102,0.209292,-1.162278,-0.096107,-0.568232,-1.007884,-1.047766,-0.488928,-1.413296,-0.159852,0.167566,-0.657799,-1.545494,0
2.057562,-1.925799,-0.085369,-0.613796,-0.154284,-0.556011,0.321198,-0.530042,-0.608434,-0.565415,0.446385,-0.450891,-0.205864,0.719577,1.359359,-0.912254,0
0.316814,0.658360,-0.286178,-0.939492,0.097918,-0.686975,0.994212,-0.715587,-0.161453,-0.029618,0.165445,0.545983,0.337161,0.653486,0.239742,0.220132,0
1.555321,-1.084177,-0.258250,0.662092,-0.711001,-0.905725,-1.382830,0.275740,-0.352902,-0.014250,0.063612,0.838627,-0.278288,0.355195,-0.363777,0.081515,0
1.332046,-0.041295,-0.154563,1.629799,0.210087,0.361024,-0.889354,1.024098,1.360753,0.641774,-0.403337,-0.110757,0.295296,0.546384,-0.635760,1.701762,0
1.229084,-0.609410,0.484633,1.994727,0.374249,0.435670,0.014997,-0.756572,1.314574,0.880358,-0.115150,-0.284332,-0.304353,0.224238,-1.160273,-0.080596,0
1.421697,-0.157771,-1.381644,-0.643124,0.733506,0.239151,-0.544105,1.202017,1.762223,0.944829,-0.383995,-0.071619,-0.590935,1.346903,0.580229,-0.148176,0
-0.258168,1.076548,-1.767625,1.017442,-0.512399,-0.534296,-0.239333,0.708459,0.111008,0.117202,0.509421,0.611233,0.670836,-1.056434,-0.057767,1.588703,0
1.444865,0.063285,1.067804,0.969872,0.209877,0.750632,-0.148928,0.711859,0.670027,1.487056,0.680785,0.886410,-0.312911,-1.112260,-0.306384,-0.389305,0
1.146595,-0.852241,0.536565,0.427491,1.817504,0.325099,0.034135,-0.543394,1.194083,0.235937,0.399335,0.679049,-0.362482,-1.473948,-0.102838,-1.019339,0
1.514260,0.198204,-0.573716,0.777724,1.247733,0.305465,-0.941976,0.296230,0.860458,1.244210,0.218146,-0.139631,-0.556055,-1.221710,-0.151304,0.159787,0
1.244489,0.790127,0.911117,-0.334453,-0.102321,0.856889,0.427736,1.033314,1.071450,-0.950478,0.950586,-0.037593,0.109503,-0.109495,1.128972,0.380990,0
1.201974,0.201594,1.140586,-0.059678,1.125136,-0.153882,0.293214,0.635620,-0.682013,-0.252741,0.431675,0.519352,-0.116734,-0.083625,0.500743,0.363054,0
0.584104,1.067796,0.270589,0.069865,-0.065138,0.709553,-0.797713,1.186663,-0.053212,-0.028712,-1.637079,0.247377,1.641982,0.190702,1.120075,1.541420,0
1.842148,-0.677164,-0.481316,0.703397,-0.179520,-0.829025,-1.343661,1.708868,0.742144,-0.414136,-0.024659,-0.612343,0.338509,1.014636,-0.449068,-0.588034,0
1.183667,0.047772,-0.339511,0.683140,1.354111,1.577955,0.024803,0.169606,-0.114825,0.167320,1.269233,-0.152893,-1.385180,0.043417,0.931136,1.377513,0
0.339075,0.127748,-0.289048,-0.148688,-0.982285,0.139048,0.038886,1.874679,0.284915,0.368281,0.255674,-1.166419,0.011156,0.139066,-0.408821,-1.358525,0
1.255837,-0.544165,0.130912,-0.670156,-0.869716,0.301998,-0.323906,0.623720,-0.475653,1.206806,-0.576835,0.399602,-0.620125,0.021238,-0.666163,-0.510118,0
2.716120,0.374540,-0.376395,1.238630,-0.310327,0.881197,-1.728234,-1.364116,0.509374,0.355261,-0.350314,0.063257,-1.624143,-1.057652,-0.569824,-0.088784,0
1.217162,0.058962,0.633056,1.213779,0.915385,-1.228953,0.622023,0.687092,-0.692786,0.449703,0.393445,0.246916,-0.816353,1.390421,0.688994,-0.977142,0
1.336457,0.243704,-0.658972,1.140855,0.327256,-0.503302,0.572947,0.460927,0.900752,0.528135,1.684269,1.746080,-1.165011,0.789617,0.862344,-0.686874,0
0.299062,-0.957808,-0.121749,0.349322,1.519436,-0.055122,-0.186543,-0.436151,-0.173891,-0.332544,-0.707131,0.045208,-0.477480,0.324382,1.066203,-0.167572,0
0.355048,-0.725570,-0.135293,-0.503289,-0.125912,-0.418535,0.277153,0.228613,0.971821,0.410902,0.371388,0.712704,1.338707,1.135612,-0.586012,-0.155330,0
1.534465,-0.327119,-0.478967,0.782193,1.169866,-0.154290,0.229162,0.400644,-0.028591,0.303130,0.655093,-1.226151,-0.104667,0.706504,-0.963536,-1.310801,0
0.478234,-1.346007,-0.600291,-0.476342,0.459140,-0.711363,0.000572,0.138769,-0.864960,-0.725173,0.125009,1.508168,-1.452382,0.431862,0.557993,0.282304,0
1.727993,0.357856,-0.541057,-0.083201,-0.892866,0.148124,0.515094,-0.383902,0.586483,-0.191788,-0.354434,-1.004853,-0.446225,0.365560,-0.118714,0.480224,0
0.981487,-0.323197,0.439166,-0.453409,0.241497,-0.512449,0.929940,0.218319,0.437110,-0.881070,1.177490,0.391486,-0.080693,-0.656592,-0.409141,0.212541,0
0.000755,-0.058146,0.161223,-1.167673,-0.397569,0.473351,0.031487,0.454224,-0.153124,-0.347435,-1.147350,0.120188,-0.853183,-1.048455,-0.521625,0.234923,0
1.264571,-0.159792,0.488995,0.437784,-0.797215,0.239962,1.498516,-0.239394,0.673412,0.846981,0.389225,-0.762133,-0.667942,0.409853,0.823400,2.208637,0
1.349805,0.421460,-0.094370,0.446961,-1.668789,-0.336270,0.762976,0.212251,0.078115,-1.237867,0.248253,-0.344865,1.078722,0.458579,-0.217645,0.792409,0
0.933085,0.209606,-0.335740,-0.637138,0.479413,-0.601210,1.967543,-0.027714,0.070417,-0.098556,-0.825979,-1.234163,1.134118,0.532890,1.639917,-0.238305,0
0.309437,0.123113,-0.640234,-1.139516,-0.857056,-0.264663,0.775033,-0.376950,-0.456294,-0.217300,0.372155,2.513647,0.263692,0.768559,-1.655163,-0.001255,0
-0.228569,-1.232160,-1.118192,-0.459028,0.750590,-1.215819,-1.157313,-0.088451,0.390626,1.552863,0.963894,1.094762,-1.157349,1.016241,-0.153930,-0.420899,0
1.368512,0.759775,-0.480967,0.189709,-0.280729,0.434460,0.029617,-1.712275,0.168049,0.235765,-0.722836,1.182648,1.117127,-0.550467,-1.139136,0.295459,0
1.496661,-0.437632,-0.309564,0.875742,-0.632993,1.703049,-0.844212,-0.059760,0.382441,-1.283895,-1.655160,-0.088696,-0.272408,-0.046531,0.044069,0.199509,0
1.320126,-1.204040,0.623902,0.162498,-0.006890,-1.224920,0.028076,0.119126,-0.788651,-0.166221,-0.820240,-0.363859,0.502503,-0.107303,-0.819973,-1.249094,0
-0.582494,0.983636,-1.010658,0.251200,-0.156487,1.345726,0.498839,-1.305152,-0.246441,0.013304,-0.792167,0.186506,-0.151911,-0.579109,0.071708,-0.059511,0
0.957391,1.790776,-0.369172,-0.234515,1.538632,-0.302809,0.042035,0.290685,-0.170619,0.338703,-0.773973,-0.752378,-0.368396,0.034022,1.259067,0.147604,0
1.386833,-0.677454,-0.556925,1.074369,0.802983,-0.012069,1.362043,0.358297,0.241794,1.210353,0.438112,-0.746064,-0.596912,-0.020724,0.753246,0.100703,0
1.259589,-0.921303,-0.217361,-0.268255,1.219782,-0.853838,1.026272,-0.018745,0.162534,-0.164566,0.907054,-0.247674,-0.320507,1.330338,0.077944,-0.783952,0
0.157026,1.216064,-1.467700,0.466566,1.024029,-0.674708,0.449040,0.754441,-0.000280,-0.093735,-0.825624,-0.582548,0.167181,-0.559068,-0.395606,0.079436,0
0.150666,-1.010702,1.086960,-0.143208,-0.520489,-0.245255,1.041546,0.235594,1.157737,-0.291695,1.041959,0.906105,-0.344544,-0.190834,-0.721833,0.353106,0
1.779537,-0.365962,0.400664,-1.111631,-0.045481,-0.392676,0.813618,-0.175155,0.596497,-1.374719,-1.074369,1.654394,-1.278483,-0.520597,0.084641,0.037182,0
-0.890753,-1.009031,2.021632,0.405408,0.842893,0.756382,-0.017575,0.339687,0.400247,-0.889015,1.009599,-0.034355,-0.220798,-0.824112,1.363559,0.726071,0
-0.164828,-0.742090,0.257887,0.375957,0.206894,0.317213,-0.102720,0.046567,-0.432701,0.451916,0.035804,0.091742,0.805571,-0.497259,1.109825,0.318875,0
0.374499,0.230007,1.123203,-0.463211,-1.037953,-1.314887,-0.015409,-0.854489,-0.356341,0.392742,0.119782,-0.142543,0.997342,-0.502584,1.038283,0.478597,0
1.262616,1.827947,0.637244,-1.906759,-0.985759,-0.226274,0.073319,-1.025312,-0.351078,-0.121469,-1.573464,-1.413522,-0.440803,-0.096344,-1.200680,-0.044951,0
1.028425,-0.386024,0.253121,0.405180,0.397529,1.142838,-0.337406,-0.293315,-1.370215,-0.320477,0.373103,0.215874,-0.789508,1.450454,0.227443,-0.033102,0
0.832126,1.812739,0.184918,-1.184378,-0.054914,0.561190,0.989274,0.145149,0.035822,0.038486,0.182559,-1.530690,0.787246,0.972893,0.201483,-0.104053,0
1.680771,0.160136,-0.881684,0.167502,1.033981,-0.704852,0.862488,0.096038,0.191334,0.541422,-1.720423,-1.125610,-0.476525,-1.734076,1.584628,-0.686979,0
1.034588,-1.063981,-0.263929,-0.966720,-0.135510,-0.628926,-0.007874,-0.109775,-0.356514,0.519986,-0.912560,-0.197166,-0.133648,0.582947,0.853459,-0.455461,0
1.652700,0.065449,0.317279,0.316387,-1.327627,0.134628,-0.998462,-0.109672,0.109129,0.263886,-0.632227,0.267442,0.557702,-0.161299,0.569843,-2.004419,0
0.091696,-0.835918,-0.931371,-0.572786,0.563110,-0.075809,0.400563,0.869849,-1.185309,-0.659073,0.432954,-2.175926,0.828533,0.559275,1.140330,-0.318887,0
1.349033,0.818812,-1.322664,-0.665417,1.403774,0.366019,1.609521,0.027499,-0.322182,-0.488887,-0.854945,0.843597,0.105098,0.658693,-0.257001,0.970065,0
0.649473,1.107331,0.362065,-0.392359,-0.588334,-0.904330,-1.188755,-0.510907,0.771976,0.581019,0.111702,0.784473,1.312008,-0.483879,0.200835,-0.220115,0
1.753622,-0.116026,0.102246,0.158833,0.658762,-0.588017,0.422436,0.140882,-0.060360,-0.326874,1.974839,-0.560422,0.283817,-0.095375,-0.052315,0.668348,0
2.376787,0.280566,-0.143265,-1.192341,0.172781,0.688813,-0.562898,0.241317,-0.885388,-0.286255,-0.230292,0.699978,0.869309,-1.180671,-0.769297,-0.766841,0
2.743453,0.030635,0.246183,-1.284436,0.174108,-1.645795,-1.365791,-0.255810,0.980415,-0.162007,1.225108,0.513026,0.305135,-0.572454,-0.816988,1.650242,0
1.034995,-0.735325,-0.693324,-0.347873,0.849155,0.555488,-0.619019,0.660271,-0.962476,0.500955,-0.100996,-0.581542,-0.333874,1.047662,-0.104352,0.025839,0
1.504949,0.641562,-2.004584,0.309294,-0.871343,0.573330,-0.346390,-0.031472,-0.084728,-0.867304,0.075001,-0.654590,-0.741454,0.270683,0.286015,-0.987462,0
1.924404,-0.466692,0.563721,0.434602,-0.750024,0.066394,0.359078,-0.332433,-0.062038,-0.327638,0.763202,-0.618970,-0.410521,-0.557656,0.770930,1.309743,0
2.927263,0.101247,1.253329,-0.646766,-0.739434,-0.372703,-0.054354,-0.839547,-0.411382,0.095929,-0.034310,0.343249,0.347718,-0.403454,0.172863,0.980381,0
1.477532,0.076210,0.587419,-0.372122,-0.807667,0.477153,0.603067,-1.222236,0.919033,-0.559881,2.642997,0.446781,0.073287,-0.975647,-0.422381,-1.817526,0
1.639182,-0.926364,-0.161021,0.577692,0.936349,0.666812,-0.993199,0.609020,-0.577042,0.348759,-0.937509,-0.016137,-0.932399,-0.045161,-0.593663,0.423535,0
0.651226,0.550196,0.661584,-0.045909,0.173464,-0.468306,-0.710237,-0.586147,1.040802,-2.190630,1.070717,-0.007051,-0.013315,0.579660,1.520298,0.180926,0
1.692118,-0.244448,-0.060733,-0.264134,1.041842,-0.326710,1.124706,-0.232735,1.133565,-1.465271,0.130480,0.818721,-0.442106,0.972168,-0.740651,-1.494741,0
1.518956,-0.188458,0.513190,0.248649,0.078909,-0.986805,0.628609,0.074480,-1.462373,-0.252244,0.209862,-0.925970,-0.779984,0.215815,1.193038,0.998508,0
-2.348870,-0.080822,0.909460,0.148921,0.296066,0.366502,0.006713,0.012336,1.366810,-0.504397,-0.556069,-0.483235,-0.270988,-0.062061,1.937004,-0.067075,1
-1.915647,-0.549130,-1.320437,-1.412115,0.133164,-0.171211,0.061452,0.883017,0.662671,0.344471,-0.353903,-0.459446,-0.905027,-0.480768,0.302968,0.084445,1
-1.327123,-0.848694,-0.092907,-0.921659,-0.067550,1.531689,1.739825,-0.175181,0.506236,-0.118456,1.212691,0.202924,0.034214,-0.861531,-1.112763,-0.135992,1
-0.437868,-0.123165,-0.371080,-1.255918,1.745631,-0.130837,-0.099642,1.088852,-0.541982,-0.652360,-0.490239,-0.671457,-0.750922,0.597790,-0.415664,-0.651545,1
-2.828065,1.283571,-0.617964,0.065180,-0.108265,1.366740,0.289525,0.163125,-1.367252,1.502337,-1.187498,0.191975,1.249205,1.937673,1.406111,1.574471,1
-0.291289,0.679605,0.333792,-0.175786,-1.117832,0.621740,-0.485040,-0.582215,-1.068145,-0.412790,1.034241,-1.288366,-0.048338,-0.376318,0.121326,-0.104462,1
-1.605622,0.209424,-1.373244,0.822553,-1.047732,1.376260,-0.877509,-0.238940,-0.044659,0.711778,-0.143194,1.595320,-0.112664,0.418133,0.608091,-1.513982,1
-1.128136,0.494132,0.875447,-0.170273,0.028062,-1.025526,0.150491,-0.270505,0.759078,0.074598,-0.959355,-0.901107,0.245231,-0.496760,-0.217476,-0.281238,1
-1.125175,0.848684,0.820749,0.972745,0.922173,0.641790,0.345725,-0.342756,0.245589,-0.872290,-0.773965,-0.043886,-1.213569,-1.241707,0.968792,-1.656216,1
-2.066217,-0.751788,-0.885778,-0.566019,-0.536530,0.746037,-0.418118,-0.313986,0.049779,0.058781,-0.523377,0.211784,1.026739,-0.013049,0.915416,-0.163486,1
-1.155279,0.511440,1.093245,0.686104,0.070460,-0.076543,0.772252,-0.155169,-0.498281,0.148634,-1.366307,-0.176312,-0.039306,1.083870,0.312743,-0.269049,1
-0.147420,-0.058074,0.951507,-0.486665,0.810439,0.337680,0.678634,-0.484249,0.624231,0.408445,-0.437502,1.002897,1.184936,0.593063,0.308278,-0.336793,1
-0.488872,1.377532,-1.187457,0.147131,1.307550,-0.229475,0.174491,0.802253,-0.393852,0.408226,0.208232,-0.016337,0.771380,-0.987781,0.647257,-0.216563,1
-0.596318,0.127831,0.402790,-0.773518,0.674981,1.263129,0.168499,0.320310,0.683316,0.044368,0.423919,-0.682118,-1.072616,-0.114188,-0.103669,1.490288,1
-0.239712,-1.162881,-0.199883,-0.063319,-1.494249,-0.105220,-1.186739,0.203788,-0.680582,0.022011,-0.177893,0.802992,-1.542818,0.747338,-0.280731,1.552077,1
-1.393612,-1.612607,0.246864,0.573650,-0.584934,-1.083772,0.668556,-0.167450,-0.999008,-0.513494,-0.036332,-0.388051,0.646608,0.246527,-0.260690,0.871670,1
-2.408145,-0.073090,-0.434263,0.320067,0.724674,0.292744,-0.707783,0.538060,1.335432,0.026613,0.388478,1.075392,-0.308595,-0.510621,0.188453,-0.325619,1
-0.946274,0.083053,-0.197598,0.166521,1.625998,0.515482,-0.424150,-0.084271,-0.269284,-0.469530,-1.390283,-0.681135,-0.247205,0.339369,0.187624,0.138689,1
-1.515022,1.095692,0.620257,-0.585922,1.285636,0.114984,-0.934237,-0.082473,-1.124721,-1.116821,2.010808,0.450224,-0.329635,-1.536278,0.276402,1.140279,1
-0.433896,0.807472,1.321867,0.312119,0.449228,-0.575958,-1.065027,0.405372,-1.037362,-0.609137,0.907449,0.061305,0.134574,0.519332,0.784075,-0.275602,1
-0.205922,0.988963,-1.340930,1.458743,-0.677175,-0.527632,1.838442,0.264637,0.076874,-0.816161,-0.975075,0.302072,0.635915,0.784932,1.241496,0.824667,1
-0.380857,0.466318,0.115959,0.148604,-0.096076,0.095764,0.246584,0.666925,-0.275042,-0.801877,0.863469,0.808756,0.774389,0.254957,1.610549,-1.042616,1
-0.244184,0.418500,0.213893,0.449925,-1.329518,0.464543,0.136054,0.516172,0.983721,0.426150,0.037534,-0.665621,-0.437536,0.561023,-1.283923,1.544771,1
-0.608313,-0.471772,-0.117073,0.074895,0.493319,-0.855700,-0.223474,-1.374234,-0.411021,-0.269797,-1.113674,-0.538022,0.365537,-0.198515,1.111398,0.184499,1
-0.310020,-0.992009,-0.546157,-1.642483,0.953079,-1.130166,1.047689,-0.208705,-0.858425,-0.295249,-0.657690,0.199749,0.534668,1.743791,-0.505474,-0.189099,1
-1.268313,-0.418922,-2.454443,-0.021933,0.986241,0.173440,0.843184,-0.593979,-1.271353,-0.392280,-0.179745,0.568293,1.708995,0.330388,-1.415958,-0.562689,1
0.616654,-0.466063,0.098164,0.647547,0.154171,0.249953,0.346847,0.126100,0.057307,-0.595771,1.636757,-1.318672,0.584362,1.772104,-0.509297,0.072063,1
-1.501693,0.104302,0.600427,-0.464109,0.114650,0.739987,0.082751,-0.026309,0.992388,-0.191547,-0.029100,-0.765204,0.946383,1.298918,0.053934,-0.286725,1
-1.859250,-0.227994,0.145645,1.965587,0.953810,1.811647,-0.113477,-0.830319,0.110608,-0.080598,0.480942,-0.275752,-2.003277,1.015957,0.263600,0.533785,1
-0.222205,2.173288,1.326947,-0.505749,-0.149113,-1.394971,-1.397029,1.657806,-0.343233,-0.372539,0.821179,-0.245733,-0.189895,0.798485,0.155563,1.064317,1
-0.569576,0.758912,1.224088,0.583227,0.824487,-0.718684,0.439893,0.131194,0.617880,0.412316,0.771529,-0.112742,-0.184665,0.531379,-0.807436,1.351982,1
-1.275006,0.015883,0.204883,0.150593,0.207456,-0.507128,-1.194793,-0.494397,-0.077877,0.250559,0.184420,0.549443,-0.313939,-0.309229,0.601903,0.169675,1
-0.271840,0.288866,-0.248846,1.639619,0.324968,-1.473562,0.149441,-0.623094,0.294585,-0.001442,0.492842,-0.341515,-0.225217,-0.587100,-0.336365,-0.178295,1
-1.424148,0.215964,0.439626,-0.762680,-1.445445,1.426755,0.619079,-1.312329,0.164791,0.213237,0.850387,-1.218204,1.169564,-0.962061,0.660001,1.068752,1
-1.274165,1.054585,0.363848,-1.117203,-0.014694,0.618138,0.169760,0.025205,-0.493437,0.480727,-0.593925,-1.114245,-1.326884,0.535054,0.776911,-0.233743,1
-0.584659,0.936579,-1.347775,-1.189711,0.830581,-0.019858,-0.737671,0.004858,0.114366,-0.252887,0.094382,0.176647,-0.600138,-0.790146,-0.210310,1.431392,1
-1.628344,-0.114856,1.141281,0.261630,0.209695,-0.482813,1.388697,-0.588678,-0.944177,-1.032552,-0.323987,-0.258973,-0.801294,-0.470773,-0.038203,0.337451,1
-0.946221,0.008577,0.407534,1.187100,-0.029431,-0.241102,-0.649805,0.888659,0.545912,0.816962,0.795028,0.487373,-0.423698,1.115120,0.272663,-0.462296,1
-1.993296,-0.603996,-0.014333,0.588509,-0.233351,0.633810,1.939541,0.879749,0.044871,0.052884,0.604078,-1.591339,-0.844522,-1.568386,-0.744174,-0.578660,1
-0.391286,0.324935,1.040099,-0.200861,0.616807,-0.088168,1.147434,-0.132521,-0.784500,0.012101,-0.721575,-0.617721,-0.182907,-1.045430,-0.708862,0.591906,1
-0.396455,-0.522114,1.218580,-0.727920,-0.072402,-1.773184,0.119902,0.733536,0.985988,0.091697,1.024923,-0.442880,1.711134,0.555381,-0.451245,-0.353706,1
-1.319243,1.226457,-1.055642,-0.178436,-1.073971,-0.656832,-0.606814,0.309628,-0.041805,0.438483,0.855957,0.404567,0.025146,-0.051789,-0.637089,0.729351,1
-0.837691,0.030177,0.712157,-0.026888,-1.650250,0.218271,0.204550,-0.235259,-0.702897,-0.321653,0.408465,-0.024081,-0.415129,0.546552,-0.142959,-0.231619,1
-0.494092,-0.299290,0.239857,0.017298,0.194818,-1.570441,-1.419762,-0.377029,-2.066515,-0.087019,0.045213,0.407973,0.348128,-0.624446,-0.443988,0.091330,1
-1.113746,-0.776185,0.261694,0.880623,3.012950,1.082041,-1.117486,-1.231818,0.425839,0.137061,0.418199,-0.204817,1.104340,0.422535,-0.652320,0.243153,1
-0.853185,0.306718,-0.598593,0.289058,-0.633863,0.238759,-0.821093,0.624224,-1.376667,-0.403776,1.845929,1.142640,-0.464439,-1.443956,1.773969,-0.304163,1
-1.547611,1.660350,-0.509542,-0.574291,-1.203696,0.050192,-2.067326,-0.103161,1.149319,0.427655,1.306964,-0.840473,0.422464,0.263537,1.700097,-0.168245,1
-1.091838,0.094047,1.157450,0.016182,-0.493389,0.313769,0.182086,0.259933,1.062805,-0.495249,-0.524153,-0.379818,0.848884,0.268573,-0.171120,0.479782,1
-0.761566,-0.618971,0.556502,-0.131453,-0.817949,0.051169,-0.195938,-0.933782,-1.606686,-0.838263,-0.144636,-0.959337,1.506283,-0.480519,0.133174,-0.413161,1
-1.576333,-0.730364,-0.374086,0.762966,0.156443,-0.420961,-0.724176,-0.508908,-0.416145,0.506063,-0.209424,0.208167,-0.030343,-1.190504,-0.625504,-0.327976,1
-2.186242,-0.320136,0.685592,-0.190627,-0.829103,-0.441503,1.313230,-0.336592,-1.574283,-0.549092,-0.035223,0.453326,0.472046,-0.036348,-1.304470,0.904927,1
-1.063362,0.051471,1.795857,0.177759,0.551041,2.260963,-0.718263,-0.119857,-0.071696,0.476784,-0.310394,1.517030,-0.154907,0.692617,0.271972,0.745492,1
-0.212424,1.090419,0.335498,0.357118,1.368889,-2.213308,0.563473,-0.763500,0.491813,-1.715270,1.299465,0.218838,-0.676911,0.112566,0.272286,-0.094953,1
-1.660188,-0.805117,-0.040748,-0.390188,0.295076,-0.772665,-0.154874,-0.240267,1.215593,-0.813196,-1.656574,0.373565,0.925555,0.717088,0.607569,0.358034,1
-1.665578,-1.026585,0.857844,0.559344,-0.729733,0.764042,0.458461,1.620555,-1.528852,-0.216507,-0.199361,1.461063,0.031783,-1.259901,0.114445,-0.964150,1
-0.408592,-1.771282,1.198866,0.482851,0.400105,-0.507153,0.174248,-1.369381,0.116001,0.909349,-0.224326,-0.842781,-0.186486,-0.462080,-1.182361,0.730506,1
-0.700152,1.765422,0.853068,0.053960,-0.049359,-0.000452,0.101761,-1.282366,0.260754,-0.745771,0.382214,-0.831351,0.847772,-0.584611,-1.208164,-0.454509,1
-0.808876,-0.740965,0.136189,-0.270906,0.021028,-1.538218,0.164117,0.426808,-1.735583,-0.351931,0.705390,-0.732851,-0.346721,0.726110,-0.729489,1.509860,1
-1.896487,-0.804104,0.835937,0.883112,0.364677,-0.437855,0.877499,-0.502067,0.547138,0.842063,0.450849,1.299765,0.697232,-0.526415,1.247804,1.567706,1
-1.345734,0.242598,0.732951,0.798280,0.827686,0.163860,1.014085,0.365296,-1.068682,0.306520,-0.759906,0.976713,-0.654610,-0.394603,1.772192,0.360427,1
-1.834821,1.389561,0.526454,-0.200295,0.423523,0.292933,-1.831440,0.488528,-0.481308,0.422410,-0.534110,-1.060650,-1.959657,-0.157779,-0.246700,-0.544781,1
0.364104,1.263264,-1.920370,1.210523,1.435290,-0.194959,1.562417,-0.193522,-0.871705,0.373024,-1.002571,0.433180,0.313235,-1.041195,-0.080134,-0.598686,1
-0.999583,-0.393715,1.142239,-2.084696,-0.598639,1.101417,0.221721,0.878131,-0.996367,0.316445,1.554374,1.182490,0.205607,-0.527247,0.120769,-0.508626,1
-1.001897,-1.075003,-0.644606,-0.168467,-0.035052,1.165939,-0.324124,1.013902,-0.912858,0.747430,-0.298229,-1.074758,0.456850,-1.144860,-0.658204,-0.520472,1
-1.574472,1.573969,1.618442,0.789938,0.097542,0.573711,-0.576639,-1.449286,1.786554,0.205328,1.330917,1.393467,-0.280981,-0.591317,0.730031,0.586424,1
-0.454142,-0.323518,-0.936760,-0.865904,0.198039,-0.470837,-0.150106,0.015884,0.231439,-2.048469,0.942624,0.379629,0.267015,-0.214515,1.589577,-0.331504,1
-1.668327,0.959950,2.769017,-0.496383,0.850181,-0.251464,0.371503,-1.059188,0.965062,0.866749,2.493882,0.149850,-1.243792,0.844953,0.152812,0.851125,1
-0.508198,-0.475809,0.877210,-1.208433,-0.043429,0.591466,0.080510,-0.747463,-0.712893,-0.552491,0.388258,-0.145669,-1.687993,-1.120075,0.159746,0.885417,1
-0.726749,0.605786,0.155756,-0.091865,0.261598,0.349247,-1.576015,-0.272127,1.418691,-0.651618,0.849083,-0.029007,-0.404012,-0.902333,-0.884642,0.504454,1
0.121360,-0.125052,0.144700,-1.199041,-0.015576,-0.465528,-0.732327,-1.105139,0.683754,-0.672181,-0.605162,0.213674,-0.353281,-0.717261,0.667316,-0.182480,1
-0.948163,-0.468930,0.190469,1.065129,-0.548271,1.307796,0.730563,-0.799176,-0.111748,-0.378382,1.240398,-0.463376,0.429929,-0.789566,0.150460,-0.921458,1
-0.622828,1.217594,-0.669114,2.137988,0.117749,-0.899690,1.432160,1.432698,-0.644178,0.063077,-0.044243,0.037483,-0.347017,0.286968,-0.570051,-0.650034,1
-1.543043,-0.153985,-1.060445,-0.245568,0.210365,-0.910837,-0.667592,0.596831,-0.125360,0.608814,0.179392,0.085386,-0.108087,-0.088051,-0.596208,0.070707,1
-1.609526,-1.016630,0.381993,-0.141708,0.749141,0.264957,-0.465341,-1.098767,0.695639,0.287735,-0.159777,-0.222382,0.737653,0.914292,0.327150,-0.139933,1
0.028763,-0.655045,1.133331,-1.153122,0.376312,-0.139787,-1.210302,0.028996,0.376150,0.042954,0.969250,-0.425169,-0.180798,0.350202,-0.473276,0.387938,1
0.332157,0.631590,-0.894794,-0.136864,-0.901135,0.800545,-0.151340,0.073446,-0.323807,0.849860,-0.157850,-1.016087,-0.241577,0.285557,0.340053,-0.125724,1
-0.904066,0.244269,-0.390783,0.991307,0.180828,-0.874886,-0.287773,0.022962,-1.008754,0.220803,-0.244241,0.315371,1.027857,0.606630,-0.589262,-1.050752,1
-0.762382,0.193168,-0.262408,0.409697,0.009084,-0.180356,-1.115022,0.083793,-0.314247,0.743138,0.203124,0.588199,0.080199,-0.606538,0.196112,0.207818,1
-1.696458,-0.330316,0.205225,0.962580,-0.864344,0.811427,0.648112,-0.338862,0.660671,-1.047841,-0.592214,0.923284,-2.589554,0.630719,-1.050734,-0.047341,1
0.008414,-1.163976,0.192923,-0.797661,0.137675,-0.614153,-0.487909,-0.539301,0.766035,-1.159704,-1.199887,-0.710687,1.531930,0.929362,-1.022509,-0.668815,1
1.267825,-0.022758,0.501357,-0.192318,-0.591915,0.334358,-0.190558,0.329087,-0.036412,0.497417,-0.551628,-0.087836,-0.239898,-0.562604,-1.363929,-0.824947,1
-3.077615,0.759742,0.825131,-0.635903,0.205240,0.037954,0.115686,0.434030,0.780227,-0.090590,0.153918,1.041284,-0.822944,1.581228,0.867421,0.265935,1
-2.557772,1.059824,0.753039,0.469969,0.069813,0.954108,-0.876757,0.795348,-1.069507,-0.346739,-0.179909,-0.821688,0.482614,0.524408,-0.185198,-0.233336,1
-1.907817,-0.480541,0.667928,-0.622501,0.066968,1.339067,-0.520526,-0.336810,0.600864,-0.616334,0.287963,0.049771,0.619499,-0.030516,-0.155946,0.841069,1
-1.650203,0.257441,0.674278,1.488699,-0.342028,-0.797102,1.064875,0.312052,0.064492,0.593215,0.287724,-0.304443,0.417004,-0.866254,0.459784,0.074692,1
-1.940789,0.682009,0.351547,-0.491082,0.576582,-0.260549,1.964810,-1.119368,-0.519335,0.357337,-0.713714,-0.289729,-0.460938,-0.074016,-1.010305,0.156088,1
-2.194800,-1.116092,1.158271,0.038793,0.085191,0.188222,1.058483,-0.217360,-0.660727,-0.575705,0.596673,-0.221081,0.966357,0.188441,0.474773,-0.480884,1
-1.680492,-0.503894,-0.891994,1.159196,1.121807,0.181788,-0.178087,-0.390121,1.101867,1.007485,-0.851047,-0.554475,-0.944471,-1.947648,0.943624,0.631687,1
0.456791,1.081596,0.163803,0.551966,0.618233,0.191813,-0.132788,0.605274,0.704349,-1.329244,-0.281808,-0.011099,-0.174598,-0.399487,0.078837,0.288650,1
-2.215659,-0.591248,1.593080,-0.251523,-1.542933,-0.559969,-0.148607,0.402336,-0.522163,-1.348265,0.316074,-1.108785,-0.775352,-0.372523,0.212944,0.569626,1
-0.703747,0.812151,-1.541822,0.931996,-1.104246,0.278728,-0.337171,1.131930,1.210047,0.173157,-0.628811,-1.111544,-1.655064,-0.934389,0.325046,0.783499,1
-0.396745,1.408443,-0.612802,0.332371,-0.697894,-0.437265,0.602174,-1.184964,-0.177945,0.702274,0.481648,0.141469,-1.415831,1.077094,-0.481155,-0.915895,1
0.053394,0.108877,0.108369,0.439247,-1.212765,2.444115,1.419149,0.198945,-1.600787,0.128703,0.322531,-0.166247,-1.176324,-1.006794,0.683633,-0.805321,1
-0.837771,-0.413961,-0.304395,1.271914,0.734128,-0.369101,0.785062,0.546549,0.465235,0.688370,-0.227000,0.430308,-0.034835,0.509756,-2.127687,-0.179832,1
-1.189396,-0.376446,0.615291,-0.875746,-0.384636,0.460131,-0.207047,0.562549,0.550129,-0.264067,-0.705102,-0.022550,-0.177270,-0.098099,1.937602,0.939451,1
-0.436841,0.300672,-0.519250,-1.245364,-1.673840,-1.119452,0.053060,0.238201,0.172508,-0.034157,0.381565,0.653785,0.874437,-0.830905,-0.636609,0.055168,1
-1.436230,1.205625,0.961278,1.251199,1.440129,-0.223018,0.499622,0.678383,-0.381161,-0.109025,-1.825469,0.055676,-0.763605,1.115608,0.083191,-0.037394,1
-1.189176,-1.008009,-0.168507,0.586686,0.591378,0.891052,0.407487,0.542929,0.897902,-0.012518,0.320165,1.535900,-0.400542,-0.193251,-1.262554,0.204956,1
-0.937154,1.086762,2.417139,0.648842,0.520674,0.723617,-0.229593,0.013121,-0.667006,0.601862,1.397053,-0.272727,0.184683,0.381220,-0.585204,-1.161861,1
0.245719,0.147707,-0.296937,0.702929,-0.944803,0.138694,0.201458,0.887030,0.522821,0.582441,0.473708,0.591822,-0.462309,-1.035759,0.106922,-1.422247,1
-0.441046,0.104205,0.041590,-0.155250,1.570804,-0.719073,0.862537,0.107864,1.225871,-0.057381,-0.539875,-0.244301,-0.453150,-0.977264,-1.943908,-0.006912,1
-1.691465,0.504367,0.033171,-0.174739,-0.705323,0.577807,0.005601,0.678397,-0.691134,-0.947437,-0.017767,-0.417636,-0.404508,0.555023,-1.847275,0.470463,1
-0.949250,-0.036116,-0.206410,0.394182,0.584631,-0.137783,-1.003865,1.678737,0.636040,-0.178511,-0.586890,-0.200472,0.417481,0.187781,0.030029,0.870043,1
-0.580079,-0.146442,0.869074,-0.563474,0.790173,0.654947,-0.435802,0.515989,-1.101526,-0.451761,0.759609,1.350587,1.813394,0.457681,0.396714,-0.199775,1
-1.054571,-0.327744,-0.771326,0.030668,-1.270648,0.398562,-0.156124,-0.105559,0.319146,-0.712481,-0.866693,-0.616139,0.166160,-0.347534,0.100598,-0.471094,1
-0.610468,0.093245,0.144523,-1.570386,0.177257,-0.628014,0.844747,0.165328,-0.059758,0.724868,-0.158497,0.486543,0.489018,1.335443,-0.648508,0.620639,1
-0.660693,1.164329,-0.004921,0.395815,0.075962,0.126889,1.017579,-1.071441,0.678089,-0.800921,0.142581,0.894880,0.493371,-0.574148,-0.323032,0.272880,1
-1.421148,-0.580013,-0.727254,0.256732,0.142304,0.640285,0.547014,-1.727229,-1.214258,0.395231,-1.696167,1.583895,-1.669312,0.490777,0.888766,-0.037395,1
-0.841311,0.768083,-0.962491,-0.913058,-0.494696,0.075864,0.044495,0.145820,0.416064,0.112237,-0.622384,0.051605,1.211701,0.941866,-1.649885,-0.162799,1
-1.006218,0.706248,0.956138,0.313901,-0.541462,-0.578578,0.453615,0.218415,0.799078,-2.823176,-0.004234,-0.051666,-1.135975,0.724718,-0.090251,-1.176874,1
-0.159776,0.379388,-0.131797,-0.401685,-0.462634,0.995817,0.894332,0.368218,-0.605683,0.038112,1.339801,-0.713379,0.286807,0.993712,0.443996,-0.866910,1
-2.033691,1.159881,-0.106869,0.802011,1.026636,1.496309,-0.326710,0.871661,-0.376894,0.299116,-0.262317,0.085706,-0.156153,0.957663,-0.101538,0.746809,1
-1.643013,-0.259628,0.386869,-0.603335,1.466869,0.771461,-0.382961,0.083950,-0.869008,-0.198061,-0.243590,-1.613837,0.163167,-0.904375,-0.612359,0.197432,1
0.019587,0.016933,0.154770,0.479439,-0.031985,0.577803,1.987784,0.066249,1.461260,0.021374,0.173041,1.442938,-1.146687,-0.591681,0.275345,-0.656600,1
-1.367244,0.800849,0.539469,-1.025857,-1.298830,0.131327,-1.270607,0.076897,-0.157844,0.632949,-0.460150,0.652036,0.389256,0.213857,0.714797,-0.167454,1
-1.669813,0.424281,-0.306362,2.293757,0.677444,-0.180986,-0.934709,0.188110,-0.412963,-0.336735,-1.022764,1.326557,-0.080749,-0.445042,-1.560577,-0.527972,1
-0.605973,1.261698,-0.598289,0.566039,-0.870222,0.618013,0.314037,0.362327,0.696582,-1.162069,-0.780293,1.493891,-0.555374,0.467229,0.687363,0.787086,1
0.380225,-0.508598,0.564503,0.718871,-0.281419,-0.460879,1.377827,0.172317,0.041531,-0.253833,-1.155973,-0.659253,0.525464,-1.619266,0.219548,0.032306,1
-1.700156,-1.199385,-0.118845,0.308490,-0.105820,-1.527187,-0.040710,-0.330338,1.321126,-0.398682,-0.909621,0.651061,1.210704,0.356592,-1.147717,0.316007,1
-1.827177,0.360147,-0.300801,0.127045,-2.393356,1.232430,-0.134068,0.696769,0.367393,-0.886878,0.831987,-0.745198,-0.343690,-0.629071,-0.720713,-0.933699,1
-0.598400,0.503203,0.547141,-0.207152,-0.220547,0.470910,1.040898,-1.234586,-0.615319,0.304071,1.249920,0.326835,0.045323,0.764723,1.205680,0.525218,1
-1.256407,1.032807,-0.234369,-0.371230,1.524598,-0.275863,0.122196,0.399375,-0.476944,-0.633341,0.446899,-0.222335,-0.701253,-0.286160,-0.393171,1.651886,1
-0.051493,-1.205997,0.877958,1.126137,-0.490666,-0.107693,-0.369610,1.539788,0.590852,-0.385399,-0.830611,0.811879,-0.748451,-1.922019,1.218507,0.333036,1
-1.096667,1.338401,-1.122637,0.876622,-0.380002,-0.741481,0.692562,-0.232296,-0.358311,0.337806,-0.142154,-0.500228,1.099311,0.480417,0.735214,0.274568,1
-1.238617,-0.645281,-0.271229,-1.044109,0.331160,0.878988,1.082185,0.395325,-1.476182,0.629486,0.255654,-0.242823,0.123919,-0.170487,-0.890116,0.930219,1
