2.042610,0.832607,0
1.025216,1.405812,0
1.414814,2.443438,0
2.512238,0.709538,0
-1.249290,1.918031,0
2.666314,1.344403,0
3.697113,2.428877,0
1.143959,1.462428,0
0.987097,-1.587025,0
2.111251,2.402909,0
0.225225,1.629221,0
-0.023441,-1.613838,0
1.409415,-0.281474,0
1.039244,1.820256,0
-1.113346,2.300986,0
1.441072,2.022570,0
1.518921,2.605295,0
0.626540,1.487102,0
1.430453,1.168863,0
0.940500,0.116908,0
2.487588,-1.182009,0
0.932532,2.640563,0
0.782536,1.822212,0
-0.378476,2.387957,0
0.780960,0.220507,0
0.207034,2.073965,0
0.835317,2.379571,0
0.368917,-0.546419,0
1.562201,-0.238454,0
1.122692,-0.063135,0
0.764966,1.658403,0
1.557747,0.106195,0
1.548422,0.957984,0
1.360471,1.414056,0
3.169149,2.243459,0
-0.915405,1.159905,0
-0.090345,1.732740,0
0.203229,0.814190,0
1.543039,0.980664,0
2.003329,-0.092863,0
0.928185,1.527091,0
0.583667,0.341094,0
1.111709,1.709960,0
1.698486,0.878809,0
1.891670,-1.193793,0
0.543996,-1.006762,0
1.605677,0.047849,0
1.425836,1.431681,0
1.983448,-0.534701,0
0.106011,1.033699,0
0.701118,1.308331,0
-0.620355,-0.062186,0
0.552311,1.045892,0
1.055626,1.071891,0
1.667702,0.472731,0
0.193447,0.900578,0
1.723642,0.129918,0
2.553761,1.476853,0
3.400225,1.595760,0
1.248632,0.893954,0
-0.570054,1.529695,0
-0.508839,2.646835,0
1.938918,1.988468,0
1.519901,-0.288367,0
1.647074,-0.625454,0
1.618093,1.345517,0
0.444687,0.223011,0
2.616580,0.674754,0
1.910057,-0.688607,0
0.941726,-0.150549,0
1.279984,2.861087,0
0.846050,3.249619,0
3.262528,0.564464,0
1.811947,2.051945,0
0.992599,0.582117,0
0.872971,0.969767,0
1.509562,0.522314,0
-0.270762,1.608936,0
2.211093,-0.403737,0
1.228366,1.671336,0
2.047719,-0.147172,0
2.834611,-0.041564,0
1.421001,3.294512,0
2.016881,0.231582,0
2.530187,0.966188,0
-0.051860,1.124366,0
2.939265,0.345277,0
1.908377,0.691958,0
0.749752,-0.004321,0
0.913048,-0.887101,0
-0.621951,3.275328,0
0.199187,2.714211,0
1.477021,-0.560791,0
0.870333,1.454837,0
-0.139005,2.875148,0
1.275582,0.820480,0
-0.799100,1.294485,0
1.424537,0.122519,0
0.099613,2.099398,0
2.672433,2.011400,0
1.296378,0.527301,0
0.678339,2.529055,0
2.007928,1.103775,0
0.208578,-0.057615,0
0.523105,0.537027,0
-2.423006,0.934839,0
1.487012,2.088609,0
2.010188,0.861388,0
0.969533,-0.076721,0
1.562341,1.060729,0
-0.444113,0.597812,0
0.749247,0.881956,0
2.169970,1.209695,0
-0.353576,1.215031,0
1.171490,0.731071,0
1.532143,0.560844,0
0.334137,1.318755,0
-1.168931,-0.111394,0
-0.154649,2.734410,0
1.316306,1.658185,0
0.155775,0.088682,0
-0.701223,1.742426,0
-0.033152,0.830395,0
0.425049,0.949560,0
-1.479364,1.481936,0
0.073899,1.840628,0
2.199556,-0.148445,0
0.211220,1.959929,0
2.966574,0.400657,0
2.937140,1.940488,0
0.096322,1.470925,0
0.476920,1.927366,0
0.443421,1.566536,0
-1.308380,1.843231,0
-1.317776,0.637039,0
1.458812,-0.987484,0
1.335032,0.256933,0
1.328898,1.473001,0
0.810147,0.455166,0
1.048683,0.512901,0
1.014427,-2.098275,0
3.564497,2.175600,0
1.137850,2.772178,0
1.495871,0.931524,0
0.518458,1.304644,0
3.039438,0.349116,0
0.160484,1.455701,0
1.535272,-0.239913,0
1.977435,3.121699,0
0.353261,1.447107,0
-0.428418,0.739986,0
-1.258508,0.588484,0
0.652042,-1.475648,0
1.859845,0.706574,0
1.309303,1.123307,0
-0.335174,0.441232,0
1.057049,2.011251,0
1.907831,2.639601,0
0.353705,-0.283672,0
-0.414362,1.418834,0
-0.429639,1.324238,0
1.565306,2.608803,0
1.151787,1.317545,0
0.479707,1.050097,0
2.051232,1.944360,0
0.606391,0.528549,0
0.939413,1.448569,0
-0.114527,-1.181071,0
1.589520,2.683290,0
2.572111,-0.652627,0
0.620987,0.550509,0
-1.377347,0.693248,0
-0.648973,0.196575,0
2.746507,1.820085,0
0.415349,2.460269,0
-0.809378,-0.762407,0
0.369370,1.341676,0
2.498454,0.702595,0
0.212256,0.431722,0
0.584575,2.157004,0
0.775056,1.356390,0
1.620672,2.683735,0
2.262514,1.631295,0
1.277799,1.494227,0
1.862823,0.775622,0
0.899895,-0.131990,0
1.157026,0.866295,0
1.144904,1.512428,0
-0.781918,1.659413,0
0.726553,0.471269,0
0.830027,0.061291,0
1.155870,1.766273,0
0.391171,1.974030,0
1.861438,1.229073,0
2.737366,0.880733,0
-1.226027,1.827848,0
0.922746,1.636987,0
1.117466,2.236839,0
0.779688,0.783424,0
1.003342,1.838487,0
0.432884,0.909645,0
1.668995,0.762453,0
1.665243,0.319161,0
1.162118,0.943537,0
2.151675,2.070591,0
0.185724,0.462523,0
0.737866,0.228526,0
0.828341,2.112095,0
0.902662,2.399331,0
0.844228,0.642142,0
1.401798,2.985096,0
-0.134248,2.145160,0
1.680323,0.225934,0
0.338731,3.439446,0
0.961299,-0.848880,0
-1.323400,0.448379,0
1.115847,-0.276703,0
0.040993,-0.072836,0
-0.054544,0.092295,0
0.984552,-0.522698,0
2.471658,2.471425,0
-0.203314,1.628993,0
1.018195,1.797887,0
0.235814,-0.922298,0
3.757619,2.028828,0
0.220282,1.985379,0
0.602344,1.071028,0
0.677787,2.418512,0
-1.792257,0.850950,0
0.984759,-0.146782,0
-0.763271,0.751662,0
0.798032,1.371749,0
1.666250,3.018716,0
3.487281,1.951312,0
-0.252319,1.931724,0
0.461940,1.953124,0
1.331612,0.194774,0
0.696791,-0.048936,0
2.989946,0.352221,0
0.203024,2.591650,0
-1.145628,1.546211,0
0.619392,0.738340,0
1.487069,-0.462436,0
0.233635,1.613124,0
2.793488,0.258329,0
0.595193,-0.939245,0
2.543832,-0.073429,0
-0.293567,0.058293,0
1.947297,-0.580674,0
2.922722,0.870938,0
1.321469,3.111605,0
-0.226175,-0.581135,0
0.822827,-0.604660,0
2.184523,1.629977,0
1.841203,1.269292,0
2.132058,2.430146,0
-0.434695,1.331181,0
0.336044,1.909523,0
0.554070,2.671767,0
3.264926,0.074425,0
0.493213,1.719580,0
1.492314,0.054141,0
0.625339,0.913813,0
1.369096,-0.303464,0
2.167814,1.306169,0
1.336866,-0.121745,0
-0.099759,1.155519,0
2.784860,3.385097,0
1.124177,1.681645,0
1.593714,0.147441,0
1.733217,0.388408,0
1.574399,-0.154385,0
-0.702135,-0.587976,0
0.157166,0.866374,0
-0.544785,1.833490,0
-0.933816,2.324367,0
0.388112,0.493491,0
-0.178207,1.443209,0
0.024746,0.216643,0
0.172687,0.421950,0
2.311529,0.932464,0
-0.569037,1.384660,0
1.664960,1.207671,0
0.867856,0.834828,0
0.035627,-0.165095,0
0.458527,1.655642,0
0.464143,-0.240793,0
1.023932,-0.726176,0
0.878542,-0.260027,0
1.470688,0.057689,0
1.608308,1.211203,0
3.447573,0.233796,0
1.229298,1.275008,0
1.390970,0.446663,0
2.795875,1.146488,0
0.627719,1.928010,0
2.883648,0.602573,0
0.409045,0.558327,0
1.348727,2.466333,0
1.136218,0.027291,0
0.382528,0.868637,0
0.309823,2.608055,0
-0.704294,1.887475,0
1.066859,0.627553,0
1.836700,0.969610,0
0.398516,-0.006770,0
2.708201,-0.398038,0
-0.217153,2.150908,0
-0.195906,-0.094469,0
1.179110,2.560194,0
2.269978,-0.078405,0
0.751361,1.462616,0
-0.503538,1.547195,0
0.024553,0.185322,0
-0.703698,-0.699881,0
2.145496,-1.768703,0
-1.200001,1.149586,0
-0.836304,1.772900,0
-0.088995,-0.069050,0
2.340253,-0.209397,0
0.427871,1.381508,0
0.686287,0.117128,0
1.420127,2.705853,0
1.642897,0.597189,0
1.909161,0.949137,0
0.671568,2.195485,0
-1.271240,2.157623,0
1.503655,1.135835,0
0.741978,2.093823,0
0.495608,1.024033,0
4.109566,1.685750,0
0.966678,-0.321821,0
-0.058946,0.850125,0
0.683213,0.635280,0
0.595192,0.495844,0
-0.275533,0.395425,0
1.432429,-0.301839,0
1.178729,0.895977,0
1.699590,0.183951,0
2.077516,2.968224,0
2.052185,0.948083,0
0.108375,-0.272120,0
-0.861298,0.866785,0
-0.512427,-0.258558,0
0.842259,0.516106,0
0.633821,0.295686,0
0.069805,2.524223,0
2.777726,-0.235928,0
0.644965,0.314828,0
-1.898295,2.560115,0
0.356448,0.481843,0
2.632344,3.393211,0
0.366372,0.367157,0
0.621388,-0.198622,0
-1.149369,1.768790,0
0.651439,0.939147,0
2.064134,0.931898,0
0.938677,-0.050905,0
2.182147,1.652044,0
0.896610,1.160269,0
-0.197336,1.687292,0
0.272148,-1.740903,0
-0.481568,-0.098125,0
0.603323,-0.215235,0
0.484653,-1.043065,0
-0.088187,2.619681,0
0.959682,1.363319,0
0.377419,-0.163781,0
0.303628,-0.012672,0
1.269322,3.023967,0
0.632833,0.650878,0
2.330885,-0.134676,0
1.803339,2.451890,0
0.252849,2.859744,0
-0.083716,1.001741,0
-0.318509,1.427899,0
0.026307,2.154293,0
0.161465,1.563539,0
3.122732,-0.443123,0
1.491081,0.992101,0
1.123240,0.599028,0
1.691390,0.944256,0
1.268075,1.384964,0
-0.923295,0.074802,0
2.549769,-0.278301,0
0.791510,0.450145,0
0.444073,0.517141,0
1.520973,2.335697,0
0.807953,0.815138,0
0.725766,-0.228387,0
-0.616475,2.243246,0
-1.871401,2.701205,0
-0.373884,0.530352,0
1.898071,-0.765123,0
-0.989539,1.386152,0
1.520927,0.666456,0
1.497569,0.078238,0
0.314191,0.045455,0
0.642502,-0.083686,0
0.288352,1.546991,0
0.375211,0.198154,0
0.782779,-1.506895,0
2.107491,1.952170,0
1.881054,3.067047,0
-0.047327,0.582310,0
-0.271660,1.366980,0
0.272603,0.106139,0
0.852037,1.533177,0
0.209614,0.602643,0
1.007368,0.938151,0
0.369735,-0.603861,0
-0.339108,0.529253,0
0.926538,-0.381099,0
0.602548,0.351212,0
-0.225052,-1.332269,0
1.113660,2.219538,0
2.899877,1.440331,0
-0.714200,2.473875,0
0.581439,1.270385,0
1.773031,0.968153,0
1.660861,0.390360,0
1.182171,-0.894684,0
-0.041177,1.403913,0
1.818398,-1.876253,0
0.766273,1.091062,0
0.249616,2.478465,0
-0.163238,2.159527,0
2.014565,0.823140,0
3.235404,2.613340,0
2.139539,0.945692,0
1.561989,0.957028,0
2.634402,2.246480,0
0.492837,2.874477,0
0.486292,0.795570,0
0.645166,0.889251,0
1.507273,0.951458,0
0.182353,-0.048553,0
-0.234381,1.856282,0
0.720446,0.411731,0
0.438839,-1.076573,0
1.351227,-0.241794,0
1.605965,-0.106009,0
-1.049580,-0.830570,0
1.436918,0.531838,0
0.830212,2.584403,0
0.886244,1.481996,0
1.345904,1.352426,0
2.559718,1.354804,0
1.851069,1.305620,0
0.579119,2.069179,0
3.517687,0.437249,0
0.837813,0.768269,0
1.076985,-0.461218,0
0.563937,1.818999,0
0.172820,1.351741,0
-0.412140,2.898802,0
0.501519,-0.098431,0
0.335235,1.264886,0
0.457229,0.637556,0
1.803046,0.660894,0
1.199097,1.525544,0
1.722286,-0.406564,0
1.287736,-1.113226,0
2.082443,3.798993,0
2.465831,1.081413,0
1.593913,0.787586,0
1.020282,0.610953,0
2.398954,-0.239714,0
1.381447,1.024274,0
1.431397,0.182702,0
2.554408,0.727365,0
2.123192,1.241362,0
-0.481739,4.119707,0
0.031112,1.628636,0
1.274227,-3.059701,0
2.363259,0.913277,0
1.018698,-0.398547,0
0.902213,1.454170,0
0.635810,0.964067,0
-0.014290,0.213251,0
0.489397,2.377130,0
1.123102,1.474722,0
-0.048926,1.062204,0
2.260574,0.917831,0
0.158766,1.451320,0
1.462852,0.179441,0
0.552595,0.183142,0
2.013271,-0.137949,0
0.506862,-0.353188,0
0.164054,2.467103,0
-0.441597,0.424715,0
1.383771,2.583355,0
1.746034,1.414544,0
1.159326,-0.906193,0
2.481449,0.858487,0
3.645667,-0.360814,0
1.843968,0.502170,0
0.611736,2.001363,0
0.939589,0.743830,0
1.993317,0.515822,0
1.350567,0.071254,0
2.160150,2.304195,0
-0.285400,2.001581,0
1.108650,0.341660,0
1.080416,0.529696,0
1.800057,-0.255517,0
0.681540,2.061380,0
-0.186322,0.272547,0
-0.428289,0.865859,0
-0.627015,0.630922,0
0.075176,0.717164,0
0.660650,0.808719,0
0.749119,-0.099406,0
0.722250,1.472476,0
0.767881,-0.017672,0
-0.234143,0.882073,0
1.902974,1.228858,0
1.307631,0.332764,0
-0.198184,-0.330574,0
-0.435585,1.199363,0
0.500205,-0.228615,0
0.295823,-0.196313,0
1.494298,2.855556,0
1.207023,0.305137,0
1.303511,1.051494,0
1.274540,1.441269,0
1.700029,2.473482,0
1.809582,-0.957728,0
1.396194,-0.300012,0
0.274424,0.347325,0
0.491772,-2.024225,0
1.569651,1.946225,0
-0.699206,-0.202414,0
1.131647,0.857688,0
-0.108891,0.102721,0
1.249338,0.969250,0
-0.147360,0.442265,0
2.695239,-0.727403,0
0.349262,0.810667,0
1.343923,0.089859,0
-0.340334,0.021149,0
0.199374,1.340949,0
1.231841,1.023787,0
0.767585,1.478095,0
2.603821,0.805001,0
1.032796,2.849533,0
0.611273,1.321451,0
-0.788997,1.027483,0
0.506118,-1.065189,0
0.112982,1.338817,0
0.961848,-0.225665,0
1.407729,1.200073,0
2.347692,0.997261,0
0.805023,0.489790,0
0.410670,1.477473,0
-0.060851,0.909514,0
0.555173,0.949321,0
0.430519,1.709814,0
0.878926,0.836701,0
1.683365,2.610713,0
2.649051,1.519305,0
0.416618,-0.545766,0
1.164074,0.194376,0
1.789212,0.998115,0
3.265423,0.987985,0
2.561455,1.056476,0
2.090330,2.671307,0
0.335149,1.956629,0
1.271434,1.392543,0
0.773991,-0.151126,0
-0.011682,-0.307935,0
-0.430139,1.185544,0
2.016055,0.147629,0
2.419637,0.103980,0
2.437631,1.608386,0
0.068933,2.989111,0
0.813663,0.553012,0
-1.072522,1.687512,0
1.540313,2.071416,0
-0.734203,0.968086,0
-0.057198,2.670674,0
0.355510,1.246294,0
1.374456,1.583273,0
0.461337,0.059991,0
-0.565429,-0.057794,0
-0.057258,0.084452,0
2.087020,-0.608838,0
2.129587,-1.210314,0
0.239606,1.106381,0
0.855622,1.380282,0
-0.257249,2.389277,0
1.544360,-0.024255,0
-0.803474,1.047746,0
0.358319,0.723247,0
-0.698754,-0.506739,0
0.352141,0.164153,0
0.541733,0.586116,0
1.645929,2.092863,0
0.843198,0.375215,0
1.519715,0.902502,0
0.757973,1.988260,0
1.698537,1.843771,0
1.114415,0.855657,0
0.680854,-0.283464,0
0.496851,-0.529992,0
2.046103,2.054528,0
1.290390,1.348020,0
1.064011,0.609223,0
0.268960,1.581676,0
0.096918,0.703094,0
-0.553814,-0.549502,0
-0.033074,1.586745,0
0.045893,-0.484734,0
-0.104899,1.353399,0
-0.143285,0.427560,0
2.889145,-0.795296,0
-0.441012,0.922115,0
1.430064,1.200004,0
1.300601,3.157171,0
2.413822,0.260298,0
1.756727,0.892065,0
2.133372,1.709323,0
1.066065,1.565528,0
0.468419,1.579732,0
0.652225,1.756968,0
2.189248,2.042727,0
2.092875,1.635683,0
1.590207,-0.488842,0
1.802010,2.043681,0
1.954849,-1.136243,0
-0.555017,0.732476,0
2.729538,1.600653,0
0.262811,1.257851,0
1.559899,2.787204,0
0.395681,-0.183784,0
1.299167,0.071425,0
0.864809,0.136930,0
3.785995,0.551908,0
-0.906287,-1.974506,0
0.287778,0.590933,0
0.902698,0.215725,0
1.595081,-0.120733,0
-3.231795,-0.853999,0
0.313540,1.556432,0
0.342343,-0.174201,0
-0.343325,3.376408,0
1.386065,0.609188,0
0.513268,1.195871,0
0.854605,0.626521,0
2.407398,1.413507,0
-1.680645,0.673058,0
1.772837,1.015594,0
0.614134,-0.343799,0
-1.650429,1.149916,0
0.040012,0.711313,0
0.466229,2.396712,0
1.118868,-0.468522,0
2.540645,1.698404,0
0.680575,0.197639,0
3.159460,0.766370,0
1.063719,-0.584327,0
0.209350,0.829500,0
0.531371,2.091589,0
0.026977,-0.652738,0
-0.828352,-0.977598,0
-0.909974,0.363718,0
2.589269,1.966171,0
0.047775,0.586760,0
1.562317,1.591239,0
2.398780,2.965305,0
1.350021,1.175117,0
-0.505297,0.741976,0
2.617866,0.287655,0
-0.221508,0.131855,0
-0.473914,1.138751,0
2.093772,-0.722537,0
-0.370974,1.168161,0
1.050406,3.117086,0
2.242748,0.170275,0
1.141158,0.387968,0
0.698343,-0.595661,0
1.491941,2.243929,0
1.973648,1.918671,0
-0.665560,0.961380,0
1.791585,1.767530,0
1.192507,1.291378,0
2.470543,0.723430,0
3.123184,2.134114,0
2.793218,0.743332,0
1.648965,-0.313007,0
0.148820,0.799891,0
-0.392168,1.686195,0
0.401782,2.124085,0
1.750782,1.002693,0
2.066963,0.648281,0
2.255653,0.303038,0
-0.305309,2.099387,0
0.813592,3.475612,0
1.199645,1.072907,0
-0.541931,1.257945,0
2.516703,2.716115,0
4.606502,0.252684,0
-0.303819,0.352628,0
2.015830,0.357924,0
2.462624,0.326888,0
0.656600,1.690912,0
0.476342,2.925099,0
0.801808,2.316351,0
0.220869,2.455489,0
0.609065,2.375175,0
1.281781,1.797038,0
1.375160,0.841226,0
-0.621648,0.514731,0
2.207773,0.693550,0
1.978531,1.021979,0
0.658057,1.684700,0
0.390686,0.036683,0
1.708373,0.191147,0
1.553644,1.666183,0
0.706684,2.772283,0
1.124066,-0.560670,0
1.027083,0.000820,0
4.593875,0.566228,0
-0.579888,1.939809,0
0.491282,1.034432,0
2.509989,0.132192,0
3.085002,0.719572,0
0.652405,3.702225,0
0.037465,1.524661,0
0.300721,1.791699,0
-0.166671,-1.161828,0
1.544690,-0.418017,0
0.276145,-0.617990,0
2.788799,2.289907,0
1.094799,1.006115,0
3.377817,0.527402,0
1.436076,1.747120,0
-1.245154,0.147735,0
0.754826,1.205516,0
0.312261,0.260191,0
0.504525,1.167244,0
1.293725,1.663736,0
-0.301593,1.520598,0
1.289501,2.313771,0
1.712973,0.226125,0
-0.380562,-0.785570,0
-0.421467,0.304710,0
2.135290,0.143704,0
-0.415599,0.328392,0
1.353447,0.738581,0
1.167844,1.027864,0
2.207152,0.556634,0
1.151585,0.675345,0
1.254053,1.814357,0
0.678685,0.415905,0
2.345996,2.203902,0
2.921021,3.000580,0
1.255532,1.376819,0
-0.715581,-0.125559,0
0.854811,0.108310,0
0.714208,1.806645,0
1.841150,0.021866,0
0.710554,1.017591,0
1.055872,0.659988,0
1.322442,2.024493,0
1.021607,1.678137,0
0.119199,0.678555,0
2.216232,1.696608,0
0.918036,0.774212,0
1.981755,-0.772123,0
0.187317,0.170967,0
1.644859,-0.845290,0
1.558468,-1.370937,0
0.481256,1.752849,0
-0.198773,1.172060,0
1.692309,0.350948,0
0.987057,0.654352,0
1.511151,2.241551,0
1.414263,-0.212417,0
1.308276,1.595287,0
2.229619,-0.731728,0
2.447276,1.173936,0
0.986595,1.967169,0
0.688540,0.700589,0
0.724682,0.196001,0
1.537262,-0.109192,0
-0.382987,1.484128,0
1.365997,-0.051215,0
1.148756,2.838063,0
2.823339,0.746172,0
-0.818898,0.696402,0
1.408975,0.608624,0
0.317832,-1.506580,0
2.134094,2.818971,0
1.845676,0.015254,0
-0.000338,0.744517,0
1.608842,0.366909,0
0.984173,0.135820,0
-0.497294,1.837715,0
0.822522,-0.687419,0
-0.595333,1.569664,0
0.259322,2.138234,0
0.728958,1.704055,0
1.148509,0.175946,0
3.156829,0.276454,0
2.916931,1.695813,0
3.423306,0.273850,0
-0.129883,3.053915,0
2.201471,2.375189,0
0.941565,1.888278,0
1.151491,1.954011,0
0.876252,1.177543,0
1.635052,0.124734,0
-1.783284,0.606420,0
-1.199566,0.965312,0
1.381524,0.946047,0
1.167675,2.824476,0
0.416960,1.516762,0
-0.397226,1.866022,0
0.818831,0.242995,0
0.133780,1.805274,0
0.671429,2.040889,0
-0.961444,0.586794,0
2.145660,2.475247,0
-0.805769,1.355482,0
1.245886,0.472344,0
1.018695,0.820205,0
0.449165,-0.771342,0
-0.252939,2.948023,0
0.333014,0.828041,0
0.542602,0.550601,0
2.847876,1.188195,0
1.865942,-0.317455,0
2.887906,1.410668,0
1.835161,1.102754,0
0.967359,0.265026,0
-0.252003,1.244547,0
2.139318,1.898183,0
2.514907,0.824152,0
1.790162,-0.461337,0
0.689273,0.684515,0
3.345543,0.264309,0
-0.157676,-0.157000,0
1.194726,-0.317710,0
1.585404,-0.030024,0
2.556497,-1.560975,0
0.202961,0.307969,0
2.757802,1.367393,0
0.359924,-0.707172,0
0.082062,1.056382,0
-0.395925,-0.094957,0
0.322126,1.075930,0
-1.061605,-0.816948,0
2.285267,0.642819,0
2.037354,1.769970,0
0.706560,0.779261,0
0.523731,-1.011725,0
-0.151055,1.735759,0
1.757092,0.045555,0
2.148782,0.569719,0
1.294041,0.749516,0
-0.417739,-0.713171,0
1.630695,1.280624,0
1.347974,0.242184,0
2.871037,1.610721,0
1.959463,0.881992,0
-1.209751,1.689014,0
1.238059,-0.120024,0
0.554011,1.611495,0
-0.087523,0.618310,0
-0.821970,0.263648,0
2.419637,0.164372,0
0.426309,3.838123,0
1.408312,1.347141,0
1.158538,0.785268,0
1.601217,0.745751,0
1.057435,2.024445,0
3.255018,-0.370365,0
-0.026291,1.353540,0
0.450637,0.748219,0
1.131825,1.176938,0
0.037961,1.335765,0
2.469973,2.473882,0
0.582023,0.169188,0
1.312982,2.841725,0
1.111398,0.721745,0
1.681818,1.650680,0
2.359448,0.813611,0
0.989392,0.117729,0
0.074106,0.586524,0
1.006732,0.105232,0
2.818179,2.774315,0
2.296408,1.484846,0
0.015867,0.634410,0
2.230281,0.074199,0
1.531615,0.659748,0
1.301987,-0.103627,0
1.398410,0.183362,0
-0.693670,1.147285,0
1.158104,2.620141,0
-0.360684,1.038965,0
-0.560956,0.051163,0
-0.517148,2.262825,0
0.797534,0.860189,0
1.993952,1.078090,0
2.217758,1.045281,0
2.545774,0.061639,0
1.858816,1.556814,0
1.344138,2.823448,0
-0.323218,0.501237,0
0.995995,1.544425,0
-0.968506,0.583935,0
1.200402,1.472698,0
-0.570185,-0.413303,0
2.031550,0.755891,0
0.839186,0.738742,0
1.133101,3.045319,0
-1.357725,-0.403059,0
2.966767,1.077480,0
1.076866,1.312704,0
2.281276,0.586636,0
-0.346162,-1.337311,0
1.509578,1.007893,0
1.017783,1.875764,0
1.999311,2.172338,0
0.688665,2.318330,0
2.502757,1.780615,0
-0.240439,1.773282,0
0.615368,-0.503175,0
2.568494,0.427061,0
-0.282480,-0.204653,0
1.270163,0.732739,0
0.050632,0.106228,0
-0.540109,1.086824,0
1.246720,1.115008,0
1.321482,1.514834,0
2.986207,-1.787410,0
1.590760,1.931306,0
1.257449,0.420133,0
1.534607,0.157020,0
1.532665,-0.728513,0
2.924019,1.156051,0
0.552048,1.464469,0
1.413929,-1.138434,0
-0.394689,-0.704147,0
-1.278611,-1.045139,0
-0.538994,0.918102,0
1.148120,0.591399,0
2.285247,0.060120,0
0.850131,1.917557,0
1.454154,-0.236004,0
1.514300,-1.153282,0
2.464892,0.473857,0
1.958697,-0.563962,0
4.044171,0.840407,0
1.991739,1.297487,0
-0.282042,-0.338996,0
-0.113585,1.226424,0
0.502210,-0.061665,0
1.094524,1.641199,0
0.882208,0.393736,0
1.274335,1.463224,0
-0.158748,0.763862,0
-1.101029,1.276932,0
-1.886050,1.196100,0
1.983174,0.862472,0
-0.139403,-0.817899,0
0.469501,1.147062,0
1.419749,1.237098,0
0.982783,0.539312,0
1.235284,1.345942,0
1.536237,0.359742,0
-0.215796,0.813165,0
1.104605,0.491393,0
0.667222,0.568810,0
-0.153505,-0.595131,0
3.250084,2.129998,0
2.452724,1.885413,0
1.691577,0.807015,0
2.555457,-1.527683,0
2.749588,0.482125,0
-0.042938,-0.103528,0
0.206510,1.475175,0
1.811837,0.522558,0
1.671677,1.002512,0
2.249208,-0.005124,0
1.647449,0.253471,0
0.539145,1.076556,0
-0.543899,-0.614823,0
-1.114324,2.117880,0
0.762544,1.325845,0
-0.889803,0.977597,0
0.269485,0.472506,0
1.045713,-0.232360,0
0.901952,0.147670,0
0.479148,-0.688937,0
2.315352,0.755265,0
1.155618,0.879367,0
0.246423,0.818988,0
0.889345,1.236726,0
-1.305579,-1.593582,1
-1.002439,-1.579071,1
-1.729569,-1.813052,1
-2.167653,-1.654763,1
-2.760346,-0.347133,1
1.658055,-0.178656,1
0.148128,-0.753344,1
-0.654883,-0.457786,1
-0.068026,-2.149842,1
0.002954,-0.598108,1
-0.728754,-1.165575,1
0.755746,-1.992557,1
0.622344,0.008251,1
-1.161021,-1.175519,1
-1.749985,0.219032,1
-0.403831,-1.741700,1
-1.737565,-0.860145,1
-1.295569,-1.452324,1
-2.194155,-0.146769,1
-0.717187,-2.202475,1
-0.879309,-2.259410,1
1.164921,0.354631,1
-1.261080,-1.261368,1
-2.072434,-1.829522,1
-2.695220,-1.668081,1
-0.841593,0.515918,1
-1.246918,0.370531,1
0.319180,-0.580477,1
0.604749,-1.832766,1
-0.828570,-0.780695,1
-0.303179,-1.531574,1
1.814736,-3.737576,1
-1.122977,-1.088438,1
-3.864451,0.205065,1
-0.222188,0.192716,1
-1.974560,-0.230599,1
-1.183403,-3.227625,1
-0.152144,-0.550123,1
-0.135592,-0.402889,1
1.179360,0.600715,1
-1.887590,0.011127,1
-1.171582,-0.739804,1
-1.294491,-1.045760,1
-2.480051,-1.558983,1
-1.853689,-3.940006,1
-1.186922,-0.975655,1
-1.852386,0.074552,1
-2.591919,-0.752933,1
-0.828681,-1.446102,1
-1.700994,-0.218516,1
0.056113,-1.028026,1
-0.820620,1.032059,1
-0.497247,-0.630136,1
0.731590,-2.140828,1
-1.688300,1.180993,1
-1.441949,-1.604005,1
-1.406968,-1.048963,1
-1.112431,-1.132964,1
-0.895048,0.505897,1
-0.404570,-2.480086,1
-1.213886,0.463531,1
-1.371950,-1.726262,1
-0.226419,-0.057323,1
1.125241,-2.198422,1
-1.410111,-1.788829,1
-0.725999,-1.374149,1
1.878940,-0.244126,1
0.437881,-1.843718,1
0.855046,-2.337727,1
-1.755784,-0.386900,1
-0.576569,-0.154428,1
-0.414084,-1.670119,1
-2.780121,-2.331630,1
-1.778168,0.326354,1
1.717405,-1.266960,1
-0.012984,-2.954071,1
0.280321,0.328619,1
1.077423,-0.284679,1
-2.221609,-0.501576,1
0.148280,-1.921378,1
-1.349153,0.101500,1
-0.970577,-0.850907,1
-1.499069,-0.708188,1
-1.565542,-1.282263,1
0.607308,-1.784876,1
-0.959459,0.656805,1
1.051566,-0.748971,1
-2.620994,0.773615,1
-1.954421,-0.773982,1
-1.654547,-0.073874,1
-1.713769,-2.075412,1
0.496430,-0.207152,1
0.960457,-1.066833,1
0.042342,-1.270609,1
-0.370924,-0.688390,1
-0.561962,-0.443871,1
1.310891,-0.988411,1
-1.861873,0.216238,1
0.585652,-1.901143,1
-1.234697,-2.277899,1
1.545643,0.020127,1
0.692475,-0.883974,1
-1.476318,-1.454069,1
-1.262592,-0.072100,1
-0.778136,-2.379230,1
0.938774,-1.943588,1
-1.842367,0.319632,1
0.117923,-2.847501,1
-1.980769,-0.678173,1
-0.353402,0.427051,1
-2.117126,-0.184155,1
-1.377869,-0.953898,1
-1.571826,-2.174118,1
-1.540154,-2.496252,1
-0.280900,-1.854015,1
-2.410901,0.272918,1
0.384488,-0.647831,1
-0.489547,-2.281193,1
1.004287,-3.650935,1
-0.736725,0.072576,1
-0.795224,-1.437203,1
-1.822498,-1.332862,1
-1.783683,-0.180321,1
-0.179060,-0.457294,1
-0.716575,-1.671265,1
-0.408935,-0.859072,1
-0.330310,-1.175575,1
-1.144854,-3.593726,1
-0.142588,-0.887321,1
-0.245677,0.061712,1
-0.638777,-1.678113,1
0.544217,-2.151941,1
-0.570031,-0.860821,1
-0.712953,-1.048833,1
-0.341618,0.678565,1
0.132560,-0.443692,1
-1.146849,-0.649152,1
-0.813796,-1.117540,1
-1.696577,-0.785896,1
-0.439598,-1.166357,1
0.325190,-1.992622,1
-1.059710,-1.419733,1
-2.783229,-0.742756,1
-2.458734,-1.172564,1
-1.254689,-1.846649,1
-2.724831,-2.159524,1
-2.775446,-0.650135,1
-0.209970,-0.704225,1
-0.730577,-0.308924,1
-1.344700,-1.973037,1
-3.292550,-2.521314,1
-0.876301,-2.140755,1
-1.754458,-2.567614,1
2.171123,-1.024119,1
-1.868886,-2.168469,1
-3.174360,-0.902572,1
-0.852605,-0.470626,1
-3.296065,-1.723811,1
-0.585670,-1.885819,1
0.782425,-0.328453,1
-0.474258,0.023393,1
-1.212129,-0.720420,1
-1.325434,-0.032598,1
-2.021634,-0.630118,1
1.518811,-0.170216,1
-0.358329,-3.586774,1
0.350338,-3.533828,1
-0.761033,-0.648891,1
-1.967929,-0.015619,1
-1.356843,-1.609190,1
-0.278514,-0.551352,1
0.003610,-0.475400,1
0.857510,-0.937440,1
-1.034862,-0.326668,1
-1.114948,-1.419933,1
-0.331492,-1.081674,1
-1.754607,0.113118,1
-0.259976,-1.837900,1
0.334261,0.435086,1
-0.453221,-0.668641,1
-1.536200,-1.406102,1
-0.875834,-2.340927,1
-0.639035,-1.117410,1
-2.065742,-2.530961,1
0.015079,-0.952950,1
-1.475323,-1.570419,1
-0.882113,1.385154,1
-0.311647,-0.884842,1
-2.112822,-1.466464,1
-0.972909,-1.516195,1
-3.032905,-3.111310,1
-1.176920,-1.723277,1
-3.185050,-2.959812,1
-1.835462,-1.182363,1
-0.338397,-1.341100,1
-2.177484,0.965235,1
-0.439039,-2.545383,1
-0.960976,-2.241260,1
-2.920713,0.473351,1
-2.950745,-2.179378,1
0.916090,0.056437,1
-1.649985,-1.298015,1
-1.040638,-2.252803,1
-0.711023,-0.984588,1
0.453790,0.682082,1
0.168418,-2.129419,1
-1.051201,-2.448887,1
-1.201259,-2.357736,1
-0.663270,-1.432571,1
-0.980850,-1.641966,1
-0.785984,-2.101680,1
-0.047756,1.309825,1
-1.349676,0.159706,1
-1.062223,-1.479953,1
-0.407419,-0.988662,1
-2.108035,-1.113546,1
-1.758562,-0.462627,1
-0.529100,-2.511640,1
0.496799,-0.129109,1
-0.111096,-0.735760,1
-2.087034,-1.676293,1
-1.635051,-0.895089,1
-1.419006,1.671684,1
-1.605216,-0.439261,1
0.474952,-0.019862,1
0.253264,0.009887,1
-0.090088,-1.002841,1
-1.330026,-0.814639,1
-1.408751,-0.001906,1
-1.165686,1.501009,1
-0.887257,-0.700279,1
-0.097829,-1.290338,1
-1.339864,-2.750030,1
-0.664936,-0.810406,1
-2.489933,0.602035,1
-2.152117,-1.046898,1
-0.497261,-0.216152,1
-0.311155,-0.543833,1
-3.564796,-2.377077,1
0.306357,-0.839006,1
-0.929255,0.038641,1
-1.807389,0.275145,1
-0.902442,-1.390787,1
-1.851871,-1.665726,1
-1.334399,-1.353633,1
-1.840553,-1.541036,1
-0.137215,0.092222,1
-0.083510,-1.140972,1
-2.494123,-1.898263,1
-0.787204,-1.398591,1
0.028459,-1.436323,1
-2.155340,1.518972,1
-0.961116,0.655010,1
-2.223349,-0.304348,1
-0.017124,-1.022435,1
-1.374746,-0.045704,1
-2.504376,-2.399149,1
-0.517465,-1.837591,1
-0.363299,-0.029192,1
-1.408373,-0.310350,1
-2.537163,-0.908605,1
0.178912,0.269254,1
-3.154032,0.406026,1
-0.902132,-1.591933,1
-1.150137,0.953366,1
-0.008397,-2.212048,1
0.344164,-0.580314,1
-1.109198,-2.075885,1
-0.400460,-0.842206,1
0.127738,-2.515188,1
-1.644981,-0.634819,1
-0.475036,0.997864,1
1.298531,-1.499965,1
-2.212935,-0.004599,1
-0.486390,-1.762750,1
-0.508631,-0.121114,1
-1.223871,0.438875,1
-2.416813,-1.885528,1
-1.881527,-1.578938,1
-1.408156,-0.707420,1
-2.418369,-2.017152,1
0.015847,-1.652627,1
-1.630604,0.880881,1
0.585771,-1.819177,1
-1.450509,-0.495237,1
-1.105520,-0.741560,1
-1.416409,-2.761723,1
1.734262,-2.406104,1
0.250343,-1.256274,1
-0.390470,-2.004148,1
-1.063307,0.263360,1
-0.151484,-2.423889,1
-2.181444,-1.856114,1
-0.084505,-0.611214,1
-0.388709,-1.776992,1
-1.198056,-0.357576,1
-0.743676,-0.152007,1
-0.016947,-0.557036,1
-1.746457,-2.426743,1
0.443133,0.298403,1
-1.132739,-0.569456,1
-0.576299,-1.673583,1
-0.575091,-2.068088,1
-1.157250,-3.185478,1
-0.533454,-0.906289,1
-0.929208,-0.077918,1
0.509055,-3.177364,1
-0.233637,-1.355727,1
-0.850692,-0.487508,1
-1.586074,0.037511,1
-2.735544,0.287138,1
-2.072176,-1.539909,1
0.048353,-0.972412,1
-0.929279,-0.015603,1
-0.592298,-1.011878,1
-0.911887,-2.030182,1
0.381854,-1.390718,1
1.008626,-0.318298,1
-1.343034,-0.033861,1
-0.998509,1.584033,1
-2.088109,-1.549311,1
-0.695466,-0.906663,1
-1.986167,-0.979320,1
-1.713546,-0.841896,1
-0.219098,-1.156834,1
1.732849,-1.688622,1
-3.560410,-1.561588,1
-1.532533,0.323088,1
-1.480081,-3.878569,1
-0.508896,0.086991,1
-2.318348,-0.484541,1
-1.771958,-2.372416,1
-2.415797,-1.209608,1
-2.130142,-2.400151,1
1.010839,-0.450947,1
-0.835021,-0.592823,1
-1.625453,-0.825800,1
-1.294830,0.648367,1
-0.746607,-1.021773,1
-0.310369,-1.607436,1
-1.804821,-2.452972,1
-0.898256,-0.952903,1
-1.335243,-1.346694,1
-0.523381,-1.551145,1
-0.759723,-0.314745,1
0.062943,-0.040660,1
-0.174963,-0.998852,1
-0.270642,-1.089497,1
-2.287763,-1.084122,1
0.134231,-0.437486,1
-1.041932,-0.540244,1
-1.496432,-0.156090,1
-1.114716,-0.803446,1
-0.151338,0.151131,1
-1.411217,-1.776866,1
-0.330281,-0.299963,1
-1.710320,-0.582419,1
-0.696421,-0.717166,1
-2.012810,-0.942279,1
-1.066879,-1.454694,1
-0.113604,-1.262708,1
-1.141930,-0.723905,1
-1.831120,0.515661,1
1.095327,0.437204,1
-1.987198,-2.197446,1
0.429188,-1.477067,1
-0.520855,-1.533070,1
0.796096,-1.248337,1
-1.755138,-1.567404,1
0.021567,-0.211849,1
-1.040522,-0.577728,1
0.652846,0.139411,1
-1.184989,-1.733550,1
-1.305909,-0.559736,1
-1.362891,-1.681596,1
0.923002,-1.864910,1
-3.404830,0.433920,1
1.357014,0.917133,1
1.015391,-1.858178,1
-4.047390,-1.177672,1
-1.742155,-1.475892,1
-1.193931,-0.225051,1
-0.588864,-1.580796,1
-0.595713,-1.343995,1
-0.219551,-1.281461,1
-1.651676,-2.383916,1
-2.417093,-1.924467,1
-1.458758,-2.994076,1
-0.495929,-1.974192,1
-0.712377,0.078277,1
1.618005,-0.683776,1
0.030690,0.411915,1
0.509921,0.035776,1
-0.696592,-1.765038,1
-2.778136,0.330931,1
-2.971474,-1.276741,1
-0.791965,-0.305519,1
-0.168739,-0.680953,1
-1.308948,-1.435577,1
-1.832765,-1.475105,1
-1.569464,-1.091711,1
-1.493289,-2.429039,1
0.201460,0.374805,1
-1.733164,-0.906026,1
-2.972455,-2.944821,1
-0.531650,-0.119958,1
-1.366199,-0.392678,1
-2.632598,-1.793930,1
0.997709,-0.635302,1
0.269476,-1.621270,1
-1.282210,-0.518084,1
-1.305839,-1.318485,1
-1.047234,-0.976407,1
-1.722617,-2.267704,1
-2.519878,-0.669565,1
-0.723933,-2.926535,1
-1.558367,-0.044847,1
-1.234876,0.851737,1
-0.221185,-0.262105,1
-1.559817,-1.484811,1
-0.012080,-0.409229,1
-0.852271,-2.085567,1
-2.144934,-1.027998,1
-1.569538,-0.610396,1
-0.827490,0.279435,1
-0.957032,1.013310,1
-0.473626,-1.266727,1
0.085854,-2.424741,1
-1.349656,1.347811,1
-2.350410,0.330286,1
-0.555449,1.548949,1
-1.487770,0.443889,1
-1.657097,-0.475083,1
-0.724741,-0.466728,1
-0.547543,-1.397043,1
-1.069053,-0.030571,1
0.049284,-1.404647,1
-1.927740,-1.862647,1
0.364644,0.536733,1
0.077187,-0.322027,1
-1.367809,-0.581950,1
-2.876878,-1.344205,1
-0.580315,-3.268170,1
-0.409218,1.240259,1
-2.192901,-0.104585,1
0.349446,0.313986,1
-2.277801,-1.293826,1
-1.599465,0.219155,1
2.011022,-1.388369,1
-0.042805,-0.065376,1
-0.856253,-1.021789,1
-0.410139,-0.892828,1
-0.924957,-0.305700,1
-2.237919,1.324030,1
-2.408292,0.405472,1
-1.403172,0.074880,1
-0.400819,-2.086665,1
-2.448696,-1.009913,1
-1.507900,-1.228920,1
-1.398035,-0.942400,1
-2.872214,0.603452,1
-1.380548,-0.336216,1
-0.400272,-1.103919,1
-1.535197,-3.060365,1
-1.573294,1.020510,1
-0.547011,-0.379866,1
-1.473775,-0.597029,1
-1.041292,-1.567020,1
-2.227645,-0.029971,1
-1.829651,1.917562,1
-1.486819,-1.702715,1
0.472420,-0.659754,1
-2.276977,0.147089,1
-0.566791,0.244520,1
-3.731224,-0.347507,1
-0.264695,-0.838118,1
-2.602206,-1.466115,1
-0.179604,0.805438,1
-0.374196,-0.507948,1
-0.482974,-1.358391,1
-2.589609,-1.477631,1
-1.482820,-0.696999,1
-1.620937,-1.249687,1
0.307728,-1.569879,1
-0.661192,-1.472405,1
-0.458121,0.636680,1
-1.363288,-0.392844,1
-2.732232,-4.221675,1
-1.167184,0.415189,1
-2.015712,-0.098312,1
-2.880898,-1.169006,1
-0.842766,-1.002622,1
-0.706156,-1.933288,1
-0.885540,-0.003899,1
0.640793,0.485896,1
-1.012168,-1.395478,1
-3.620867,-0.150102,1
0.516701,-2.868029,1
-3.511142,-2.192841,1
-1.131835,0.267105,1
-1.318776,-0.355336,1
0.103994,1.273377,1
-1.458824,0.514647,1
0.298759,-0.903649,1
-0.823513,-1.333817,1
-3.697679,1.111040,1
0.647896,1.172834,1
-2.393157,0.408321,1
-1.355805,-1.141870,1
-0.981522,-1.815502,1
-1.943762,-2.326708,1
-0.990450,-1.842183,1
-0.733531,-0.407058,1
0.219267,-3.250605,1
-1.234808,-2.016124,1
-1.721459,-0.780145,1
0.752990,-0.366345,1
-3.616027,0.772398,1
-1.616049,0.897359,1
-0.112342,-1.168732,1
-0.964209,-3.134635,1
-0.403637,-2.297741,1
-0.092079,-2.000720,1
-1.671341,-0.808043,1
-0.944318,-1.737397,1
-0.794250,-2.079321,1
-1.514565,-0.690775,1
-0.099020,-1.048389,1
-1.445931,0.337382,1
-1.243021,-0.211592,1
-0.592970,-2.232198,1
-2.343874,-1.304713,1
-0.765410,-0.552238,1
-1.419282,0.467409,1
-1.497099,-1.720698,1
-1.537231,-0.693532,1
-2.037738,-2.142317,1
-1.329019,-2.567166,1
-0.011093,-2.040879,1
-1.770431,-1.268939,1
-1.111181,-2.590657,1
-3.192322,-0.624105,1
-0.138265,-2.416232,1
-1.889346,-1.958818,1
-0.565051,-1.862498,1
-1.817777,-1.634559,1
0.634256,-0.720999,1
-2.062052,0.773945,1
-0.615541,-1.443503,1
-0.357549,-0.453055,1
0.564148,0.353624,1
0.231118,-2.765276,1
-1.997748,0.272706,1
-0.432800,-2.142734,1
-0.888423,-1.614424,1
-2.280375,-0.397126,1
-1.062996,-3.381619,1
0.389013,-0.795584,1
0.488136,0.074477,1
0.873106,-1.053071,1
-2.014998,0.332107,1
-0.854413,-0.870442,1
-1.103519,-1.864518,1
-2.289122,-3.025291,1
0.908977,-0.618247,1
-1.841534,-0.479485,1
0.047262,-1.159859,1
-1.710878,-1.633160,1
-1.005106,-0.678225,1
-0.922641,-5.345504,1
-0.331311,0.250130,1
-1.738565,-1.086170,1
-0.573114,-1.279569,1
-0.138103,-0.669669,1
-1.232533,-0.901763,1
-1.190013,0.040161,1
-0.946440,1.599286,1
0.346342,-2.467422,1
0.519854,-1.194345,1
-0.599658,-1.219854,1
-0.591659,-1.752911,1
0.859663,-1.120977,1
-1.432838,-2.202005,1
-0.957872,0.313935,1
-1.404203,-1.430788,1
0.671260,-0.917517,1
-1.125417,0.703355,1
-0.340083,-3.211715,1
-1.050832,2.151694,1
0.581395,0.617267,1
-1.025005,-1.566372,1
-2.410884,0.533877,1
-0.788880,0.572637,1
-0.409666,-1.793890,1
-1.628833,0.204990,1
-0.549914,-0.741642,1
-0.002857,-0.736165,1
-0.090229,0.716974,1
-0.769104,-2.114593,1
-1.085840,0.710454,1
-1.845794,1.084208,1
-1.272662,-0.269928,1
-0.183547,-0.509932,1
1.412309,-2.109169,1
-1.770962,-0.362035,1
-1.709332,0.417975,1
-2.617764,-1.339458,1
-1.519660,-1.822401,1
-0.786724,0.402710,1
-0.996421,-1.556904,1
-0.542326,-1.451293,1
-0.731791,-1.074785,1
-1.358733,0.358077,1
-2.065184,1.069869,1
-0.072729,-0.811566,1
-1.594945,-0.226196,1
-0.878775,-1.615562,1
-2.146345,1.245726,1
-0.371594,-1.179021,1
-1.087646,0.021240,1
-1.363951,-1.651856,1
-0.301204,-1.854920,1
0.577462,-0.714328,1
-0.636852,-1.474012,1
-1.742139,-1.034324,1
-1.627088,-1.430193,1
-2.329788,-0.969114,1
-2.737882,-0.381320,1
-1.016949,-2.042883,1
0.372714,-2.040150,1
-1.505749,-2.297812,1
0.099210,-1.589097,1
0.295596,-0.687842,1
-0.803431,-2.886485,1
0.113175,-1.565949,1
-1.447820,1.240324,1
-1.619734,-2.236619,1
-0.822541,-1.989827,1
-1.905813,-0.935526,1
-0.863270,-1.217099,1
-0.929102,0.102947,1
-1.113575,-3.193039,1
-0.826644,0.422519,1
-1.831859,-3.407778,1
-0.994022,-2.284870,1
1.222593,-2.046396,1
-1.148871,-2.156520,1
-1.616086,-0.950470,1
-2.316353,-1.291770,1
-2.395377,0.311777,1
-1.734185,-1.233077,1
-1.309814,0.015994,1
-2.128750,0.087399,1
-0.380683,-0.360756,1
-1.312645,-0.594178,1
-2.104547,1.525276,1
-0.416966,-1.964002,1
-1.286403,0.436590,1
-1.452296,-1.731266,1
-0.862086,-0.419187,1
0.507884,-0.955853,1
-1.620850,0.417752,1
-0.545760,-0.822071,1
-1.310568,-1.340508,1
0.816567,-1.213738,1
-1.089970,0.033566,1
0.298596,0.985015,1
-3.951714,-0.385289,1
0.529861,-0.541572,1
0.411095,-0.408215,1
-1.562163,-0.546732,1
-0.450891,-1.116577,1
-0.471067,-1.454364,1
-0.446705,-0.976650,1
-0.588532,-1.746167,1
-1.171718,-0.236681,1
-0.419152,-1.823779,1
-1.691463,-2.654812,1
-1.368929,-1.005221,1
-0.479547,-1.479185,1
0.358541,-2.050720,1
-1.456396,-2.325617,1
-2.174829,-0.830538,1
-1.586682,-2.988924,1
-1.993370,-0.318570,1
0.471612,-2.083238,1
-0.335371,0.479357,1
0.653163,-0.272191,1
-1.150555,-0.848457,1
-0.425829,-1.346513,1
0.255804,-0.135301,1
-0.067505,-0.499437,1
0.796830,-0.961210,1
-2.399435,-1.718060,1
-1.122519,0.941561,1
0.948258,-2.133816,1
0.461185,-2.052946,1
-0.322497,-1.918261,1
-0.092378,-1.507601,1
-1.081070,-1.314040,1
-1.700512,-0.630798,1
-1.594331,-0.532124,1
-1.912681,-0.694711,1
-1.073831,0.162655,1
-1.433364,-3.317122,1
-0.969925,-1.843066,1
-2.609264,0.707664,1
-2.687948,0.588346,1
-1.746155,-1.697990,1
-2.030407,0.560214,1
-1.570021,-1.558240,1
-1.247960,-0.744374,1
-1.805958,-0.180978,1
-0.712105,-1.883668,1
-1.459741,-0.718762,1
-0.717821,-1.614120,1
-2.464530,-0.871155,1
-3.065218,-1.635355,1
-0.881421,-1.643781,1
0.179306,-1.083631,1
-0.163112,-3.326296,1
-0.835773,0.279646,1
-1.636417,-1.696907,1
-1.566069,-0.672925,1
0.282332,-2.502813,1
-0.829361,-0.778089,1
-0.913326,-2.019957,1
0.167233,-0.395820,1
-0.711715,-3.033233,1
-0.491274,-0.956040,1
0.136340,-0.722717,1
1.339614,-1.283227,1
-1.557780,0.206857,1
-0.554197,-1.492268,1
-2.420811,1.090324,1
-0.657834,0.531105,1
-2.615253,-0.832945,1
-0.411156,-0.370447,1
-1.741174,-1.269466,1
-1.537220,-1.453820,1
-1.012553,-1.474563,1
-0.679484,-3.512877,1
0.387461,-2.271849,1
-1.355191,-3.102640,1
-1.625074,-0.123988,1
0.867758,-0.373860,1
-1.938101,-1.849482,1
-0.869684,0.204752,1
-0.500786,-1.065311,1
-1.889126,-2.671966,1
0.065073,-0.426205,1
-0.765765,-2.334956,1
-0.302061,-0.720763,1
-1.325124,-1.740695,1
-1.007535,-0.789505,1
0.004442,-0.259235,1
-2.036228,-1.178602,1
0.428699,-1.116745,1
-0.406907,-2.116482,1
0.224877,-0.323629,1
-2.115952,0.015837,1
-1.554423,-2.245303,1
-1.691744,-1.567047,1
-1.646343,-1.954462,1
-2.807364,-0.800423,1
-0.051362,-1.052810,1
-0.454694,-0.467340,1
-0.358887,-1.854394,1
-0.784097,0.889874,1
-1.167751,-2.401507,1
-0.356202,-1.214234,1
-0.259639,-0.428322,1
-1.375185,-1.380514,1
-0.973206,-1.800283,1
-2.620478,0.059031,1
-0.355435,-0.940478,1
-1.477366,-1.203024,1
0.693717,-1.151769,1
0.668323,-1.637086,1
-1.394082,-0.210474,1
-2.359735,0.287200,1
0.029848,-1.222329,1
-2.421509,-1.501580,1
-1.033617,-0.281734,1
-1.308852,-2.096577,1
-2.067294,-0.199859,1
-1.310676,0.975439,1
1.144640,-0.624158,1
-3.327814,-2.224187,1
-1.935265,-0.048652,1
-1.064584,-1.166033,1
-0.011345,-1.324550,1
-1.106856,-0.702948,1
-2.455095,-1.219142,1
-0.703970,-0.457874,1
-1.760743,-0.912089,1
-0.855743,-0.747956,1
-1.841310,-0.895919,1
-3.527345,-1.301026,1
-0.417635,-2.030873,1
-2.888139,-1.390542,1
-1.341354,0.140373,1
-0.167209,-1.948031,1
-1.194032,-1.521270,1
0.205560,0.650928,1
-2.233849,-2.269663,1
-1.996895,-0.893397,1
-0.003041,-0.356797,1
-0.579349,-2.429066,1
-1.674910,-1.931469,1
0.094793,-0.881788,1
-1.287815,-0.845954,1
-1.093386,-2.494763,1
-0.097084,-1.711562,1
0.860337,-1.750731,1
0.855368,-0.053156,1
-1.819527,-0.180344,1
-0.492167,-1.436018,1
-1.401423,-0.613664,1
-3.280488,-0.327404,1
-0.832757,0.429472,1
-0.725071,-0.944252,1
-1.175800,0.446624,1
-2.743988,-1.995878,1
-0.482046,0.020077,1
-0.307787,-0.239672,1
-0.260853,-1.859932,1
-0.985443,-1.729123,1
-2.607223,-2.513857,1
-1.219795,-0.925817,1
-2.876724,-2.189003,1
0.048713,0.373098,1
-1.604305,-2.088854,1
0.076402,0.343230,1
0.455125,-0.661615,1
-0.115421,-0.935350,1
-0.283244,0.237152,1
0.253980,-1.759977,1
-1.542313,-1.071447,1
-1.538841,0.161008,1
-1.054488,-1.915843,1
-2.166417,-0.634261,1
0.225764,-0.577089,1
-0.851896,-2.135467,1
-0.337571,-0.859225,1
0.678428,-0.543385,1
-1.969334,-2.075253,1
0.064908,-0.260960,1
-1.243480,0.423923,1
-2.340729,-1.505851,1
-0.731276,1.152794,1
-1.321856,-0.326001,1
-1.569276,-1.043658,1
-0.971248,-1.603260,1
-0.823363,-0.924036,1
-1.026828,-0.856584,1
-2.296320,-0.589838,1
-2.661527,-0.035704,1
-0.278254,-0.851873,1
-0.068111,-1.598956,1
-1.463774,-1.852928,1
-1.289433,-0.776673,1
-0.518452,0.408289,1
-1.124435,-1.776605,1
-0.544158,-0.578372,1
0.563468,-0.995493,1
-3.085692,-0.817195,1
-2.390414,-1.705354,1
-0.353589,-0.963025,1
-1.679166,-1.093027,1
-2.053229,0.986042,1
-1.635595,-0.455676,1
-2.628539,-0.850824,1
-0.815910,-1.529533,1
0.371757,-2.688036,1
-0.908796,0.525507,1
-1.056199,-3.091036,1
-1.019234,-0.031640,1
-1.500187,-0.318543,1
0.182184,-0.813506,1
-2.515481,-1.895749,1
-0.353196,-0.854005,1
-2.017865,0.099571,1
-1.584810,-1.196978,1
-1.348079,-1.210847,1
-3.182428,-1.206044,1
-0.534891,-0.829960,1
-0.398522,-1.261814,1
-1.148489,-0.056925,1
-2.063530,-1.250917,1
-1.337419,-2.322155,1
-1.643703,-0.633714,1
0.207790,-0.630315,1
-1.835932,-0.869208,1
-1.122286,-2.221213,1
-2.342049,-0.848138,1
-0.210741,-0.631355,1
0.039959,-0.033364,1
-2.123966,-0.424118,1
-0.889166,-3.389229,1
-1.852411,-2.332006,1
-1.724713,-1.166884,1
-1.035364,-0.235810,1
-0.425641,0.749951,1
-1.194396,-1.492283,1
-0.198758,-2.578320,1
-0.968572,-1.251056,1
-1.544683,-1.050096,1
0.446795,-0.777069,1
-2.583634,-0.911742,1
-1.801025,-0.066565,1
-0.979069,-1.753578,1
-1.208569,-0.459780,1
0.518942,-0.469068,1
0.831466,-1.383657,1
-0.639711,-1.101921,1
0.486624,-0.555081,1
0.039632,-3.474447,1
-0.137217,-0.272920,1
-0.604190,0.438560,1
-0.691259,-1.642376,1
-1.585829,-0.978678,1
-2.064687,0.131445,1
-2.065512,-1.765750,1
-2.258301,-0.161304,1
-1.312470,-2.420147,1
-0.612787,-0.155004,1
-1.654647,0.608757,1
-2.058413,-0.905612,1
-1.133947,-2.666996,1
0.171962,-1.146452,1
-0.970645,-1.743773,1
1.163584,-2.041726,1
-0.396641,-1.960647,1
-2.126449,1.338953,1
0.206439,-1.964853,1
-0.065093,-0.562362,1
-1.796168,-1.006187,1
-1.362627,-1.344204,1
-0.864834,-1.348260,1
-0.692857,-0.160647,1
-1.140758,0.436096,1
0.889958,-2.122980,1
-2.930548,-0.864480,1
-2.268204,-2.602854,1
-0.860423,1.205790,1
-2.487562,-0.594799,1
-2.072339,0.246463,1
-1.586359,0.392580,1
-1.574355,1.527294,1
-0.197310,0.701976,1
-1.524795,-2.854142,1
1.383412,0.597029,1
-0.078576,-1.695769,1
-0.159795,-2.405071,1
-0.604750,-2.079034,1
-0.216396,-1.259905,1
-2.583874,0.151613,1
0.327213,-0.020080,1
-1.095489,-0.853945,1
-1.240454,-1.987824,1
-1.285616,-1.714131,1
0.068956,-0.999774,1
-1.011240,-0.899807,1
-2.971153,-3.023444,1
-2.454075,-1.329650,1
-1.975149,-2.708035,1
-0.917977,1.547846,1
1.293099,-2.097588,1
-1.177051,-0.605551,1
-0.527320,-3.559909,1
-0.630427,-2.189795,1
-1.644507,-0.760909,1
-0.601456,-0.860867,1
-1.583897,-1.947773,1
0.363919,0.000420,1
-1.006943,-1.993790,1
1.766845,-0.872407,1
-0.580517,-0.493137,1
-1.185895,-0.988901,1
-1.437362,-1.890011,1
-1.331357,-1.998715,1
0.630309,-1.099653,1
-0.637585,0.318389,1
1.335491,-2.022933,1
-0.281182,-0.028586,1
-2.749408,-1.670035,1
-0.370687,-1.581078,1
-1.950210,-1.318688,1
-1.913789,-0.855686,1
-0.998969,-0.291337,1
-1.068565,0.286627,1
-2.092163,-1.009179,1
-0.340950,-1.497575,1
-0.238674,-0.152967,1
-1.602904,1.120582,1
-0.413034,0.436297,1
1.232020,0.667490,1
-0.008191,-0.302727,1
-1.570808,0.046862,1
