1.519203,0.737320,-0.206203,-1.927946,0.853832,0
0.841460,-0.898864,0.853897,1.315652,0.302017,0
1.757175,3.080798,0.366647,0.819006,3.526801,0
0.508803,2.168233,1.608478,1.767673,2.417018,0
1.142931,1.558847,3.935982,1.889795,3.214478,0
3.124422,3.087981,2.689938,2.304107,0.118702,0
0.664736,-0.673750,0.778218,1.519400,0.437752,0
2.515054,-1.681691,2.360867,4.040861,0.336096,0
-0.489988,-0.721550,2.104179,0.760435,1.266031,0
-1.795547,1.736221,-2.940403,0.736609,-2.211463,0
-0.628682,0.257486,4.383119,0.847433,1.789927,0
0.870412,1.006663,-1.487701,-1.147685,2.447826,0
3.462267,3.178324,-0.432161,0.690095,-1.817071,0
0.344237,4.223296,1.717212,-1.018893,-1.851366,0
-2.706215,0.955366,3.116276,-0.329348,3.033128,0
0.197231,-1.798661,3.255201,4.548333,2.457811,0
5.452810,-0.474474,0.377150,0.920227,1.044537,0
2.082014,-2.776207,2.964561,3.984790,-0.059960,0
0.894889,1.390482,3.181247,4.957299,0.597947,0
-0.759732,-1.274164,-0.434119,1.708348,-0.489811,0
2.986614,-0.240923,0.860716,3.697861,0.436161,0
1.260442,4.406835,1.565372,1.550099,2.176150,0
-1.220022,2.995365,1.098522,0.422807,1.757034,0
-0.227859,1.330513,-0.139675,1.490452,0.714927,0
3.240502,-0.591671,3.561032,2.599015,2.084240,0
0.026200,3.047436,2.533578,2.453855,-1.209560,0
3.945493,1.905674,-3.297984,2.734941,1.015362,0
1.528284,2.826746,2.012790,-0.523510,2.984887,0
2.278315,-1.472357,4.695753,-1.319690,0.554886,0
2.517313,1.673890,3.952299,1.234356,5.147685,0
-1.928979,-0.186565,-2.770859,-0.141306,2.777487,0
-2.700727,0.060714,2.416306,1.880041,0.354351,0
2.040417,0.279044,1.835454,2.114320,2.373417,0
-0.041813,-1.939814,-3.353838,0.556776,0.530184,0
1.187053,3.950128,2.097889,-2.538027,0.106746,0
1.403335,-0.654150,-1.860041,2.573552,0.687041,0
1.599503,1.560707,1.227653,0.755162,2.008470,0
1.613322,2.293989,1.808355,2.893558,1.613643,0
3.592010,0.603992,0.943292,3.448744,0.345729,0
1.119452,3.831940,0.647287,1.770055,-3.538145,0
-1.333416,2.632812,1.593165,-0.603095,3.974611,0
3.226510,0.284332,1.980193,1.888314,1.138769,0
2.229486,-1.904083,1.900314,-0.257188,2.079626,0
0.714259,-1.409819,-0.795575,0.142492,1.741597,0
3.139717,0.204850,1.290150,-0.679227,-0.763865,0
0.487161,3.142487,2.900950,3.397389,-0.274627,0
-1.248006,2.114285,-0.428112,1.223566,-0.229320,0
2.505698,0.087023,3.011070,-0.248112,-2.230728,0
2.053811,-0.690077,1.979826,2.591548,2.230872,0
-2.500694,1.857815,0.045497,2.609478,1.360361,0
-2.209216,-3.149612,-1.832984,1.904352,-0.728228,0
-0.741518,0.784810,1.912575,1.230968,-1.694365,0
2.288738,-0.928398,3.840811,1.709932,0.030770,0
-0.987708,0.457199,0.541749,-0.411564,3.800892,0
4.076157,2.076853,1.562312,-0.467291,0.599950,0
1.887631,0.494814,0.068483,0.539041,3.665957,0
0.150274,-0.072257,0.365776,-3.456883,0.283824,0
1.464029,2.975475,3.052997,-1.719260,0.202093,0
0.203794,3.571961,3.036218,1.363246,3.138461,0
-0.828021,0.064915,-0.306882,1.205238,1.750079,0
1.044776,0.690633,0.853399,-0.187175,2.989898,0
1.160430,0.954668,0.852319,1.276414,-1.897434,0
2.003342,0.199346,1.436341,3.101734,0.387780,0
0.180590,0.439119,0.809971,1.174443,0.073672,0
0.852880,-2.733120,0.370246,-0.477592,-2.354475,0
0.240563,0.959801,-0.649914,0.770656,-4.069334,0
3.728344,-1.670303,0.173509,1.173957,1.971485,0
1.608265,2.081755,0.344316,0.888084,-1.456102,0
1.749127,0.162355,-1.196454,-0.233986,0.341116,0
0.594162,1.149779,1.910805,-0.277891,3.859856,0
-0.837523,1.850837,0.678782,-0.229994,1.002761,0
-2.921208,2.710628,0.498983,0.431597,1.159139,0
-3.217487,1.210060,0.843610,1.903596,2.549803,0
0.416264,3.321800,1.744969,-1.227843,-2.222307,0
1.561050,0.007903,4.009249,0.942051,-0.420173,0
0.553301,2.202168,-2.019858,-1.452968,0.924115,0
2.088241,1.012424,0.510885,1.341140,-0.734890,0
-0.454002,1.520538,-1.915487,3.432054,0.981821,0
1.398582,-1.500338,1.040213,-2.225445,2.035054,0
-0.531528,-2.225339,3.119275,0.579445,1.645170,0
-0.747392,3.856149,4.814744,2.826692,4.054319,0
1.642488,-1.538726,-1.090250,1.258911,-0.965219,0
0.853101,-2.104628,0.425119,-3.603882,0.983015,0
-0.228836,-0.031095,-1.855945,2.494988,0.757668,0
2.276685,3.074905,0.643686,0.883085,0.559490,0
3.333103,1.114828,0.608356,1.114700,3.015052,0
0.278451,0.101178,-2.725164,1.891232,3.835838,0
0.111222,1.310265,0.354202,1.509999,0.481690,0
0.729444,-0.386617,-1.435684,5.056343,5.219603,0
-4.258974,-1.635087,2.071852,5.937739,-1.881151,0
-0.080354,-2.198415,0.014571,3.658043,1.253169,0
1.899536,3.461666,-1.501517,1.732410,3.121649,0
0.810574,-0.359987,0.860017,1.400243,0.284173,0
-1.940772,0.806215,2.608289,0.836265,-1.451233,0
-1.044370,1.044394,0.608777,2.133184,1.060863,0
-1.074469,0.711506,3.058819,1.316537,-1.400853,0
2.164047,1.111010,3.839116,0.349575,0.602094,0
0.591434,2.356476,1.681231,1.106399,2.060969,0
0.830395,1.118743,-0.275100,-3.169052,3.963886,0
-1.526186,1.984993,0.103301,-1.141735,0.712934,0
0.515557,1.942033,1.456448,0.666158,1.820209,0
-1.002759,2.020863,1.558833,0.587419,-0.184949,0
2.798267,0.854941,-0.572954,3.765801,1.175641,0
0.167099,2.147343,-2.346829,-1.702545,2.713627,0
0.912822,-1.641971,1.727142,1.832048,-1.036593,0
0.539832,2.881797,3.164061,1.932488,5.231784,0
-1.165841,2.806543,-1.338420,3.155428,0.662638,0
2.073112,1.365670,-0.023828,3.692020,-0.516479,0
-1.735592,0.188743,0.535516,2.195885,0.701303,0
2.379170,1.359000,0.615431,-0.468320,-0.066697,0
-1.214767,3.064034,2.363173,3.940680,1.735271,0
-0.080458,1.876238,-1.428473,-0.346983,0.285276,0
3.719832,4.288821,-1.752394,0.455778,0.972726,0
-0.070560,3.350604,0.540965,-2.444733,3.290835,0
2.532206,3.636487,4.536999,2.670890,3.452560,0
-1.012623,0.626713,-1.598115,-2.444007,-2.850203,0
1.387595,4.722751,-0.537803,3.555383,2.331416,0
1.137337,3.277843,1.123298,1.362325,-0.353969,0
4.130315,-2.331392,1.099992,3.239029,0.184287,0
1.573824,2.197610,2.597970,-0.797767,-0.661852,0
1.697905,-1.854357,3.077808,0.631882,1.979938,0
1.064655,1.631748,4.887767,0.565475,1.910184,0
1.512224,2.490725,-0.653846,3.881007,0.649107,0
0.108711,1.963429,0.344898,0.281608,0.630348,0
2.476142,-0.969959,0.665402,5.164824,1.239350,0
0.935293,-0.229237,-2.386153,-3.422312,-1.295891,1
-2.689255,0.234591,-0.229998,-3.474596,0.064752,1
-4.211093,-4.471630,-2.973466,0.849516,-0.603712,1
0.704413,-0.828890,0.149544,-0.198009,-0.672703,1
1.631975,1.013782,0.277482,1.478211,0.587523,1
-0.834790,-2.842406,-1.172567,0.969481,-1.259514,1
-1.171705,0.647754,0.475932,-1.922538,-2.824597,1
-3.719914,2.710769,-0.550797,-3.323394,0.672299,1
0.530042,1.163396,-1.343934,-1.437975,1.299215,1
-0.352646,1.143689,-0.752269,-4.720924,-0.542857,1
0.125672,-1.788270,-1.537990,1.337962,-3.950952,1
0.691463,-2.529882,-1.037322,-2.234789,1.940311,1
0.082512,-0.201969,1.261917,-5.976459,-2.962634,1
-1.556988,-0.685575,-3.827126,-3.257890,-2.665706,1
-1.132441,0.925746,0.302469,-1.124842,-0.236112,1
-3.024967,-1.499618,-2.583499,-3.980393,-3.518098,1
-0.285007,-0.785230,-4.726098,-3.953100,-1.248230,1
-3.411573,-2.999617,3.330957,0.778037,-4.356180,1
-0.144721,-4.864978,2.726335,3.440883,0.832101,1
1.643854,-1.151525,-0.882881,-1.488195,-3.111814,1
-1.934854,-2.044244,-2.702653,1.393640,-0.941074,1
-4.614839,-0.943654,-0.366963,0.742661,0.112825,1
0.095964,-1.724457,-2.111702,-0.616241,-4.968854,1
-0.101416,0.169513,0.514989,0.075814,1.317506,1
-1.613297,-1.893091,-0.192533,-0.677290,0.484415,1
1.621593,1.229869,1.070384,-0.567618,-1.109024,1
1.020449,-2.854394,1.310812,-1.623379,-2.018818,1
-3.315372,1.276847,-1.175580,0.222400,-2.174919,1
0.346165,-3.084230,-0.531664,-3.615724,-4.008186,1
-1.234760,-3.363690,-0.711282,-1.313336,-3.595864,1
-2.110111,-1.847923,-1.746971,-2.385996,0.004541,1
-0.733068,-2.658906,1.760413,-3.792612,-0.609533,1
-1.517011,-1.564408,0.033504,0.036132,-1.543306,1
-0.641922,-2.063524,1.847806,-0.049161,-2.663559,1
-2.450183,-1.342257,-1.513787,-0.853817,-1.602379,1
2.091256,1.981092,-3.822792,-1.001374,-2.376111,1
-0.683419,-1.368569,-2.482692,0.854542,-0.449459,1
-1.193498,-2.965243,0.093875,-6.129016,0.051182,1
-0.752762,-0.115444,1.194684,-0.527497,-1.485496,1
-1.107225,-2.995314,0.336738,1.771706,-2.512375,1
-0.361671,0.200397,0.337631,2.612366,0.580891,1
-1.038594,-0.689971,-0.245483,-2.699815,-1.089505,1
-2.609901,-5.423779,-1.499277,-2.412156,-1.110171,1
-0.970599,-3.087345,1.153322,-1.023677,-6.588491,1
-0.249254,-3.665626,3.236284,0.349501,1.543080,1
-0.575445,-2.039517,-2.849918,-3.838374,3.671484,1
1.660177,1.395239,-6.444588,-2.615634,-1.510258,1
-1.918042,-3.573171,-1.602337,-0.304901,-1.244471,1
0.548413,-0.494617,1.669833,-4.980979,1.861558,1
-0.461263,-0.341064,-1.145426,-2.437988,-0.593041,1
0.563669,-0.398737,-2.768800,-1.505503,1.350587,1
-4.054522,0.179280,-1.641289,1.243369,-0.831274,1
0.509711,-2.148070,-0.199478,-1.459494,-1.860163,1
-3.026311,-3.475502,-0.461387,-1.927697,-0.621488,1
0.450970,-1.877918,-2.162692,-1.351962,-0.943940,1
-0.164994,-0.487932,1.160974,-0.850492,-0.806782,1
-0.685561,-2.523368,-1.843881,-3.783696,-1.309097,1
1.149995,-0.231826,-3.344760,-1.514546,-0.071247,1
2.558981,-0.659139,-1.677314,-2.955185,-2.074546,1
-0.312251,-0.442735,-1.023747,0.397522,-1.085474,1
1.146544,-4.069305,-0.331650,-2.319067,-1.326528,1
-3.194016,-0.873590,-0.045053,-4.420038,-2.272551,1
-3.688249,-1.237447,-0.514291,-0.369784,-5.657623,1
-1.801384,-2.459436,2.039176,-1.533183,1.958370,1
-0.567902,-3.203422,2.928907,0.492249,-2.646823,1
-2.867190,-0.951059,-0.374516,-2.358173,-0.529422,1
-2.206987,-1.699456,-2.141065,-2.639352,0.773829,1
-0.427053,-3.716371,-0.598199,2.265349,-6.231237,1
0.317446,-1.807008,-1.030659,-1.583763,-0.671679,1
-0.097900,0.417499,-1.886324,-2.153088,-1.868171,1
-1.197849,2.020813,2.301394,-0.824376,-1.626881,1
-1.076127,-0.070571,-2.400994,0.016285,0.968663,1
-2.549638,-0.902160,-2.948776,-2.059677,-2.875758,1
1.163041,-0.725705,-0.044726,0.723401,1.555584,1
0.307108,0.098452,-1.375272,-0.114727,-0.918324,1
1.232037,-1.003152,-1.830223,-2.059888,-1.352293,1
-2.396628,-1.285772,0.327835,-4.335516,-0.727691,1
-1.755360,-3.477417,-1.802247,-1.130607,0.326268,1
0.965576,2.053696,1.013984,-0.647082,-1.607213,1
-1.463316,0.520007,0.433908,0.669493,-2.016098,1
-0.279546,-2.632708,2.600320,-1.091123,-0.514631,1
-1.070378,-2.134758,-1.829708,-2.632041,-1.340253,1
-5.559072,1.470363,0.622640,-1.302708,-0.759448,1
2.172652,0.153052,-0.833892,-1.411673,0.037775,1
-2.697323,-2.409514,-0.540256,-1.130083,0.883102,1
-0.907159,-2.025431,-1.335821,-0.830506,-0.176430,1
-2.757189,-1.820099,4.254128,-2.050007,-0.448106,1
-0.582736,-0.997382,-2.897130,-1.285513,-1.735179,1
-0.564921,-1.717673,-2.108912,1.399026,-1.811810,1
1.566626,0.402418,-2.418466,-1.823670,-0.736333,1
-1.518865,-1.636086,0.487851,-1.374783,0.336108,1
-0.784451,-1.170398,0.415688,-1.747559,-1.903599,1
-0.036997,-0.302307,0.966585,-0.419066,-1.042947,1
-1.312675,0.443211,-2.847242,-0.262443,0.116532,1
-0.890581,-1.973456,-6.140778,-3.134623,-2.825261,1
-1.033123,-2.847593,-0.074093,-0.758744,-0.033423,1
-1.914977,4.785684,-1.452086,-1.106137,1.088257,1
1.835911,-2.421595,-0.114750,0.130302,-1.697830,1
-1.676446,-1.487140,-3.187685,-2.521789,-3.054274,1
-2.226641,-3.078927,-1.458982,-3.922650,0.007020,1
0.130278,-0.667671,-1.286640,-1.522178,0.573624,1
-0.906201,-1.660863,0.712981,-2.796187,-1.529411,1
-1.379702,-1.855795,0.848609,-1.172852,-0.868552,1
-2.184710,-1.015221,0.336057,-0.359847,-1.648952,1
-4.080371,-1.927485,-2.569660,1.551475,-1.570889,1
0.401148,-1.497462,-2.990247,2.640911,-1.707088,1
-5.053405,-0.510905,-1.586835,3.080250,-2.054732,1
-2.654450,1.274499,-3.432725,-1.680199,-1.298447,1
-4.289067,-2.637223,-2.183286,-1.188309,0.469356,1
0.022206,-2.082008,-1.444385,0.287053,-0.194304,1
0.306574,-2.849077,0.612497,0.780307,-2.293720,1
-1.225162,-3.543561,-3.437634,-2.617384,-2.466958,1
-4.655722,-4.896069,-3.240510,-0.714381,-0.246614,1
-2.498964,0.498487,-1.295641,-2.261349,-3.420437,1
1.916986,0.760802,0.791909,0.008102,1.025784,1
2.677666,-1.721223,1.124674,-2.467869,-1.387892,1
-2.023025,-2.515513,1.797474,-1.901992,-2.380903,1
-1.259345,0.223830,1.221237,-0.060195,-0.002516,1
1.724094,-3.042453,-0.231077,1.509642,-3.806828,1
1.120538,-0.158373,1.474434,-1.653233,-1.289962,1
-1.916055,-2.654445,0.327145,-0.924146,-0.784577,1
-2.845860,1.242673,-1.688076,-1.082920,-0.620629,1
-0.651117,-4.619386,1.541387,-4.011406,0.316518,1
-1.321026,-1.858282,-0.542041,0.824904,-1.025930,1
-2.634524,-0.334444,1.492615,-0.515921,-2.729872,1
