-0.868080,1.484539,0.611542,0.572392,1.165486,3.125297,-0.271363,-0.832807,2.260333,-0.532509,1.378227,1.073480,3.479811,2.255588,-0.345789,2.975773,0
0.266452,3.088595,0.045803,-0.297347,3.458973,3.033680,-0.785690,0.220859,1.937366,1.651979,1.901752,-0.137964,0.538742,0.820918,5.392838,-0.846225,0
-0.301378,3.214279,0.587634,-0.550557,1.500555,-0.546611,-0.182156,2.004608,-4.015471,1.080851,-0.587481,1.626120,2.521222,1.210232,0.434115,1.135906,0
1.861906,2.613649,-1.029479,1.390119,4.234601,2.982669,0.228843,-0.340153,3.006345,-1.535835,1.725887,0.642270,2.670609,3.471032,-0.547390,0.263964,0
-0.568301,0.267037,2.824943,2.243509,-0.168644,2.148115,0.723971,1.348982,3.526337,1.391236,2.484480,2.341520,-0.316248,4.050123,2.567513,-0.922731,0
-1.008236,0.353321,-1.092608,2.081451,1.702368,1.692306,1.769197,0.089240,-1.717297,1.588429,2.275028,0.276577,0.993082,2.255087,1.916830,-1.192799,0
3.842081,1.967067,1.933214,1.498753,0.956449,0.583607,-0.046883,4.133610,1.749808,2.861225,-0.363506,-0.392718,4.940620,3.011214,0.198837,-2.274226,0
1.942844,-0.213303,1.636450,-1.604982,-2.222966,4.760111,3.731326,1.741487,3.186571,1.585275,-1.506731,-0.913626,0.213024,-1.579060,-1.099412,-0.446576,0
0.290862,0.744496,3.269714,6.035243,0.466779,-0.600419,3.116199,-0.070830,-0.479826,1.225756,-2.561842,-2.197244,2.289680,3.134901,0.069554,3.583872,0
-0.020872,0.023424,0.011967,-0.817639,-0.930840,2.744435,2.677839,2.219748,0.903253,3.982704,1.030535,2.051640,0.241904,1.988424,1.290877,-1.256693,0
-0.999042,0.691371,2.112545,-3.586120,-1.693995,1.365523,4.028003,-0.833862,-2.034953,4.028230,-0.034963,2.387083,-0.019345,0.740852,0.149161,0.760866,0
1.680926,0.283373,0.881827,-1.909534,2.751651,1.067424,1.939744,1.119755,-1.342236,-1.618076,0.141015,2.712418,0.846147,-0.396607,2.270857,-0.062258,0
-0.427869,0.721589,-0.346635,1.312369,-0.387371,2.882682,2.102753,-2.745131,1.480153,-1.703839,-0.986166,0.064263,2.100975,1.588511,3.087354,-3.082781,0
4.526361,0.590483,-0.083841,0.301857,0.335681,0.153868,-1.572979,2.754924,1.802720,-1.719872,-0.126938,1.221128,3.592376,1.474484,1.210717,-1.059891,0
2.776017,-1.817584,3.143333,-2.801517,-0.971567,1.295435,0.359657,-0.848280,1.976681,0.509560,-0.496460,-3.311047,-1.109413,3.038773,0.748129,0.006441,0
0.568803,1.654244,2.644444,0.054110,1.352391,1.354194,1.004585,-0.140629,3.002015,2.203194,3.219940,0.616815,-0.150462,2.418379,1.802587,2.920712,0
0.219257,0.817957,3.103222,1.034132,1.721889,1.772978,-0.574361,0.162445,0.118913,2.695311,1.089701,-3.183035,1.929912,1.189797,0.033947,0.521581,0
-1.254860,0.759827,1.242550,-2.440145,0.588048,1.962426,-2.465236,5.351957,-0.885307,-1.593484,0.550354,3.321488,1.823208,3.972188,3.319564,-1.758357,0
4.865056,3.217596,1.567691,1.356110,1.205814,-0.506655,-0.017004,2.781058,-0.959407,-2.576641,0.829650,2.164220,-0.869279,2.309203,2.028275,1.726033,0
-0.981930,4.754143,2.016265,0.090548,1.801435,4.056508,2.729403,2.166162,1.865287,-0.659047,2.993401,1.128077,1.441569,-0.179389,1.111927,-0.494322,0
0.181529,0.889475,-1.531598,-0.541688,-3.441509,2.024735,-0.613537,2.213571,0.855908,-0.451297,1.156562,0.390194,-2.569772,2.269567,2.559638,4.358310,0
2.376516,1.419349,0.503771,0.212831,0.312053,2.826230,1.616950,1.727983,0.417368,-0.203634,0.718562,3.879552,1.927604,3.634535,-0.737353,1.611726,0
2.297634,-0.155553,1.724722,1.213906,0.876346,0.966227,0.800776,2.664711,-0.762103,2.660069,2.420190,1.013429,3.781791,1.573251,-1.049359,-1.201606,0
0.831957,3.138220,0.410803,1.736128,2.019862,1.795021,1.518012,3.709533,0.214903,1.617627,0.871600,3.398337,0.035470,2.314240,-0.732222,-0.036897,0
1.918423,2.040017,3.643277,-2.409061,2.606383,2.618985,-0.494440,2.136021,-3.130870,-2.630182,1.758394,2.094237,-0.060546,-1.229671,-0.990838,-1.436416,0
0.426429,0.746715,-0.471907,1.496876,1.578526,-0.143146,1.290142,2.596667,-0.453573,1.143946,-0.771739,-1.248016,1.958159,4.748780,0.494413,1.102853,0
2.023068,0.797601,0.069748,1.372428,0.047831,0.223186,0.816040,2.909440,3.307542,3.271698,-0.520720,2.152830,1.257231,1.940131,0.230881,1.811067,0
-1.420316,1.247674,2.231921,0.539569,-0.532133,3.269004,1.722407,0.442274,-1.338576,3.216144,0.418354,1.569285,-1.653925,0.214890,1.699626,-0.595967,0
-0.870871,2.704647,0.530725,-1.695372,-0.284172,0.665352,-0.119076,4.943611,-2.417263,-2.266697,4.013334,1.949314,0.168155,1.741008,0.902381,1.778046,0
2.088265,-0.776593,0.019322,0.264542,0.976360,0.133597,1.371859,1.734991,0.767467,3.966735,0.110981,3.443959,1.673997,2.781297,2.948873,2.325564,0
-1.320424,1.042002,0.825632,2.989554,2.042122,-1.554066,0.390892,0.721645,-0.385529,1.694395,3.062061,-0.977740,-0.680026,-0.174269,1.849386,0.051497,0
1.966076,-0.804647,0.496379,-1.630250,1.922456,0.726395,-1.640446,-1.513897,1.675389,1.352101,1.763727,1.006981,1.632501,0.769370,-0.814927,4.205292,0
1.938913,1.683356,-1.737729,-1.080921,0.441082,0.544625,0.098981,-0.945390,0.195464,0.299574,1.329229,2.769880,0.053566,2.819989,2.964643,3.757360,0
1.513511,3.712483,1.194580,-2.918451,-1.275989,0.387750,-0.319727,0.488523,0.774263,3.153730,4.551654,4.633820,0.377275,1.090599,3.264600,3.966884,0
2.907148,1.958893,0.519474,-0.614570,1.217932,0.130833,2.102934,0.947612,3.248023,2.637281,0.734948,3.723883,-1.682097,-0.408465,0.589569,0.611660,0
2.191589,-1.186331,3.589043,0.945924,0.912831,0.786733,-0.727020,1.328741,2.225837,0.510348,0.306987,-0.990552,4.177541,0.529208,3.355834,0.454900,0
1.629914,1.197696,-1.762957,-0.110147,2.093359,-1.490565,0.881081,-0.563997,2.070472,1.217314,3.418386,-0.260934,0.752517,-0.741039,1.952972,0.790555,0
-0.853162,0.870002,-0.584980,-0.864884,-1.211797,1.945476,2.854959,-3.011106,-0.033471,-0.768196,0.631312,0.318035,-1.768537,-0.728421,0.165502,-0.375663,0
2.642652,1.488281,0.616824,0.499413,2.967105,0.982608,0.187882,1.198124,1.953313,-2.710116,0.515121,-1.762727,1.312313,-3.421207,-0.383863,1.095513,0
3.322273,1.552329,-0.889914,1.205145,3.263617,-0.593044,2.497519,-0.673008,3.128246,-1.603354,-0.534438,0.198323,3.279140,-2.571831,1.928017,3.037096,0
1.448398,0.169114,-0.004550,2.952631,0.277976,0.220230,2.451369,0.093770,1.496454,-0.099099,0.035111,0.600621,2.049074,3.262756,1.101213,2.000322,0
0.311549,-1.077201,-1.575089,0.292006,-1.139525,1.705990,-1.610534,-1.271393,1.682508,0.550916,-1.852495,1.292995,0.177670,0.993584,1.424206,2.984699,0
1.644127,0.516166,2.363534,1.803026,-0.431677,0.012996,-1.601029,2.985187,4.916780,-1.092089,1.110158,0.746891,1.364991,-0.955397,2.999499,1.105667,0
-0.569047,0.202871,3.361571,1.072354,2.813258,1.163344,-0.008029,1.225239,1.625943,2.158852,-1.266716,0.692142,1.412638,-2.533519,3.485056,-0.362054,0
1.440030,2.196724,3.244235,-0.909004,2.146269,1.180257,-2.137653,2.978739,-1.301392,0.724430,3.567576,-0.241178,-2.498632,-1.773036,1.650379,3.281110,0
0.561346,1.669762,2.126064,2.014938,3.371609,2.408435,3.381817,0.170773,-3.520816,0.539832,0.160927,-1.616788,2.937110,1.509364,3.115548,-0.089283,0
0.752296,3.190310,0.904818,-1.735426,-1.275989,3.672955,2.369264,0.155987,1.486422,3.168367,-0.019306,3.816160,-1.792283,3.597924,-0.055345,1.990758,0
0.076283,-1.145309,-0.284932,-0.775970,3.149890,-0.921782,-0.232395,0.427812,0.810071,2.538259,-2.353447,-0.094965,0.942946,1.978550,0.906840,-1.495694,0
-0.150957,1.796098,4.495203,2.025999,-1.813759,3.853523,0.856103,-0.536843,2.953581,-0.139194,0.832773,1.304537,-0.425951,-0.006576,0.566565,2.231388,0
3.673225,0.118453,0.281061,1.120351,-0.459520,-2.351925,-2.228322,1.164545,0.878604,-0.795134,2.363459,1.547654,1.384231,0.849424,0.466891,2.232842,0
-0.705389,2.252543,0.258533,2.311900,3.463376,4.712173,-0.144331,0.498358,4.453008,0.723929,0.434268,-2.262527,5.479185,1.533621,0.779967,-1.835534,0
2.585032,1.611645,2.519389,0.124916,0.945592,0.025806,0.173605,-1.879771,-2.838548,1.738415,-0.003290,3.842772,1.024131,1.075911,3.265718,1.034058,0
0.183902,-0.804887,-1.164529,1.151673,0.057595,1.755761,1.223166,2.261071,-1.123453,1.426835,2.400682,0.810894,2.571539,0.870990,0.557104,-2.849805,0
0.702284,-0.503928,0.499211,-2.465680,0.667121,2.571615,2.864331,1.190554,3.164652,-0.161455,2.917178,4.812672,-0.742269,3.530396,1.560683,1.828621,0
-1.473305,0.762218,3.514370,0.086861,0.096085,0.200075,3.189093,0.021642,1.390057,-0.267270,1.203801,3.575181,1.648867,0.726931,-1.597639,0.901377,0
0.926264,0.021681,-0.355864,0.011772,3.806524,1.376187,0.888022,1.755234,0.434598,-0.874975,1.765088,-0.075440,-0.940961,2.023616,1.159682,1.724275,0
-3.110538,-0.173982,0.100261,0.073227,3.667830,1.446846,2.132519,4.014273,-0.169962,2.691969,-0.048853,-1.223064,3.356296,0.886662,-0.692923,0.650093,0
0.810992,-0.095634,3.502753,-0.507221,2.447763,3.918398,1.658053,0.412737,2.762539,1.100348,0.728052,1.442648,-0.184610,4.446331,2.757911,4.208871,0
1.366548,1.502139,2.558702,0.037576,-1.780888,-1.829510,0.107749,0.716905,-0.481558,0.420881,0.921210,3.698847,1.879105,2.376124,-1.559421,1.797949,0
1.731915,2.432760,-0.486637,1.429393,-0.048388,-2.071134,0.191381,1.913736,0.600521,-2.248937,-0.862044,2.669824,0.135262,0.657320,2.171799,3.977446,0
1.664289,-2.078599,-1.794743,2.820351,3.224824,-1.271215,0.379040,1.060667,0.813566,0.273536,1.098201,3.150055,-3.268696,1.063743,-0.243765,3.792345,0
0.712849,2.241270,2.623472,2.080601,0.182859,0.166539,0.116917,2.116436,-2.091917,4.860532,2.777289,-0.325982,0.780804,5.712753,0.700208,1.557742,0
1.620893,2.188081,-0.912427,1.560623,2.640180,-2.392045,0.674397,-0.251598,1.583007,-1.080194,0.809130,-1.026105,-1.326012,-0.507148,-0.418157,-0.676307,0
3.403884,-0.142086,2.197181,3.818937,-0.773889,1.025980,1.100852,2.420546,2.987151,-0.684849,-0.317338,1.677419,2.096125,0.201173,-2.460425,1.270561,0
0.694232,2.911750,1.505049,2.875154,2.244159,2.620402,0.247820,3.729505,-0.263738,-1.018944,3.603036,1.965489,3.882220,2.513530,0.510102,0.282897,0
1.368963,1.935997,1.134399,-0.516363,1.008418,1.399596,1.628782,1.725100,-0.616008,-1.034225,-0.867599,1.989275,3.681762,0.137339,0.311230,0.483268,0
-1.289472,2.810558,-0.094166,3.247022,4.477701,3.492447,0.545517,1.529843,2.583931,1.646408,-0.463417,0.799113,0.451475,0.454424,-0.021392,-0.511577,0
1.940111,1.245166,-0.589672,4.688737,1.632033,0.389954,3.778453,3.140697,1.617211,4.230581,1.200723,3.544065,0.870144,-0.886107,1.535742,-0.995503,0
0.601088,1.654103,4.450878,-0.647251,-3.256140,2.006968,2.766881,2.197614,-0.673978,3.288969,-1.476550,0.192754,3.094596,-0.418319,3.686364,-1.222871,0
0.032376,2.655919,0.178543,0.747925,0.348546,-0.880240,0.817797,-1.703812,0.468778,4.387588,-0.316831,-1.561458,5.564839,2.241466,2.191288,3.831293,0
1.592504,-0.332089,0.692239,-0.766031,4.346204,0.620841,0.561122,1.537712,3.029667,-3.127650,-0.769966,1.032717,1.766174,-1.217373,2.095537,0.649631,0
0.532964,1.903383,-0.538873,-0.887519,2.651492,2.157104,2.672108,-0.104480,3.777381,2.091571,0.462089,3.223771,1.135109,0.938720,0.421374,2.957967,0
0.235961,2.889853,0.366801,1.906621,-3.442801,2.487731,-0.478757,-2.096838,3.057409,1.810789,1.605400,3.212746,1.657738,0.344590,0.094390,1.465112,0
1.134536,-1.483897,3.320074,4.240389,1.504132,-0.105911,-1.322405,1.349211,0.102459,-1.544501,2.446356,-0.138394,-0.682197,1.710760,-0.657801,4.194621,0
3.264242,1.190727,0.610462,4.165269,0.656866,0.111205,0.479644,-1.743941,4.573736,-1.459863,3.464392,4.787857,1.185107,2.288161,0.291529,3.070528,0
-1.215574,2.921817,-0.501684,1.309196,-0.310328,0.511087,0.924076,2.289577,4.959865,2.774776,-1.833983,1.572431,0.931623,4.307559,-1.015666,-0.146314,0
2.599298,0.756520,-1.518866,1.783998,1.133863,1.660361,-0.214618,3.011357,2.736080,-0.107696,0.750614,-4.923253,5.076329,4.171323,1.766453,0.138428,0
-1.798482,2.168703,-0.521559,2.034993,3.964606,2.297333,1.206840,2.820227,-1.718395,2.693513,2.089486,-0.952858,2.848156,6.046486,1.213926,1.530395,0
2.404188,0.478205,0.244684,-0.969398,2.595383,4.933969,1.150700,2.549985,-0.345990,1.707804,-1.293477,-0.778416,2.865778,0.812984,-1.411513,1.174621,0
-0.094296,-0.622566,2.575240,-1.318979,2.225270,3.829594,-2.443573,2.033529,3.347355,-0.251534,3.477002,3.697339,0.135842,0.886663,-0.516818,-2.920372,0
1.524096,-1.889018,1.445521,-0.053332,1.396147,1.459288,1.445507,3.540925,1.599725,-2.049417,4.197224,0.843460,2.304138,0.160400,2.100864,1.103027,0
5.325040,-3.511000,0.821038,-1.415715,2.308984,1.840364,4.120090,0.146145,0.289429,1.152798,1.030299,0.519342,-0.417805,-1.707262,-1.201446,2.278601,0
1.169855,2.663935,-0.814732,-1.391116,-0.119118,0.177112,-2.199604,4.033204,-1.389310,3.148044,1.169005,1.203095,-0.262518,0.159583,0.033338,0.396068,0
1.638541,1.485784,-0.808033,-0.246997,1.905039,4.640728,1.705971,2.837079,0.872239,2.222029,1.650556,0.329635,-0.013987,3.018939,-0.715703,2.043090,0
1.434884,1.721417,1.620244,1.391968,3.477109,2.562806,0.824967,1.413355,1.005840,3.926445,1.487602,-1.756139,1.061829,-3.333142,1.477308,2.311312,0
0.931054,1.674037,1.276849,-0.246210,0.226265,-1.686912,0.376521,-1.643434,-0.679046,2.147980,6.996403,1.412818,2.670163,1.392614,0.713692,1.294765,0
3.651673,3.393584,1.739908,-0.154127,-2.198192,-0.311031,2.927067,2.490567,2.936098,-2.102649,-1.637091,0.663368,1.978801,0.314734,1.081879,-0.935032,0
0.732156,0.820924,0.139690,-0.366271,2.142969,1.552722,0.761271,1.190474,0.236101,1.007601,-1.617502,-0.055177,1.867545,3.003802,-1.865626,2.167980,0
0.638954,2.392939,0.939785,0.056252,3.051047,2.450645,3.626177,1.838333,0.208781,-1.394505,0.565090,-1.112658,-0.262812,2.060995,3.632089,-1.411633,0
-0.168713,1.491231,1.381597,3.019699,2.035822,3.270572,0.589621,1.404167,4.105913,0.343893,0.364399,0.570079,-0.898735,1.152061,0.688494,3.821494,0
0.046932,-1.813985,1.760526,-0.070260,0.275522,1.690669,-0.089890,2.218141,3.166318,0.550927,0.433391,-0.756876,1.446780,4.167493,0.164222,-2.177415,0
0.573812,0.464592,-0.320861,3.329419,0.465250,0.593495,0.470745,1.718094,5.034997,1.453425,1.516006,4.004748,-0.323520,0.861438,1.181686,0.245545,0
-2.982750,2.909935,-1.237497,-0.888593,0.916257,2.209882,1.988372,2.730310,1.582406,1.937276,-0.141697,0.532002,0.094221,0.942732,1.537451,0.611183,0
0.574785,1.681284,5.578005,-0.594931,-3.719250,2.823565,3.218034,0.844971,2.291128,3.355438,1.814836,-1.833753,1.612629,2.348886,-0.655575,-2.176609,0
2.027951,0.629769,0.314555,3.035036,1.166329,0.786014,-0.336085,1.362280,0.975831,-0.010699,2.423744,-1.115476,1.749126,2.262743,0.354926,2.603572,0
2.086019,2.839210,-1.855385,5.057315,-2.257529,-0.134881,-0.949255,-0.554927,-0.438126,2.774578,-1.267357,1.912678,-0.254557,3.310481,0.002665,-0.581169,0
-1.616929,0.744441,3.912217,1.707278,2.423487,1.818132,-0.131193,-0.021676,0.819315,-0.220140,-0.825309,1.509632,2.560552,-2.429421,0.561072,-2.782890,0
0.450490,1.894783,5.034728,1.620050,-0.907763,0.867849,3.834784,1.045597,3.591996,-0.325276,0.908067,-2.211315,1.927235,1.427616,-1.048867,0.130176,0
-0.461846,0.154331,2.542006,-0.283184,0.965592,0.858041,0.632495,3.098750,-1.731874,2.612281,-0.853842,0.759863,0.278697,0.859047,2.316708,0.787866,0
2.010416,1.697633,6.609693,-0.782680,2.497182,0.671874,4.140468,4.025269,-3.471183,4.251368,3.358587,-0.555794,4.395539,-2.008852,-1.965373,-2.550753,0
1.277886,0.974283,1.146601,5.805896,3.165215,2.896042,2.059286,3.687929,-0.899256,2.759978,4.362046,-0.219586,1.571465,-1.084604,1.945829,1.811586,0
1.147367,0.952664,4.807998,1.611644,3.001102,1.569234,4.590866,0.545568,-0.248497,-0.657966,0.072319,3.152147,-0.240904,0.723880,1.914991,-1.140889,0
1.627528,1.309448,5.085145,0.329464,0.986607,-2.170518,2.182642,5.106128,1.600301,2.722737,3.453282,0.598189,-1.748984,-0.884995,1.148908,1.442760,0
-0.916610,-1.369223,0.376605,3.052596,1.355886,0.972429,3.402976,-0.358956,1.823339,-0.350052,-2.526435,1.066551,1.835843,1.967691,0.327931,1.050290,0
1.958903,-1.459321,1.714015,-0.098129,2.167388,0.482880,-3.138881,-3.482986,-0.638810,0.000692,-0.368249,0.088423,-0.796151,0.751820,-1.044326,0.807161,0
0.720970,2.239067,3.839949,1.593940,3.011288,0.801314,0.955457,1.908785,-1.310183,1.314353,3.182160,1.636479,0.126479,2.053215,0.731483,-0.748075,0
-0.176881,-0.223852,-2.577184,1.201413,-0.329618,-2.371540,1.847069,-0.974945,-1.362373,1.625669,0.103452,2.196478,-0.155500,3.828225,1.973532,-0.499716,0
0.017008,0.526280,-3.462389,2.839657,5.074109,-4.700597,-0.301492,-0.217396,1.925625,0.800708,-0.452020,1.769579,-1.133839,-2.093328,0.491157,2.948238,0
0.317760,0.412726,1.845786,2.309425,2.025159,-1.467867,1.931853,-2.551902,0.471478,-0.743605,2.697900,0.804966,-2.210226,2.883842,-0.698043,0.547192,0
0.064479,2.607704,1.028604,1.468578,1.443925,0.965896,2.753738,1.729415,0.237769,-0.742607,-1.009884,1.622115,-0.062862,-2.184927,-1.452932,0.453488,0
-0.179121,-1.603972,-1.279071,2.110951,-1.461719,2.422362,2.177280,0.002289,-1.436954,-1.116833,1.376814,1.018160,0.716016,0.991536,0.921044,0.460693,0
0.608840,1.238885,1.342707,2.118696,-1.129212,1.278255,1.830182,-1.803353,-4.016943,-0.223096,1.992593,-0.814035,1.502756,0.460475,1.885649,0.512199,0
-1.346572,2.892518,1.564816,-1.189433,0.356783,2.470937,1.427954,2.949935,0.792394,1.112208,1.998016,1.170766,1.731436,-0.125515,3.708153,1.098447,0
3.587960,1.389708,0.726448,-0.788656,-0.184402,2.194528,1.295562,2.075190,0.756645,-0.432462,-2.002137,1.317673,0.827137,1.006490,1.072385,1.953184,0
-0.731977,0.827676,3.843359,-1.365996,0.688982,4.227254,2.669018,0.880918,2.760038,4.075464,1.958756,-1.067321,0.408061,-0.823898,2.582356,-0.412341,0
-1.443516,4.292874,-1.869423,-0.623383,0.889443,1.086576,0.733350,2.954811,1.986574,-0.634771,0.304596,1.908987,2.338593,-0.941621,-1.013129,1.715065,0
1.926477,3.159969,-0.551824,0.048552,1.141343,2.721835,1.234930,1.314505,1.682051,1.484163,0.585580,0.174314,0.224989,2.147486,-0.381211,-2.354158,0
2.277462,3.175729,-0.261551,0.340364,-1.096845,3.532428,1.389778,-0.638407,2.978599,1.274319,3.647067,0.417058,1.216050,1.250493,0.619823,2.318236,0
0.350702,1.184661,-0.114752,0.243948,-1.731510,1.484243,2.895877,0.849214,-1.594359,1.569852,0.637481,-0.217300,1.978830,2.266908,2.203234,0.514649,0
1.292462,1.585514,2.135992,1.771530,2.228682,1.028869,1.542340,3.588577,4.833753,-0.064103,2.238153,0.920162,-2.243850,0.086040,2.771144,1.056746,0
2.835278,0.175444,0.917791,-1.760766,-0.072814,-0.167912,0.045219,-0.581939,-0.472256,-0.618346,1.726822,1.853004,1.677092,4.059155,-2.251480,1.617771,0
-0.555038,0.836855,0.910229,1.563106,1.685420,2.204840,0.489805,-0.841284,1.831640,1.844250,0.886352,1.679106,2.609612,1.054713,-0.755398,0.884942,0
4.392075,1.091110,3.568017,2.196541,1.092000,0.965857,0.896024,2.368041,0.196151,1.035813,0.893963,-1.634083,3.329443,2.684302,0.237149,0.951279,0
-0.182829,3.114651,0.886007,2.078722,0.074608,0.484145,-1.908675,-1.788871,0.198063,1.144538,0.360244,-0.270176,2.238053,-1.530623,-1.320427,-1.513326,0
1.574967,0.080061,0.725982,3.225543,-3.757166,-1.944925,1.429057,1.590159,-1.142636,0.770511,-1.304920,1.181798,1.609076,-0.214473,-0.423204,-0.051296,0
-1.192159,1.452706,-1.231330,1.323602,-0.401162,2.004894,-1.622729,-4.898407,0.993895,3.727147,-2.604856,-3.443780,-1.957668,-3.350173,0.189548,0.633882,1
1.913190,-1.939385,-0.379975,0.016656,-0.189105,0.182595,-1.994165,-1.388978,-3.798199,1.506474,-0.491523,-2.762551,-3.659277,-2.165253,-4.163339,-2.562721,1
-0.356987,2.846561,-1.861619,-1.191360,-1.616797,0.779644,0.061304,-2.215374,-0.768162,1.027590,-2.047880,-3.935902,2.436859,-0.680444,-1.102979,-0.131186,1
0.001029,-3.308189,1.683238,-1.063382,2.334111,-3.503239,-0.754632,1.191671,1.528588,-2.746983,-0.750603,1.573741,-3.770227,-0.793188,-1.520755,-3.190591,1
-2.118535,-0.738630,-3.642509,-2.744317,-1.358647,0.049792,-4.099541,1.453040,-1.587328,-0.658622,-0.606373,-1.043661,-2.772017,-3.380376,-1.021128,-2.742126,1
-0.208194,-0.343907,-1.700690,-0.488077,0.175412,-4.711239,0.547335,0.180710,1.264528,-0.257481,-3.711811,-0.286409,1.281672,-1.251078,-1.943061,-1.238296,1
-1.544219,-2.238061,-0.719951,2.191552,-0.886711,-0.790085,1.836839,1.444932,-0.675759,-0.254326,0.903865,0.267729,-1.828088,-2.061353,-1.621903,-3.094270,1
1.415679,1.529213,-1.597834,-1.246292,-1.350856,-0.294713,-4.559308,0.427006,-3.968232,0.457715,-0.227830,-1.097277,-1.198942,-1.423356,0.470994,-4.936269,1
-0.630477,1.935327,-2.573857,-2.957479,-1.254873,-1.675231,-3.720374,-1.296104,2.158043,-3.819015,-0.029941,-0.143107,-1.484463,3.746276,-1.249240,-0.212298,1
-0.815782,-2.871974,0.104939,-4.834192,1.480305,1.105292,-2.127034,0.626839,0.859343,-0.381664,-1.767429,-2.022569,2.358043,-3.434930,0.727215,0.326715,1
0.472680,1.304438,-3.175061,-0.352180,0.215692,0.953893,-1.877511,-1.192009,-0.096812,-2.751634,0.485787,-3.560987,-3.922366,-0.725375,-3.025112,-2.259523,1
-0.729956,0.646385,0.035330,-1.619100,0.610114,-3.567400,0.242736,-1.555419,-0.359942,-1.563360,0.248488,-1.084490,-3.067773,-2.267896,-4.352547,-1.863296,1
-2.827607,-3.467827,1.092997,0.405263,-2.881060,2.794745,0.566362,-1.497602,1.012272,0.217650,-1.964879,2.008101,-0.245296,1.545632,-0.538021,-3.401594,1
-2.711181,-1.440071,-2.896456,-0.617519,-0.590720,-0.840097,-0.829847,-1.779750,-2.097438,0.778069,2.664728,-2.100729,1.874521,-0.872888,-0.635903,-2.110076,1
0.463308,-4.263419,0.281906,-1.534237,-0.679578,-0.583093,0.311400,-0.936302,-1.629430,-3.442592,1.131525,-2.205198,0.648475,-2.250038,0.897347,-1.010919,1
-2.525909,-2.145877,-0.314290,-0.903741,-1.958776,-0.465137,-0.309558,1.177182,-2.575013,-2.326499,-0.379424,-1.604527,-1.997084,0.588148,-1.487567,-0.531126,1
0.210206,-2.960908,-0.026966,-0.431813,-2.660533,-2.684350,-3.008144,-2.272830,4.383192,0.365022,-0.212306,-0.420160,-2.080448,-1.866600,-1.212275,0.818270,1
-2.471621,-0.053563,4.011943,-2.039234,0.458153,-0.668180,-1.096112,-3.554289,-2.144392,0.604214,-1.759198,-0.750179,-0.020809,-1.042094,-1.857890,-3.199612,1
-1.682011,2.293564,-1.497418,1.549472,-3.318480,-1.180133,-0.209537,2.034125,1.694879,-2.879996,-2.528852,-1.420268,-2.798632,-3.309303,-0.558161,-0.663480,1
0.199541,0.109264,0.709636,0.560425,-1.594630,-0.899663,-1.605108,-0.230473,-2.854888,-3.952193,-1.664452,1.313683,-0.195425,-1.307076,-3.540875,1.205173,1
0.869340,-0.220000,1.081745,-3.067563,0.385179,-1.287547,-0.957102,-0.989306,-3.700514,2.937202,0.099630,-0.132619,1.408272,-0.392913,2.877339,0.079540,1
-0.050175,-3.734808,-0.371626,-1.181978,-0.990682,0.248360,-0.973472,-0.138997,0.295018,1.129808,0.491483,-0.416842,-2.608512,0.563685,-1.834772,1.856853,1
-2.705699,-1.648860,-2.765376,0.088055,3.509761,-0.941655,-2.393824,0.174636,-2.287858,0.456309,-4.679490,-0.816939,1.227372,-0.546061,-3.266592,-2.900101,1
0.183945,-1.321836,-1.491273,-1.187146,-1.761291,-2.381570,-3.573211,-1.730818,0.677720,0.749544,-2.584951,-0.887039,-1.565186,0.565269,0.328748,-1.258243,1
-2.589353,1.376259,-1.584698,-3.817957,-1.575434,3.923420,-2.287948,-1.988979,0.126416,0.786404,-3.619853,-2.546539,-1.390397,0.278424,-0.257343,-0.243343,1
-0.755926,0.233030,2.632465,-3.261090,-3.368552,-0.014970,0.466937,1.699653,-0.550931,-1.867688,-3.609509,-5.256453,3.323987,2.421001,-1.470500,-0.915557,1
0.661699,-0.318766,-1.957893,-0.164055,1.684115,-2.085125,-1.167772,-1.604192,0.956955,-2.404058,-3.503786,-1.351369,-0.287452,1.161059,-2.283503,0.823556,1
-0.451199,-0.557405,-3.579120,0.005078,-0.122672,-1.901994,-2.095905,0.194690,-1.620737,-3.057088,-0.732141,-0.056137,-1.092090,-2.928764,-1.963583,1.785521,1
-0.925352,-1.561172,0.282380,-1.674620,-0.690205,1.339551,1.127151,-2.280547,2.199638,-4.186890,0.553317,-3.113461,0.458145,-1.674926,-3.835362,-3.764574,1
-0.033167,-0.599913,1.330313,-0.024337,0.987974,1.371438,0.851480,0.653486,-0.729046,-1.350469,-4.156392,1.217101,-2.237375,-1.094515,-0.051409,0.689468,1
-4.664431,-1.610109,-3.136922,-2.309036,-4.279397,0.197101,-1.292372,-0.448285,-0.909214,-0.169786,-3.212945,-1.946133,-0.357398,-1.955535,-2.589767,-0.857872,1
-2.170175,0.294852,-3.543981,0.499726,-0.967053,-2.055019,3.634178,-2.561905,0.960010,-1.482232,0.525365,-2.576186,-1.185460,0.176695,1.292238,-0.821789,1
-0.532542,0.911386,0.799575,2.194539,-2.084740,-2.959544,-2.668895,1.723545,3.139716,-3.247299,0.162001,-1.779990,-3.500738,0.048365,1.849106,-2.024845,1
3.046412,-2.330974,-2.751665,-1.646353,3.309775,-0.492946,-1.082998,-2.011871,-1.772975,-1.077652,1.590880,0.194405,-2.300527,-2.100285,-2.132947,-1.491209,1
-1.371475,-0.731467,-3.874421,-1.973931,-1.310271,1.186208,-2.874189,-2.777346,-1.058716,0.252514,-2.958413,-2.021758,-4.481326,2.524707,1.622803,-0.911549,1
1.819286,-3.708432,-2.156542,-2.839200,-5.891417,-2.192373,0.877305,0.663255,-3.946226,1.471388,0.223198,-2.066491,-1.726820,-0.824826,-1.672271,0.406831,1
-1.406075,-1.282368,-0.343571,-3.486689,0.596972,-0.700484,1.041660,-2.979802,0.653883,0.461582,2.171689,-4.713145,-0.002732,-2.971781,0.096491,-1.091587,1
-2.186396,-1.418109,-3.403760,1.498845,-0.397962,0.699558,-1.579731,-1.918983,-1.814224,2.192305,-0.410281,2.293436,-2.477340,0.171105,-3.014575,-0.388134,1
-0.220880,0.397961,-3.289949,-1.203961,-4.963179,0.517277,-4.290493,-2.586632,0.601803,-1.715899,-2.878768,-2.127676,-1.656278,-1.723464,-2.272786,-0.460504,1
-1.824456,-0.049904,-1.695308,-0.934261,-2.880251,0.371537,0.476780,-1.015507,-4.039256,1.931123,-0.860348,-2.144923,-2.817476,0.614431,0.260612,-1.268091,1
1.269552,-2.646109,-3.865721,-1.570256,-1.120173,1.930163,-2.856948,-1.252109,0.441251,-0.826415,2.012448,-2.268105,1.115767,-0.294024,1.720475,0.406493,1
0.648346,-1.712228,1.189075,0.832419,-1.167592,0.998831,-2.607924,0.719734,-2.144991,-2.403039,-1.795730,-0.821677,-2.744599,-0.031009,-0.728040,0.051669,1
-2.272916,-2.122047,0.986122,-5.243147,-1.474019,-0.545311,0.477901,-1.051711,0.869193,-1.140848,-0.658294,-2.393122,-1.837700,0.191544,-0.182192,-3.023664,1
-1.599977,-2.570267,-2.213909,-3.984041,-3.033053,-1.823404,0.295299,-0.637592,-0.128738,1.513420,-0.618170,-2.036804,-1.981042,0.082945,-0.128375,-1.471341,1
-0.731783,-0.006316,-0.872774,-5.280554,1.119720,-1.197768,0.343780,-1.242788,-1.907601,-2.291879,-3.149558,-1.453735,0.420688,-2.483548,-1.048183,2.640357,1
-0.140151,-1.156977,0.389476,0.632421,-4.222642,-0.750027,0.479853,-2.297447,0.489956,-3.788521,0.567237,-2.630455,-1.105049,-0.487430,2.344894,-0.522897,1
-1.184815,-1.995553,1.195392,-2.284201,-0.414176,-1.596891,-0.498915,0.227821,1.487762,-0.520196,-2.007351,-0.438263,-1.162197,-0.120116,0.932174,-0.511709,1
1.328767,-1.313179,-0.192771,-1.043042,-0.488694,-3.522005,0.248149,-0.139271,-0.523002,-0.179436,2.370358,-3.007840,0.165415,-0.473929,-1.236869,-0.720884,1
-0.535938,0.486407,-3.051799,-0.674156,-0.341742,-3.088972,-0.308040,-3.839465,0.011628,-2.887756,-2.429424,-0.024248,-0.638769,2.187676,3.439319,0.469248,1
-2.565382,-2.363772,-3.293964,-3.110080,1.223703,1.524455,-0.091208,-1.363454,2.074819,-1.492272,1.620895,-1.267874,-1.050362,-2.025009,-2.073385,-3.078218,1
-1.750774,0.529838,-2.525388,-2.669749,-0.413347,-0.680304,1.178085,-2.307211,-0.990216,0.144835,-1.122304,2.881229,0.416805,2.168605,-2.016201,-2.245066,1
2.694690,-1.460457,0.276575,-2.006946,-0.467772,-1.237001,-2.195964,-3.659914,-1.879289,0.539640,-0.185963,0.248474,-0.024641,-0.896866,0.429585,-4.354015,1
0.469276,-0.939617,0.427774,0.909143,-2.312570,0.507402,3.448827,-1.329438,-4.873635,-1.466566,-2.469711,-1.850883,-0.883499,-1.044249,1.194404,0.873591,1
-0.441017,1.055458,-0.846951,-1.960088,0.400008,-2.543607,0.442053,-0.893161,-1.224156,-0.127948,1.077972,2.035419,0.572688,-2.348301,-1.893792,0.209470,1
-3.086773,0.748913,-5.195780,-2.725400,-2.628975,-1.022892,-1.385769,-0.753030,-0.991152,-3.553393,-1.735830,-0.690187,-3.621999,-3.075042,-1.584383,-0.935484,1
-2.969715,-1.376335,1.779300,-1.507261,-4.624714,0.217039,0.765080,-0.418919,-4.001331,-0.832294,-3.748395,-2.011775,-2.638372,-0.276237,0.623810,-2.033547,1
0.250326,1.717793,-2.799379,-4.102571,-4.938281,-4.031660,-3.106041,-1.384148,-2.579094,1.280361,-1.429651,-0.469211,-3.760444,-5.943941,-0.828303,-1.490361,1
-1.302019,-2.753035,-3.111079,-3.399442,-0.720923,-2.078249,1.220876,-1.083520,-3.164778,-1.573998,-1.939265,-3.878955,-0.402162,-1.920369,-2.933091,-1.750510,1
0.588008,-0.757626,-0.975333,0.935324,-3.856229,-0.942727,-0.002580,-3.304761,-1.645956,1.819416,-1.593051,-2.399443,-2.207199,-0.410080,-0.777530,-0.205462,1
-2.741876,-2.127596,0.260700,-0.738468,-0.891385,-0.730321,-0.076275,-1.058040,-1.384121,-2.878757,-1.324145,-2.668814,-1.380751,1.258010,-0.017315,0.212083,1
0.213156,-4.189972,1.575480,0.075188,-3.792527,-1.649321,-0.381995,-2.222681,-3.451021,-1.523195,0.109827,-0.005057,1.132133,-0.278531,-0.049166,-2.266338,1
-3.205326,1.163412,1.363804,0.272418,0.388764,-2.454261,-2.392859,1.400596,0.751212,-0.888815,-0.416076,-0.383760,-1.642529,-2.220801,-0.277454,-1.794508,1
-3.807249,0.646544,-2.981796,-2.028566,-0.309760,-2.864970,0.337447,-2.375412,-2.387497,-1.060237,0.836076,0.924728,-0.036695,-0.683886,-1.372204,-2.068559,1
-0.604061,-0.782184,-1.929486,-0.459242,-1.862434,-0.851034,-0.240642,-2.080842,-2.172642,-5.042073,-3.045689,-2.084182,-2.073681,-2.892432,-1.821502,-1.278174,1
-3.106339,-0.165727,-2.035787,-2.929042,-0.569633,-1.191355,0.687766,-0.417270,-4.714076,-0.241455,-2.926631,-2.256951,0.467532,-0.224548,-0.326185,-2.109346,1
-1.529341,-0.300663,0.343620,-0.033394,-2.310863,-3.669493,-0.655656,-2.630641,-2.150545,1.132911,1.953793,0.105364,-2.828214,-0.612056,-3.611340,-0.371203,1
-2.841045,0.758875,-1.197932,-1.145298,0.297010,-1.771585,0.650654,-2.364933,-1.636361,0.234679,-0.099367,-0.522134,1.197927,1.687571,0.516215,-0.485585,1
-0.016138,-0.486660,0.206872,-0.879951,-1.904617,1.924231,-0.709476,-1.477592,0.365648,-2.637584,-1.480371,1.058914,2.941981,-0.647499,-0.768435,-1.248020,1
-1.404174,-5.830823,0.223598,1.040380,-2.899830,2.523072,-2.806080,-1.904808,-2.203598,-0.159114,-2.721354,-1.862864,2.282778,-2.686242,-2.041318,0.910331,1
-1.565357,-3.463746,-1.358055,-0.880601,-0.783833,-0.637393,-1.958918,1.387543,-0.706573,-4.233171,-0.911444,-3.075524,-1.752507,-2.183958,1.791247,-2.377176,1
-2.521330,-4.919461,0.521889,0.207839,-1.683555,-2.752242,-2.198719,-1.606150,1.661590,-0.645235,-4.204464,-1.737430,0.126772,0.071465,1.530767,0.546785,1
-1.106338,-1.458291,-0.226536,1.408299,-0.158856,-1.002453,1.352500,1.102655,2.389032,1.947713,1.933569,-2.655236,4.272224,-0.024716,0.120330,-0.919477,1
-0.407705,-1.042131,-2.531185,-3.523287,-1.014297,-0.913731,-4.047238,-2.527063,-0.340238,-0.115698,-0.024728,-2.493835,2.455019,0.157414,1.546036,-1.899076,1
-2.050629,-2.936496,0.638280,-2.440586,-1.310832,-2.012344,-3.779485,2.252687,-1.002138,-5.263916,-0.932746,-0.154263,1.138921,-0.142551,0.046991,-1.142305,1
-3.757251,-1.075541,-2.385016,-0.841137,-3.544191,-2.711229,-1.297835,-1.747026,-3.695606,-0.812674,-0.669433,-2.740644,-1.392067,-0.393985,-3.371006,-0.489953,1
-0.753373,-0.337614,-5.249295,-2.021230,-2.151555,-0.331008,0.948960,-0.110855,-0.877458,-1.557605,-2.993740,-0.918571,-2.367993,1.458876,1.148497,-0.478525,1
-0.817507,0.371022,-0.625607,-3.249214,-2.703750,-1.088741,0.069695,-1.306257,-1.755964,2.731060,1.075206,-2.623192,-1.597577,-4.320742,-0.834405,-1.443477,1
1.762878,-2.940838,-0.647438,-1.780383,-1.977080,-1.641978,-1.583292,-0.268797,-0.219588,-0.085408,-1.483899,-0.187873,1.233118,-2.784191,-0.895420,-2.057187,1
0.957272,2.679532,0.350550,-3.852746,0.850604,-1.371600,0.190036,-3.881396,-2.047554,1.201331,-3.700526,-0.689266,-2.670864,-3.196887,-2.947753,-3.354310,1
2.149423,-1.467112,-0.554648,0.090100,-2.606317,-0.674015,-2.204215,1.360195,2.538872,-1.570140,-0.413531,-3.520955,-1.345727,0.427572,-0.790573,-1.735506,1
-0.075445,-0.966796,-4.096788,0.254159,-1.509786,0.687719,0.341195,2.374048,1.799432,0.273643,-3.091213,-0.005982,-0.998268,-1.121158,-2.500351,-3.093652,1
1.024760,0.113581,0.642311,-3.677518,-1.055202,-0.581797,0.585876,0.152396,-2.821666,-2.908148,-1.166537,-3.630543,0.489154,-1.173075,-0.534809,-1.453770,1
1.514576,0.622002,-2.729856,-1.812375,-3.325118,-0.122153,-1.222742,-2.288590,0.232691,-2.528004,0.056173,-1.816493,-0.696267,-2.820987,1.026356,-1.637773,1
-1.449574,2.714879,-0.887629,-0.604460,-0.820289,-2.355985,-0.821194,-2.814975,1.761462,-0.392213,-1.653738,1.910798,-2.379914,-3.841773,-1.662679,-2.772862,1
1.574616,-2.216296,-0.459421,-0.352095,-0.803001,-0.864832,-1.375541,0.857620,-0.591993,-0.068780,-2.423397,-2.444652,-0.667424,-0.916725,-4.255759,3.002865,1
2.387835,-0.002115,0.592928,-1.203147,-1.910422,-4.687404,-1.085199,1.631195,0.455584,1.658916,-1.484013,-0.661426,-3.679051,-3.180449,0.756678,2.558993,1
0.167073,-1.525071,1.722857,-3.246579,0.771289,-0.075091,0.064018,-3.172167,0.169166,-1.455006,-0.614571,-0.148380,-1.444772,-2.752282,-0.093528,3.071740,1
-0.819419,-2.630545,-0.772554,-0.682274,-2.644437,-1.535256,-1.618022,0.039953,-0.989141,-0.197801,0.056678,-0.972996,0.376014,-3.163105,-2.130479,-0.357829,1
2.968840,-0.917067,-0.010422,3.388471,-3.356074,-2.217565,-0.324951,-1.021224,0.205126,-0.423058,-1.859974,-0.053265,-1.082910,-0.149758,-3.395626,0.799066,1
-2.798143,-0.861220,-4.288742,0.204624,-0.394008,3.414629,-2.185678,-0.162435,-0.506667,-2.498724,-0.673923,-2.365759,-0.820015,-1.242054,-2.500669,-1.638733,1
0.805882,-1.448413,1.501629,-0.327240,-2.553252,1.015839,-0.834951,-2.363117,2.804822,-1.597712,0.666148,-2.993164,-1.436662,-1.121840,-2.107781,2.946900,1
-1.252192,-4.100096,-2.017225,-3.708918,-1.975162,-3.701552,-1.930922,1.562711,-2.224886,0.300794,-4.953739,-1.487974,-0.156889,-1.438848,-3.260421,-2.398876,1
0.137794,-1.842746,-0.332622,-3.075054,-1.403074,1.613489,-1.981852,-4.566689,-2.916729,-0.726271,0.953253,-0.872217,-2.578797,-1.467009,-0.489063,-1.906778,1
1.168835,-3.059266,-2.438843,-1.832788,0.957510,-0.893764,-0.075969,-3.415671,-5.367075,-1.930147,-0.256446,-1.939909,-0.832433,0.503884,1.574983,-0.798843,1
-0.878715,-0.805986,-2.180169,-2.893831,-0.730673,-2.459765,1.145231,-3.016309,-0.691979,-0.788735,-2.588022,-3.241002,-1.634323,-2.740331,-1.872494,-3.764762,1
-0.811142,-2.045389,-1.075051,0.515042,-0.020220,-0.182654,-3.701665,-2.155117,-0.659555,-0.502494,-2.512511,-3.325006,-2.209589,-1.811506,0.243825,-2.077587,1
0.735790,-2.535686,-2.056020,-0.594500,-2.345210,-1.497189,-1.240813,-0.553155,0.749511,-1.635787,-1.732707,1.211673,-0.735311,0.197544,2.272214,-1.332108,1
-1.441241,-0.777928,-3.058532,-2.591037,-1.631166,-1.335875,-3.524159,-2.355968,-4.670323,0.507069,0.165279,-4.069046,-0.363121,-2.245135,-3.880841,-2.503072,1
-3.069349,-0.649189,-6.204815,2.109120,-3.053776,-1.687611,-1.549954,-3.288931,0.143335,-1.126377,-0.654952,-3.946548,-1.033384,2.255716,-0.986374,-0.468183,1
-2.339191,-0.252152,-2.343909,0.976818,-1.687795,0.234651,-0.256108,-2.443150,0.151558,-1.356391,-3.944846,-1.904088,-0.455599,-1.489228,-5.595477,-0.411280,1
-3.094134,-0.136109,2.716441,-1.024336,-2.074024,-7.930952,-2.027753,1.447875,-0.063507,-0.015124,0.744859,1.278737,-2.354771,1.210064,-1.833817,-4.967473,1
-1.430753,-2.391686,0.249989,-2.173795,-1.609346,0.536140,-1.401640,-3.597458,1.960825,3.543146,-3.073243,1.508529,0.120156,-0.210141,-0.239201,-0.079566,1
0.328785,0.374318,-3.571664,-2.656932,-1.514154,-1.663710,-0.818596,-1.170882,0.185049,-1.535054,-2.526011,-0.869859,-2.453149,0.985096,-3.094512,-1.088534,1
1.035599,-1.276665,-1.236785,-0.534351,-2.510210,1.720612,-1.029019,-2.083931,-1.172774,-1.695133,1.053146,-0.181966,0.189384,0.579561,-2.378500,-0.834620,1
-2.936394,-0.811719,-2.403446,1.261283,-1.512774,-0.815256,1.758293,-1.251092,0.357786,2.354870,-2.436171,2.156754,-1.075804,0.131300,1.510033,-3.354365,1
-2.646854,-0.678756,-1.688804,-0.657358,-1.891278,1.696566,0.602072,-2.012231,-2.090595,0.843069,-1.840899,-3.511761,0.010476,-3.334619,0.178476,2.247513,1
-2.784770,-0.873855,-1.034020,-1.440849,-2.441145,0.329734,0.857091,1.315345,-3.940538,-4.066301,-1.261808,1.710114,-2.897137,-2.752741,-0.500566,-3.736763,1
-0.846763,-0.330626,-1.597118,-3.948362,-1.234369,-1.085563,-2.687313,1.582511,-2.184008,-2.821141,-3.916232,0.443229,2.766655,1.731198,-1.622212,-3.944262,1
0.014174,-0.579681,-1.000323,1.509547,1.969957,-1.512693,-1.163388,-1.210623,-1.794678,-1.997973,-1.685422,0.110407,-1.112172,-1.169971,-0.458857,-0.106461,1
-2.307254,-2.666171,-2.741180,-3.890172,-0.023164,0.501035,-0.562940,-3.008193,0.450302,-4.286360,-1.219375,-0.115087,2.131498,-1.173241,1.880860,-1.823900,1
-1.757570,-1.222082,-0.079963,-2.389895,0.402333,2.837884,-0.182212,-1.140644,1.339624,-0.843529,-0.323042,1.308701,-3.379433,-0.302506,-2.220240,-0.328213,1
-2.264872,-2.175025,1.786360,-0.265257,2.628507,-1.710419,-1.145336,-0.285671,-2.727849,-1.101668,-1.221470,-3.641405,0.424739,-2.133382,-3.306458,1.730304,1
-0.298841,-3.388853,-2.240256,0.039084,1.082924,-1.553193,-1.888935,-0.588299,-0.862803,-0.205390,0.696610,-2.565154,-2.911148,-2.686149,-0.820734,-1.957568,1
-0.672343,-0.686205,-3.600932,0.596499,-0.520778,-4.220376,-0.548868,-0.859221,1.012978,-2.074252,4.891113,-2.304037,2.709201,-2.247844,-1.508246,-1.035464,1
-0.577541,0.091696,-4.837910,-0.504731,-0.152116,0.067816,-0.421187,-0.405943,-0.722230,2.162545,-2.817281,-2.029498,-1.805691,-3.479884,1.053180,-0.723012,1
-1.421167,-2.832304,-1.748817,-2.751737,-2.176829,-0.957227,-3.790303,0.277822,1.737811,1.454029,-1.027328,-2.767268,2.457567,2.634323,-3.209039,-2.946470,1
-2.065251,2.156069,0.434293,-0.328980,-3.388831,-1.073766,-2.189471,-1.668104,-2.167984,-0.024271,-4.820485,-0.963614,0.950652,0.198687,-4.562360,-2.522027,1
0.976627,-1.666290,-0.960565,3.560251,-1.204620,-1.163918,0.558983,-2.859661,0.924112,1.886207,-4.603582,-0.290941,-2.963218,0.235132,-1.180233,0.604624,1
-1.780800,0.741655,-2.207224,-3.514069,-0.640741,-3.134083,-1.492178,-3.543768,0.397304,-1.889434,-1.903945,-0.500126,-1.542232,-2.131464,1.428657,-0.922698,1
2.024366,1.196890,1.303589,-2.497273,2.693520,-0.963228,-3.144018,-1.861101,-3.958938,-1.342812,0.470690,-1.361539,-1.273101,0.830619,-0.659383,-0.044858,1
-3.320826,-1.234540,-0.843021,-3.177713,-1.131771,-1.218009,-2.633295,-3.437385,-0.347741,-2.335775,-1.467652,-0.132563,-3.070001,0.075936,-2.099960,-2.333741,1
-2.328579,-1.719062,-1.814049,-1.686123,-1.013238,-1.013907,-4.137870,-3.552075,0.379146,-3.055999,-0.523112,-4.754617,-0.747026,-0.385167,-0.863702,0.173168,1
0.409179,-1.156755,-0.698434,-1.333683,0.315262,-1.069157,-1.407565,-0.694215,-2.049098,-2.491650,0.604221,-0.257377,-1.321279,0.561257,0.129984,-4.499151,1
-0.464190,0.385777,-1.617701,-1.409683,-2.309615,1.515084,-1.392825,-2.300869,-1.201271,-0.420073,-1.581340,-0.938038,-0.163727,-2.359754,-0.651189,-0.464330,1
2.839693,0.692923,-2.663769,2.595048,-1.637432,-0.959474,-1.755954,-1.321725,-1.606486,-3.207710,0.421483,-0.669308,-1.553242,2.245893,0.273537,-0.130001,1
