0.319108,0.620484,0
-0.221248,-0.270716,0
-0.870474,0.196066,0
0.436929,-0.236798,0
0.237918,0.071457,0
0.274350,0.714472,0
0.713082,-0.022763,0
0.506100,-0.334090,0
0.165038,-0.437095,0
0.278081,-0.381122,0
-0.986293,-0.025437,0
0.364968,0.450637,0
-0.477907,0.012115,0
0.573690,0.132467,0
-0.871701,0.357843,0
-0.412099,0.679719,0
-0.159454,0.663565,0
0.000943,0.833114,0
0.088721,-0.882339,0
0.531061,-0.320853,0
0.521194,0.119233,0
-0.028581,-0.902438,0
-0.616417,0.456017,0
-0.179722,0.260280,0
-0.647546,-0.648660,0
0.176949,0.729670,0
-0.675058,0.524834,0
-0.221555,-0.866077,0
-0.768515,0.099691,0
-0.265686,0.047128,0
0.589696,0.117898,0
-0.496855,0.761255,0
0.021535,0.705144,0
0.674763,-0.039039,0
0.018678,0.234310,0
-0.036020,0.371913,0
-0.724304,-0.635343,0
0.238355,0.730587,0
0.185742,-0.086882,0
-0.486612,0.710226,0
0.580614,0.377817,0
-0.824573,-0.365395,0
-0.192628,-0.548877,0
0.552911,-0.744621,0
-0.522549,-0.755541,0
-0.799809,-0.009161,0
0.522414,0.483469,0
0.486853,0.407942,0
-0.214241,-0.902997,0
-0.451875,-0.298666,0
0.112382,-0.128124,0
0.598297,0.438361,0
-0.305800,-0.332065,0
0.264522,0.570668,0
0.081612,-0.623096,0
-0.275854,0.283238,0
0.574817,0.248374,0
0.487851,0.400092,0
-0.917750,0.303115,0
0.188264,-0.882206,0
-0.006606,-0.020467,0
0.233687,0.569701,0
0.591328,0.054291,0
-0.515615,-0.678959,0
-0.259783,0.844967,0
0.003736,-0.963892,0
0.030069,0.132930,0
-0.545741,0.514454,0
0.453971,-0.496888,0
0.256589,0.030683,0
0.019871,-0.552361,0
-0.165752,0.853449,0
-0.641714,0.409419,0
0.040021,0.726277,0
-0.558788,-0.703390,0
0.372321,0.584718,0
0.438166,0.639510,0
-0.849758,-0.036745,0
-0.297852,-0.894310,0
-0.757565,0.060434,0
0.118811,0.118717,0
-0.155006,-0.403689,0
-0.544557,0.601954,0
-0.942606,0.199693,0
0.055825,-0.083382,0
-0.181594,-0.462583,0
0.656133,-0.106565,0
0.489747,-0.448508,0
0.402050,-0.294534,0
0.398171,-0.393808,0
-0.355232,-0.863492,0
-0.456591,-0.699099,0
-0.197972,-0.480310,0
0.190951,-0.094891,0
-0.933170,-0.057864,0
0.563612,-0.197323,0
-0.619959,0.400774,0
0.021916,-0.076549,0
-0.428451,-0.246140,0
0.408813,-0.361621,0
-0.943557,-0.282945,0
0.198760,-0.872833,0
-0.823918,0.211525,0
-0.969251,-0.155799,0
0.505458,0.583228,0
0.406699,0.561901,0
-0.699717,0.542054,0
0.181957,0.820014,0
0.633657,0.032809,0
0.028045,-0.400189,0
-0.862487,0.310007,0
0.698599,-0.686405,0
-0.478467,0.729348,0
-0.142220,-0.492493,0
0.226869,-0.038044,0
-0.765957,-0.139474,0
0.597780,0.305892,0
0.732495,0.158006,0
0.364763,-0.300963,0
0.234255,0.789751,0
-0.407555,-0.736431,0
0.738297,-0.058604,0
-0.752712,0.065305,0
-0.788365,-0.363563,0
-0.492211,0.572849,0
-0.484501,-0.753914,0
0.582163,-0.238468,0
-0.086385,-0.923754,0
0.218658,0.715570,0
0.100523,0.070250,0
-0.784219,0.230574,0
0.620849,0.044209,0
-0.382943,-0.116984,0
0.422457,0.548416,0
-0.159646,-0.358885,0
0.711365,0.122548,0
-0.897391,-0.277808,0
0.293265,-0.522668,0
-0.682486,0.251040,0
-0.910670,0.059096,0
-0.005953,-0.064808,0
0.321139,-0.898746,0
-0.755608,0.423748,0
-0.197348,-0.259217,0
-0.596232,-0.592608,0
-0.721109,0.574922,0
-0.489885,-0.787655,0
-0.254968,0.699772,0
0.031025,-0.533081,0
-0.110280,0.651131,0
-0.026847,-0.063792,0
0.227089,-0.042632,0
-0.776560,0.119447,0
0.650589,0.068970,0
-0.771166,-0.077486,0
0.994319,-0.080623,0
0.724984,0.048145,0
-0.721224,0.211442,0
-0.732932,-0.313059,0
-0.549265,-0.822572,0
-0.028914,0.682338,0
0.364857,-0.862612,0
0.427738,0.640518,0
0.146832,-0.505814,0
-0.011984,0.166537,0
0.004071,0.331324,0
-0.469631,-0.098009,0
-0.668928,0.640851,0
-0.168729,0.342569,0
0.073579,0.819287,0
0.322603,0.513178,0
-0.381360,-0.315417,0
-0.343362,0.606004,0
-0.119441,-0.569955,0
0.277617,-0.515671,0
0.523527,0.254729,0
-0.124071,-0.926995,0
-0.242412,0.818812,0
-0.627231,0.414225,0
0.216305,0.094024,0
-0.651247,-0.523572,0
-0.325642,-0.914466,0
-0.841461,-0.132788,0
0.044856,-0.083873,0
-0.329046,-0.825377,0
0.623470,0.196263,0
0.448390,0.637564,0
-0.886008,-0.389547,0
-0.042656,-0.555181,0
0.462319,0.368932,0
-0.006473,0.675953,0
0.549680,0.065166,0
0.711984,0.173149,0
-0.738571,0.160374,0
0.126452,-0.424436,0
-0.908286,-0.411229,0
-0.763203,-0.061978,0
0.470454,0.322005,0
-0.806718,-0.351399,0
0.167998,0.003996,0
-0.153875,-0.874484,0
-0.034289,0.744991,0
0.685879,0.339981,0
0.594674,-0.187669,0
0.480889,0.637898,0
0.502502,0.510535,0
0.196923,0.106986,0
-0.255116,-0.923851,0
0.169852,0.600629,0
-0.459495,-0.065861,0
0.503964,0.503572,0
-0.069641,-0.896990,0
0.209996,0.235194,0
0.311344,-0.565752,0
-0.247624,0.800263,0
-0.265598,0.648400,0
-0.771774,-0.234004,0
-0.042572,-0.575179,0
-0.799502,0.289289,0
-0.936102,-0.047126,0
0.089553,0.822962,0
0.042604,0.025798,0
0.450619,-0.877765,0
-0.238648,0.622755,0
-0.351788,-0.178618,0
0.624575,-0.706535,0
-0.332788,-0.230118,0
-0.251669,0.324011,0
0.026967,0.180973,0
0.460190,-0.352394,0
-0.218499,-0.891598,0
-0.772024,-0.235649,0
-0.361046,0.186943,0
0.468169,-0.460694,0
-0.562982,0.656743,0
-0.292237,-0.335005,0
0.171915,0.037278,0
-0.775779,0.002948,0
-0.101760,-0.529184,0
-0.833911,0.258139,0
0.489761,0.546957,0
0.491625,-0.042070,0
-0.311333,-0.314169,0
-0.203238,0.125685,0
-0.657426,0.504525,0
-0.757423,0.116180,0
0.345504,-0.901436,0
-0.675607,0.335228,0
0.508302,0.182751,0
-0.076080,0.850876,0
-0.312723,-0.285400,0
-0.385457,-0.368459,0
0.747722,-0.631669,0
0.323823,-0.575051,0
-0.352265,0.633510,0
0.108247,-0.410145,0
0.014804,0.750559,0
-0.919715,-0.225020,0
-0.075514,-0.449028,0
-0.470040,-0.749936,0
-0.733742,-0.596586,0
-0.637031,-0.620321,0
0.530566,0.392532,0
0.070882,-0.002810,0
-0.408077,0.209637,0
0.502775,0.396155,0
0.501913,0.433081,0
-0.605281,0.528033,0
-0.861575,0.338099,0
-0.372607,-0.269652,0
-0.452264,-0.869832,0
-0.873497,-0.328634,0
-0.895553,0.248331,0
-0.194544,-0.964443,0
0.260533,0.755113,0
0.626551,0.242670,0
-0.704310,-0.383611,0
-0.236097,-0.500123,0
-0.949391,0.140733,0
0.274976,-0.401655,0
-0.810901,-0.476807,0
-0.250332,-0.814700,0
-0.946788,-0.098317,0
0.083515,-0.599671,0
0.540966,0.134124,0
0.541062,-0.184059,0
-0.782580,0.002182,0
-0.895565,0.176088,0
0.554020,-0.305429,0
0.547092,0.441010,0
0.512551,-0.124276,0
-0.456569,-0.174690,0
0.612316,-0.236963,0
-0.222787,0.634238,0
-0.002019,-0.453182,0
-0.750042,0.192345,0
0.625064,0.028365,0
0.346854,0.708745,0
-0.409607,-0.190399,0
-0.540704,-0.833389,0
0.433738,-0.844956,0
-0.792751,0.223883,0
-0.659064,-0.574764,0
0.097940,-0.598143,0
-0.535582,0.464701,0
-0.764411,-0.470442,0
-0.938279,-0.268597,0
0.075691,0.762380,0
0.643525,0.227056,0
0.666836,-0.121637,0
0.603135,-0.235224,0
-0.328519,0.760872,0
-0.207754,-0.484440,0
-0.722060,0.370465,0
0.387491,-0.327489,0
-0.411247,-0.302235,0
0.740705,0.136083,0
-0.772020,-0.587814,0
-0.610505,0.601804,0
0.558809,0.334487,0
0.507411,-0.410085,0
0.373932,-0.903836,0
-0.259544,0.696432,0
0.829944,-0.518838,0
-0.167485,-0.942077,0
-0.106652,0.729470,0
0.587724,0.282842,0
-0.005083,0.873515,0
-0.050273,-0.446274,0
-0.769491,-0.377310,0
-0.277860,-0.383741,0
-0.654271,0.537365,0
-0.101671,0.677003,0
0.550519,0.528898,0
0.168948,-0.023267,0
-0.574708,0.629976,0
-0.801190,-0.473143,0
-0.793843,-0.079050,0
0.474889,-0.296664,0
-0.087369,-0.356164,0
-0.186875,-0.894638,0
-0.238837,-0.868998,0
-0.554558,0.427078,0
-0.227107,0.647243,0
-0.335967,-0.042470,0
0.062892,-0.538446,0
-0.252406,0.824055,0
-0.364567,0.196803,0
-0.002448,-0.045336,0
0.025744,0.770445,0
-0.398093,0.571052,0
-0.641005,-0.744719,0
-0.420440,-0.057786,0
0.403768,-0.519966,0
0.034321,0.858837,0
-0.845700,-0.276083,0
0.609805,-0.311990,0
-0.518391,-0.666526,0
-0.671861,-0.464937,0
0.127154,-0.939421,0
-0.822485,-0.469079,0
-0.459387,0.644022,0
-0.472756,-0.003491,0
-0.561141,0.561565,0
-0.144654,-0.406841,0
-0.714518,-0.534849,0
-0.289611,0.165982,0
0.722983,-0.040856,0
-0.462201,-0.149863,0
0.381058,0.560335,0
-0.443156,-0.201805,0
0.469867,0.412190,0
0.261740,-0.412270,0
0.748163,0.104195,0
0.610644,0.200240,0
0.160960,0.080511,0
-0.164140,-0.510229,0
0.224837,-0.902400,0
0.077501,0.063341,0
-0.021615,0.784540,0
-0.467879,0.533805,0
0.004951,-0.380890,0
-0.063254,-0.360780,0
-0.349979,-0.444409,0
-0.346810,0.725507,0
-0.061801,0.737381,0
0.521922,0.086670,0
0.336480,0.625426,0
-0.380543,-0.863418,0
-0.331667,-0.021456,0
-0.138685,0.676506,0
-0.024534,-0.414160,0
-0.059532,0.724899,0
-0.296556,-0.079427,0
0.321040,0.481222,0
0.570777,0.113187,0
-0.211137,0.148939,0
-0.288242,-0.483293,0
0.105867,-0.906168,0
0.501727,-0.256263,0
-0.228106,-0.476766,0
-0.126748,-0.944013,0
-0.048490,0.662115,0
0.204925,0.663268,0
-0.821178,-0.011942,0
-0.763115,0.284689,0
0.081889,-0.140421,0
-0.638962,0.418426,0
-0.563287,-0.593540,0
-0.027920,0.667372,0
-0.406796,0.150901,0
-0.344571,-0.169910,0
0.575215,-0.113291,0
-0.079513,0.265987,0
0.012096,-0.414748,0
-0.008288,-0.402604,0
0.121530,-0.879463,0
-0.118245,0.776959,0
-0.049373,0.317345,0
0.514278,-0.359705,0
-0.069554,-0.960052,0
0.227252,-0.927442,0
-0.077623,0.295120,0
0.375092,0.598146,0
-0.851107,-0.213336,0
-0.608999,0.576381,0
-0.322081,-0.057576,0
-0.448476,0.545023,0
0.175724,-0.070457,0
-0.810682,0.409796,0
-0.852946,-0.413617,0
0.548443,0.497409,0
-0.092795,-0.342714,0
-0.495802,0.652144,0
-0.378471,-0.221799,0
0.305719,0.671104,0
-0.235373,0.214183,0
-0.332222,-0.088319,0
-0.341209,0.142076,0
0.904832,-0.408691,0
0.699550,0.309419,0
-0.670422,0.642243,0
0.066113,-0.399175,0
0.381808,0.733891,0
0.512506,0.182375,0
-0.276249,-0.000441,0
0.590868,0.490257,0
-0.200324,0.752614,0
-0.310410,0.846856,0
0.122821,0.319047,0
-0.546435,-0.811066,0
0.263152,0.748864,0
-0.435409,-0.165972,0
0.580076,0.283887,0
0.011700,0.858585,0
0.290051,-0.865479,0
0.177632,0.743616,0
0.578988,-0.753721,0
0.520293,-0.228516,0
0.605513,0.461899,0
-0.379987,0.185589,0
-0.254214,-0.004252,0
-0.538260,0.659350,0
-0.255362,-0.492859,0
-0.065730,0.828520,0
0.666579,0.123970,0
-0.370559,-0.844788,0
0.243147,-0.897760,0
-0.822568,0.386315,0
-0.100920,-0.930733,0
-0.365671,-0.434341,0
0.086570,0.796957,0
0.624043,0.391818,0
0.547030,-0.336513,0
-0.717984,-0.326145,0
-0.454682,-0.728355,0
-0.626115,-0.563200,0
0.174781,-0.903040,0
-0.620955,0.537098,0
0.369238,0.455778,0
0.246766,-0.605374,0
0.068481,0.055079,0
0.402264,0.700610,0
-0.727178,-0.422955,0
-0.762562,-0.368210,0
0.450649,-0.296045,0
-0.118447,-0.552565,0
-0.307129,0.722637,0
0.375150,-0.895559,0
0.354459,0.602622,0
-0.400414,-0.758719,0
0.507148,-0.459600,0
0.733378,-0.654704,0
-0.464729,0.581527,0
-0.715835,0.167035,0
-0.799213,-0.022964,0
-0.261613,0.667387,0
-0.513308,0.482462,0
-0.354828,-0.171782,0
0.022964,-0.456359,0
-0.342822,0.577964,0
-0.271154,-0.386789,0
0.505032,-0.058145,0
-0.392552,-0.849796,0
-0.228032,-0.223854,0
0.379373,-0.356425,0
-0.675724,-0.465783,0
0.295665,-0.882183,0
-0.131439,0.327822,0
-0.059428,0.634768,0
0.356542,-0.272169,0
-0.894792,-0.264085,0
-0.452699,-0.861307,0
0.994893,-0.054649,0
-0.175939,0.836529,0
0.617475,0.349097,0
-0.728064,0.502896,0
0.206231,-0.366249,0
-0.429514,-0.018507,0
-0.678777,-0.473650,0
0.254181,-0.584237,0
-0.154753,0.683812,0
0.033986,-0.448636,0
-0.595769,-0.759783,0
0.006307,0.755600,0
-0.718050,0.467677,0
-0.838282,-0.271313,0
-0.878766,-0.074709,0
-0.585494,0.567522,0
-0.328701,0.009168,0
-0.585019,0.677606,0
0.039780,-0.989571,0
-0.417151,-0.076780,0
0.429403,-0.255433,0
-0.767727,0.029338,0
-0.193121,-0.353221,0
-0.403140,-0.796024,0
-0.364941,0.743524,0
-0.247308,0.086315,0
-0.435821,0.698197,0
-0.957736,-0.155014,0
0.476781,-0.322677,0
-0.411490,-0.851885,0
0.234430,-0.032355,0
0.591045,-0.043727,0
-0.430129,-0.787538,0
-0.614795,-0.538534,0
-0.514215,-0.653675,0
-0.418512,-0.265553,0
-0.858709,0.169998,0
-0.117438,-0.875028,0
0.005634,0.362578,0
0.737164,-0.623950,0
0.707069,-0.013571,0
0.130351,-0.410369,0
0.111401,0.641552,0
-0.293378,-0.795981,0
-0.682655,0.259014,0
-0.350147,-0.009254,0
-0.570180,-0.612983,0
-0.423313,0.552568,0
-0.126613,0.650399,0
-0.564475,-0.707212,0
-0.059272,0.864297,0
0.237429,0.630683,0
0.210693,-0.015458,0
-0.721785,0.507164,0
0.092340,-0.891561,0
0.105365,-0.134514,0
-0.960188,-0.120504,0
0.172284,0.128234,0
0.542675,0.457121,0
-0.063153,-0.462334,0
-0.210220,0.141347,0
0.051514,0.067994,0
-0.351490,-0.856146,0
0.634975,0.078821,0
0.374835,0.674788,0
-0.849875,0.130600,0
-0.800264,0.466967,0
0.114383,-0.020579,0
0.096168,0.762893,0
-0.467617,0.726280,0
-0.445599,-0.832642,0
-0.830883,0.357312,0
-0.045859,0.296434,0
-0.271139,-0.015257,0
-0.306622,0.261244,0
-0.288977,0.247779,0
0.428602,0.516123,0
0.177014,0.270748,0
0.630741,0.219841,0
-0.422847,-0.896524,0
-0.106937,-0.364807,0
-0.270749,0.256234,0
-0.200425,-0.409280,0
0.618166,-0.781717,0
-0.744295,0.354512,0
0.154369,-0.450955,0
0.184237,-0.391484,0
0.214607,-0.950893,0
-0.229865,-0.209931,0
-0.580506,0.559816,0
0.076554,-0.962340,0
-0.167159,0.267129,0
-0.038690,-0.443388,0
0.740032,0.065494,0
0.112926,0.724354,0
0.631450,0.212314,0
-0.341138,-0.153943,0
0.108029,-0.946779,0
-0.794865,0.148980,0
-0.317357,0.622715,0
-0.643211,-0.681230,0
-0.887486,-0.376706,0
-0.800224,-0.053382,0
-0.016976,0.137241,0
0.185310,0.188159,0
-0.713779,0.454239,0
-0.915580,0.057609,0
-0.403936,-0.803066,0
-0.148662,-0.456736,0
-0.662407,0.615811,0
-0.246948,0.779645,0
-0.491223,0.039273,0
-0.137068,0.147965,0
0.522836,-0.333098,0
0.700107,-0.689831,0
-0.072308,-0.962300,0
0.358317,-0.320968,0
0.400616,0.405093,0
-0.848532,-0.358474,0
0.362110,-0.493801,0
-0.761149,0.316554,0
-0.438993,0.101783,0
0.427737,-0.282669,0
-0.944370,-0.171647,0
0.469878,0.484535,0
-0.622479,0.658648,0
0.611742,0.397449,0
-0.285997,0.801090,0
-0.047625,0.178522,0
0.417436,0.545475,0
-0.401061,0.635839,0
0.155914,-0.466145,0
0.362208,-0.562281,0
0.697224,0.030671,0
-0.168240,-0.374732,0
0.589749,-0.283307,0
-0.521628,0.594578,0
-0.600397,0.584491,0
-0.682357,-0.476803,0
0.138903,-0.981610,0
-0.201318,0.682995,0
-0.246252,0.277054,0
-0.138455,-0.529885,0
-0.291133,-0.020109,0
0.661631,-0.226916,0
0.567424,0.047558,0
-0.958738,-0.155003,0
-0.799091,-0.097193,0
-0.614296,-0.656858,0
0.216568,-0.952666,0
0.116226,0.007883,0
-0.033218,-0.885885,0
-0.945715,-0.209512,0
0.340523,0.714453,0
-0.109770,-0.462405,0
-0.981721,-0.144244,0
-0.577977,-0.687911,0
0.359647,0.661227,0
-0.435966,-0.850445,0
-0.210126,-0.340815,0
0.667067,-0.070021,0
0.044094,-0.627107,0
-0.077788,-0.894375,0
-0.548485,-0.831875,0
-0.580518,0.567656,0
-0.150244,-0.855265,0
0.042728,0.629627,0
-0.807208,0.460442,0
-0.580085,0.526474,0
-0.384089,0.759674,0
-0.763462,-0.000996,0
-0.344725,0.086294,0
0.143739,-0.418380,0
0.232669,0.622969,0
-0.473434,0.652585,0
0.149443,0.764369,0
-0.475985,-0.155959,0
-0.659911,-0.589004,0
0.121349,0.099560,0
0.501771,0.357887,0
0.730599,-0.058746,0
-0.334390,-0.358384,0
-0.111216,-0.574132,0
0.270512,-0.338903,0
0.049322,-0.091108,0
0.191026,-0.448906,0
-0.733221,0.289590,0
-0.291861,-0.289039,0
0.615647,-0.287759,0
0.455254,0.407459,0
-0.227491,0.185853,0
0.440468,-0.865992,0
-0.238130,-0.893922,0
-0.224376,0.650654,0
-0.688249,-0.680512,0
-0.862398,0.361074,0
-0.381783,-0.379693,0
-0.793879,0.150111,0
-0.472650,0.682759,0
0.090218,-0.130591,0
0.466554,-0.391076,0
0.572939,-0.771576,0
0.551904,-0.205184,0
-0.710025,-0.520855,0
-0.860792,-0.075534,0
-0.152936,0.307664,0
-0.636603,-0.686382,0
-0.715102,-0.578879,0
-0.760213,0.072824,0
0.025859,0.181224,0
0.337829,0.698041,0
-0.377493,0.731334,0
-0.077761,-0.413005,0
0.008117,0.211416,0
-0.343612,0.098629,0
-0.828547,0.411848,0
0.124151,-0.548203,0
0.205505,0.216633,0
-0.576230,0.614079,0
0.234146,-0.593810,0
0.302365,0.580586,0
0.304007,0.554067,0
-0.218809,-0.829359,0
-0.463514,-0.244794,0
-0.325144,-0.169120,0
-0.425263,-0.809080,0
-0.394594,0.075513,0
0.230411,0.785506,0
0.284166,0.772422,0
-0.985280,-0.120102,0
0.048446,0.668366,0
0.237291,0.623183,0
0.500286,0.630791,0
0.320421,0.631699,0
0.700213,0.180834,0
0.553541,0.369870,0
-0.160928,-0.398013,0
0.038235,-0.923637,0
-0.774830,-0.102479,0
-0.439919,0.725455,0
-0.417453,0.137033,0
-0.915629,0.022220,0
0.058188,-0.076558,0
-0.000195,0.849376,0
0.574831,0.522256,0
-0.719971,0.405978,0
0.664153,0.065878,0
-0.676145,0.515350,0
-0.761994,-0.237334,0
-0.689613,0.443034,0
0.016898,0.779066,0
0.131353,0.101268,0
-0.725132,0.279910,0
0.255677,0.559036,0
0.540991,-0.080772,0
-0.463603,-0.700470,0
-0.921404,-0.167404,0
-0.345437,-0.120119,0
0.429940,0.390179,0
-0.050785,-0.592301,0
0.069616,-0.509794,0
0.326927,-0.480507,0
-0.036000,0.347129,0
0.605336,-0.170379,0
-0.860826,0.037479,0
-0.788850,0.161312,0
0.096764,0.057428,0
0.887029,-0.404016,0
0.344669,-0.400736,0
-0.844486,0.061422,0
-0.884213,-0.375071,0
0.052058,-0.048423,0
-0.082900,-0.965055,0
0.129599,-0.930985,0
0.125861,0.263689,0
0.361065,0.513975,0
-0.742109,-0.294266,0
0.441577,-0.279310,0
0.584341,0.250973,0
0.651140,-0.121812,0
0.107214,-0.027712,0
-0.857791,-0.371179,0
-0.231576,0.732516,0
0.159288,-0.106464,0
-0.855490,-0.005858,0
0.689035,-0.090542,0
0.787646,-0.551354,0
0.035302,-0.421384,0
0.290943,0.686572,0
-0.107924,-0.940634,0
-0.047097,0.150572,0
-0.205007,0.097413,0
-0.855285,-0.515972,0
0.108052,-0.417325,0
-0.310624,-0.471015,0
0.673942,-0.658400,0
-0.395145,0.170000,0
0.548294,-0.817730,0
0.279682,0.619252,0
-0.172685,0.286553,0
-0.721342,-0.348483,0
0.234192,0.770446,0
0.551371,-0.261910,0
-0.323303,-0.843774,0
0.653156,0.137457,0
0.544737,-0.400591,0
0.023569,-0.032968,0
-0.262521,-0.419612,0
0.564556,0.353284,0
0.553780,-0.770751,0
0.611046,-0.708741,0
-0.190363,-0.888436,0
-0.440048,0.743343,0
0.326923,-0.438417,0
-0.045183,-0.891427,0
0.497483,0.607125,0
0.342523,-0.353990,0
0.594626,0.127547,0
-0.013968,-0.449094,0
-0.340521,-0.142271,0
-0.386273,-0.366002,0
-0.710882,0.277647,0
-0.736580,0.297522,0
-0.254196,-0.352013,0
-0.753479,0.105668,0
-0.129633,0.232553,0
0.656575,0.259343,0
0.115993,-0.034355,0
-0.297366,-0.427797,0
-0.756363,-0.503887,0
-0.236853,0.851598,0
-0.828547,0.006783,0
-0.652290,0.439046,0
0.196587,0.184254,0
0.206849,0.740556,0
-0.926560,-0.322692,0
0.587897,-0.029378,0
-0.477531,-0.112879,0
0.540784,-0.306078,0
-0.867032,0.090491,0
0.072749,-0.384859,0
-0.298392,-0.291839,0
-0.088170,-0.477843,0
0.659279,-0.037903,0
-0.169759,0.247176,0
-0.063638,-0.544812,0
0.841337,-0.522853,0
0.149110,0.735241,0
0.617537,0.115229,0
0.397879,0.662966,0
0.666126,0.330598,0
-0.382818,-0.397512,0
0.785786,-0.541482,0
0.079635,-0.065104,0
-0.806241,0.445276,0
-0.783027,0.019492,0
-0.116334,-0.885808,0
0.194828,-0.056526,0
-0.624811,0.436201,0
-0.593935,-0.795558,0
0.134542,-0.515410,0
-0.331624,-0.079672,0
-0.056892,0.748010,0
0.193287,-0.927803,0
-0.813610,0.482297,0
0.222956,0.585980,0
-0.228756,-0.405328,0
0.566791,0.177310,0
0.036124,-0.905779,0
0.231089,0.642112,0
0.719065,0.149935,0
-0.302313,-0.951236,0
-0.984685,0.026285,0
-0.251430,-0.821796,0
-0.160493,-0.966903,0
-0.807540,-0.468065,0
-0.365051,0.092150,0
0.140913,0.201692,0
-0.170563,0.156229,0
-0.772022,-0.007239,0
0.149948,-0.382185,0
0.548127,0.472205,0
-0.268163,-0.841696,0
-0.295867,0.265795,0
0.843536,-0.465479,0
-0.081632,0.264312,0
-0.984108,-0.101520,0
-0.731192,-0.279975,0
-0.835725,-0.186517,0
-0.417594,-0.003154,0
0.559673,0.400669,0
-0.276030,-0.057641,0
0.390880,0.414056,0
-0.061666,0.721933,0
0.248737,-0.880717,0
0.161922,0.264629,0
-0.755787,-0.441241,0
-0.023599,0.812329,0
-0.045177,0.785605,0
-0.236801,-0.485504,0
0.186274,0.630662,0
-0.174846,-0.456725,0
-0.337442,0.011720,0
0.338520,0.680321,0
-0.137640,-0.313338,0
-0.355361,-0.141666,0
-0.356061,-0.332190,0
0.723240,0.064756,0
0.712222,0.328181,0
0.192621,-0.462625,0
-0.785665,-0.503411,0
0.183251,0.154893,0
0.168978,0.827890,0
-0.986774,0.073589,0
0.427352,-0.342835,0
0.292591,-0.376413,0
-0.184110,-0.514788,0
0.221359,0.581771,0
-0.921640,-0.005026,0
-0.245043,-0.483147,0
-0.179741,-0.503643,0
0.535471,0.447594,0
0.004371,-0.965063,0
0.664389,-0.147850,0
-0.837785,0.451932,0
0.249800,0.697686,0
-0.100474,-0.439858,0
-0.474252,-0.029293,0
-0.313626,0.839022,0
-0.797151,0.499952,0
-0.320073,0.207220,0
0.534889,0.102604,0
-0.011458,0.366291,0
0.526191,-0.347068,0
0.014612,-0.422695,0
-0.725009,-0.660561,0
0.310146,0.510928,0
0.010880,0.319688,0
-0.279785,-0.454231,0
-0.691215,-0.460168,0
0.192764,0.610666,0
0.198111,0.810578,0
-0.612117,0.692937,0
0.463613,0.342522,0
-0.187382,-0.896626,0
-0.144483,0.823498,0
0.423061,0.575732,0
0.871287,-0.461662,0
-0.626685,0.653152,0
-0.125822,0.768803,0
-0.300046,0.620186,0
0.670301,0.069221,0
-0.010223,0.336827,0
-0.561809,0.450166,0
-0.399661,-0.188494,0
-0.419691,0.021512,0
0.192729,0.831818,0
-0.873046,0.056883,0
-0.406034,-0.242908,0
0.534260,0.047968,0
0.303435,-0.866306,0
-0.269072,0.071230,0
0.263694,0.710029,0
0.508060,0.247678,0
0.431587,0.365247,0
0.540890,-0.097893,0
0.660624,0.284267,0
-0.869038,-0.481657,0
0.060104,-0.465475,0
-0.724580,0.177922,0
-0.947509,0.006348,0
0.936879,-0.328900,0
0.121296,0.145601,0
-0.676477,-0.461704,0
-0.914479,-0.295154,0
-0.790959,0.149094,0
-0.412621,-0.275208,0
-0.327870,0.657606,0
-0.611310,0.521575,0
0.343986,0.620121,0
-0.569614,0.684740,0
-0.868477,-0.438865,0
0.285928,0.513025,0
-0.634417,-0.680318,0
-0.037115,-0.515477,0
0.203425,-0.435259,0
0.126467,0.744991,0
-0.328685,0.813218,0
0.208149,0.024316,0
-0.469104,-0.828966,0
-0.366737,-0.182721,0
-0.100321,-0.502159,0
-0.548382,0.725729,0
-0.591719,0.685583,0
0.035057,-0.461075,0
0.049991,-0.044768,0
-0.491769,-0.741860,0
-0.570826,0.488386,0
-0.151165,0.355391,0
-0.799350,0.223285,0
-0.879467,0.183079,0
-0.254059,-0.910799,0
-0.106382,-0.457633,0
-0.296109,-0.371079,0
-0.163989,0.753881,0
0.584153,0.344242,0
-0.616631,-0.558805,0
0.052087,0.232205,0
-0.544511,-0.653599,0
0.529480,0.175675,0
0.596234,0.210400,0
0.299601,-0.495288,0
0.047078,-0.506740,0
0.122181,0.170228,0
0.504850,-0.293666,0
-0.485530,0.516871,0
0.161556,0.630533,0
0.556101,-0.242210,0
-0.159067,-0.446497,0
0.058215,0.248221,0
-0.122017,0.840031,0
-0.409299,0.737013,0
-0.882561,0.127641,0
-0.772957,-0.014603,0
-0.694520,0.246812,0
-0.161241,-0.856321,0
-0.503652,0.485906,0
-0.678044,0.410940,0
0.127408,-0.087343,0
0.147953,0.093494,0
0.604412,0.265391,0
-0.061069,-0.893434,0
0.089921,0.165974,0
0.091963,-0.606324,0
-0.519655,0.696515,0
-0.451807,-0.023307,0
-0.055549,-0.978554,0
-0.378738,0.165586,0
0.019178,-0.009627,0
-0.961228,-0.224408,0
-0.779772,0.213330,0
0.577445,0.347522,0
-0.876208,0.267140,0
-0.189549,0.142970,0
-0.742487,-0.389953,0
-0.873196,-0.467180,0
0.248217,0.142244,0
-0.488482,-0.787569,0
-0.267372,0.321969,0
0.661169,0.442792,0
-0.031376,0.702903,0
-0.764277,0.206313,0
0.053371,0.676663,0
-0.540620,0.621195,0
-0.707133,0.189026,0
0.537923,-0.775118,0
0.547596,-0.835693,0
0.071626,0.015891,0
0.582607,-0.336640,0
-0.637794,0.377775,0
-0.721789,-0.464464,0
-0.158302,-0.348942,0
0.578736,-0.752099,0
0.186661,0.826395,0
-0.133525,0.746616,0
-0.151745,0.722803,0
-0.807155,0.210462,0
-0.291479,-0.955847,0
-0.187461,0.279534,0
-0.164584,0.224930,0
-0.245585,0.773611,0
-0.301585,-0.052740,0
-0.015927,0.798993,0
0.507002,-0.245623,0
-0.567920,0.457361,0
-0.128177,0.252960,0
-0.317149,0.232305,0
-0.629248,0.381266,0
-0.820435,0.354824,0
-0.424334,0.739898,0
0.778294,-0.582466,0
0.463334,0.546680,0
-0.856180,-0.107638,0
0.173529,-0.485429,0
-0.726371,0.353094,0
-0.632169,0.577304,0
-0.391528,-0.194636,0
0.131174,-0.613234,0
-0.402860,0.097793,0
0.263897,-0.939525,0
0.302865,-0.360601,0
0.404615,-0.325658,0
-0.292779,0.089263,0
0.027913,0.114783,0
0.354806,0.672386,0
-0.468267,0.763544,0
0.593360,0.060055,0
-0.064196,0.686648,0
-0.629910,0.552381,0
-0.128629,-0.927957,0
0.454237,-0.170540,0
-0.115608,0.728796,0
0.085302,0.252555,0
-0.573456,0.617035,0
0.016098,-0.980095,0
-0.112188,0.854319,0
0.714010,0.257902,0
0.406700,-0.414619,0
0.414840,0.712412,0
0.022395,0.333562,0
-0.207930,0.113973,0
0.103171,0.166060,0
0.597193,0.293991,0
0.245893,0.613148,0
0.467467,0.505273,0
-0.909347,-0.278450,0
-0.160944,0.226032,0
-0.297844,0.183222,0
-0.564880,0.473358,0
0.138003,-0.474227,0
-0.805092,-0.126893,0
0.630607,-0.129678,0
0.607013,-0.257661,0
0.533943,-0.262714,0
-0.867724,-0.198950,0
-0.854549,0.408903,0
0.665351,-0.152393,0
-0.407875,-0.196066,0
-0.305326,-0.454326,0
0.663442,-0.274060,0
0.596263,0.029446,0
0.276440,-0.596859,0
0.140427,0.283427,0
0.611433,0.285878,0
-0.307671,0.276784,0
-0.866516,0.284454,0
-0.919281,-0.070861,0
-0.327051,0.814499,0
-0.297014,-0.220943,0
-0.926895,0.000277,0
0.409088,-0.816584,0
0.272374,-0.439760,0
-0.006201,-0.587200,0
-0.238699,-0.506601,0
-0.181321,0.760635,0
-0.561292,0.428146,0
-0.286650,0.842722,0
0.655688,-0.747913,0
0.340862,-0.344006,0
0.505839,0.617083,0
-0.657633,0.566561,0
0.530627,0.594472,0
-0.742659,-0.634723,0
-0.645663,-0.483847,0
-0.818298,-0.291506,0
-0.338764,0.097232,0
-0.490641,0.003603,0
-0.336206,-0.832226,0
-0.313168,-0.113651,0
-0.699106,0.351914,0
-0.339298,0.709949,0
0.659876,-0.081957,0
-0.277293,-0.077490,0
-0.902222,0.091033,0
0.088151,0.830261,0
0.182176,-0.065211,0
0.614515,-0.173785,0
-0.159571,0.129864,0
-0.345831,-0.778185,0
0.052492,-0.976769,0
0.666446,0.338599,0
-0.297771,-0.151378,0
-0.734058,0.292444,0
-0.942558,0.106370,0
-0.303503,-0.466221,0
0.309685,0.748989,0
-0.442990,0.136895,0
-0.364238,-0.217956,0
-0.026920,-0.956354,0
-0.904772,-0.360474,0
0.488147,0.655634,0
0.616609,-0.758665,0
0.095361,0.213385,0
-0.329411,0.137180,0
0.402820,-0.280855,0
0.252924,0.770540,0
-0.092565,-0.515932,0
0.565594,0.101273,0
-0.750477,-0.339045,0
-0.977741,-0.179512,0
0.627112,0.151445,0
-0.085228,-0.912033,0
-0.353542,-0.889149,0
0.174687,0.586405,0
-0.022102,0.807808,0
-0.240448,-0.273477,0
-0.772201,0.063533,0
0.099081,0.810936,0
0.529003,0.474188,0
0.601513,-0.194466,0
0.336020,0.604947,0
0.192198,0.213989,0
-0.476846,0.666829,0
-0.657280,0.609056,0
-0.327411,0.099049,0
-0.618546,-0.694270,0
0.195687,0.756626,0
-0.754161,-0.172877,0
-0.698689,0.354287,0
0.147992,0.597188,0
-0.457593,-0.250495,0
-0.645548,0.594921,0
0.092416,-0.122394,0
-0.639233,-0.612891,0
-0.309650,-0.339331,0
-0.038018,-0.063811,0
0.487792,-0.194667,0
-0.288970,0.789103,0
-0.329600,0.775838,0
0.063164,-0.599929,0
0.060740,-0.091361,0
-0.310297,-0.451468,0
0.702181,-0.060934,0
-0.285096,0.140957,0
0.048636,0.649993,0
-0.262444,-0.444983,0
-0.674879,0.618719,0
0.141112,-0.619313,0
-0.077633,-0.951493,0
0.698500,-0.649106,0
0.368897,-0.541115,0
-0.484327,0.694018,0
0.200343,0.218717,0
-0.649631,0.673131,0
-0.141172,0.326543,0
0.168703,0.038640,0
-0.763320,0.062447,0
0.533001,-0.412283,0
-0.063776,0.255145,0
-0.166308,0.856348,0
-0.484532,-0.210300,0
0.634143,0.062242,0
-0.875311,0.133528,0
0.352794,0.718109,0
-0.652855,0.517050,0
0.395477,-0.264555,0
0.474115,-0.802251,0
-0.787243,0.485520,0
-0.903697,0.148981,0
-0.055966,0.322353,0
0.178701,-0.582139,0
-0.432574,-0.187156,0
0.480103,-0.317968,0
-0.316332,0.604792,0
-0.413116,0.711364,0
0.013450,0.184651,0
0.582696,0.342824,0
0.475335,0.349525,0
0.329111,-0.329809,0
0.379607,-0.542322,0
-0.182700,0.794890,0
-0.469721,-0.713238,0
-0.459394,-0.115823,0
-0.931172,-0.102817,0
0.154391,-0.035157,0
0.666282,-0.262913,0
0.520936,0.415723,0
-0.758394,-0.099458,0
-0.323476,-0.280152,0
-0.228814,0.672853,0
-0.362304,-0.142262,0
-0.337335,-0.054637,0
-0.483222,0.520290,0
-0.835000,-0.241615,0
0.443551,0.580369,0
-0.190991,-0.879926,0
-0.699783,-0.710205,0
-0.415932,-0.891609,0
-0.366738,-0.303367,0
0.445910,0.676932,0
0.649310,-0.747393,0
0.415566,0.614269,0
0.194638,-0.873235,0
-0.583440,-0.683604,0
-0.223848,-0.541245,0
-0.787793,-0.536619,0
-0.231325,0.861518,0
-0.927051,0.270665,0
-0.009329,0.267587,0
-0.237559,0.813990,0
-0.185382,-0.288956,0
-0.320162,0.042213,0
0.237149,0.138692,0
-0.776217,0.009496,0
-0.020642,-0.432519,0
-0.804549,-0.159224,0
0.471646,-0.124711,0
0.583192,0.120138,0
0.536822,-0.245525,0
0.125962,-0.462968,0
-0.358254,0.590465,0
0.490150,-0.339428,0
0.335146,-0.350573,0
0.096201,-0.139237,0
0.038163,0.291652,0
-0.092061,0.750133,0
-0.018207,0.146354,0
0.421092,-0.528057,0
-0.814125,0.476995,0
0.481968,0.521021,0
-0.827695,-0.028669,0
0.516791,-0.836964,0
-0.166159,-0.978602,0
-0.036234,-0.526548,0
-0.571860,-0.714157,0
-0.380440,0.640004,0
0.524059,0.547785,0
0.643532,0.005198,0
-0.147368,0.258602,0
-0.004936,0.637123,0
-0.917143,-0.200747,0
-0.848999,-0.317520,0
0.197120,-0.900931,0
0.726377,-0.038702,0
0.197603,0.120654,0
0.792532,-0.537458,0
0.348773,-0.354836,0
0.107349,-0.885520,0
0.095460,-0.026307,0
0.643328,0.421249,0
0.483700,-0.159069,0
0.283200,-0.413056,0
-0.752444,0.450739,0
0.535686,0.354906,0
0.565219,-0.136429,0
-0.512913,-0.809304,0
-0.634876,0.562968,0
0.125056,0.707372,0
-0.268012,-0.930747,0
0.235857,0.167063,0
0.124124,0.223958,0
-0.832345,0.043764,0
-0.843817,-0.467221,0
0.405034,0.506659,0
-0.281998,-0.808914,0
0.601094,0.336645,0
-0.932544,0.202937,0
-0.630000,0.424199,0
0.026257,0.727759,0
-0.823688,0.012861,0
-0.655800,-0.606998,0
-0.358612,-0.320436,0
-0.870446,-0.240882,0
0.381002,0.730648,0
-0.066415,-0.955601,0
-0.248229,0.303585,0
0.031344,0.644910,0
-0.209111,0.084036,0
0.028125,0.011158,0
0.142626,0.178274,0
0.094356,-0.912028,0
-0.794017,-0.601260,0
0.377518,0.626693,0
-0.543750,0.617995,0
0.482117,-0.298361,0
-0.080630,-0.545397,0
0.584636,-0.223044,0
0.111470,0.773698,0
-0.387613,0.719586,0
-0.215352,0.068636,0
-0.282874,0.157616,0
-0.373293,0.628856,0
0.190665,-0.482204,0
0.675750,0.210943,0
0.252319,-0.539602,0
-0.720421,-0.410099,0
0.195107,-0.003295,0
0.195948,0.606772,0
0.534289,0.205477,0
0.137444,0.298049,0
-0.177847,0.113161,0
0.703061,0.147099,0
0.658036,0.294386,0
0.057350,0.195763,0
-0.325790,-0.196224,0
0.402404,0.520328,0
0.011923,-0.122463,0
0.372093,-0.412604,0
-0.035186,-0.428087,0
0.072132,-0.908850,0
-0.055309,-0.525464,0
0.611479,0.000075,0
0.467384,0.306682,0
-0.688902,-0.567803,0
-0.242792,0.184616,0
0.164847,-0.531116,0
-0.085833,-0.899518,0
-0.785330,0.464861,0
0.163193,-0.416750,0
-0.867973,-0.369423,0
0.062774,0.768527,0
-0.361823,-0.882011,0
0.446565,0.454210,0
0.805558,-0.556150,0
0.267915,-0.439419,0
0.702481,0.157847,0
-0.073626,-0.418501,0
0.559179,0.223415,0
-0.322375,0.667008,0
-0.020827,0.751768,0
-0.030056,-0.015424,0
-0.051687,0.684379,0
-0.387173,-0.888167,0
0.199664,0.126809,0
-0.332782,-0.264751,0
-0.186367,-0.895102,0
-0.872185,-0.247641,0
0.698178,0.313335,0
-0.138716,0.192144,0
-0.138847,0.854154,0
-0.023724,0.674785,0
0.959052,-0.219678,0
-0.386382,-0.913133,0
0.532680,0.236829,0
-0.449836,-0.240877,0
-0.068197,-0.369080,0
-0.151490,0.651529,0
0.063991,0.088454,0
-0.027220,0.831307,0
-0.214972,0.748920,0
0.421618,0.525658,0
0.005737,0.283551,0
0.695648,0.070418,0
-0.776454,0.119665,0
-0.201481,0.134386,0
-0.116694,0.167258,0
-0.619939,0.477161,0
0.002819,-0.452188,0
0.085229,-0.078705,0
0.415326,-0.219123,0
-0.193853,-0.401441,0
0.644177,0.030338,0
-0.297885,-0.006054,0
-0.204375,-0.531258,0
0.597010,-0.300044,0
-0.275359,-0.885293,0
-0.641103,0.648467,0
-0.340694,0.150899,0
0.716735,0.028103,0
0.473667,-0.428131,0
0.000965,0.283607,0
-0.147514,0.359862,0
-0.347554,-0.007771,0
-0.979668,0.073018,0
-0.789841,0.149662,0
-0.738154,-0.444378,0
0.168468,0.588704,0
0.528393,-0.408663,0
-0.709961,0.294198,0
-0.556140,0.447657,0
-0.927267,-0.294294,0
0.454604,0.411730,0
0.046319,0.810829,0
0.019539,0.830307,0
-0.769712,-0.003305,0
-0.082446,0.295545,0
0.707791,0.033604,0
0.021726,-0.966280,0
0.563503,-0.094937,0
-0.683207,0.535022,0
0.181263,0.610196,0
-0.182266,-0.901183,0
0.306410,0.495486,0
0.059252,0.014201,0
-0.470911,-0.140825,0
-0.337624,0.816451,0
-0.278486,-0.209178,0
0.243986,0.038307,0
0.120111,-0.479414,0
0.227573,0.553187,0
0.178563,-0.379052,0
-0.061616,0.737614,0
0.618948,0.486441,0
-0.217523,0.321801,0
0.434366,0.449781,0
-0.688838,-0.457571,0
-0.560014,-0.654582,0
-0.443789,0.229957,1
-0.689323,-0.174656,1
-0.452744,0.810887,1
0.328130,0.911122,1
0.629925,0.639292,1
0.984710,-0.103942,1
-0.416804,0.892412,1
-0.554334,-0.207099,1
0.653796,0.550191,1
-0.624465,-0.350438,1
-0.439316,0.405286,1
0.342957,0.014236,1
0.910294,0.396866,1
-0.063962,-0.812757,1
-0.092096,0.519234,1
-0.650183,0.206477,1
-0.110489,-0.810569,1
0.746233,-0.343038,1
-0.478666,0.848538,1
-0.501900,-0.603205,1
0.456690,0.853872,1
-0.956697,0.289678,1
0.317345,0.789536,1
0.638074,-0.431925,1
0.194958,-0.233048,1
0.279573,0.267978,1
0.251292,-0.281624,1
-0.242072,0.421850,1
0.672062,-0.589468,1
-0.735596,-0.152882,1
0.474953,-0.692294,1
-0.348489,0.366525,1
0.007567,0.446364,1
0.775198,-0.320371,1
0.182922,0.283333,1
-0.570995,0.319718,1
-0.242080,0.533926,1
-0.518059,0.290831,1
0.074243,-0.643132,1
-0.193160,-0.068861,1
0.052438,0.875594,1
0.195312,0.974185,1
-0.319208,-0.730747,1
0.135732,-0.139503,1
-0.483047,0.189425,1
-0.506242,0.209625,1
0.804646,0.546196,1
0.027639,-0.719470,1
-0.121003,-0.641824,1
0.856305,-0.358236,1
0.308695,-0.765139,1
-0.300199,0.583734,1
-0.728188,0.640111,1
0.186307,0.479643,1
0.760173,0.457042,1
0.815218,-0.446141,1
0.006191,-0.286330,1
-0.267094,0.923985,1
0.381027,-0.622450,1
-0.238402,0.593615,1
-0.016593,0.497389,1
0.421374,0.751522,1
0.814858,0.014234,1
0.789701,-0.478609,1
0.203202,0.278836,1
-0.435971,-0.604715,1
-0.521024,-0.286236,1
0.638256,-0.391952,1
0.668528,-0.299407,1
-0.323068,0.573972,1
-0.064602,-0.753114,1
-0.331533,-0.626351,1
0.424466,0.769666,1
-0.651716,-0.076457,1
0.706652,-0.249244,1
0.318721,0.877171,1
-0.368428,-0.561293,1
-0.187645,-0.645856,1
-0.407427,-0.394374,1
-0.372652,0.898059,1
0.130674,0.443645,1
0.191016,-0.642787,1
0.247423,-0.249661,1
-0.034307,-0.798201,1
0.930927,-0.010396,1
0.024706,0.450230,1
-0.020353,-0.817703,1
-0.532466,-0.126635,1
-0.844362,0.501616,1
0.824102,-0.125092,1
0.415344,-0.617382,1
0.548305,0.610816,1
-0.428092,0.434120,1
-0.665443,0.003704,1
-0.015317,-0.749555,1
-0.616591,0.763876,1
0.818992,0.505976,1
0.066525,-0.738747,1
-0.258267,-0.616494,1
-0.100170,0.553310,1
-0.003740,-0.321412,1
-0.070967,-0.214769,1
0.417317,0.312442,1
-0.450893,0.236309,1
-0.181581,-0.246967,1
-0.111852,0.884944,1
-0.458855,-0.451277,1
0.350662,0.145579,1
-0.618112,0.030060,1
0.698728,0.414778,1
0.018235,-0.641062,1
0.185956,0.511364,1
0.880117,-0.013056,1
0.784447,0.032050,1
0.723048,-0.589673,1
0.339803,0.245799,1
0.306057,-0.641963,1
0.072437,-0.209307,1
0.054559,0.985497,1
0.216276,0.955876,1
0.016888,-0.653176,1
-0.529713,0.133933,1
0.737909,-0.387190,1
-0.293244,-0.670806,1
0.282329,-0.688507,1
0.102186,0.973282,1
0.433182,0.207565,1
-0.411082,0.434532,1
0.313939,-0.265553,1
-0.533056,0.051848,1
-0.487195,-0.629605,1
-0.300411,-0.741946,1
0.443204,0.100077,1
0.085699,0.473221,1
0.688831,0.552643,1
0.201218,0.450677,1
0.496680,-0.737465,1
-0.018189,-0.260395,1
0.758996,0.367730,1
-0.061031,0.918278,1
0.761190,0.211881,1
-0.440409,-0.400954,1
0.720642,-0.403871,1
-0.315720,0.905907,1
0.822476,0.306461,1
0.759979,0.204170,1
0.803216,-0.010827,1
-0.710956,-0.023833,1
0.722306,0.461171,1
0.457203,-0.763287,1
0.275540,0.846055,1
0.050225,-0.269181,1
0.355088,-0.146560,1
0.719992,0.435466,1
0.028253,0.032133,1
-0.498910,0.422740,1
0.883650,0.201358,1
0.348164,-0.102873,1
-0.702548,0.168488,1
0.389570,0.366567,1
0.771069,0.375520,1
0.122702,-0.794907,1
0.212268,0.486573,1
-0.494946,-0.244655,1
0.903891,0.281840,1
-0.231587,-0.646464,1
-0.145729,0.067712,1
0.888818,-0.002339,1
0.176244,0.959489,1
0.888758,0.080135,1
-0.293540,-0.506348,1
0.561364,-0.584501,1
-0.026514,-0.282586,1
0.977270,-0.131961,1
0.267646,-0.715230,1
0.568033,0.737696,1
0.697184,0.381408,1
0.824412,-0.061487,1
-0.667734,-0.042707,1
0.215446,0.893630,1
0.372793,0.773838,1
-0.149698,-0.653721,1
-0.508748,-0.172429,1
0.748183,-0.518037,1
-0.338111,-0.477979,1
0.444775,0.877335,1
-0.584349,-0.182432,1
0.163846,-0.857575,1
-0.559544,0.335759,1
-0.929135,0.358354,1
0.709495,0.428790,1
0.136960,0.899250,1
-0.578729,0.361046,1
-0.116585,0.565341,1
0.283524,-0.284897,1
0.421210,0.328442,1
-0.344200,-0.746662,1
-0.550262,-0.337095,1
0.243654,-0.764123,1
0.155647,0.937062,1
-0.494355,0.377759,1
0.135891,0.926855,1
0.539692,-0.531039,1
0.131866,-0.159955,1
-0.522726,-0.624480,1
-0.094292,-0.744910,1
-0.130836,0.611953,1
0.298647,-0.591144,1
-0.601714,0.212780,1
-0.550386,-0.072870,1
-0.063454,0.618667,1
-0.679136,-0.243715,1
0.217034,-0.657715,1
0.810749,0.403840,1
0.795010,0.136665,1
0.621331,-0.406589,1
0.167562,0.528847,1
-0.739024,-0.189586,1
-0.264991,-0.662603,1
-0.187897,0.470725,1
0.009218,-0.819597,1
-0.120747,-0.721367,1
0.269422,-0.126485,1
0.375791,0.068317,1
0.201238,0.398009,1
0.676641,-0.467553,1
-0.229507,0.359114,1
0.104346,-0.757191,1
-0.207076,-0.237812,1
-0.318994,0.408706,1
0.354694,-0.062780,1
0.931041,-0.269515,1
-0.547656,0.236224,1
0.912734,-0.158865,1
0.385566,0.113972,1
0.194463,0.915784,1
0.274898,0.892944,1
-0.698665,0.109217,1
0.871405,0.170887,1
0.800563,-0.447589,1
0.489632,-0.489366,1
-0.268606,-0.652529,1
0.832269,-0.344094,1
-0.451790,0.874961,1
0.088987,0.877182,1
0.072471,0.520048,1
0.422640,0.855680,1
-0.581560,0.771891,1
-0.558832,0.328671,1
0.499321,-0.566912,1
0.700345,-0.354886,1
0.125056,-0.838510,1
0.419604,-0.809842,1
-0.340340,-0.507926,1
-0.397659,-0.600620,1
-0.591492,-0.520605,1
-0.447057,0.169760,1
0.331249,-0.262577,1
0.892042,0.369921,1
0.387961,0.311645,1
0.803720,0.270285,1
0.669665,-0.627861,1
0.844159,-0.078264,1
0.145195,0.578217,1
0.679964,0.645224,1
-0.425230,-0.590936,1
-0.677747,-0.389676,1
0.683330,0.414028,1
-0.133139,0.465318,1
0.902628,0.057117,1
-0.632058,0.728656,1
0.733843,-0.164920,1
-0.598421,-0.067335,1
-0.602017,-0.134937,1
0.912886,-0.039107,1
0.222067,0.483819,1
0.797340,0.418972,1
-0.457510,-0.447813,1
0.450189,-0.723667,1
0.387268,0.851769,1
0.208998,-0.650297,1
0.214765,0.445768,1
-0.593339,-0.255304,1
-0.043211,0.022912,1
0.680662,0.553233,1
0.317829,0.273806,1
0.370256,-0.561961,1
0.478380,0.683335,1
-0.487161,-0.602281,1
0.418273,0.351941,1
0.851452,-0.211471,1
0.789979,-0.267761,1
0.938474,-0.134116,1
0.711372,0.375309,1
0.815394,0.291725,1
-0.742416,-0.098070,1
-0.245640,-0.803942,1
0.767814,-0.024676,1
0.612912,-0.682966,1
-0.591814,0.342059,1
-0.528295,0.192223,1
-0.276957,-0.610121,1
0.709452,-0.461563,1
-0.318598,-0.712386,1
-0.003615,0.435762,1
-0.516328,-0.235801,1
0.081233,-0.840446,1
0.850713,-0.288081,1
0.249219,-0.741101,1
-0.483665,-0.244057,1
0.905001,-0.313252,1
-0.572890,-0.566749,1
-0.407195,0.405331,1
-0.503657,-0.385374,1
0.048462,-0.347943,1
-0.073703,0.038923,1
0.501556,-0.539444,1
-0.276272,-0.658200,1
-0.496876,-0.394821,1
-0.669939,-0.221167,1
-0.588326,0.045059,1
-0.048213,-0.748809,1
-0.071634,-0.135427,1
0.775174,-0.510305,1
-0.259798,-0.629797,1
-0.342554,0.482173,1
0.272605,0.075908,1
-0.485115,-0.423153,1
-0.432787,0.395226,1
0.107355,-0.751700,1
-0.506397,-0.258955,1
-0.233764,-0.044397,1
0.532450,-0.739146,1
-0.076905,-0.680628,1
-0.629811,0.148236,1
0.443115,-0.765734,1
-0.250143,0.528790,1
0.232502,0.852541,1
-0.682807,-0.235048,1
0.309967,-0.247402,1
0.318385,0.002335,1
0.581055,0.688573,1
0.790129,0.593686,1
0.783447,0.392312,1
-0.875004,0.469411,1
-0.571617,0.357498,1
0.321952,-0.254424,1
-0.877550,0.435348,1
0.516221,-0.521128,1
0.300902,-0.621472,1
0.758389,0.485829,1
0.814948,-0.034475,1
-0.670264,-0.061382,1
0.317654,-0.241880,1
0.503696,-0.581433,1
-0.080407,0.906954,1
0.431763,0.831084,1
-0.839511,0.496559,1
-0.231491,-0.025889,1
0.344802,0.098245,1
0.302063,0.360061,1
-0.372588,0.377018,1
0.699735,0.634268,1
-0.170768,0.415581,1
-0.087861,-0.684535,1
0.413710,0.876561,1
-0.211462,-0.581653,1
-0.676792,-0.319408,1
-0.685140,-0.246189,1
0.338473,0.014945,1
-0.520669,-0.084844,1
0.925270,0.010102,1
-0.570835,-0.286192,1
0.428449,-0.604918,1
0.406936,0.751657,1
0.075675,-0.823071,1
0.774600,0.390535,1
-0.069260,0.513415,1
-0.233914,0.520136,1
-0.200093,-0.742663,1
0.159395,-0.338445,1
-0.161516,0.537148,1
0.625604,0.769224,1
0.050563,-0.839769,1
-0.171330,0.051020,1
-0.749832,0.594756,1
0.365920,0.134955,1
-0.477727,0.289737,1
0.300627,-0.134645,1
-0.561553,0.063176,1
-0.113741,0.915511,1
0.500636,0.714929,1
0.886852,-0.217743,1
-0.236281,0.486984,1
0.435001,0.285991,1
0.739927,-0.107629,1
-0.566042,-0.293541,1
-0.158230,-0.831934,1
0.200314,0.954363,1
-0.490883,0.206631,1
0.042769,-0.251098,1
-0.400788,0.504254,1
-0.175461,-0.745739,1
0.563607,0.716019,1
0.970553,0.126075,1
-0.155211,-0.716076,1
0.360028,-0.764723,1
0.216691,-0.307906,1
-0.529653,0.387143,1
-0.931725,0.350249,1
-0.145497,0.430733,1
0.182032,-0.182866,1
0.436509,0.303236,1
0.161807,0.938324,1
0.592587,0.756168,1
0.659769,-0.397551,1
-0.341414,0.935012,1
0.087597,0.933612,1
-0.326872,-0.707418,1
0.343389,-0.745096,1
0.463487,0.277512,1
0.796933,-0.427285,1
0.801618,0.033781,1
-0.007739,0.457647,1
0.744784,-0.110935,1
-0.057053,0.053439,1
-0.554361,0.030696,1
0.108037,0.918913,1
0.056214,-0.646272,1
0.593062,-0.674740,1
-0.384356,-0.737658,1
-0.070911,0.558591,1
0.315781,0.374728,1
0.507057,0.697324,1
-0.009916,-0.193558,1
0.478489,0.201579,1
-0.241002,0.591820,1
-0.741036,-0.145322,1
0.935661,-0.151749,1
-0.037652,0.532429,1
0.293844,0.090785,1
0.340018,0.219692,1
-0.360423,0.893023,1
-0.920143,0.348760,1
0.815506,-0.019875,1
0.419291,0.098076,1
0.932827,-0.277636,1
0.505028,0.675344,1
0.763103,-0.103508,1
0.352637,0.160080,1
-0.118445,0.432495,1
-0.491160,-0.302939,1
-0.587380,-0.548208,1
-0.538908,-0.068779,1
-0.687723,-0.293620,1
-0.172907,0.002171,1
0.341939,-0.623040,1
-0.884311,0.453150,1
-0.635143,-0.423219,1
-0.615629,-0.088821,1
0.779088,-0.346374,1
0.804960,-0.146415,1
-0.586674,0.144009,1
0.250775,0.959914,1
0.882961,0.366463,1
0.413063,-0.752182,1
-0.211630,-0.061915,1
0.139771,0.954236,1
-0.470805,-0.523912,1
0.146216,0.435517,1
-0.503641,-0.222704,1
0.659354,0.636130,1
-0.558844,-0.144869,1
0.747234,0.587372,1
-0.594113,0.722141,1
0.897469,0.184316,1
0.036595,0.964438,1
0.388632,0.300034,1
0.158727,0.366797,1
0.965664,0.252108,1
0.899271,0.285799,1
-0.085134,0.937908,1
-0.217293,0.572778,1
-0.127189,0.052830,1
0.033982,0.951037,1
-0.179118,-0.830550,1
-0.625745,0.125619,1
-0.723577,-0.038077,1
0.456418,-0.510173,1
-0.638641,0.747736,1
-0.334900,-0.653221,1
0.053977,0.540908,1
-0.497169,0.186449,1
-0.359196,0.415792,1
0.664568,-0.446285,1
-0.112150,0.120986,1
0.764661,-0.294115,1
0.305614,0.172291,1
-0.940337,0.307086,1
0.002676,-0.727729,1
0.387053,-0.683990,1
-0.418428,-0.380348,1
-0.749963,0.625113,1
0.868862,0.118759,1
0.088546,0.494077,1
-0.369367,-0.605840,1
0.701246,0.669045,1
0.725698,-0.224254,1
0.986235,0.112751,1
0.091756,0.450717,1
0.140609,-0.176442,1
0.347294,0.312073,1
-0.099797,0.489014,1
-0.120830,0.988749,1
-0.016909,0.509803,1
0.318505,0.162667,1
0.792357,0.044203,1
0.229309,0.297563,1
-0.361119,-0.632963,1
-0.390989,-0.412557,1
0.839997,0.508658,1
0.145627,-0.280833,1
0.964470,0.096683,1
0.591737,0.756827,1
0.535419,-0.702160,1
0.595402,-0.585951,1
-0.426195,-0.384854,1
-0.017818,-0.680001,1
0.800128,0.590637,1
-0.640707,-0.403299,1
-0.522984,0.029135,1
-0.224908,-0.175421,1
0.347911,0.121190,1
0.725205,-0.552794,1
0.043907,0.494386,1
-0.327239,0.520923,1
0.465184,-0.584374,1
0.835215,0.520812,1
0.079681,-0.682322,1
-0.350829,0.883250,1
-0.056642,-0.710295,1
-0.600958,-0.226590,1
0.554312,-0.632941,1
-0.641295,0.199230,1
0.041588,0.524680,1
-0.592909,0.294129,1
0.831617,0.063074,1
-0.537287,-0.423061,1
-0.539811,-0.443129,1
0.805825,0.124090,1
0.117982,0.384191,1
0.871523,0.130235,1
0.807869,0.388431,1
0.042068,-0.150543,1
-0.086889,0.449159,1
-0.487767,-0.393701,1
0.226691,-0.817362,1
-0.227880,-0.788160,1
0.420006,0.890101,1
-0.437605,0.347281,1
0.822349,0.519584,1
-0.542409,-0.264540,1
0.207475,-0.198145,1
-0.416289,-0.710661,1
0.937369,0.272121,1
0.143162,-0.290511,1
-0.572727,0.794216,1
-0.564244,-0.519187,1
0.911803,0.123153,1
0.807819,-0.123162,1
-0.263220,-0.653545,1
-0.019788,0.460745,1
0.435579,0.750364,1
-0.899573,0.415570,1
-0.461277,0.874895,1
0.407995,-0.774956,1
0.905315,0.070081,1
-0.213220,0.379802,1
0.844570,-0.405401,1
-0.173208,-0.006579,1
-0.048501,0.057812,1
-0.219765,0.931711,1
0.682076,-0.381016,1
-0.023568,-0.290260,1
0.304339,0.936910,1
0.606204,0.534730,1
0.317004,-0.766361,1
0.288478,0.948219,1
-0.596252,0.303333,1
0.209684,0.910387,1
0.099367,-0.813884,1
0.007118,0.924467,1
-0.283455,0.865432,1
0.107513,-0.361171,1
0.646009,0.702411,1
-0.211483,-0.036987,1
-0.088768,-0.660201,1
0.380328,-0.101341,1
-0.190953,-0.761935,1
-0.223872,0.429174,1
0.381122,-0.243808,1
0.469909,-0.778374,1
0.861626,-0.256353,1
0.516551,0.687025,1
-0.302521,-0.674402,1
0.754772,-0.057210,1
0.661723,-0.434283,1
0.701699,-0.351031,1
-0.626356,-0.268969,1
-0.581945,-0.168804,1
0.078977,0.962971,1
0.260543,-0.050313,1
0.598656,0.583471,1
-0.063581,-0.102231,1
0.339222,0.119123,1
0.850153,0.057738,1
0.755393,-0.131605,1
-0.648509,-0.372634,1
0.577053,0.644703,1
0.228173,0.510696,1
-0.251819,0.944171,1
0.702176,0.359535,1
-0.862092,0.491594,1
0.256823,0.893301,1
-0.640011,0.117083,1
0.452378,0.108794,1
0.276116,-0.170673,1
0.274171,0.331352,1
0.381886,0.413431,1
0.306733,-0.733592,1
0.755793,0.422614,1
0.091420,-0.245736,1
0.976619,-0.144172,1
-0.121821,0.939977,1
0.104093,-0.739935,1
0.353409,0.010512,1
0.352673,-0.679282,1
0.653820,0.610582,1
-0.700150,-0.331663,1
-0.071598,0.611659,1
-0.672702,-0.028149,1
0.162466,-0.730565,1
0.457216,0.050912,1
-0.217873,-0.088189,1
-0.514080,-0.491449,1
0.883670,-0.099625,1
-0.489974,-0.348538,1
-0.078572,0.941410,1
-0.461371,-0.587316,1
0.494661,0.742346,1
-0.175601,0.980582,1
-0.136461,0.472705,1
0.404099,0.373566,1
-0.171991,-0.095905,1
0.363105,0.387793,1
-0.527372,-0.006338,1
0.406346,-0.199623,1
-0.457277,-0.611955,1
-0.118411,-0.206380,1
0.235250,-0.215655,1
0.333219,0.359418,1
-0.103505,0.544109,1
-0.138241,0.934906,1
0.048277,0.546369,1
-0.551898,0.388954,1
-0.066937,-0.206924,1
0.153374,0.424252,1
-0.383892,-0.708389,1
0.955367,0.141378,1
0.748067,0.463394,1
0.258216,0.241618,1
0.978838,0.173856,1
-0.401892,0.863386,1
0.241056,0.265375,1
-0.123756,-0.057563,1
-0.552770,-0.089376,1
0.345907,-0.022438,1
-0.559044,0.144818,1
-0.613564,0.044635,1
-0.126971,0.920428,1
0.783813,-0.397544,1
0.781581,-0.534783,1
-0.047389,-0.771189,1
0.375841,-0.701482,1
0.658599,-0.477093,1
-0.001365,-0.840621,1
0.862728,0.159304,1
0.793788,0.209229,1
-0.023517,0.119425,1
0.398807,0.258709,1
-0.861447,0.482561,1
0.192379,-0.228950,1
-0.594441,0.055107,1
0.496059,0.693095,1
-0.187480,-0.816970,1
0.849225,0.140018,1
0.119192,-0.837442,1
0.226065,0.257745,1
0.842231,0.363378,1
-0.552862,-0.317178,1
-0.624084,-0.101956,1
-0.584262,0.188436,1
0.081074,-0.853011,1
-0.548666,-0.069701,1
0.287008,0.823209,1
0.663945,0.630887,1
-0.506921,0.341574,1
-0.116587,-0.599688,1
-0.477394,0.299152,1
0.588748,0.603680,1
0.863291,0.502606,1
0.479945,0.086010,1
0.744151,-0.076162,1
-0.036081,-0.222122,1
0.923440,-0.172790,1
-0.719516,0.062788,1
0.063793,-0.645786,1
0.311669,-0.832494,1
0.278323,-0.706020,1
-0.211124,-0.811294,1
-0.212969,-0.649538,1
0.544863,-0.460388,1
0.382412,0.788762,1
0.173541,-0.152876,1
0.352083,-0.811273,1
0.567375,-0.582941,1
-0.018861,-0.213466,1
0.399396,0.806045,1
0.368746,0.405419,1
0.450658,0.292959,1
-0.563190,-0.148193,1
-0.874198,0.425506,1
-0.074616,0.494548,1
0.317324,0.872774,1
-0.188442,-0.032219,1
0.388564,0.110166,1
0.770691,0.473090,1
-0.492317,0.088015,1
0.345864,0.134799,1
-0.155384,0.570142,1
0.552402,0.816582,1
-0.517418,-0.059034,1
-0.073252,-0.265710,1
-0.644360,0.156253,1
-0.688858,-0.016142,1
0.774266,-0.319601,1
-0.282716,0.544957,1
-0.367028,0.499353,1
0.376188,-0.713667,1
0.102141,-0.779196,1
0.856475,-0.345456,1
0.073346,0.951149,1
-0.482310,0.824640,1
-0.166495,-0.708044,1
0.836913,-0.341473,1
-0.068338,0.534069,1
0.754873,0.278330,1
-0.124120,0.381975,1
0.395869,0.826002,1
-0.575244,0.190971,1
-0.637575,0.028565,1
0.039661,0.490033,1
0.864595,0.384810,1
-0.106337,-0.186305,1
-0.254537,-0.716116,1
0.293608,0.137089,1
0.146101,-0.275123,1
-0.405656,0.845846,1
0.421470,0.301714,1
-0.439633,0.382947,1
0.239344,0.454031,1
0.737915,0.490250,1
0.056029,-0.732004,1
0.449266,0.863416,1
-0.592108,-0.472941,1
0.564579,-0.620211,1
0.402861,-0.073932,1
-0.423559,-0.590600,1
-0.624342,-0.273494,1
-0.410078,-0.477997,1
0.951180,0.206350,1
0.631305,-0.640928,1
-0.566589,0.283589,1
0.296457,-0.735427,1
-0.326026,-0.732166,1
-0.604324,-0.228007,1
0.909206,-0.163578,1
0.412674,0.846619,1
-0.048651,-0.193189,1
0.765527,-0.532471,1
-0.162083,0.897603,1
0.850817,-0.393324,1
0.796003,-0.404477,1
0.367516,-0.609475,1
0.123341,-0.821705,1
0.606301,-0.462387,1
-0.010053,0.457118,1
0.400694,-0.059708,1
0.040306,0.388209,1
0.778734,0.452735,1
0.186174,-0.192114,1
0.898407,0.349406,1
0.443424,-0.635287,1
0.852423,0.435046,1
0.023573,-0.147855,1
0.024768,-0.224161,1
-0.035869,-0.791257,1
0.558149,-0.465537,1
-0.681006,0.001574,1
-0.100824,-0.828582,1
-0.563380,0.287207,1
0.281540,0.474559,1
0.539225,0.627825,1
0.585135,-0.455816,1
-0.680350,-0.130656,1
0.078087,0.548879,1
0.694879,0.429994,1
-0.812921,0.539455,1
0.700772,-0.493272,1
-0.591202,-0.252612,1
0.790509,0.486885,1
-0.597859,0.760932,1
0.362126,0.038873,1
0.183116,-0.104741,1
-0.360600,0.467371,1
0.336761,0.848838,1
-0.004955,0.031640,1
0.278832,0.182123,1
0.726992,0.479361,1
-0.142797,-0.813806,1
0.396844,0.086989,1
0.732219,0.384091,1
-0.068958,-0.272736,1
0.909387,-0.013174,1
0.966720,-0.083530,1
0.560425,-0.495569,1
0.084390,-0.761443,1
-0.557278,0.131721,1
0.320761,-0.825059,1
-0.097795,-0.068456,1
-0.538323,-0.188408,1
-0.432375,0.487430,1
-0.150054,-0.706664,1
-0.283783,0.957533,1
0.462657,-0.723358,1
-0.423820,0.193888,1
0.589466,-0.432158,1
0.643414,-0.459159,1
-0.120778,0.518259,1
-0.598926,0.286620,1
0.769576,-0.413314,1
0.798456,-0.148072,1
0.261238,0.226558,1
-0.486822,0.310095,1
0.706306,-0.500396,1
0.933277,0.015385,1
0.819292,0.552277,1
0.539205,-0.452353,1
-0.218988,0.592197,1
0.744049,0.492159,1
-0.394232,-0.731973,1
0.063911,-0.719214,1
0.872983,-0.293495,1
0.598626,0.657756,1
0.149915,-0.789340,1
0.100528,0.354068,1
0.389470,-0.167973,1
-0.579069,-0.112403,1
-0.610016,-0.183557,1
-0.060537,0.988611,1
-0.525802,-0.031330,1
0.492746,-0.693354,1
0.425301,0.055409,1
0.808502,-0.337905,1
-0.465424,0.215430,1
0.143979,0.549189,1
-0.101091,0.564910,1
-0.563214,0.288894,1
0.277505,-0.144449,1
-0.655081,-0.391209,1
0.830894,-0.017145,1
-0.434315,0.491607,1
0.067137,0.990986,1
0.187553,0.314838,1
0.375355,0.261101,1
-0.467453,0.134412,1
0.764857,0.599685,1
0.125398,-0.688127,1
-0.524676,0.778480,1
0.914761,0.151712,1
-0.637324,-0.061845,1
0.400459,0.122830,1
0.024617,-0.719793,1
0.864177,-0.176997,1
-0.473330,-0.603276,1
0.996409,0.082814,1
-0.396600,-0.528267,1
0.623445,-0.388104,1
-0.658045,0.737989,1
-0.397144,-0.481592,1
-0.674080,-0.305558,1
0.218234,-0.826233,1
0.044143,0.539911,1
0.672653,-0.456806,1
0.345246,-0.823992,1
0.951446,-0.053533,1
0.983768,0.022443,1
0.408981,-0.690312,1
0.716885,-0.516608,1
0.107852,-0.826668,1
0.391721,0.405198,1
-0.519253,-0.564135,1
-0.054890,-0.318014,1
0.225180,0.229568,1
0.326687,0.401651,1
0.824236,0.278132,1
-0.585090,0.348344,1
0.357999,-0.047819,1
-0.181943,-0.678279,1
0.894750,0.344428,1
-0.377440,0.357464,1
-0.505207,-0.187691,1
-0.266903,0.373828,1
-0.340178,0.873821,1
-0.439947,0.832838,1
-0.518117,-0.313647,1
0.319054,0.398514,1
0.885088,0.355289,1
-0.270884,0.431415,1
0.246032,0.447372,1
-0.266226,0.592864,1
-0.211812,0.393596,1
0.466685,0.052139,1
0.334173,-0.678181,1
-0.163232,0.099658,1
0.406586,-0.036125,1
-0.443260,0.327338,1
-0.620523,-0.298064,1
0.008610,-0.363836,1
0.452905,0.129616,1
0.071942,-0.212922,1
-0.396867,-0.540394,1
-0.479744,0.817703,1
-0.078579,-0.261220,1
-0.120860,-0.844182,1
-0.212092,-0.586905,1
0.244005,-0.226147,1
0.155047,0.430680,1
-0.535631,-0.377973,1
-0.212296,0.381729,1
-0.141321,0.616012,1
0.771830,0.621569,1
0.380334,-0.159162,1
0.848959,-0.375661,1
-0.460842,-0.525173,1
0.955796,0.003527,1
0.096854,-0.256500,1
-0.136602,-0.597811,1
0.459896,0.790030,1
-0.123245,-0.119970,1
-0.241699,-0.742911,1
0.720868,-0.392740,1
0.860674,0.038909,1
-0.440031,-0.572308,1
0.321411,0.423368,1
-0.170120,-0.756976,1
0.145445,-0.151919,1
-0.361889,0.375139,1
0.259245,-0.700764,1
0.349993,-0.019887,1
-0.093505,-0.768579,1
-0.554844,0.108663,1
-0.084717,-0.797038,1
-0.554014,0.121596,1
-0.406756,-0.555718,1
0.659592,-0.614017,1
0.849928,-0.433913,1
0.972334,0.050033,1
-0.094919,0.040247,1
0.243209,-0.136307,1
0.565528,0.689194,1
0.870514,-0.027154,1
0.538933,0.694690,1
-0.255277,-0.772016,1
0.928756,-0.096581,1
-0.123931,-0.700733,1
-0.621498,0.009546,1
-0.230671,-0.724302,1
-0.641892,-0.360157,1
0.248544,0.435394,1
-0.639716,-0.212523,1
0.130085,-0.753675,1
-0.221773,0.037050,1
0.061337,-0.278108,1
0.908767,-0.198688,1
0.935268,-0.215164,1
0.100579,-0.686229,1
0.794382,0.112072,1
-0.221123,-0.148270,1
0.491573,-0.718933,1
-0.427621,0.851858,1
-0.901818,0.367288,1
0.577272,-0.427509,1
0.594787,-0.644501,1
-0.628337,-0.013842,1
-0.101813,-0.693069,1
0.110837,-0.296897,1
0.026699,0.046407,1
0.635792,0.599078,1
-0.101736,-0.295664,1
0.301542,-0.003553,1
0.568937,0.666411,1
0.275353,-0.305802,1
0.297861,-0.826461,1
0.001129,0.068855,1
-0.365769,0.283141,1
-0.675067,-0.043568,1
0.172855,0.879766,1
-0.073827,0.946949,1
-0.610682,0.213299,1
0.406051,-0.177136,1
0.891719,0.189496,1
0.845045,0.159883,1
0.740487,0.643677,1
0.114679,-0.277163,1
-0.715998,0.624168,1
-0.579485,-0.210054,1
-0.404850,0.224525,1
0.887201,-0.209825,1
0.284475,0.160475,1
0.744197,0.598307,1
-0.346556,-0.554133,1
-0.115392,0.065477,1
0.711220,-0.392494,1
-0.406761,0.516846,1
-0.674419,0.013754,1
0.692116,-0.611526,1
0.332846,0.173133,1
0.406091,0.899119,1
-0.258390,-0.809266,1
-0.505528,-0.514193,1
0.789040,0.147916,1
-0.068326,-0.326352,1
-0.786607,0.561592,1
-0.069894,-0.724839,1
-0.021468,-0.770861,1
-0.412077,-0.688622,1
0.180598,-0.283162,1
-0.407024,0.830789,1
0.306897,-0.066542,1
0.162597,-0.238981,1
-0.403193,-0.435130,1
-0.100194,0.561003,1
-0.301512,0.422325,1
0.314814,-0.080739,1
-0.145327,0.101546,1
0.866061,0.125281,1
-0.461831,0.408557,1
0.692253,0.437975,1
-0.030440,0.123688,1
-0.412691,0.400686,1
-0.179237,-0.582056,1
0.341176,-0.768527,1
-0.278210,-0.777299,1
-0.128002,0.065839,1
-0.635946,0.110988,1
-0.491463,0.852277,1
-0.381132,-0.480567,1
-0.578054,-0.184283,1
0.484689,0.702126,1
0.281632,-0.817705,1
-0.189472,-0.029393,1
-0.483685,-0.429408,1
-0.085026,0.135183,1
0.950900,0.081092,1
0.319343,0.481272,1
0.615372,-0.506764,1
0.792162,0.187614,1
0.665387,-0.325464,1
0.809719,0.287741,1
0.370051,0.010506,1
-0.326421,-0.696984,1
0.715506,-0.534259,1
-0.092303,-0.266182,1
-0.676612,0.105413,1
-0.606846,0.231458,1
0.893726,-0.238012,1
-0.549836,-0.459546,1
-0.748212,-0.024357,1
-0.108339,-0.074633,1
0.391108,-0.230710,1
-0.581858,-0.204561,1
0.193357,-0.258470,1
-0.125363,-0.705994,1
0.738993,-0.231637,1
0.326372,-0.024273,1
0.590511,-0.550045,1
0.089340,-0.233570,1
0.404399,-0.022918,1
-0.073138,0.438709,1
0.455206,0.862290,1
0.744850,0.665058,1
-0.473588,0.295018,1
0.804314,0.055941,1
-0.088158,-0.779385,1
0.436409,0.148548,1
-0.150120,0.933681,1
0.012676,0.535105,1
0.888582,-0.242474,1
0.470936,-0.677503,1
-0.474244,-0.617223,1
0.531325,-0.695098,1
0.354302,0.845634,1
0.975449,0.135849,1
0.903475,-0.174671,1
0.069530,0.980594,1
-0.160268,-0.284137,1
0.214774,-0.753903,1
0.368161,0.757887,1
0.172516,-0.847175,1
0.140683,-0.368215,1
0.941461,-0.162836,1
-0.623217,0.766233,1
-0.248384,0.866153,1
0.624040,-0.448518,1
-0.567330,-0.131556,1
0.190261,0.956838,1
-0.160792,0.442046,1
0.208279,-0.632681,1
0.290714,0.383993,1
-0.635671,-0.035226,1
0.131035,0.875324,1
0.033008,-0.660686,1
0.477817,0.877968,1
-0.058511,-0.231470,1
0.261961,0.473593,1
0.840699,0.060344,1
-0.440542,0.408920,1
-0.576754,-0.106915,1
0.659304,-0.527360,1
0.771491,-0.293907,1
-0.705115,-0.203728,1
-0.198203,-0.098478,1
0.433797,-0.122118,1
-0.626981,-0.392593,1
0.354385,-0.614127,1
-0.704445,-0.345987,1
0.209325,-0.701452,1
0.833368,0.227223,1
-0.119590,0.501382,1
0.291317,0.175966,1
0.243012,0.515502,1
-0.009378,0.553318,1
0.263036,-0.800053,1
0.851866,-0.119848,1
0.334550,0.156835,1
-0.984883,0.138323,1
0.042324,0.548550,1
0.086074,-0.303981,1
0.425684,0.258764,1
-0.055499,-0.666778,1
0.206928,-0.096759,1
0.814768,0.269207,1
0.742392,-0.202304,1
-0.119182,0.119270,1
0.972074,0.097619,1
0.819816,0.245609,1
-0.361124,0.562208,1
-0.956695,0.261679,1
-0.326727,-0.664645,1
0.560502,-0.672925,1
0.222690,0.943194,1
0.717263,-0.582757,1
0.493362,0.760568,1
0.148434,-0.690938,1
-0.392698,0.398563,1
0.112522,-0.832196,1
-0.495951,-0.546629,1
-0.078497,0.437378,1
0.959944,0.032841,1
-0.036005,0.626295,1
0.386863,0.834474,1
0.270436,0.126755,1
0.817433,-0.451661,1
-0.038225,0.543072,1
-0.226205,-0.579166,1
0.571594,0.695297,1
0.259875,0.419927,1
0.838797,0.342973,1
0.891312,0.202288,1
-0.226814,0.914357,1
0.218289,0.506297,1
0.950467,0.076501,1
0.037835,-0.321395,1
-0.156254,-0.692316,1
0.733085,-0.479771,1
0.940156,-0.075156,1
-0.560497,0.778953,1
0.882305,-0.365514,1
0.452946,-0.516454,1
-0.670007,-0.328765,1
0.335362,0.329804,1
-0.171232,0.068447,1
0.866518,0.171669,1
0.842904,-0.338956,1
0.688723,0.436037,1
-0.234159,0.010891,1
-0.142654,-0.846061,1
0.657700,-0.382269,1
-0.194008,0.524219,1
0.789400,0.477192,1
0.720730,0.632304,1
0.222944,0.826959,1
-0.148956,-0.600421,1
-0.584042,-0.056424,1
0.097515,0.421513,1
0.588142,-0.623757,1
-0.005419,0.093416,1
0.277765,-0.661636,1
-0.473416,0.416001,1
0.242959,-0.830195,1
0.037579,0.584836,1
0.315515,0.475601,1
0.844647,0.067631,1
0.574462,-0.537719,1
0.961912,-0.147773,1
-0.036828,-0.357231,1
0.926509,0.133218,1
0.621713,-0.681739,1
0.252356,0.434638,1
0.765193,-0.482952,1
0.714854,0.454063,1
0.815464,-0.196477,1
0.019051,0.424642,1
-0.231240,0.041609,1
-0.720087,-0.257141,1
0.787106,0.060747,1
0.197858,-0.348372,1
-0.322400,-0.713091,1
0.924866,-0.239252,1
-0.468009,0.476032,1
-0.326656,-0.652545,1
0.809200,0.298606,1
-0.659785,0.725133,1
0.320818,-0.042782,1
0.788734,0.142039,1
-0.387958,-0.423095,1
0.337653,-0.281743,1
0.065713,-0.707505,1
0.201928,-0.226310,1
-0.111466,-0.272432,1
0.881614,-0.093500,1
0.715236,0.670348,1
-0.343060,0.842205,1
0.741562,-0.079230,1
0.133149,0.927828,1
0.457677,-0.529198,1
-0.353915,0.470617,1
0.763112,-0.486627,1
-0.413290,0.354213,1
0.285530,0.192096,1
-0.186728,-0.825936,1
0.919664,-0.305115,1
-0.634767,0.129102,1
-0.359304,-0.747802,1
0.182369,0.286782,1
0.722815,0.664168,1
-0.001421,0.485927,1
-0.159860,-0.832291,1
0.133029,0.380297,1
-0.085632,0.498262,1
-0.490601,-0.520610,1
-0.479565,0.480706,1
-0.189580,-0.165729,1
-0.391398,0.834497,1
-0.295079,0.448742,1
-0.232064,0.874146,1
-0.358522,0.900964,1
0.399226,0.763843,1
0.244549,-0.611623,1
-0.727606,-0.064102,1
-0.178277,-0.606553,1
0.564475,-0.681129,1
0.216693,-0.181081,1
0.874718,-0.384081,1
-0.464420,0.827311,1
0.265434,0.834370,1
-0.229732,-0.795248,1
0.931275,-0.171159,1
-0.316568,0.444354,1
0.496016,-0.003392,1
0.662354,0.611933,1
0.311991,-0.789854,1
0.302262,-0.010616,1
0.308255,-0.257433,1
0.358487,-0.731581,1
0.092927,0.894067,1
-0.904271,0.391258,1
-0.551838,0.361163,1
0.225628,0.831191,1
0.932685,0.027974,1
-0.584437,0.787341,1
-0.297214,0.516532,1
0.359783,-0.581231,1
0.453506,0.292468,1
-0.472585,0.464101,1
-0.583560,0.298302,1
0.463235,-0.527800,1
-0.100185,0.131351,1
-0.376311,0.892587,1
-0.452014,-0.674718,1
0.364313,0.881296,1
0.306428,-0.275904,1
-0.699935,-0.240065,1
-0.639439,-0.456021,1
0.298926,-0.213397,1
0.917954,-0.314592,1
-0.178251,-0.797685,1
0.159631,0.891910,1
0.420486,-0.533940,1
0.176549,-0.321731,1
0.220739,-0.650373,1
-0.313728,-0.732111,1
-0.529795,-0.225070,1
-0.122244,-0.002199,1
0.455158,0.729441,1
0.315997,0.314835,1
0.600786,-0.463264,1
0.080844,0.603608,1
0.604472,-0.565940,1
0.798766,0.172154,1
-0.434617,-0.646714,1
-0.053202,-0.296331,1
0.275803,-0.737205,1
0.156269,0.880376,1
0.286574,0.413768,1
-0.708069,-0.108953,1
-0.048447,-0.062329,1
-0.202060,-0.760891,1
0.477847,0.208649,1
-0.589011,0.748553,1
-0.375424,0.919124,1
-0.709886,-0.023641,1
-0.506705,-0.107255,1
-0.586396,-0.286101,1
0.459504,0.211544,1
-0.046992,-0.097147,1
-0.190985,-0.124918,1
0.502470,-0.713138,1
0.377066,0.778571,1
0.464915,0.788055,1
0.527124,0.726960,1
-0.184181,0.936198,1
0.814658,0.415437,1
0.310353,-0.771738,1
0.439806,0.082343,1
0.957426,0.175180,1
0.416460,0.777131,1
-0.001258,-0.354945,1
0.283145,-0.186600,1
0.041662,-0.810172,1
0.272171,0.036066,1
0.270754,-0.097720,1
0.858294,0.495339,1
-0.029620,-0.770812,1
0.184840,-0.173464,1
0.042463,-0.337413,1
-0.028364,-0.674392,1
0.475987,0.032128,1
0.221956,-0.717538,1
0.723723,0.529774,1
-0.567946,-0.146331,1
-0.510183,0.402435,1
-0.724044,-0.167363,1
-0.403978,-0.615062,1
-0.195069,-0.680082,1
-0.360580,-0.743556,1
0.761738,-0.131610,1
0.977495,-0.139755,1
-0.150584,0.418083,1
-0.056039,-0.826041,1
0.705218,0.625297,1
-0.506313,0.390414,1
0.054960,0.526861,1
-0.054147,-0.176022,1
-0.002063,-0.821886,1
0.638707,0.491814,1
0.796250,-0.375416,1
0.159276,0.501468,1
-0.031576,-0.256432,1
-0.526403,-0.526925,1
-0.061718,-0.282492,1
-0.262467,-0.760558,1
0.086289,-0.287905,1
-0.388324,-0.564872,1
0.178695,-0.258120,1
-0.611038,-0.400711,1
-0.496592,-0.446611,1
0.545359,0.817366,1
-0.072425,-0.700700,1
-0.243716,0.539251,1
0.119352,0.913124,1
0.766448,0.172527,1
-0.969899,0.225837,1
0.180924,-0.859679,1
0.041885,0.445024,1
-0.543628,-0.450224,1
-0.359941,-0.670803,1
-0.166033,0.374487,1
0.287611,0.120212,1
0.458033,0.275644,1
0.513341,0.747875,1
0.718239,0.483090,1
-0.573321,-0.239876,1
-0.566559,0.384487,1
0.022822,-0.339854,1
0.386217,0.389964,1
0.015452,-0.357907,1
0.471966,-0.696937,1
0.762305,-0.402188,1
-0.095418,0.078809,1
0.383998,-0.582077,1
-0.173317,0.102237,1
0.901013,0.253362,1
0.862361,-0.170872,1
-0.044052,0.599832,1
-0.657479,-0.386731,1
-0.510616,0.814487,1
-0.083668,-0.748311,1
-0.587701,-0.462892,1
0.615916,0.744040,1
0.734804,-0.557401,1
0.695961,-0.291361,1
-0.535055,0.422369,1
0.004440,-0.321440,1
0.917242,-0.162645,1
0.134666,0.515059,1
-0.315354,0.477187,1
0.291674,0.044661,1
0.581768,0.785761,1
0.640284,-0.623921,1
-0.608525,0.336245,1
0.241006,0.966788,1
-0.349274,-0.624328,1
-0.490598,0.144532,1
-0.345164,0.935120,1
-0.151496,-0.763396,1
0.434288,0.250683,1
-0.589183,-0.288521,1
0.872909,0.169431,1
-0.199363,0.407889,1
0.221261,0.340651,1
0.651881,0.562217,1
-0.199567,0.372762,1
0.431574,-0.765279,1
0.309294,-0.749794,1
-0.646123,-0.010813,1
0.728293,-0.345516,1
0.615340,0.637286,1
0.891269,0.001548,1
0.395887,0.322843,1
0.398499,0.155216,1
0.035525,-0.225361,1
-0.598897,0.800367,1
-0.535208,-0.397782,1
0.510847,0.651272,1
-0.260530,-0.090655,1
0.425130,-0.625411,1
-0.236127,0.945529,1
0.138406,-0.807004,1
0.783189,0.150209,1
0.622398,-0.477341,1
0.377764,-0.211030,1
0.477595,-0.720114,1
-0.465537,-0.486173,1
-0.139088,0.119991,1
0.142400,0.350291,1
-0.568687,-0.477825,1
-0.054971,0.141823,1
0.327080,-0.085644,1
-0.090784,-0.330668,1
0.112757,-0.275484,1
-0.082610,-0.608908,1
-0.138291,0.909045,1
0.761500,-0.104225,1
-0.707812,0.705826,1
0.177398,-0.143988,1
0.788011,0.105450,1
-0.962934,0.216959,1
0.692444,-0.380969,1
-0.657216,-0.087071,1
0.690634,0.520182,1
0.768941,0.478644,1
-0.436871,0.309618,1
0.282176,-0.156831,1
0.255665,-0.025380,1
0.462200,0.159036,1
-0.336826,0.560840,1
-0.495091,0.790169,1
0.354407,0.915317,1
