0.507295,0.558033,0
0.480683,1.188177,0
1.124898,2.137229,0
1.768809,1.927242,0
-0.290059,-0.551719,0
-1.385593,1.836242,0
3.019319,0.232079,0
1.473654,-0.722615,0
0.042925,0.721716,0
1.237829,0.011755,0
0.039335,2.468924,0
0.263185,1.781332,0
0.591620,2.227009,0
0.623116,-0.026502,0
0.534545,1.163013,0
1.576083,-1.030343,0
1.168457,0.333351,0
0.878725,0.269410,0
1.720656,0.195388,0
-0.280460,1.018175,0
1.622535,-0.197770,0
1.144436,0.307799,0
0.859829,0.454977,0
1.706958,0.581172,0
0.136279,1.621567,0
1.517858,0.333961,0
2.352469,0.054012,0
1.916246,1.369951,0
1.470763,0.098401,0
0.986722,-0.667645,0
1.850191,0.528044,0
1.137162,1.331244,0
1.030514,1.156717,0
0.791358,2.336266,0
1.537885,0.536689,0
2.055980,2.010339,0
1.458359,1.709765,0
0.828356,-0.107733,0
3.761430,1.409685,0
2.559072,1.748131,0
1.399867,0.831721,0
2.653299,0.640017,0
3.648911,0.139122,0
0.366059,-0.419618,0
2.307929,0.401411,0
1.617213,0.733217,0
0.750965,-0.268523,0
0.049544,0.235473,0
0.083488,1.104817,0
0.005545,2.259412,0
0.834709,-0.021555,0
0.342795,0.491331,0
1.225826,2.462321,0
0.819662,0.531828,0
1.775000,-0.062856,0
2.568882,1.394520,0
0.083756,1.603408,0
-0.616596,0.924996,0
2.497883,1.484078,0
1.700191,-0.068734,0
0.214159,-0.330902,0
1.289440,2.354927,0
1.041451,0.717144,0
1.058000,0.124939,0
0.297570,2.199579,0
-0.775692,-1.743771,0
1.552124,1.711763,0
0.775102,2.273804,0
0.899884,2.511533,0
0.928388,0.655177,0
0.720363,-2.304910,0
1.400909,0.498594,0
2.853440,2.173744,0
0.986520,1.101326,0
0.308274,0.020699,0
1.225008,0.427790,0
3.144037,1.192026,0
1.356249,0.771338,0
2.542365,-0.722142,0
2.976845,1.882710,0
4.415751,1.559750,0
0.685086,1.086238,0
0.442632,1.446173,0
0.586807,-0.264423,0
0.356737,3.190763,0
3.475150,0.378760,0
1.086114,2.534712,0
0.696358,0.667426,0
0.557583,1.901914,0
0.400033,0.144392,0
2.423033,-0.475199,0
0.856497,0.614728,0
3.101228,0.704343,0
0.152318,1.888419,0
3.124542,1.695478,0
2.241555,5.372717,0
-0.048021,0.144707,0
-0.073853,-1.197309,0
0.785315,1.011891,0
-0.254104,0.204827,0
-0.267551,0.545993,0
0.644099,1.875725,0
-0.092566,2.934287,0
1.998658,2.688263,0
0.166081,2.077396,0
1.791881,0.672461,0
1.499981,0.653882,0
0.223273,2.122290,0
1.245185,2.091221,0
-0.364850,2.142497,0
1.540115,1.392075,0
0.415347,2.253067,0
0.192520,0.204336,0
-0.102341,-0.428084,0
2.180854,1.990183,0
0.364886,0.833373,0
1.217294,1.862819,0
1.247670,1.808079,0
2.376319,-0.098830,0
-0.245685,1.717347,0
2.360441,0.731789,0
1.972101,3.697037,0
2.335230,1.881589,0
-0.904236,1.052634,0
0.690950,1.033505,0
0.896648,1.516999,0
0.598357,1.528352,0
1.268165,1.907146,0
1.266181,1.061759,0
1.773094,-0.454949,0
1.237691,1.881374,0
1.718296,0.316432,0
2.173182,0.910823,0
1.315465,2.291172,0
-0.767177,0.932554,0
1.003454,0.447829,0
0.741737,0.513173,0
0.233370,-0.876589,0
1.408817,1.486835,0
1.181758,1.510248,0
2.072896,1.572246,0
2.045411,0.951951,0
1.216090,0.946990,0
1.216818,-0.480827,0
2.258539,1.407341,0
1.635890,1.112839,0
0.784525,4.064628,0
1.324474,2.087996,0
1.733496,1.780727,0
0.824494,1.060200,0
-0.726980,1.991595,0
-0.028143,-0.258696,0
0.019224,2.321664,0
-0.842522,3.095816,0
0.426818,1.625832,0
1.871824,2.831572,0
3.138994,0.899099,0
-1.407628,-0.314350,0
-0.580938,1.207908,0
2.322584,1.843482,0
0.605072,0.858267,0
0.551619,1.228350,0
1.480601,1.579199,0
-0.450175,1.035236,0
-0.647731,2.680689,0
1.053703,2.171509,0
-0.116571,1.747959,0
1.166724,0.369068,0
-0.915478,0.581984,0
-0.057062,1.021519,0
1.653795,1.672312,0
0.691509,2.344671,0
1.410235,2.124579,0
0.098189,-0.639773,0
-0.442454,-0.674936,0
-0.699865,2.374835,0
0.373580,1.028520,0
1.031152,2.819909,0
2.040347,1.708312,0
2.048637,-0.363415,0
0.453365,0.093660,0
0.754892,-1.058443,0
-0.260162,0.581132,0
2.202806,-0.279089,0
0.964419,1.351154,0
1.207646,1.341106,0
2.698786,-0.590874,0
0.391582,-0.454782,0
0.468258,1.005071,0
1.151524,0.725774,0
0.559292,-0.665096,0
1.383748,1.383443,0
2.713426,-0.321176,0
1.828842,2.711834,0
2.192284,-0.786125,0
1.193168,1.663064,0
0.545462,1.748073,0
1.349519,0.941567,0
-0.162653,1.814424,0
3.321695,1.738976,0
2.333174,2.085197,0
0.915793,0.227420,0
1.345737,0.716009,0
1.749668,2.449865,0
1.076865,0.625488,0
0.431390,0.457110,0
0.663909,0.361777,0
2.055254,-0.434106,0
-0.213596,1.339622,0
3.809074,0.136639,0
1.933096,0.682256,0
2.260383,1.185490,0
-0.022620,-0.438670,0
-0.092610,1.059712,0
0.562521,0.977372,0
1.917447,0.501021,0
1.659377,1.808970,0
-0.632868,0.948333,0
1.131178,-0.567891,0
0.587115,1.864874,0
0.541830,-0.034105,0
0.900040,1.097740,0
-0.406352,0.001721,0
0.476912,0.877169,0
-0.519323,1.247955,0
1.461157,1.225571,0
1.068355,0.803353,0
0.284374,1.132581,0
2.040580,0.700680,0
-0.501794,1.433194,0
2.005633,2.679301,0
2.857482,1.036026,0
0.166946,0.999477,0
0.944996,0.834749,0
-1.711693,1.808087,0
-1.610168,1.839319,0
0.800780,1.172868,0
-0.245800,0.542138,0
0.284005,1.180315,0
1.220496,-1.024552,0
1.795930,2.562076,0
1.671094,0.019973,0
2.092992,0.955877,0
-0.090716,1.752826,0
1.156727,1.412784,0
-1.389474,0.164446,0
2.828719,2.295227,0
0.429835,1.194335,0
1.194688,1.781710,0
1.766532,1.394227,0
0.978895,0.307842,0
1.123628,-0.588202,0
0.694838,0.750171,0
1.818218,-0.050200,0
2.334513,1.091024,0
-0.366819,2.572785,0
1.988579,1.904023,0
0.739465,1.877381,0
-0.168845,1.587428,0
-0.033949,-0.800560,0
0.682620,0.375753,0
1.020612,0.822329,0
1.056919,1.680605,0
2.217471,2.316521,0
-0.581903,1.519164,0
1.264608,1.689617,0
-0.368627,0.212481,0
0.739231,0.535810,0
2.036415,-0.356019,0
1.337559,1.531696,0
2.300380,1.406596,0
1.039105,1.462025,0
1.145968,-1.067949,0
1.116557,-0.108473,0
0.929673,0.427286,0
2.615048,3.724038,0
1.307914,0.449955,0
1.053161,0.818815,0
2.018214,0.066352,0
0.770132,1.810702,0
0.903692,1.353220,0
-0.437161,3.623159,0
1.932974,0.152519,0
3.106309,1.107305,0
0.889144,2.207684,0
1.037286,0.023768,0
0.806143,2.397221,0
0.459818,-0.707446,0
1.609252,1.351362,0
1.147892,2.957918,0
2.385905,2.374257,0
2.123394,1.690012,0
0.754159,0.832160,0
0.027116,1.336825,0
0.391136,1.903818,0
1.721769,1.507818,0
2.901944,1.699550,0
0.932938,1.251292,0
1.631278,-0.482449,0
0.125803,1.782479,0
1.829739,0.277711,0
0.416931,1.570440,0
0.970338,-0.173983,0
1.077521,1.470517,0
2.340411,-0.151380,0
1.227691,3.157779,0
-0.308345,-0.350393,0
0.104911,1.023170,0
1.084843,1.867383,0
-1.102958,3.774584,0
1.353251,1.163057,0
0.454223,0.624170,0
1.757142,1.187261,0
1.313031,0.733730,0
0.390042,-0.019666,0
2.824119,1.956096,0
1.954142,1.632940,0
0.345474,-0.034491,0
-0.600862,0.000936,0
2.886755,-0.507267,0
3.069742,0.450191,0
2.125640,0.869321,0
-0.412782,2.434945,0
1.584522,0.607116,0
1.231089,2.602836,0
0.672554,0.844018,0
1.020881,-1.417665,0
2.119478,2.238182,0
0.543781,1.410639,0
1.499259,1.745673,0
1.662994,0.882128,0
0.954681,1.953620,0
1.608434,1.412182,0
0.518481,0.177637,0
0.101033,1.809742,0
-0.230700,1.215835,0
1.394838,0.674840,0
1.310750,2.128100,0
2.597995,1.335222,0
0.333112,-0.003728,0
1.156438,1.568170,0
1.349899,-0.351235,0
1.002312,0.640425,0
1.217248,-0.107628,0
0.782284,2.349202,0
0.805060,-0.870776,0
0.058645,0.307906,0
-0.799416,0.821398,0
1.886796,0.550803,0
-0.030626,0.074966,0
2.616467,3.135562,0
-0.523573,0.327780,0
0.371562,1.870326,0
2.538141,0.323211,0
0.578467,3.036530,0
1.224712,-1.061177,0
2.879726,-1.136836,0
0.580495,1.076083,0
2.004229,-0.206078,0
1.355482,1.280811,0
2.557919,0.680922,0
-0.202260,0.807971,0
1.350157,-0.040225,0
1.512826,1.560021,0
1.481410,-1.630360,0
0.928595,2.547754,0
-1.088022,1.874641,0
0.990888,3.060132,0
-0.567318,2.236202,0
1.361311,1.464176,0
2.655963,1.684639,0
0.388926,0.731327,0
1.257861,2.537777,0
3.212161,0.305350,0
2.482647,2.324174,0
-0.672346,1.014940,0
0.685017,-0.063308,0
-1.149608,0.705121,0
0.416135,2.486459,0
2.070420,2.920357,0
3.150707,2.347581,0
1.362250,0.747415,0
-0.310421,1.743817,0
1.120960,1.075099,0
-0.306398,0.491186,0
1.668813,0.965612,0
-0.258130,0.453768,0
-0.052432,0.710506,0
1.906909,1.871304,0
2.054922,1.951678,0
0.741317,1.426920,0
0.959438,-0.008295,0
0.238235,2.221573,0
3.150041,0.601148,0
0.671932,2.458971,0
0.290895,0.615520,0
0.895580,1.401929,0
-0.402652,0.065492,0
-0.387782,0.552395,0
2.225885,2.370168,0
3.756496,0.818935,0
0.590637,0.109623,0
3.004373,2.023916,0
1.276402,1.572210,0
1.558828,-0.131428,0
1.470638,1.561686,0
-0.168059,0.091115,0
0.519840,1.609848,0
0.127430,1.933223,0
2.104724,1.389290,0
-0.124740,1.644411,0
0.512162,3.797295,0
2.221982,-0.299464,0
0.751802,1.161608,0
1.495656,-1.132094,0
0.457661,1.576724,0
-0.371447,0.789823,0
-0.730857,0.597666,0
1.366956,1.407023,0
2.050290,1.230191,0
0.416979,1.449105,0
0.213866,0.472558,0
1.940436,-0.832022,0
1.752275,2.019510,0
1.647090,1.470834,0
0.736866,-0.060190,0
1.241146,-1.007587,0
2.006724,1.164623,0
-0.077459,0.161756,0
0.837858,-0.327099,0
2.011889,2.309785,0
0.219344,1.833846,0
1.910784,1.779459,0
1.775803,-0.385323,0
0.861253,1.012718,0
1.831087,1.665152,0
-0.042891,0.241723,0
1.499981,1.515043,0
0.506692,-0.704525,0
0.951600,0.312989,0
2.067402,-0.170467,0
2.586752,0.262739,0
1.117044,2.538285,0
1.156779,0.955764,0
1.843353,1.145184,0
-0.210499,0.251282,0
1.724411,0.255122,0
2.363412,-0.823939,0
1.151622,-0.140595,0
2.001403,1.275632,0
0.073443,1.461490,0
0.213613,1.727977,0
0.995673,-0.092328,0
-0.488383,1.429358,0
0.046596,0.314919,0
2.098725,-0.971284,0
-0.007195,3.480987,0
0.217607,0.530005,0
3.845411,1.353643,0
-0.127120,2.998132,0
0.489342,1.098320,0
0.770921,0.960313,0
-0.806956,2.781416,0
1.681503,1.700728,0
1.613797,-0.361959,0
1.178000,2.778155,0
1.845549,-0.825273,0
0.386707,1.638688,0
0.136704,0.866603,0
0.982910,-0.303547,0
0.469859,0.810170,0
0.125793,1.490322,0
1.718685,1.506933,0
-0.277446,-0.762776,0
-0.449111,0.508533,0
-0.452409,0.586417,0
-0.452064,0.407160,0
1.140776,1.156381,0
0.734095,-0.065569,0
0.623703,0.192833,0
1.981348,2.871692,0
2.298722,0.426226,0
-0.016823,2.157967,0
0.793552,1.164721,0
1.676745,1.298103,0
1.130939,1.624679,0
0.304473,2.439787,0
2.034427,0.420882,0
1.767232,1.763172,0
0.213009,3.309805,0
1.662640,1.852288,0
1.276694,1.757786,0
1.590519,1.205340,0
1.349992,1.372733,0
2.375943,0.521847,0
0.013361,0.741590,0
1.029169,-0.228784,0
2.175788,-0.167881,0
1.627458,1.348563,0
2.214958,0.236581,0
1.797737,0.722568,0
2.571670,0.413357,0
0.862544,2.538727,0
2.764660,1.101281,0
2.519883,1.325452,0
1.209886,0.449795,0
1.953801,-0.704773,0
-0.045707,0.565563,0
-1.247563,-0.142428,0
1.414690,0.564076,0
0.983437,0.322698,0
0.913182,0.142509,0
1.460083,1.412336,0
0.455272,-0.588548,0
1.097769,1.806375,0
2.055582,1.856270,0
2.504262,1.557000,0
-0.594214,2.831158,0
2.372199,1.143113,0
1.818428,0.021521,0
0.456758,0.976012,0
0.149640,0.175243,0
2.090460,2.915190,0
2.092605,0.361658,0
1.688516,2.575640,0
1.508063,-0.891434,0
1.220417,0.147104,0
-0.437212,1.022984,0
2.708946,0.065676,0
0.495630,1.147830,0
2.527198,1.970440,0
2.934180,0.130324,0
-0.130847,0.244093,0
1.904012,0.774507,0
1.169429,0.639300,0
-0.068934,0.713817,0
2.593088,1.131699,0
0.798876,1.314979,0
-0.032581,2.606538,0
0.113291,1.320088,0
1.067206,3.388974,0
2.142632,2.007363,0
1.649638,2.063382,0
1.829634,2.306319,0
0.670022,1.108797,0
0.626395,3.191985,0
0.925734,-0.648304,0
0.383429,0.746458,0
0.866706,1.514241,0
1.122333,1.158344,0
-0.467546,-0.276337,0
-0.028760,2.463459,0
1.616332,-1.230098,0
1.206747,1.224119,0
-0.217556,1.089507,0
-0.648014,2.867996,0
1.806548,1.060106,0
-0.006345,1.435164,0
0.706881,0.002714,0
1.465879,0.963525,0
1.409518,-0.588624,0
-0.850002,-0.071451,0
1.169728,3.382005,0
0.018826,1.609797,0
1.691938,0.473032,0
0.536382,1.459063,0
1.039784,1.977811,0
-0.093538,1.757423,0
2.531384,2.287938,0
0.424546,0.869551,0
1.118412,-1.026559,0
1.051102,0.627972,0
1.174875,1.062750,0
2.306908,-1.086998,0
-1.520602,1.353433,0
1.366742,1.401514,0
-0.024994,2.432439,0
2.014644,2.251930,0
0.679072,1.259792,0
0.218338,0.684456,0
1.877833,1.236548,0
1.692558,-0.200830,0
0.438164,1.477902,0
0.920460,0.290716,0
0.111172,-0.091047,0
1.202819,-0.200057,0
2.631072,0.945562,0
1.235021,1.928860,0
2.552221,2.506225,0
0.513550,1.022604,0
2.783202,0.797120,0
1.905445,1.580252,0
1.005575,0.737013,0
0.405261,1.603822,0
1.650976,2.693336,0
1.878189,3.124688,0
0.418950,-0.220733,0
0.970866,-0.325634,0
0.621880,1.043168,0
3.130414,0.875093,0
-0.330005,1.352031,0
0.909457,-0.448375,0
-0.720768,1.615246,0
0.177653,1.236151,0
-0.105969,0.509361,0
1.534082,1.041961,0
-0.070402,0.617029,0
-0.718624,2.068908,0
2.074719,3.678099,0
0.628118,0.875217,0
0.930163,0.048734,0
2.601194,0.969529,0
-0.795102,-1.138242,0
0.931610,0.221109,0
1.277541,-0.912657,0
1.297433,1.483860,0
0.650049,0.198819,0
2.534032,1.798886,0
-0.080115,-0.632929,0
1.501612,1.231686,0
0.168559,0.266660,0
1.671873,1.614147,0
2.719974,0.796937,0
0.501371,1.534918,0
1.328499,1.043207,0
1.021924,0.533535,0
0.964118,-0.407241,0
0.613928,0.661702,0
0.813240,0.280893,0
-1.571865,1.714630,0
0.704087,-0.479039,0
-0.175450,0.977640,0
0.564438,1.529703,0
-0.192775,0.741712,0
1.034446,0.916224,0
1.272856,0.658047,0
1.276008,3.135061,0
0.411816,2.925689,0
2.875196,2.703499,0
0.363394,0.771784,0
2.068297,-0.309541,0
1.478803,1.421593,0
2.015026,0.061872,0
2.416135,1.581794,0
1.401118,1.815488,0
2.080536,0.580251,0
-0.613745,0.181808,0
2.705067,1.820868,0
-0.196480,0.203382,0
0.477829,2.368762,0
1.409265,1.162920,0
1.587890,0.059994,0
0.079511,1.002780,0
0.118065,1.325805,0
0.321602,0.674707,0
0.558139,1.506546,0
1.100226,0.463927,0
-0.229022,-0.367985,0
1.491354,-0.292921,0
0.568031,0.284066,0
0.808501,0.123641,0
-0.218313,-1.085067,0
0.748135,1.394332,0
0.505465,1.390304,0
1.431116,0.225129,0
1.675831,0.395375,0
1.104005,1.279349,0
-0.108927,0.834769,0
-0.517297,1.590099,0
1.463778,1.557677,0
1.330968,-0.284604,0
2.779975,-0.346201,0
0.078752,1.808975,0
1.391987,-0.155164,0
-0.533435,1.479551,0
1.739887,0.402569,0
1.275922,2.546490,0
1.339324,0.343587,0
-0.186624,1.880316,0
1.919323,1.597683,0
1.838000,2.664715,0
1.573178,1.641467,0
1.191712,1.214705,0
0.603065,-0.684011,0
-0.274897,1.285585,0
-0.573678,1.349371,0
0.911782,-0.248625,0
1.359532,1.781746,0
1.161384,1.672419,0
0.543966,-0.493303,0
2.775462,1.822515,0
-0.926440,2.028109,0
0.616000,1.900225,0
3.257161,1.722416,0
-0.691427,1.647980,0
0.849736,1.039717,0
1.031726,1.442323,0
0.432526,-0.239954,0
0.757870,0.553494,0
2.243917,3.407866,0
1.825762,-0.013617,0
1.612788,0.375381,0
-0.195463,1.304598,0
-0.572271,1.663065,0
1.982574,1.464930,0
1.543429,0.728396,0
1.376390,2.737670,0
1.555161,1.381780,0
2.315222,1.465326,0
0.241133,0.931296,0
2.757681,-0.103292,0
1.340654,1.481512,0
0.303098,0.856077,0
2.738785,0.187315,0
1.155316,-0.116240,0
2.469115,1.485037,0
2.368193,-0.361596,0
1.499493,-0.196486,0
2.006339,0.688722,0
0.291109,-0.467714,0
-0.366292,-0.072951,0
-0.350541,1.331286,0
1.213161,3.809503,0
1.998679,1.483213,0
0.607802,1.011235,0
-0.880448,-0.143188,0
0.894394,0.704936,0
0.924174,-1.520601,0
1.923700,0.244683,0
0.625243,0.531594,0
2.267041,0.777020,0
1.665759,2.691835,0
1.276064,0.649304,0
1.407809,1.321433,0
1.829624,0.927094,0
1.768236,0.389099,0
2.451451,0.720347,0
0.286293,-0.051327,0
0.417232,0.747592,0
0.169497,2.601091,0
1.088274,0.054617,0
0.585888,0.370635,0
0.851963,0.469059,0
-0.902421,0.818354,0
0.356914,1.089685,0
0.442697,0.906628,0
1.267896,0.095998,0
1.025275,1.592940,0
1.203269,2.961474,0
-0.732928,1.139596,0
2.321968,0.326303,0
1.037881,2.443900,0
1.314022,4.769390,0
1.935743,3.036069,0
1.785392,0.351140,0
-0.397055,1.441226,0
-0.284542,-0.169760,0
0.539948,-0.046974,0
0.517383,0.824104,0
0.904772,0.695835,0
1.182063,1.426211,0
0.606018,2.140679,0
1.286793,0.168686,0
1.866001,1.425393,0
2.140920,0.219040,0
0.962791,0.634279,0
0.702860,1.856309,0
-0.049695,1.074422,0
1.862974,0.722090,0
2.892314,-0.183623,0
1.977119,-0.919272,0
2.078641,0.701419,0
2.204510,0.296600,0
0.774906,1.139741,0
3.154275,0.585857,0
2.782663,0.347847,0
0.879860,0.519231,0
0.695858,-0.563035,0
1.564050,0.007246,0
1.667055,0.480520,0
1.275001,1.412110,0
1.956484,1.280860,0
0.912806,0.167469,0
1.126381,2.867157,0
-0.086102,3.189000,0
1.411496,0.049089,0
0.224470,2.933258,0
1.864544,1.417344,0
1.009899,2.433736,0
2.785991,3.444458,0
1.098142,-0.560288,0
1.816109,0.199703,0
2.394085,-0.014149,0
1.388638,2.131658,0
1.501582,0.692063,0
0.901197,-0.655125,0
-0.086866,2.940499,0
0.619326,0.267282,0
1.782361,0.569345,0
1.129242,1.095083,0
1.280206,0.658005,0
0.159352,2.435842,0
-0.089913,-1.631017,0
2.539950,0.284134,0
-0.073951,0.566176,0
2.324069,1.935559,0
-1.346765,-0.043533,0
0.517841,0.686941,0
1.422294,0.308248,0
1.161722,1.549673,0
-1.129678,2.237831,0
0.090301,0.404772,0
0.233175,1.678306,0
-0.633021,0.691732,0
4.357632,0.036379,0
2.361019,2.352165,0
0.503223,-0.603054,0
0.906320,-0.196799,0
1.614780,-1.289210,0
-1.106088,2.088307,0
1.774021,2.309479,0
4.100562,1.359512,0
0.515950,2.523406,0
0.429434,0.423555,0
1.183749,-0.000877,0
4.087623,1.240025,0
1.779637,1.098270,0
2.427514,0.336610,0
-0.286356,0.876585,0
0.487382,-0.273000,0
-0.388182,0.780536,0
2.190550,1.653678,0
1.005382,1.253817,0
0.475893,-0.286390,0
2.166889,0.701645,0
0.892370,1.048965,0
0.638061,0.451486,0
0.624584,0.829198,0
0.276345,0.557302,0
0.254471,0.096021,0
1.125184,1.502282,0
-0.486193,0.332190,0
0.018088,0.243506,0
2.270691,2.081912,0
3.259775,0.138946,0
1.407227,1.579560,0
1.001813,2.450447,0
-0.098601,1.522558,0
3.156744,0.307556,0
-0.203056,1.484212,0
1.996751,1.369156,0
1.629449,1.877308,0
2.112211,1.799711,0
1.109831,1.108157,0
2.247450,1.746940,0
0.962879,1.161584,0
2.309243,1.951420,0
0.059381,-1.195053,0
1.131124,2.486031,0
1.457194,1.443621,0
3.034621,2.887357,0
0.739145,1.130864,0
-0.669013,0.703604,0
1.792109,0.637982,0
0.647330,1.137702,0
1.097451,2.237400,0
0.235209,0.408891,0
-0.910496,1.745182,0
-2.115232,-0.528258,0
1.207611,1.747613,0
0.157316,2.739311,0
1.993516,1.652410,0
0.874136,0.957014,0
1.631968,2.768758,0
1.656769,-0.065088,0
1.018155,1.766723,0
0.556087,-0.472058,0
1.020377,0.715441,0
2.567502,2.603885,0
2.769688,1.588074,0
2.774892,2.898294,0
-0.616188,1.658628,0
-0.683438,0.076202,0
0.445473,1.412847,0
2.096463,-0.643062,0
1.566938,1.122333,0
2.501543,0.241849,0
2.211331,1.171819,0
1.063195,0.943715,0
0.002362,1.078432,0
0.914588,1.539583,0
0.886247,1.782666,0
1.900012,1.042824,0
-1.003856,1.219217,0
0.316115,0.387086,0
0.772443,1.757457,0
1.410810,1.285137,0
-0.151468,0.538645,0
1.383678,1.345294,0
2.848102,1.783319,0
0.274474,1.089053,0
-0.248833,-0.117368,0
0.301211,2.539841,0
1.298248,0.292438,0
1.492978,2.150555,0
0.037667,2.266504,0
0.157487,1.369647,0
-0.508051,1.087484,0
1.294875,1.564858,0
0.437725,1.506352,0
1.192796,1.528250,0
-0.116552,0.298600,0
1.673737,2.436177,0
0.419814,-0.100629,0
0.500015,0.098307,0
-0.069734,0.566719,0
2.293135,0.908753,0
0.686873,2.111801,0
3.059063,1.228054,0
-0.231378,0.525587,0
-0.111546,1.200704,0
1.693525,-0.479643,0
1.737709,1.043559,0
-1.916804,0.168900,0
0.571826,0.192118,0
1.919050,0.449430,0
0.475698,1.791896,0
-0.611420,1.631519,0
0.502809,1.705228,0
1.600358,1.195461,0
-0.824944,-0.392074,0
1.078551,1.460516,0
1.932430,-0.213006,0
0.658447,0.738170,0
1.569353,0.810653,0
1.160269,1.257366,0
0.876126,2.003218,0
1.652522,0.982789,0
0.789596,2.528937,0
1.340100,3.575325,0
1.282752,1.765899,0
1.326878,-0.129308,0
-0.420921,-0.242200,0
0.843875,-0.287649,0
0.943457,-0.239820,0
0.190456,1.381529,0
0.550677,-0.174901,0
2.036487,0.366331,0
-0.426892,0.235409,0
1.309601,0.145303,0
1.730118,0.711833,0
0.035382,-0.398969,0
2.320752,1.195970,0
1.039672,2.035057,0
0.474093,0.767500,0
-0.567543,-0.174031,0
1.889193,0.595581,0
2.471599,2.091093,0
1.004090,1.759665,0
1.035660,2.374060,0
2.743001,2.600177,0
2.662410,0.918300,0
0.251741,1.564813,0
3.148358,0.109482,0
1.743330,0.750611,0
1.730914,2.316561,0
0.113079,2.274340,0
3.329602,1.239597,0
-0.122207,1.528496,0
0.836347,1.359742,0
1.089548,1.814323,0
1.506493,-2.472005,0
0.274770,0.312531,0
1.046872,0.481252,0
-0.703444,1.635641,0
0.967999,1.941649,0
0.619270,0.735519,0
-0.156134,1.835931,0
3.052180,-0.379883,0
2.610794,0.379404,0
1.512920,3.577449,0
1.292584,2.752843,0
0.115859,0.139305,0
0.534220,0.190316,0
1.753921,0.413946,0
1.217720,1.391521,0
2.312584,3.042741,0
-0.091496,1.664104,0
0.194028,-0.005079,0
0.681562,2.495614,0
0.787577,1.263267,0
2.107522,-0.049500,0
2.299719,0.291969,0
1.136338,-1.035067,0
1.824389,1.521488,0
0.450854,2.548075,0
0.744770,0.007057,0
0.837035,0.107371,0
1.106770,0.327523,0
-1.257793,-0.105243,0
1.651620,0.191844,0
-0.584808,1.095972,0
1.409897,2.263060,0
1.274235,2.024641,0
2.364577,1.947946,0
1.842374,1.830327,0
0.401536,1.380056,0
0.696270,2.924318,0
0.726725,0.739765,0
0.339719,0.839572,0
1.542169,2.930161,0
3.417737,0.458595,0
-0.555141,0.611380,0
-0.342859,2.704413,0
-0.193389,-0.946129,0
1.710340,0.934306,0
-0.641395,-0.026407,0
-0.434074,1.787467,0
-0.864126,1.344330,0
0.959861,1.337986,0
0.087018,1.453740,0
-0.342488,1.926147,0
-0.323239,2.238106,0
1.275335,0.652581,0
1.297741,-0.075842,0
1.806863,-0.720388,0
0.864576,1.059477,0
1.745224,2.327409,0
1.589846,1.392695,0
0.530569,3.288586,0
0.949102,-0.196330,0
1.331069,-0.084989,0
0.911669,-0.107605,0
1.651658,0.682259,0
3.842322,-1.195973,0
-0.057211,1.766817,0
0.516277,0.547525,0
-0.244048,-1.371662,0
1.459717,1.414551,0
1.068087,0.516075,0
0.540424,1.322760,0
1.262199,1.062540,0
-0.019801,0.609340,0
-0.370822,2.816147,0
0.333517,2.116913,0
0.895931,3.578437,0
2.542804,0.819987,0
0.491675,0.401007,0
0.754998,2.133134,0
-0.001407,0.613067,0
1.056248,1.776797,0
0.429136,0.587297,0
2.164455,1.585705,0
0.952436,2.097298,0
0.575906,0.774115,0
1.128593,0.729406,0
1.513730,1.792357,0
1.988950,1.424613,0
-0.144465,2.506045,0
1.158342,2.011751,0
1.059976,3.562830,0
-0.264503,-0.523300,0
1.597589,-0.903988,0
1.309242,2.189768,0
0.924517,-0.009164,0
1.403754,0.074910,0
0.464969,1.730026,0
2.076377,-0.647899,0
1.667130,0.829259,0
0.035248,1.278747,0
-0.085543,0.962422,0
1.368099,1.170124,0
1.502180,1.748159,0
2.221484,1.426827,0
0.160699,0.092264,0
0.595779,0.476980,0
1.260114,-0.561028,0
-0.870727,-0.484868,0
1.782742,0.317952,0
-0.954363,0.266585,0
1.554893,0.104606,0
1.208381,1.503177,0
0.930204,0.630843,0
2.701938,-0.498522,0
1.243842,1.877008,0
1.299352,-0.077090,0
1.441139,2.383413,0
0.483603,0.553679,0
2.624013,1.425382,0
1.946378,-0.540744,0
2.098145,1.536530,0
0.869872,0.244839,0
1.061552,2.010998,0
2.999906,1.757809,0
1.049991,0.684629,0
0.730376,1.373825,0
0.828387,0.961335,0
1.132851,1.013064,0
-0.557431,0.981899,0
0.374577,0.922359,0
-0.926166,0.378791,0
0.909492,0.046220,0
1.920624,0.127027,0
3.206659,2.073127,0
2.087185,1.923756,0
-1.412045,-0.211470,0
0.256974,1.381549,0
2.135558,1.900739,0
1.655080,1.160999,0
1.408145,1.005716,0
0.935081,1.405672,0
1.466117,1.818296,0
2.299490,0.286797,0
0.672542,1.442546,0
0.194343,2.445570,0
1.018243,0.785216,0
1.113986,1.324708,0
-1.148052,-0.779103,0
3.555971,0.730973,0
1.905738,-0.640975,0
2.787885,1.651840,0
1.318243,3.113463,0
-1.228757,0.802286,0
0.952088,1.753686,0
0.621068,0.311318,0
0.626421,1.452873,0
1.616917,1.873545,0
1.778441,1.109037,0
1.841100,1.569211,0
1.031654,1.920579,0
0.251697,-0.744682,0
-0.060277,1.994760,0
1.412918,2.328568,0
0.762947,2.985389,0
0.798560,0.072249,0
-1.964817,1.252458,0
0.427135,2.384692,0
2.055777,1.465329,0
1.004375,2.041602,0
-1.402284,1.547723,0
2.508110,0.334805,0
0.154786,1.237851,0
-0.315503,0.388761,0
1.431543,0.093641,0
2.248813,-0.626360,0
0.702514,0.911304,0
1.727537,2.723124,0
-0.204661,1.153666,0
1.585521,0.620131,0
0.906644,0.413003,0
-0.137717,0.623712,0
0.561141,2.300632,0
2.197798,1.848612,0
2.402489,1.577643,0
1.087878,1.809464,0
2.449363,1.136960,0
4.395405,0.840539,0
0.684600,0.571722,0
2.736000,2.070596,0
0.880742,1.653990,0
0.574197,0.994580,0
0.215302,2.330824,0
1.761519,-0.535574,0
0.300323,2.274008,0
1.687857,-0.179239,0
1.745954,1.978948,0
1.274245,0.377044,0
0.829093,-1.068620,0
1.851288,1.115284,0
-0.104253,2.216155,0
-1.600363,2.454593,0
-0.382239,-0.353528,0
1.132761,0.062895,0
0.085289,1.687630,0
0.939621,0.982835,0
0.081348,1.031567,0
0.518171,-0.231106,0
-0.316520,1.804327,0
1.688180,-0.023279,0
0.136819,1.124193,0
0.324274,1.053103,0
0.496769,2.402354,0
-0.318894,2.142211,0
1.649411,-0.086538,0
0.960879,-0.075539,0
0.513888,0.807749,0
0.029781,0.477640,0
1.954148,1.409532,0
2.480098,0.448551,0
2.982322,0.382065,0
-0.151974,2.369218,0
2.363236,0.395812,0
1.326573,0.889208,0
1.530400,-0.605135,0
0.145187,-0.082493,0
2.648301,1.628566,0
0.390317,-0.483721,0
1.033589,-1.058001,0
1.854520,1.274081,0
1.059790,0.646775,0
0.398796,1.080330,0
0.713668,4.173152,0
2.245652,1.151423,0
0.532894,1.170067,0
0.662947,1.049455,0
1.306369,2.073332,0
0.618794,1.494627,0
2.277814,1.400975,0
0.449207,1.878706,0
1.527549,1.128703,0
1.552436,0.361148,0
-0.360018,-0.656692,0
1.767030,0.349904,0
0.530668,1.065600,0
1.662862,1.401129,0
1.655178,1.698422,0
1.878679,0.285044,0
1.501603,-0.716138,0
0.022645,1.703736,0
1.225368,-0.110301,0
1.663157,1.713464,0
1.583166,1.844682,0
-0.555294,1.614825,0
0.142462,2.937860,0
-0.936354,0.967964,0
2.488602,3.218759,0
0.341661,1.119821,0
1.263906,2.602676,0
-1.109325,0.381179,0
0.814480,0.079345,0
-0.472722,0.505419,0
0.769293,0.656201,0
1.908744,2.766541,0
0.106776,0.916304,0
0.292372,2.590206,0
1.621668,0.267717,0
1.642079,-0.119452,0
0.246235,2.239126,0
1.867684,0.697536,0
0.676328,-0.791181,0
2.261397,0.071546,0
-0.261885,-0.408980,0
0.713313,2.220158,0
1.855577,-0.815781,0
0.687029,-0.331005,0
-0.218623,0.859546,0
1.284534,0.717228,0
0.783621,2.361414,0
2.191271,-0.195106,0
1.219313,0.673967,0
0.474167,-0.081732,0
2.993000,2.493519,0
1.373389,-0.089721,0
1.045491,1.121822,0
-0.845401,0.802657,0
1.234518,-0.287235,0
2.759687,0.270575,0
0.874115,1.565102,0
0.697887,2.145712,0
0.398356,1.164688,0
1.054843,2.667768,0
2.042530,-1.069324,0
0.540647,0.368607,0
2.481412,1.642894,0
1.473352,0.761850,0
-0.096948,1.256068,0
-0.377587,2.364488,0
1.908444,0.489739,0
1.778623,1.786853,0
1.543356,3.292660,0
0.705034,1.207102,0
1.769539,0.550529,0
2.192929,2.019008,0
0.599350,1.049155,0
3.753604,3.247892,0
0.570140,0.804051,0
-0.849934,1.309809,0
1.660080,1.735146,0
1.998542,2.070639,0
1.584463,-0.026338,0
0.246360,-0.695197,0
-0.671714,-0.827930,0
2.003878,2.282982,0
-0.109477,-0.472357,0
0.239060,-0.532622,0
-0.607438,0.033053,0
0.595671,2.056125,0
1.580944,1.758726,0
1.710064,1.612103,0
0.951552,2.495726,0
-2.256877,1.316337,0
3.066380,2.115373,0
1.581441,0.031561,0
3.089163,1.524332,0
0.770629,2.690696,0
2.139541,2.241816,0
2.875788,0.462579,0
1.793095,0.205389,0
1.072122,0.032594,0
0.663370,0.136948,0
2.067370,-0.415250,0
0.173756,1.419979,0
1.530805,0.914044,0
1.893495,2.260757,0
3.198909,0.950508,0
-1.173382,2.239547,0
2.027529,1.733980,0
1.787189,-0.959698,0
1.681007,0.872154,0
2.387705,1.289822,0
0.964602,0.212869,0
1.150104,1.297968,0
-0.433121,-0.006042,0
1.713431,3.773032,0
0.128571,1.029626,0
2.954527,1.518085,0
-0.477695,1.215635,0
2.756646,0.511816,0
1.312212,0.438987,0
1.586807,1.300837,0
2.497115,1.659291,0
0.710320,-0.221270,0
0.778024,2.073382,0
1.095651,-0.701905,0
0.810560,2.115915,0
1.904551,1.725430,0
0.136288,1.184169,0
0.353779,-1.163956,0
1.485100,0.104258,0
0.082290,0.542570,0
1.981092,0.352561,0
1.458620,0.924329,0
0.950549,-0.455006,0
-0.420180,0.783693,0
0.565722,-0.434369,0
-2.739284,2.442870,0
2.410871,-0.840924,0
0.292972,0.894296,0
2.051358,1.505656,0
1.189772,0.470533,0
1.455397,2.495729,0
2.427399,0.225599,0
1.831430,0.049461,0
0.517441,2.579988,0
1.055775,0.998338,0
0.501634,0.459666,0
1.324641,0.819637,0
1.055260,1.673150,0
1.009469,3.214476,0
0.818250,2.537579,0
-0.172837,-0.470535,0
0.568302,2.097326,0
-0.783945,1.490894,0
-0.326294,0.327351,0
0.439922,0.714850,0
1.016063,1.491998,0
2.157759,0.622905,0
2.764663,3.499162,0
-0.512291,1.882547,0
1.902778,2.681201,0
0.176217,1.459031,0
0.986794,2.126541,0
2.202593,-0.027008,0
0.838851,3.241226,0
1.188092,-0.602898,0
2.668385,0.652524,0
2.473448,0.481097,0
0.665564,-0.683434,0
2.212638,2.641394,0
0.457552,0.342566,0
1.161242,1.420177,0
0.759996,-0.142585,0
0.572369,0.329072,0
2.038826,0.561401,0
1.347330,2.853839,0
0.003040,3.072627,0
2.298836,1.614406,0
0.981019,0.980093,0
-0.550737,1.415276,0
2.028121,-0.198728,0
1.853749,0.757431,0
2.674596,1.858463,0
0.009252,1.241690,0
-1.162646,0.526775,0
3.145955,0.899418,0
-0.052560,-0.021851,0
0.935431,2.276411,0
-0.157247,-0.467343,0
-0.220238,-0.049729,0
0.961112,1.152951,0
2.332316,1.192938,0
1.022255,0.870303,0
2.070481,0.160162,0
1.084165,0.894475,0
1.640265,0.919095,0
0.828553,2.658507,0
1.944789,0.992249,0
0.824971,1.595813,0
0.321167,2.055313,0
1.295578,1.016864,0
1.661155,-0.077940,0
2.775758,0.442252,0
1.817208,0.426420,0
0.361850,0.960044,0
1.161260,0.049507,0
0.529421,0.078718,0
1.702629,0.555713,0
0.464224,-0.465547,0
0.425133,2.978518,0
1.554257,1.085254,0
0.793044,-0.412406,0
1.831305,0.892330,0
1.047225,0.393600,0
0.896134,1.023385,0
0.266272,2.066376,0
1.657049,0.760605,0
1.242539,-1.541156,0
3.138719,2.092316,0
2.311859,0.930590,0
0.258254,2.434398,0
-0.035114,1.436795,0
1.802277,0.016733,0
0.081789,0.856643,0
0.361682,0.928365,0
1.395441,0.154103,0
1.376091,0.137893,0
0.554334,0.765767,0
-0.357041,2.069400,0
0.001506,0.728927,0
2.429375,1.207707,0
0.116459,0.072534,0
-0.045005,0.454619,0
0.723546,0.487146,0
0.393599,0.266762,0
1.321993,0.391994,0
-0.145764,0.986311,0
-0.910817,0.714581,0
-0.479954,0.481471,0
3.555989,1.242414,0
0.154389,-0.140551,0
0.778697,0.101721,0
0.621175,0.864328,0
1.005125,-0.176576,0
0.319801,2.035270,0
0.260392,0.645570,0
1.443425,1.781983,0
2.290271,0.932814,0
0.805027,1.460127,0
0.916397,0.655764,0
1.256328,1.564123,0
0.458373,-0.252688,0
0.620663,-1.110606,0
1.968823,0.213814,0
0.535558,3.823562,0
1.560276,1.073936,0
-0.132465,2.512887,0
1.776211,1.117222,0
2.715229,0.842934,0
0.669206,-0.317122,0
3.042264,1.409810,0
2.032369,0.668797,0
0.561714,0.529613,0
2.775067,2.631142,0
-0.685055,0.637341,0
1.445191,2.505925,0
0.917197,1.029319,0
0.535589,1.834446,0
1.377474,3.081446,0
1.306704,0.645496,0
-0.164056,1.466172,0
-1.334957,1.467655,0
0.293499,1.055382,0
-0.392587,1.844713,0
1.740041,0.096949,0
-0.312736,0.829571,0
1.739363,2.042177,0
1.372700,1.537469,0
3.492140,1.039580,0
3.144712,0.362504,0
0.974982,1.606188,0
0.352758,1.383664,0
2.311408,1.187376,0
0.089271,1.282497,0
1.402687,1.468462,0
0.074798,-0.117219,0
2.943713,1.791557,0
-0.021984,1.049531,0
1.778728,2.671561,0
0.329212,1.817948,0
1.108251,2.488051,0
-1.251137,0.125825,0
0.753787,-0.974536,0
0.950419,-1.028630,0
-0.317812,1.597394,0
2.043309,0.709189,0
1.579711,0.073125,0
1.173112,2.657426,0
0.649128,1.858918,0
0.145838,2.520549,0
1.163923,2.744925,0
-0.965355,0.753189,0
1.527512,1.950607,0
0.964277,1.447147,0
2.939050,-0.642004,0
1.698168,0.199883,0
1.509307,0.406505,0
-0.797352,1.561504,0
0.914811,1.043400,0
2.806795,2.351539,0
1.650954,1.017432,0
0.261746,1.095624,0
0.204260,1.023908,0
-0.477535,0.312711,0
1.679914,0.673168,0
1.213206,1.068111,0
2.947713,-0.303324,0
0.069459,1.521991,0
1.155672,-0.743042,0
1.840060,1.196509,0
-1.601089,1.229044,0
0.321759,1.647694,0
1.174850,1.170556,0
0.274686,0.235120,0
1.192924,0.015152,0
0.136732,3.324741,0
2.220631,-0.473295,0
1.508760,0.867313,0
0.918046,3.622859,0
2.430931,-0.172124,0
0.644968,0.568682,0
0.542211,0.585924,0
1.570449,-0.297287,0
-0.151042,0.161891,0
-0.550036,2.208024,0
0.707759,1.320017,0
2.693211,1.887787,0
0.953768,0.184613,0
1.886679,0.721822,0
1.775109,0.698753,0
1.173300,0.995924,0
1.320138,2.801829,0
1.461234,1.444137,0
3.614092,0.502222,0
-0.524683,0.207175,0
0.995632,1.189974,0
4.032511,2.568507,0
0.404400,1.076975,0
1.870038,0.597581,0
-1.388419,0.053357,0
0.044157,1.259069,0
2.176646,-0.340585,0
0.273465,-0.165865,0
2.343621,2.554368,0
1.590097,1.830815,0
-0.521756,1.304851,0
2.987923,0.775271,0
1.738581,-0.443952,0
0.044546,-0.087924,0
2.168339,2.151743,0
1.397315,0.861024,0
-0.662908,0.953247,0
0.907054,2.084477,0
2.339168,0.547051,0
0.856635,-0.265546,0
0.007144,0.202795,0
0.059579,0.119318,0
1.586168,1.435034,0
1.336215,0.919518,0
-0.533368,1.258500,0
-0.090355,1.606959,0
0.996820,0.715618,0
1.202998,0.418726,0
0.370349,0.431971,0
0.011271,2.046501,0
1.976523,0.945841,0
2.776231,0.759257,0
1.991016,0.518881,0
-0.083258,0.475078,0
0.625983,0.578297,0
-0.738540,0.353353,0
1.174504,0.715759,0
2.762655,0.523885,0
3.315928,1.865330,0
-0.156683,1.589764,0
0.795361,0.197801,0
1.652208,1.019989,0
0.182216,2.265781,0
1.588921,0.982615,0
-0.311020,1.777555,0
2.615710,0.235520,0
0.728494,1.481558,0
3.116268,0.599457,0
0.317649,4.080553,0
0.388635,0.939317,0
0.804209,0.655453,0
1.199091,2.083649,0
1.923318,1.337993,0
-0.099862,0.202282,0
1.509464,0.186687,0
1.680923,1.764177,0
1.363389,-0.084175,0
0.618685,3.277999,0
0.798341,2.009181,0
-0.097744,0.717933,0
-0.667292,2.045255,0
0.445833,1.676638,0
0.480337,1.521452,0
1.707233,1.463469,0
2.215858,0.153170,0
1.116785,2.548964,0
2.609611,2.965027,0
1.821769,1.592797,0
1.379916,1.363772,0
1.757895,0.799899,0
2.368896,1.181068,0
3.100246,1.099968,0
0.295474,0.581328,0
1.810366,1.374248,0
2.081946,1.504242,0
0.381046,1.431509,0
3.740411,-0.135118,0
1.732679,1.063023,0
1.035506,1.002099,0
-0.923603,-0.092113,0
0.723492,1.647156,0
-0.050842,0.499322,0
2.136144,-0.008951,0
2.058519,0.315101,0
0.111058,-0.143637,0
1.197414,0.561982,0
1.525614,-0.537284,0
0.867360,0.770204,0
1.000679,0.516007,0
2.054124,1.179279,0
-0.046292,1.178830,0
1.219028,3.666329,0
2.182433,0.296619,0
2.092400,1.301255,0
0.730546,0.459321,0
-1.282981,-1.221553,0
1.302731,0.321677,0
-1.418953,0.493498,0
-0.309407,2.498248,0
0.710795,0.738727,0
0.106191,0.781085,0
1.674720,0.467839,0
0.215293,3.800788,0
0.963661,0.102180,0
2.337018,-0.137041,0
-0.609171,0.805635,0
1.592580,1.352649,0
-1.697986,0.868675,0
0.496542,0.377556,0
0.639410,0.150575,0
-1.406949,-0.050467,0
-0.986720,1.776267,0
0.588935,-0.066432,0
1.591320,-0.404853,0
0.486577,0.936817,0
2.324093,3.433403,0
1.602893,0.972073,0
-0.227442,0.782442,0
2.633528,3.192479,0
2.713002,1.655309,0
1.335130,0.569598,0
2.522804,1.141358,0
1.602191,0.538312,0
0.620520,0.592996,0
0.553390,0.330869,0
1.842225,0.280826,0
0.637366,1.159793,0
0.743758,1.334406,0
0.884861,2.739562,0
3.219132,0.509706,0
-0.836664,2.074042,0
0.944107,-0.358196,0
1.321519,2.538809,0
2.309762,0.997235,0
2.290319,-0.619735,0
0.969637,1.301409,0
0.169460,1.367383,0
0.434813,0.893858,0
-1.234582,3.189227,0
-0.482326,-0.222148,0
-0.766184,1.962993,0
0.530310,1.246915,0
1.369579,-0.105281,0
0.761025,-0.496699,0
2.118899,0.826655,0
2.003879,1.122221,0
3.052668,0.454183,0
1.051330,1.479776,0
0.049897,-0.692125,0
3.312140,-1.329731,0
0.523211,1.484355,0
3.020480,-0.476446,0
0.905217,0.021749,0
2.575866,1.771335,0
2.391290,0.371108,0
0.612096,1.645882,0
0.484268,1.136959,0
-0.587102,2.737622,0
0.928828,0.424564,0
0.374976,-0.075040,0
1.511614,0.761456,0
1.419383,1.310407,0
-0.766275,1.486657,0
-0.360300,1.593255,0
1.014572,-0.189803,0
1.346467,0.926129,0
0.186421,1.161420,0
-1.329372,1.028926,0
1.786887,2.080899,0
1.657654,1.015406,0
1.068229,-0.163270,0
2.472861,0.004764,0
1.006427,-2.141248,0
1.450442,1.441262,0
0.594027,2.292650,0
1.601723,0.903939,0
1.863050,0.649261,0
2.611434,0.341304,0
3.139358,1.376423,0
0.264891,-0.019101,0
0.513209,0.594422,0
0.131134,0.927639,0
-0.254220,-1.794691,0
0.363201,1.201588,0
2.215529,0.901263,0
-0.868911,2.230304,0
2.165626,1.975262,0
2.647383,0.791572,0
1.401157,2.146569,0
2.969685,-0.845103,0
3.053616,0.683196,0
0.228949,-0.227674,0
1.487533,0.598801,0
3.214756,0.764940,0
0.755578,1.706828,0
-0.016075,1.615428,0
0.444289,2.212720,0
-1.236395,0.801937,0
1.458857,1.462381,0
-1.289306,-1.634152,0
1.340391,0.825435,0
0.584922,1.252382,0
2.099789,2.767266,0
-0.801730,1.888041,0
0.067686,0.905818,0
1.214278,-1.020506,0
2.141479,0.322940,0
-0.142907,1.674731,0
2.291252,2.393986,0
1.645085,2.702950,0
-0.562873,1.254327,0
-1.815476,0.647143,0
1.487697,0.857437,0
-0.512849,0.734267,0
0.146885,0.897316,0
0.467569,1.046296,0
1.335010,1.140467,0
-0.094315,1.281029,0
0.869755,0.671250,0
0.913299,2.259134,0
-0.017929,0.621894,0
1.708726,-0.019168,0
2.288885,-1.198772,0
0.276555,1.833333,0
1.317651,1.971457,0
1.004750,2.666771,0
3.216621,0.504497,0
0.686358,0.311055,0
1.859073,0.934861,0
2.436919,0.358871,0
0.585891,3.468112,0
0.885814,1.202809,0
0.258277,0.537471,0
1.165366,2.432652,0
2.808770,2.661930,0
1.573518,1.315148,0
0.478985,1.066409,0
-2.266988,-0.078058,0
1.341987,0.188477,0
0.238624,-0.021242,0
2.126939,0.358109,0
0.933364,0.375887,0
0.260674,-0.747775,0
3.168268,2.094059,0
-0.177796,0.248939,0
2.258141,1.935370,0
-0.078379,0.666476,0
1.147428,1.073524,0
3.197403,0.700676,0
0.075649,1.183380,0
-0.151561,1.826063,0
1.592307,0.751657,0
1.056779,-0.066250,0
2.492298,1.360718,0
0.709194,0.491043,0
0.567534,-0.299088,0
-0.326236,2.188090,0
0.302198,1.216283,0
1.060332,0.876491,0
1.723339,0.545091,0
0.745358,1.541610,0
1.982417,3.020149,0
2.863460,0.691293,0
0.839640,1.916043,0
0.905709,-0.587951,0
-0.377608,0.816400,0
-0.773031,0.831316,0
0.556623,-0.131739,0
0.664321,1.828304,0
1.023715,1.959657,0
1.613249,1.500649,0
2.337898,1.596071,0
2.429518,0.862405,0
0.348653,2.379807,0
2.397268,-0.198411,0
1.433582,1.929011,0
0.819963,2.715397,0
2.315971,1.067414,0
2.891657,0.527089,0
1.333025,0.440523,0
1.922886,2.790263,0
0.291467,0.917520,0
0.170516,3.534801,0
0.421352,1.474262,0
1.878294,2.420095,0
0.707646,-0.637916,0
0.921601,1.350399,0
2.487089,0.616440,0
0.703531,0.873971,0
1.116858,0.176061,0
1.708775,1.998464,0
2.613219,0.795708,0
0.170023,1.951995,0
2.891766,0.326181,0
1.355239,0.902895,0
0.872497,2.120389,0
2.292316,1.060481,0
0.656662,0.557096,0
0.206963,-0.151912,0
0.830000,0.647527,0
0.303858,1.558125,0
1.150058,2.073612,0
0.795230,1.588593,0
-0.987436,1.130252,0
0.768024,-0.076187,0
1.287667,-0.071451,0
2.915235,2.163814,0
2.218758,2.190524,0
-0.042669,1.030297,0
0.188756,-0.664723,0
1.293917,0.953648,0
-0.462291,0.826005,0
1.189487,-0.087146,0
1.526439,-0.118310,0
-0.817264,1.397259,0
1.859184,1.186228,0
2.098920,-0.625418,0
1.745351,1.920996,0
1.284454,0.451986,0
1.246539,0.287985,0
0.921986,1.888158,0
1.175302,-0.232587,0
0.992194,1.594590,0
0.399000,0.792139,0
2.552048,-0.440225,0
-0.233941,0.824627,0
0.971334,1.992376,0
2.049435,0.299139,0
0.643766,1.239033,0
0.581433,0.452336,0
1.966047,2.011838,0
-0.283972,1.097780,0
2.297181,2.180661,0
1.053352,1.111526,0
-0.520911,-0.770382,0
1.035460,-0.176427,0
0.786682,-0.863305,0
0.740212,0.402823,0
3.194063,0.484151,0
2.726779,0.303606,0
1.578113,0.261690,0
0.718439,0.666273,0
0.625175,-0.385428,0
-0.090347,-0.168395,0
0.470810,1.502679,0
0.522887,0.499511,0
3.212868,2.591231,0
0.148562,2.292055,0
2.260428,0.923151,0
1.630173,1.449946,0
-0.001536,2.425188,0
1.034436,-0.952390,0
0.806142,2.197179,0
-0.334451,2.717995,0
-0.058153,0.540162,0
1.298197,2.033719,0
0.019392,1.628526,0
3.346127,2.318786,0
1.439051,2.394492,0
1.280812,0.420070,0
2.891767,1.051168,0
3.254625,2.904137,0
1.409960,1.266221,0
1.984655,1.605375,0
1.342097,1.208024,0
-1.425497,-0.154244,0
0.400811,-0.520057,0
1.431665,2.080053,0
0.203149,1.430353,0
3.038033,-0.162673,0
0.345212,1.106985,0
-0.427067,-0.844765,0
0.532589,0.279881,0
1.307229,1.166279,0
0.938593,1.814013,0
0.975562,0.232475,0
1.306449,1.582130,0
0.375501,-0.581369,0
-0.386699,1.130003,0
-0.569702,1.273384,0
0.311028,0.886386,0
0.734690,0.985604,0
0.864393,-0.360461,0
1.023035,1.628379,0
1.369971,-0.146114,0
-0.278200,1.482668,0
1.744851,0.771780,0
1.844079,-0.262210,0
2.312633,0.339110,0
1.276710,-1.270810,0
0.789717,1.642373,0
2.307714,0.574643,0
2.495624,0.578897,0
1.289163,1.365036,0
-0.153796,1.898894,0
0.371862,3.288394,0
1.169499,0.174479,0
0.756014,0.212282,0
2.236933,0.124093,0
2.570932,1.150624,0
1.107652,0.805446,0
-0.326827,0.202264,0
1.027716,1.812546,0
1.237975,2.096223,0
1.318343,-0.252106,0
1.043302,-0.861053,0
-0.872730,1.917143,0
1.088952,0.815519,0
0.737444,1.059904,0
1.369710,0.600983,0
2.830830,0.656034,0
1.451458,-0.231297,0
-1.085073,2.485921,0
1.586387,0.893280,0
1.414841,1.458520,0
1.552858,2.059129,0
2.202059,1.765222,0
0.089936,0.585384,0
0.263450,2.139616,0
2.300025,0.662531,0
1.072022,0.988072,0
1.425787,1.310167,0
0.076570,0.251765,0
-0.682155,-0.449726,0
1.766450,1.267998,0
0.186109,0.787489,0
2.848220,0.795360,0
1.567575,0.405001,0
0.022165,2.738208,0
1.997047,0.254850,0
-0.845639,0.449347,0
0.579812,2.432365,0
-0.513740,1.171663,0
1.098742,-0.419943,0
1.317669,1.448319,0
0.571469,2.788662,0
3.020481,0.565157,0
2.459034,2.382096,0
2.908315,2.166795,0
-0.689849,1.137878,0
2.272263,3.085680,0
1.706102,1.633750,0
0.694112,1.823238,0
1.524251,1.699078,0
2.312865,1.438568,0
0.072915,2.974925,0
-0.365916,1.480561,0
0.011466,-0.681672,0
0.570947,-1.235246,0
2.695560,1.905364,0
1.580915,-0.912200,0
-0.090995,-0.683942,0
0.272650,2.900395,0
0.277178,0.749706,0
0.711051,2.528194,0
-0.195902,-0.199949,0
-1.594901,-1.285391,1
-0.252137,-0.224234,1
-1.708987,-2.049964,1
-1.151897,1.391731,1
-0.298368,-3.255600,1
-1.706046,-0.931098,1
-1.398213,-0.767126,1
-2.280984,-1.412870,1
-0.495814,0.041860,1
-0.013153,-1.898074,1
-1.854465,-0.129965,1
-1.192796,-1.473975,1
-2.155625,0.886753,1
-0.732059,0.965154,1
-1.385960,-0.560250,1
-0.448294,-0.579615,1
-0.575808,-0.359202,1
-0.787935,-0.628944,1
-0.836608,-1.703718,1
-0.628743,-0.903319,1
-0.998497,-0.173779,1
-2.108478,-0.105460,1
-1.696609,-2.680375,1
-1.720238,-0.944304,1
-0.723390,-3.067698,1
-1.100870,1.381770,1
-2.689704,-1.544838,1
-1.465820,-1.366711,1
1.357172,-1.195188,1
0.092950,-0.036849,1
0.411525,-0.910833,1
-0.854974,-1.697565,1
-1.888972,-1.053836,1
1.585262,0.099431,1
-0.614159,-2.521154,1
-0.946467,1.973999,1
-1.172266,-0.319002,1
-1.097196,-1.688119,1
-0.552136,0.449573,1
-2.468023,-1.179335,1
-0.391490,-0.220651,1
0.772099,-1.728561,1
1.220415,-1.370070,1
0.057836,-2.461032,1
-1.709466,-1.222507,1
-4.037859,-1.601745,1
-2.033245,-1.344150,1
-1.200047,0.014502,1
-0.960888,-0.749489,1
-2.186913,-2.416251,1
-0.595316,-0.670791,1
-2.650022,-0.731085,1
-1.588748,-1.792787,1
-0.048414,-0.560305,1
-1.300501,0.073810,1
-2.431582,-2.818733,1
-0.394211,-0.910609,1
-0.499763,0.039511,1
-3.244862,-1.885556,1
-1.263201,-0.912537,1
-1.656759,-2.653933,1
-1.619851,-1.092514,1
-1.297397,-1.495573,1
-0.740159,1.040930,1
-1.434154,-1.673977,1
-0.925842,-1.869738,1
-2.975301,-2.481564,1
-1.623519,0.775244,1
-2.942704,-1.203498,1
-0.465472,-2.097593,1
-0.584325,-0.646786,1
-0.400599,-1.361768,1
-0.638221,-1.304772,1
-0.463746,-0.590433,1
-1.307371,-1.820038,1
-0.616670,-0.880707,1
-1.800892,-1.821089,1
-0.518864,-2.056860,1
-1.127254,-1.552379,1
-1.964677,-1.111029,1
-2.357105,0.837998,1
1.152668,-1.247896,1
-1.774440,-0.770782,1
-1.813840,-0.291277,1
-1.481365,-0.536507,1
-0.859477,-2.243232,1
-0.515449,-1.078250,1
-1.808748,-1.116467,1
-1.332895,-0.631279,1
0.074881,-0.328184,1
-2.604846,-0.681734,1
-1.347965,0.885805,1
-1.253917,-0.585196,1
-1.913385,-1.991656,1
-0.667983,0.598100,1
0.557803,-1.432596,1
-0.848607,-1.198218,1
-0.540628,-1.756915,1
-1.050700,-1.625790,1
-2.471701,-2.265344,1
-0.565806,0.129822,1
0.353865,-1.028732,1
-0.053085,-0.537919,1
-1.860299,-1.779794,1
-0.554103,-0.474244,1
-1.119729,0.552015,1
0.339497,-1.543703,1
-0.277719,-0.752169,1
-0.858515,-1.367376,1
-1.457128,-2.016423,1
-1.186262,1.488585,1
-2.218864,-2.356382,1
-0.097914,-0.597284,1
0.334186,0.721614,1
-0.502588,-1.384136,1
-1.672215,-1.644542,1
-0.509247,0.905007,1
-2.116940,-1.832426,1
1.003665,-1.810399,1
-1.433594,-1.352256,1
-1.938410,-2.702177,1
-1.333691,-0.595514,1
-0.089438,-2.289156,1
-1.354930,-1.064102,1
-1.398512,-0.457788,1
1.027449,1.802609,1
-1.923931,-1.313221,1
-0.115569,-2.065709,1
-0.338235,0.264709,1
-1.417744,-0.956734,1
0.362850,-1.181026,1
-0.499770,1.492377,1
0.499335,-1.153062,1
-1.387936,-0.639326,1
-1.105279,-1.801672,1
-2.781259,-1.303153,1
-1.869734,-1.731142,1
-1.172900,-0.862695,1
-1.151098,-0.624053,1
-0.676724,-1.171318,1
-1.195729,-1.908828,1
-1.869101,-0.005565,1
-2.763997,-2.982652,1
-0.249362,0.956163,1
-0.907135,0.133566,1
-0.795012,-2.072134,1
-0.660360,-1.050790,1
-1.776773,-2.144993,1
-0.622315,-1.235704,1
-1.756715,-0.165972,1
-1.294286,-1.617951,1
-2.906950,0.788074,1
-0.941738,0.982360,1
-2.051510,-1.282695,1
-1.125024,-0.655791,1
-2.155611,-1.123212,1
-0.129335,-0.107126,1
0.635819,-1.279808,1
-0.461978,-2.222382,1
-0.625282,-1.041563,1
-1.907281,-2.480679,1
2.341090,-1.450087,1
-0.397882,0.379679,1
0.548623,-1.626025,1
-0.035781,0.352713,1
-1.456869,0.517001,1
-1.557108,-1.000600,1
-0.270570,-1.214353,1
-0.463139,-0.749916,1
-1.412025,0.348108,1
-0.577515,-2.091715,1
-2.090981,-0.556996,1
-4.059691,-1.496480,1
0.087774,-0.788796,1
-1.950605,-2.027636,1
-0.360574,-3.013937,1
-0.040244,-1.407970,1
-2.200738,-0.202737,1
1.107461,-1.777309,1
-1.123480,-1.065998,1
-1.879086,-0.548745,1
0.499355,-3.185671,1
-2.419155,0.164526,1
-0.596436,-0.959998,1
-0.819661,0.448750,1
-0.969907,-3.793697,1
-1.826910,-2.054784,1
-1.187960,-0.486010,1
1.758471,-0.911034,1
-1.825889,-2.221429,1
-0.493755,-1.284605,1
0.182509,-2.673376,1
-1.678545,0.683898,1
-1.546237,-0.672391,1
-1.493296,-0.524145,1
1.111343,-0.165067,1
-0.307019,-0.363254,1
0.040337,-0.417518,1
0.056878,0.919514,1
-0.833350,-1.265451,1
-0.586826,-1.521234,1
0.334955,-1.677022,1
0.230355,-2.780537,1
-1.325578,0.708984,1
-2.281436,0.067760,1
-0.356925,-3.463094,1
-1.484454,-1.351860,1
-0.719252,-1.215699,1
-1.940490,0.084124,1
-2.030411,-0.429497,1
-0.235359,-0.481756,1
-1.742326,-0.079858,1
-0.203227,-3.413355,1
-0.867418,-1.325770,1
-0.571751,-2.674347,1
-1.920503,-1.425285,1
-0.287026,-0.583517,1
-0.973393,1.287382,1
-1.294204,-1.857633,1
0.078403,0.582737,1
-1.645305,0.195011,1
-2.072323,-1.360442,1
-2.190925,-0.741099,1
-1.161968,-0.671065,1
-1.552632,-1.314643,1
-1.079622,-3.297693,1
-1.068880,1.079117,1
-1.643480,-0.690405,1
-0.437687,-0.827713,1
-1.491579,-1.416791,1
0.082284,0.116982,1
-1.746011,-0.193113,1
-0.572901,-0.613910,1
-2.773420,-2.283258,1
-0.592889,-2.131295,1
-1.623445,-2.064831,1
-2.596662,-1.154574,1
-0.932070,-0.040230,1
-1.309485,-0.354612,1
-0.580037,1.040162,1
0.292353,-0.709701,1
-0.170324,-1.219055,1
-0.022924,-2.360051,1
-0.749523,-1.494322,1
0.027357,-0.890743,1
-0.769357,0.285482,1
0.152040,1.615135,1
-1.696352,-2.202936,1
0.429726,-1.717369,1
-1.027057,-0.823959,1
-1.063689,-1.639223,1
-1.828146,-2.571424,1
-0.797438,0.277374,1
-2.047454,-0.592996,1
-0.171903,-1.405937,1
-0.203848,-0.852409,1
-0.815925,-0.268480,1
-0.681558,-0.290225,1
0.292240,-0.672406,1
0.410626,-0.547905,1
-0.951305,-1.983296,1
-0.800603,-1.029654,1
-1.412676,0.622248,1
-1.669323,-1.030395,1
-0.685855,-2.378234,1
0.033802,0.920725,1
0.527286,-0.207219,1
-1.383064,-1.724946,1
-0.664256,-0.583200,1
-0.103382,-0.420318,1
-1.075760,0.493390,1
-0.915703,-0.491892,1
-1.042637,-1.794035,1
-1.136816,-0.565015,1
0.592345,-1.861367,1
-0.399027,-1.953448,1
-2.314706,-0.923357,1
-0.379725,-0.367266,1
-0.758214,-1.225440,1
0.340604,-0.538364,1
-1.348263,0.967233,1
-1.648121,-0.950738,1
0.156957,-1.634840,1
0.922914,-0.927521,1
-2.086043,-2.411843,1
0.086821,-2.318543,1
0.137630,-1.385203,1
-0.683185,-0.853842,1
-2.182107,-0.829029,1
-2.802149,-0.392882,1
0.117975,-1.051129,1
-0.480789,-0.389675,1
-1.179894,0.320687,1
-0.932189,-1.124455,1
-1.325402,-2.465838,1
0.409536,-2.485848,1
-0.884580,-1.617220,1
1.689929,-1.160193,1
-0.949631,0.987613,1
-1.015214,-2.061267,1
-0.382432,-3.457792,1
-1.002678,-1.738589,1
-1.352409,0.942682,1
-0.807564,-0.683532,1
-1.571005,-0.258295,1
-1.852408,-0.966187,1
-1.438937,-1.298858,1
-1.004107,-1.993655,1
-0.786940,-0.261249,1
-1.255434,0.081430,1
1.442039,-1.116271,1
-1.649173,-2.445456,1
-0.400758,-1.059107,1
-0.378213,-2.168503,1
-0.039013,-0.595031,1
-2.317411,-1.173872,1
-0.949121,-1.427835,1
0.742855,-1.597301,1
-0.614642,-1.510774,1
-2.938589,0.053194,1
-0.543268,-1.967999,1
-1.474625,-1.124646,1
-1.180272,-0.672279,1
-1.471047,0.532662,1
-0.713255,-0.345298,1
-0.432537,-0.749924,1
-1.065447,0.178333,1
0.621722,-1.921442,1
-1.243410,-2.108264,1
-3.075042,-1.563066,1
-0.573780,0.510600,1
-1.564452,0.461656,1
-2.092285,-1.130193,1
-0.863271,-0.525620,1
-1.343103,-0.801983,1
-0.031881,0.355014,1
-2.417096,-2.113830,1
0.755499,-1.270450,1
-0.032229,-2.206849,1
-2.058238,-1.950270,1
-1.266791,-0.886024,1
-1.938379,0.058820,1
-0.496376,-1.437005,1
-0.958359,-1.518477,1
-0.370755,-0.372211,1
-1.868376,-0.865960,1
0.573431,-2.109431,1
-0.943157,-1.173505,1
-0.067172,-0.781559,1
-1.005209,-1.149207,1
-0.354080,-1.895450,1
-1.209070,0.125812,1
0.481412,-1.607117,1
-1.256487,-1.916575,1
-1.035140,-1.468749,1
-1.827116,-0.482112,1
-1.678919,-1.251050,1
0.824754,-1.229776,1
-1.943694,-1.149574,1
-2.324017,-0.490851,1
-1.354044,-0.747194,1
-1.012508,-0.728788,1
-2.338811,-1.693991,1
0.202389,-1.796950,1
-1.974020,-0.959258,1
0.210868,-3.124421,1
-1.290731,-0.576556,1
-0.151036,-1.796766,1
-1.976003,-1.349277,1
0.527071,-2.122453,1
-4.234357,-1.372686,1
-0.883256,-1.196061,1
-2.162570,-1.723231,1
-1.575905,-0.193329,1
-0.755202,-1.393514,1
-0.169713,-0.822937,1
0.298334,-2.576140,1
-0.179390,-1.161015,1
-0.068429,-0.474139,1
-0.216548,-2.270772,1
-0.361528,-1.124498,1
-0.319441,-0.919663,1
-1.568125,0.713770,1
0.531596,-1.984815,1
-1.670424,-0.935930,1
0.584202,-2.100852,1
-2.277711,-1.072574,1
0.012249,-2.064682,1
0.370088,-1.812095,1
-2.560420,-1.064583,1
-0.980984,-0.077867,1
-0.712364,-1.402627,1
-1.391614,-2.489412,1
-2.836032,-2.920764,1
0.033539,-0.932463,1
-0.446723,1.540132,1
1.173383,-2.080892,1
-1.288763,-1.005301,1
-1.055538,-0.854737,1
-1.664712,0.518949,1
-1.535737,0.934261,1
0.267116,-1.351542,1
-1.766082,-1.831012,1
0.787655,0.878560,1
-1.514053,-1.255877,1
-2.365177,-0.653106,1
-1.811927,-1.463728,1
-0.846802,-0.450914,1
0.747591,-2.863392,1
-1.095770,-0.156967,1
-1.422046,-1.524152,1
-0.525816,-2.418303,1
-1.442992,-1.872231,1
-0.633742,-2.167489,1
-0.594510,-1.272380,1
-1.482880,-1.223258,1
-0.459052,1.285052,1
-2.038347,-0.988544,1
0.708219,-2.876819,1
0.493377,-2.346238,1
0.027088,-1.194167,1
0.693086,-2.067760,1
0.113847,-2.502186,1
-0.613453,0.082267,1
-0.343417,-0.507859,1
-2.692092,0.094504,1
-1.587664,-0.901515,1
-1.703585,-0.355186,1
-1.043474,-1.885369,1
-1.341891,-1.692859,1
-0.957845,-0.591372,1
0.508303,-0.636380,1
0.176353,-3.353144,1
-1.207675,-0.721546,1
1.163250,-0.247272,1
-0.049192,-2.966677,1
-1.133775,-2.772424,1
-0.671140,-1.318936,1
-3.001761,-0.726074,1
-0.116622,-0.186501,1
-0.443199,-0.424923,1
-0.654009,-0.672432,1
-0.352743,-1.616586,1
-0.096357,0.499954,1
-1.409431,-0.861191,1
-1.802661,-1.352665,1
-0.391678,-1.209744,1
-1.408782,-1.227108,1
-1.524723,-0.427438,1
-1.173863,0.322954,1
-0.824059,0.014916,1
-0.476392,-2.896168,1
-1.059655,-2.320235,1
-1.406241,-2.254512,1
-1.169926,-1.659457,1
-1.873263,-0.756012,1
-2.786122,-1.350547,1
-0.704483,0.544140,1
-2.777480,-1.573301,1
-2.239449,-0.428998,1
-1.613985,-0.490267,1
-1.742118,-2.145757,1
-2.028604,0.448533,1
-2.802483,-0.291753,1
-0.579938,-0.639554,1
0.149570,-1.347572,1
-2.957833,-2.122277,1
-1.020531,-0.110466,1
-1.498383,-0.362480,1
-0.068221,-1.086861,1
-0.599463,-1.339650,1
-1.290896,-0.093871,1
-1.766968,-0.026089,1
-1.735245,-1.693572,1
-1.919892,-1.750901,1
-1.245692,0.766673,1
0.219037,-2.153324,1
-0.783350,0.161687,1
-1.106631,-1.287633,1
-0.569078,1.756269,1
0.722463,-1.213143,1
0.038397,-1.626728,1
-1.204500,-0.370585,1
-1.803760,-0.111638,1
-1.030683,-0.138734,1
0.066000,-2.036931,1
0.664081,-2.393743,1
-0.602172,-1.870258,1
0.610971,-2.019344,1
-0.551829,0.492013,1
-1.518898,-0.587579,1
-0.870860,2.263474,1
-0.342906,-2.772781,1
-0.775581,-0.573308,1
1.083150,0.045888,1
-1.947009,-0.708292,1
-2.634236,-2.475391,1
-3.250679,0.222269,1
-1.562001,-1.613993,1
-1.665337,-0.554399,1
-1.809017,-0.815622,1
0.495268,-1.986124,1
-1.573561,-1.862074,1
-0.386819,0.434229,1
0.566623,-0.428716,1
-2.304370,-0.300337,1
-0.062053,0.698409,1
-0.198176,-1.084450,1
-0.593991,-1.454035,1
-2.670473,-0.627721,1
0.123411,-2.530807,1
-0.771799,-3.083877,1
-2.317666,-1.396077,1
0.177827,-2.022100,1
-0.509203,-0.428170,1
-2.274263,-1.312182,1
-1.849821,-1.949973,1
1.422448,-1.472006,1
-0.958707,-2.075431,1
0.064963,-2.273680,1
-1.852194,0.094427,1
-2.246883,-2.086868,1
-1.318381,-1.184415,1
-0.495150,-0.991669,1
-2.091486,-1.735130,1
-1.262047,-1.679346,1
-1.704041,1.132225,1
-1.571722,-0.943776,1
-1.879243,-0.594680,1
0.303065,-0.110781,1
-0.335356,-1.883557,1
-0.947193,0.560867,1
-0.166825,-0.074059,1
-3.366961,-0.558093,1
-1.401605,1.094391,1
-1.609962,-0.160853,1
-0.818239,-2.270557,1
-0.056524,-1.906932,1
-1.960227,-0.850081,1
-1.506195,-3.625540,1
-0.148160,-0.873432,1
-1.742948,-1.450957,1
-0.231699,-1.140838,1
1.672381,-0.083896,1
-1.387480,-0.617485,1
-0.221378,1.933816,1
-3.057819,0.343530,1
-0.085667,-0.821784,1
-0.783585,-1.797683,1
-2.809031,-3.101228,1
-0.903089,-1.640546,1
-0.042069,-1.496061,1
-2.469853,0.752563,1
-0.887187,-1.842233,1
-1.474601,-1.373529,1
-0.268868,-2.647382,1
0.279922,-0.781966,1
-2.220628,1.497172,1
-3.192158,-1.619819,1
-1.371474,-1.604344,1
-1.516306,-1.262052,1
-0.762578,-0.926983,1
-1.673777,-1.580175,1
-1.323039,-2.341461,1
0.385648,-2.425878,1
-2.994632,-1.457505,1
-0.666585,-2.031618,1
-0.580085,-2.204159,1
1.390687,-0.160837,1
0.342769,-2.360922,1
-2.331752,0.285889,1
0.383065,-1.263795,1
-1.272920,-0.842111,1
-1.020024,-0.830194,1
1.142679,-2.009383,1
-0.867435,-0.511812,1
0.458365,-1.816574,1
-0.972537,-0.883484,1
-0.150678,-0.975653,1
-1.012317,-1.273941,1
-0.967611,-2.006440,1
-1.707126,-1.999039,1
-1.174690,-1.223995,1
-0.753043,-1.608739,1
-0.327677,1.392618,1
0.284453,-1.176982,1
-2.772990,-0.448003,1
-1.847571,-1.756824,1
-0.240402,1.842859,1
-2.023655,-0.180737,1
-2.745428,-0.937663,1
0.323867,1.105096,1
-1.437587,-1.273126,1
1.993933,-0.141236,1
-0.171326,-0.421021,1
-0.272485,-1.079444,1
-1.035113,-1.142177,1
-2.649902,-0.773331,1
-1.476640,-1.631689,1
0.697794,0.283746,1
-4.016921,0.910669,1
-0.128028,0.056458,1
-0.163456,-1.928562,1
0.465200,1.987091,1
-0.183987,-1.186434,1
-0.980890,-1.596549,1
-1.898703,-1.381608,1
-1.014660,-1.461687,1
-3.234781,-1.113950,1
-0.789353,-1.349349,1
-0.726917,1.535404,1
0.575900,0.256880,1
-1.092496,-1.545792,1
0.093266,-1.655816,1
-1.781631,-2.053650,1
-1.891868,1.097394,1
-2.177163,-0.753435,1
0.392690,-1.483937,1
-0.643385,-0.653699,1
-0.460268,-1.652450,1
-0.705985,-3.165550,1
-1.611833,-0.344256,1
-0.950159,-2.146227,1
-2.337681,-0.195074,1
-2.108921,-0.888023,1
-0.546943,-1.027590,1
-0.953342,0.123528,1
0.418114,-1.233656,1
-3.454463,-1.531847,1
0.408496,1.887340,1
-1.244707,-0.176256,1
-2.488142,-0.433133,1
-0.278193,-1.560515,1
0.065565,-1.344344,1
0.322485,-1.476071,1
-2.004778,-0.049700,1
0.619717,0.242075,1
-0.429045,0.194591,1
-1.600964,-0.925947,1
0.491798,-1.642037,1
-2.153533,-1.643478,1
-1.613452,-2.295924,1
0.034692,0.443361,1
0.237189,-0.111584,1
-1.278866,-2.470249,1
-0.169800,-1.053298,1
-1.050207,-1.434336,1
-1.110783,-1.510584,1
-1.327830,-2.020564,1
-1.323103,0.348623,1
-2.956568,-3.145046,1
-0.924027,-0.269770,1
-1.098256,-0.554707,1
-1.341820,-1.130144,1
-1.500282,-1.238130,1
-1.539052,-0.715494,1
0.065261,-0.740311,1
-2.135971,-0.797549,1
-0.418183,0.272068,1
-3.722611,-1.278913,1
0.108357,-1.797993,1
-1.727268,-1.511417,1
-0.776353,-1.950144,1
-2.626304,-0.656564,1
-3.471205,0.959867,1
-2.105988,-0.748137,1
0.670027,-1.839461,1
-1.162533,-0.106169,1
-0.478864,-0.896754,1
0.264699,-1.601207,1
0.120349,-1.955988,1
-0.801290,-0.170968,1
-0.445823,-3.174935,1
-1.525204,-1.789273,1
-0.731618,-1.817324,1
-0.323089,-3.007613,1
1.399905,-0.898366,1
-0.960829,-0.207843,1
-1.129911,-3.505943,1
-3.259732,-0.916872,1
-0.728668,-0.456748,1
-1.076511,-1.275581,1
0.758739,-0.216563,1
-1.131942,0.829352,1
0.523178,-1.017805,1
-0.351362,-0.903744,1
-0.636201,-0.450650,1
0.345145,-1.427680,1
-1.465808,-1.035595,1
-0.230846,-0.668947,1
-2.006711,-0.240366,1
-0.561963,-1.219215,1
-2.088705,-0.560725,1
0.052870,-1.564770,1
-1.656716,-2.298593,1
-0.217465,-2.383308,1
-0.733078,-2.719355,1
1.327013,-2.710006,1
0.086849,-0.812757,1
-1.384344,-1.606977,1
-0.977147,-2.117874,1
-1.251260,-1.893360,1
-0.995854,-0.759976,1
-1.815675,-1.540439,1
-2.745300,-1.332098,1
-2.393466,-2.684640,1
-2.396229,-0.776510,1
-1.450695,-2.560883,1
-1.087622,-0.560427,1
1.782331,-2.013166,1
-2.224067,-1.147158,1
-1.307092,-1.479251,1
-1.669496,-1.262935,1
0.147602,-0.166587,1
-1.125442,-1.940753,1
-2.799720,-2.157533,1
-3.377593,-1.324972,1
-1.836370,-2.410553,1
0.121300,-2.093127,1
-0.619443,1.036150,1
-0.499432,-2.302403,1
0.127821,-0.469669,1
-2.099852,-1.009642,1
-0.771015,0.307016,1
-0.650040,-1.180346,1
-1.570458,-0.136435,1
-0.998961,-0.860690,1
-0.026733,-0.694237,1
0.125300,0.196894,1
-0.489007,-0.576852,1
0.678041,-1.471244,1
0.244190,0.329883,1
-1.562600,-1.306926,1
1.049876,-1.242783,1
-0.960511,0.337014,1
-1.921979,-1.168321,1
-0.493278,-1.830542,1
-1.801388,-0.178689,1
-1.107510,-0.468099,1
-2.070844,-1.953055,1
-0.456571,-0.490748,1
0.903714,-0.722946,1
-2.405310,-1.903268,1
-0.537072,-0.603444,1
-1.271945,0.797074,1
-1.372672,-1.647508,1
-0.551386,-0.115685,1
-1.006066,0.462098,1
-1.759631,-1.600962,1
0.085176,-0.013895,1
-0.126067,-2.069385,1
-0.222181,-1.393456,1
-3.813389,-2.098277,1
-1.567612,-0.458580,1
-1.318582,-1.517828,1
-1.388637,-1.940123,1
0.108687,0.271554,1
-0.944865,-1.400385,1
-0.843165,-1.820727,1
0.044485,-1.662610,1
-0.049721,-1.649476,1
-1.975420,0.499964,1
0.192842,-1.920443,1
-1.347373,-0.229962,1
-2.533710,-0.711238,1
0.397960,-1.185105,1
-1.268056,-1.885339,1
-1.846012,-0.837272,1
-2.959282,-2.319666,1
0.347409,-0.188248,1
-1.509894,-0.125677,1
-1.886510,-1.782176,1
-0.628767,-0.690211,1
0.638114,0.516616,1
-2.709789,0.704690,1
-0.331632,-1.441742,1
-1.955153,-0.492222,1
-1.492998,-1.859820,1
-0.472625,-0.720525,1
-1.408647,-2.635785,1
-1.277649,-0.984569,1
-0.006973,-0.422435,1
-1.614157,-0.655499,1
0.098580,0.006287,1
0.043889,-2.156995,1
-1.536363,-1.242359,1
-0.070757,0.284215,1
-0.208699,-0.310689,1
-0.359792,-1.927301,1
-1.314015,-1.604209,1
0.423295,0.411083,1
-1.603548,-1.400272,1
-1.971292,-0.524482,1
0.182714,-1.207732,1
-0.908671,-0.780931,1
-0.838867,-1.746977,1
-1.152598,0.173718,1
-2.190085,-0.117406,1
-0.863369,1.433051,1
-1.338601,-2.979797,1
0.044456,-0.460641,1
-0.771558,-1.104143,1
-1.826754,-2.001924,1
0.267164,-0.853770,1
-0.631718,-0.258972,1
-0.274871,-1.184809,1
1.242120,-0.577820,1
-1.044447,-0.957138,1
-1.661595,-1.173975,1
-2.171535,-0.872149,1
-2.133199,-0.694875,1
-0.456159,-1.606604,1
-2.662094,-0.363676,1
-1.683569,0.745085,1
-1.231143,-2.935444,1
-0.744645,-1.857303,1
-0.656297,-0.340250,1
-2.309662,-1.883366,1
-1.471556,-1.053631,1
-0.932338,-2.317093,1
1.816192,-0.679700,1
-1.386763,-2.226434,1
1.314999,-1.820050,1
-0.003202,-1.832494,1
0.288973,-2.729569,1
-2.151009,-0.547048,1
-2.688194,-0.252333,1
-0.940940,-1.839865,1
-0.553231,-1.386595,1
-1.495726,-0.112119,1
-0.717792,-0.790716,1
-0.789860,-1.094672,1
-2.276142,-1.119215,1
-0.980066,-1.209937,1
-0.009663,0.852192,1
0.264688,-2.104746,1
-0.790596,-0.789295,1
-0.847364,-1.277748,1
1.988875,-0.991522,1
-1.121432,-0.312519,1
-1.542708,-2.009647,1
-1.918998,-0.983240,1
-0.844967,0.513404,1
-2.384154,-1.218753,1
0.128387,-0.398074,1
-0.266560,-0.608352,1
-2.638996,-0.724068,1
-1.462668,-0.933533,1
-2.567216,-2.058307,1
-2.551550,-0.048748,1
-2.683683,-1.390901,1
-1.272706,-0.446982,1
0.750626,-1.184154,1
-0.289333,-3.617904,1
0.545304,-1.257100,1
-0.378841,-2.421337,1
-1.944572,-0.063992,1
-0.414143,0.303772,1
1.162767,0.132030,1
-1.130815,-0.068557,1
-0.588839,-1.408283,1
-1.275846,-1.154199,1
-3.156757,-1.321486,1
-1.608765,-0.808767,1
0.291114,-0.054290,1
-2.245895,1.281230,1
0.187529,-0.721127,1
-1.867421,-1.016548,1
-0.885607,-1.175800,1
-1.000209,-2.361682,1
-0.974033,-1.652928,1
-1.811692,-0.009316,1
-1.618705,-0.557824,1
-0.241820,-0.318455,1
-2.246244,0.222014,1
-3.371041,-0.345893,1
-1.160580,-0.863633,1
-1.415641,-1.075459,1
-3.969842,-2.791337,1
-1.591564,-0.870120,1
-0.374803,-0.660012,1
-0.806480,-1.100460,1
-0.960063,-1.194730,1
1.129117,-2.795073,1
-0.594300,-0.437344,1
-0.133337,-1.272476,1
-0.788647,-1.870763,1
-0.241338,-0.448187,1
1.261207,1.458811,1
-1.288401,0.036191,1
-0.931517,-3.208939,1
-2.127944,-1.367873,1
-0.288541,1.161901,1
-3.060074,-1.139133,1
-0.629983,-1.201705,1
-0.614376,-0.773693,1
-1.331218,0.124559,1
-0.146376,-2.591498,1
-0.414832,-2.066858,1
-0.666113,-2.746839,1
-1.372966,-1.769639,1
-0.649608,-0.433193,1
-1.457243,-1.069519,1
-0.068917,-0.625741,1
-2.230471,-2.586910,1
-1.409588,-0.525092,1
-2.729880,0.535760,1
-0.957333,-0.308794,1
-2.011192,-0.602881,1
-1.961291,-0.776424,1
-0.432199,-0.686277,1
-2.028271,-1.391619,1
0.035975,-0.920790,1
-1.050387,-1.095990,1
-0.556365,-0.976496,1
-2.166023,-1.294353,1
-3.480158,-0.781987,1
-1.514004,-2.490322,1
1.011977,-2.159119,1
-2.270630,-1.600518,1
-0.801265,-1.661691,1
-0.395692,-1.519903,1
-0.841384,-1.018474,1
-1.451640,0.348599,1
-1.716524,0.105783,1
-1.404079,-1.489402,1
-2.843613,-1.272192,1
-0.390457,-2.574404,1
-1.252708,0.333958,1
-1.097901,-2.786442,1
-1.897859,-2.857168,1
0.220703,0.557399,1
-1.000320,-0.616790,1
-2.389247,0.217921,1
-1.070999,-0.435258,1
-1.186145,-1.784822,1
-0.723509,-2.053786,1
0.238718,-1.342288,1
-0.415602,-3.009362,1
-3.391484,-1.092597,1
0.745193,-2.137074,1
-1.020967,-0.802114,1
-1.515323,-2.283308,1
-1.668234,-1.900565,1
-0.711195,-1.129686,1
-0.514692,-1.000025,1
-2.017448,-1.019594,1
-1.726589,-1.259276,1
-1.045834,-2.539134,1
0.306432,-0.143542,1
1.052774,-2.133100,1
-1.832414,1.083335,1
-0.432805,-0.266464,1
0.288521,-1.149190,1
-0.620213,-0.671552,1
-1.794503,-0.983737,1
-1.466949,-2.108946,1
-0.722785,-2.475203,1
-1.802602,-1.920220,1
-1.572632,0.162368,1
-1.180068,-2.328343,1
0.366043,-1.146864,1
0.123965,0.008011,1
-0.659468,-0.214430,1
1.265326,0.493907,1
-0.665217,-2.242770,1
-2.942819,-0.533135,1
0.388476,-1.965562,1
-0.427353,-3.035980,1
-2.368396,-3.294677,1
1.720284,-0.861881,1
-2.441646,-0.998615,1
-0.090491,-1.937300,1
-1.779135,0.176225,1
-1.301774,-0.322481,1
0.495817,-1.866903,1
-2.007478,-0.610102,1
-2.067859,-1.541780,1
-0.908817,-0.369350,1
-0.472786,-0.421691,1
0.523032,-1.072216,1
-0.641050,-1.160995,1
-1.144975,-1.754921,1
-2.186174,0.494370,1
-2.583558,0.171482,1
-3.528373,-0.792990,1
0.100605,-1.691473,1
-0.179707,-1.666266,1
-0.886595,-0.961217,1
-0.154710,-0.774499,1
-2.054458,-1.160083,1
-0.448349,-1.006888,1
-0.480883,-0.429401,1
-1.727866,-1.549674,1
-0.266456,-2.250755,1
-0.085285,-2.487788,1
-1.693597,-1.841458,1
0.342545,-2.994384,1
-2.042776,-0.001017,1
-0.913612,-3.191986,1
-0.747180,-1.667500,1
-0.896440,-0.287212,1
-0.027735,-2.446701,1
-0.888328,-3.534431,1
-2.102356,-2.352699,1
-2.866380,-2.996073,1
-2.231140,-1.629602,1
-0.920325,-0.166668,1
0.582981,-3.397371,1
0.450814,-0.873298,1
-0.209857,-0.089544,1
-0.687216,-2.000339,1
0.467824,0.038320,1
0.211121,-0.114189,1
-0.146192,-3.172152,1
-0.286648,-0.179208,1
-0.475276,-0.467292,1
0.569008,-0.646795,1
0.709252,-1.939294,1
-0.940818,-2.490937,1
-1.513029,-2.097995,1
-0.706626,-1.488173,1
-2.423822,-0.823917,1
-2.569918,-2.245236,1
-1.161415,-1.426173,1
-1.096595,-0.379979,1
-1.572117,-1.945173,1
0.006834,-1.218132,1
-0.890119,-0.457239,1
-1.301438,-1.133133,1
-0.801717,1.058807,1
-2.314020,-0.339809,1
-1.015234,-2.719316,1
-1.980630,0.821116,1
-0.076750,-1.895129,1
-1.217047,-0.922149,1
-2.012046,-0.904953,1
0.563714,-1.461901,1
-1.375922,-0.921634,1
-1.233050,-2.169475,1
-0.157369,-0.804143,1
-1.411240,-2.069041,1
-2.543448,-2.194466,1
-1.925285,-1.808172,1
-1.007882,-2.147425,1
1.230073,-1.075670,1
-0.221121,-2.553272,1
-1.813886,-0.404896,1
-0.757123,-2.297089,1
-0.053735,-1.168376,1
-1.825255,0.391108,1
-0.264766,-1.550279,1
-1.383644,-0.767014,1
-1.420473,-1.080799,1
-0.554884,-0.222111,1
-1.795331,0.235283,1
-2.379395,-3.479399,1
-0.130782,-1.190599,1
-0.166050,-0.573659,1
0.360361,-1.434634,1
-1.692689,-2.512747,1
0.217116,-2.237109,1
-1.682044,-0.932020,1
-0.101368,-2.146647,1
-1.008763,-1.048504,1
-2.389795,-3.492926,1
-1.851669,-2.068297,1
-0.985767,-0.768141,1
0.194365,-0.811539,1
-0.817972,1.395037,1
-1.686557,-0.764977,1
-3.411903,-1.451743,1
-0.497650,-0.941069,1
-2.286820,-2.618417,1
-1.361833,-2.251870,1
-0.073994,-1.469671,1
0.418184,-2.210729,1
-1.534228,-1.366285,1
-1.693291,0.252322,1
-0.582931,0.498563,1
-1.466704,-1.534828,1
-1.172402,-2.846553,1
0.436820,-1.620008,1
0.606053,0.144030,1
0.047163,-1.303070,1
1.000708,-2.137059,1
-1.086227,-2.245663,1
0.085341,-0.990767,1
-1.642365,-0.389215,1
-1.080490,-3.270164,1
0.594198,-0.216362,1
-2.410687,-0.345757,1
-2.154384,-1.141701,1
-3.403351,2.769794,1
-0.535913,-2.041512,1
-1.173166,-2.015415,1
0.640333,-1.882446,1
0.228750,-0.795635,1
-0.348878,-1.444159,1
-2.743557,-0.513480,1
-1.949059,-2.217415,1
0.719985,-1.527687,1
-0.490969,0.676610,1
-1.934739,-0.797880,1
-2.371622,-1.990314,1
1.051840,-0.924687,1
-1.764784,-1.795200,1
-0.935430,-2.076864,1
-0.130368,-4.028091,1
-0.605350,-1.121537,1
-2.179551,-0.000042,1
-1.103978,-0.386384,1
-0.562244,-2.361078,1
0.077665,-0.610279,1
-1.876845,-0.180047,1
-2.510949,-0.713360,1
0.137439,-1.820047,1
-0.859980,-0.800511,1
-2.283506,-0.892827,1
-0.384754,-1.516082,1
-1.321455,-0.358644,1
-0.191935,-0.839363,1
-0.192095,-1.583027,1
1.364324,-0.673040,1
-2.376414,-1.208539,1
0.155439,-2.628043,1
0.597572,-1.215478,1
-1.296936,0.080770,1
-0.613383,0.700818,1
-0.816465,-1.711618,1
-1.805858,-0.577746,1
-2.065002,-0.419438,1
-0.705319,-0.770591,1
-1.384946,-1.130651,1
-1.237185,0.316029,1
-1.283447,-0.691462,1
-1.989314,-0.834085,1
-1.377262,-0.337926,1
-0.448645,-1.249006,1
-3.773845,-0.642793,1
-0.685708,-0.102203,1
-0.762080,-2.391151,1
-2.293350,-2.180585,1
-0.321654,-2.925600,1
-1.266664,-1.655496,1
-1.398134,-3.243661,1
-2.802632,0.400596,1
0.089837,-1.214588,1
0.467104,-1.258879,1
-1.270578,0.899322,1
-4.712519,-1.733179,1
-0.835465,-0.886215,1
-1.163773,0.674650,1
-1.205657,-2.514850,1
-0.616964,-3.175870,1
-2.197439,-2.287821,1
-0.005326,-1.115487,1
0.753929,-1.511846,1
0.016391,-1.978080,1
-0.862008,-0.672688,1
-0.079937,-1.149843,1
-3.891519,-0.291767,1
-1.205038,-2.149598,1
1.161246,-0.517450,1
-1.779243,-2.202608,1
-2.496967,-1.267940,1
-0.793751,-0.009207,1
-1.169312,0.337079,1
-1.912845,-0.441532,1
-0.821170,-2.542187,1
-1.286398,-2.282335,1
-1.281069,-1.379036,1
-1.050790,-1.715279,1
-1.802372,-0.067295,1
-0.548244,-3.902448,1
-2.204307,-0.833195,1
0.313182,-0.412648,1
-0.930981,0.355565,1
-0.557396,-0.390522,1
-0.251723,-1.043371,1
-0.881430,-2.333961,1
-2.404895,-1.428915,1
-0.105627,0.842015,1
0.149070,-0.709849,1
-0.224813,1.322808,1
-1.548506,-1.647217,1
-0.511848,-2.562418,1
-0.742469,1.502854,1
-2.782315,-1.038692,1
-1.921874,-1.598787,1
-2.806151,-0.896528,1
-1.520622,-0.388692,1
0.439290,-2.489124,1
-1.033228,-2.165424,1
-1.571092,0.260532,1
-3.176170,-0.026200,1
-2.352203,-0.116180,1
-0.178442,-0.219980,1
-2.251913,-0.650058,1
-1.870633,-1.421034,1
-2.441485,-1.542951,1
-0.487243,-1.564021,1
-0.395273,-1.136520,1
-0.293636,-0.858844,1
-1.297179,-1.117139,1
-0.220821,-4.018690,1
-1.456856,-0.237710,1
-1.550237,-1.954456,1
-1.704450,0.520819,1
-1.413340,-0.568065,1
-1.083364,-1.414147,1
-2.481254,-2.163282,1
-0.770117,-0.573806,1
-1.538135,1.850374,1
-0.772431,-0.888173,1
-0.989065,-1.775781,1
-0.649701,-0.812807,1
0.090066,-1.331214,1
-0.984085,-3.298530,1
-0.634602,-0.584562,1
-1.571081,-1.693437,1
-1.038488,-0.917926,1
0.712662,-0.621861,1
-1.365311,-2.892304,1
-2.629809,-1.957310,1
-0.289875,-1.703144,1
-1.775536,-0.532497,1
-1.736396,-1.242778,1
-2.977705,-1.318004,1
-0.119195,1.097651,1
-1.793575,0.317044,1
0.368523,-2.802427,1
-0.605086,0.786967,1
1.523178,1.553286,1
-0.793746,-0.565228,1
-1.096478,-0.930878,1
-0.095333,-2.061689,1
-0.282570,-1.387813,1
-0.653646,-1.856829,1
-0.454090,-0.801917,1
-1.528315,-0.006056,1
-1.915428,-1.329969,1
-0.897855,-0.318381,1
-2.626975,-1.525226,1
-1.284134,-1.832833,1
-0.309518,-0.652789,1
-0.586434,1.985391,1
0.018771,-1.243167,1
0.427264,0.009438,1
-1.007000,-1.513483,1
-1.626930,-2.494574,1
0.324375,-2.035542,1
-1.870303,0.324685,1
-1.335617,-1.195984,1
-0.613978,-0.994539,1
-1.423432,-0.996623,1
-0.433628,0.012335,1
-0.278312,0.572367,1
-1.201479,-0.908908,1
0.690062,-0.793581,1
-1.883050,0.064587,1
-0.582160,-1.172638,1
-1.380246,-1.939625,1
0.139109,-1.141867,1
-0.684370,-1.377682,1
-2.349249,1.224441,1
-1.540137,-0.544436,1
0.269623,-2.001861,1
-0.893051,-1.224657,1
-0.652892,1.591816,1
-0.449378,-0.687203,1
-0.781664,-1.179632,1
-2.125596,-1.961265,1
-2.663906,-1.127858,1
-0.683561,-0.522552,1
-2.302788,-2.047257,1
-1.555102,0.721537,1
-1.450237,-0.987543,1
-0.281756,-2.220757,1
-1.929011,-1.022397,1
0.148326,-1.794296,1
-2.295010,1.502234,1
-0.135754,-2.518427,1
-2.632565,-0.564259,1
-0.728511,-0.426370,1
-2.607310,-0.148335,1
-0.772108,-2.413593,1
0.374123,-0.696186,1
-1.151548,-1.280261,1
-0.464219,-2.590916,1
0.077125,-2.205979,1
-1.375867,-0.728707,1
-1.286646,-3.290006,1
-1.299613,-0.393198,1
-1.909150,-2.780699,1
-0.307575,-0.560671,1
1.530392,-0.659895,1
-2.206266,0.181785,1
-0.377305,-2.300185,1
-2.406151,-1.493334,1
-0.558031,-1.355864,1
-1.151258,-0.078033,1
0.008587,-2.243452,1
0.178582,0.861135,1
-0.967728,-2.638504,1
-0.023406,-3.086464,1
-3.063152,0.859277,1
-1.569964,-1.766370,1
0.134549,0.116411,1
-2.070351,-0.981849,1
-1.014220,-0.606995,1
-1.837813,-3.112722,1
-1.264308,-0.910404,1
-0.431365,0.361043,1
-1.145097,-0.377944,1
-2.300502,-0.630863,1
-2.090746,1.171702,1
-0.823844,-3.020810,1
0.613125,0.051280,1
-1.233539,-1.723398,1
-1.342854,-0.519997,1
-0.519561,-2.328843,1
-3.347265,-1.080376,1
-1.014273,-1.850056,1
0.593155,-2.308173,1
-0.226130,-1.994048,1
-2.492157,0.108629,1
-1.667299,-2.993140,1
-1.486561,-0.730154,1
-1.755981,0.629576,1
0.136858,-1.047759,1
-0.743247,-1.638454,1
-0.813083,0.642546,1
-2.410949,-3.307857,1
-2.255389,0.017815,1
-1.186175,-1.765770,1
-1.332202,-0.791489,1
0.554109,-0.567965,1
-0.364697,-2.215672,1
-2.190763,0.481221,1
-1.700971,-2.273814,1
-0.503310,-0.730013,1
-0.860793,-0.035878,1
-1.531572,-1.043159,1
-0.543756,-3.334929,1
-2.144572,0.948709,1
-1.184501,-1.339723,1
-1.194688,0.155410,1
-1.415952,-1.357784,1
0.023502,-2.033576,1
-0.959308,-0.746849,1
-2.493229,-0.805810,1
-1.616301,-1.180610,1
-0.816685,-1.850022,1
-0.924481,-1.388677,1
-1.138156,-2.271252,1
-1.060574,-1.156781,1
0.696836,-1.078958,1
-1.259911,-1.137019,1
-0.529507,0.500103,1
-2.423249,-0.741003,1
-0.622681,1.005110,1
-1.560977,0.323620,1
-2.121095,-0.302307,1
-1.646201,-1.296801,1
-1.053280,-1.045237,1
0.299108,-1.122585,1
-1.147563,-1.340307,1
0.441048,-0.561408,1
-1.555536,-1.043555,1
-1.509006,-0.770031,1
-0.447275,-3.326264,1
-1.780432,-1.418534,1
-0.179379,0.694425,1
-0.520988,-1.081037,1
-0.180668,-0.432575,1
-1.511724,-1.792723,1
-1.721214,-0.607925,1
0.581417,-3.302292,1
-0.573867,-2.180700,1
-0.115412,-1.763286,1
-0.454398,-0.214996,1
-2.431257,-0.761239,1
-2.457015,-0.957881,1
-1.117182,0.312816,1
0.551488,-2.443864,1
-1.410704,-0.532104,1
1.238231,-0.751290,1
-0.910871,0.440862,1
-1.464416,0.055849,1
-1.922359,-0.927576,1
-1.884567,0.632708,1
-1.550091,-1.148442,1
-1.683429,-2.774204,1
-1.765020,0.399841,1
-2.418523,-0.803470,1
-1.308139,-0.738483,1
-1.127634,-1.545339,1
-0.512735,-2.254464,1
0.521998,0.790143,1
-2.300986,-1.660277,1
-1.721124,-0.371553,1
0.643399,-0.195833,1
-0.432851,-0.652721,1
-1.852392,-0.297690,1
-0.649222,-1.313986,1
-1.052908,-1.111489,1
-1.083721,-1.438504,1
0.495329,-0.716908,1
-1.415004,-1.154509,1
-0.462544,-2.406410,1
-1.395781,-0.877574,1
0.507421,0.945187,1
-3.021142,-2.525600,1
-1.267924,-1.640142,1
-0.854485,-0.711639,1
-0.777473,-0.956279,1
-1.672916,-0.497570,1
-1.031748,-2.238132,1
-1.039370,-1.211640,1
-1.836650,0.493448,1
-1.893806,-1.396350,1
-0.251712,-1.081000,1
0.793929,0.031323,1
-0.509561,-1.051280,1
-1.887906,0.806835,1
-0.342517,-1.786879,1
0.367466,-2.597250,1
-2.386318,-0.596938,1
0.845222,-1.847814,1
-0.420342,-3.437643,1
-0.340296,-0.721716,1
-1.238272,-0.634944,1
0.019535,-0.836339,1
-1.057330,0.981631,1
-2.925322,-0.266364,1
-1.021773,0.358256,1
-2.401157,-1.502747,1
-0.526531,-1.426732,1
-2.560253,-1.996108,1
-0.389728,-1.045876,1
-0.267802,-0.488079,1
1.260645,-0.801360,1
-1.838192,-0.029469,1
-2.796635,-2.540473,1
-1.374745,-1.622843,1
-2.463979,-2.826500,1
-2.654997,-1.349461,1
-1.717120,-1.237083,1
0.601849,1.282731,1
-1.884307,-1.483843,1
-1.296614,-1.243881,1
-1.672492,0.197061,1
-1.655798,-3.586794,1
0.221551,-2.509956,1
-3.030991,-1.497573,1
-2.578820,-2.581219,1
-0.200563,-0.390949,1
-1.932092,-0.938584,1
0.693975,1.231785,1
-2.341588,-0.072014,1
-1.769878,-0.736183,1
0.710823,-0.015585,1
-0.676654,-0.342409,1
0.177978,-0.770836,1
-1.494874,0.476976,1
-2.558053,-0.858660,1
-1.440205,-1.876326,1
-0.338307,-1.457773,1
-1.188669,-0.038821,1
-2.489855,-1.017889,1
-1.474026,-1.684935,1
-1.605943,-1.764018,1
-1.350435,-2.196646,1
0.206176,-2.107254,1
-0.876842,-1.111696,1
-0.522224,-3.006933,1
-0.099424,-0.967719,1
-3.228605,-0.821536,1
0.682811,-0.224838,1
0.027009,-0.317770,1
-1.804033,0.154679,1
-0.582861,-0.515037,1
0.099675,-0.991327,1
-2.021461,-1.415098,1
-2.339146,-1.612630,1
-1.609461,0.706658,1
-1.845142,-1.484832,1
-0.963552,-0.997749,1
-0.928677,-1.121203,1
-0.715727,-1.697581,1
-1.016195,-1.161204,1
-2.002508,0.283362,1
0.735662,-0.323370,1
0.622871,-0.477381,1
-0.101153,-0.912975,1
-2.967211,-0.538852,1
-1.410859,-1.886424,1
-2.336979,-1.065168,1
0.197251,-1.485524,1
-2.349416,-2.509911,1
-1.140327,-0.591151,1
-0.978065,1.042083,1
-3.555736,-1.631194,1
-0.598037,-1.013695,1
0.961478,-1.309291,1
-2.732331,-0.670281,1
1.151649,-0.751880,1
-0.633834,-1.429667,1
-1.180400,-3.498430,1
-0.749779,-1.021769,1
-1.745253,-1.660042,1
-1.368354,0.639365,1
-0.646188,-1.004044,1
0.190257,-2.542331,1
-1.954220,-0.201234,1
-1.176609,-1.073156,1
-0.491647,-1.630052,1
0.401679,-0.146292,1
-1.967709,-0.800856,1
-0.096037,-1.586376,1
-2.475679,-0.640185,1
-2.133483,-2.002031,1
-1.374623,-1.577277,1
-0.734838,-2.472318,1
0.050688,-0.628827,1
-1.094009,-0.573287,1
-0.927490,-2.281475,1
-1.279625,-0.822706,1
0.336787,1.718741,1
-1.612069,-1.241720,1
-1.821019,-0.591951,1
-1.684694,-2.293591,1
-0.679596,0.481106,1
-1.294487,-3.772094,1
-0.133136,-0.902025,1
-2.865113,-1.419837,1
-0.373789,0.122437,1
0.138759,-0.028067,1
-0.990327,-1.848730,1
-2.941794,-1.110792,1
0.019881,-0.146774,1
-1.587805,0.142920,1
-1.751465,-0.300776,1
-3.551316,-3.045671,1
-0.502370,-2.265469,1
-3.433598,-2.192609,1
-0.033474,-1.414783,1
-2.247860,-1.557828,1
-2.033971,-1.147019,1
-0.267619,-1.740057,1
-2.015633,-1.357535,1
1.106251,-0.307856,1
-0.705741,-1.297471,1
-1.923151,-1.889394,1
0.343251,-2.114878,1
0.771153,-0.808448,1
-2.359788,-2.601300,1
-0.701512,0.039036,1
-1.244745,-0.187969,1
1.433223,-1.048612,1
-2.238191,-1.773760,1
-0.867757,-2.489925,1
-2.369076,-1.973571,1
0.382955,-1.358296,1
-1.595233,-0.349773,1
0.884024,-1.117231,1
-0.789877,0.193935,1
-0.411888,-1.660928,1
-2.612217,-0.825000,1
-0.441268,-2.278703,1
-1.560387,-1.146957,1
1.313194,-2.539888,1
-0.755792,0.669794,1
-0.399186,-0.344761,1
-1.212912,-0.384058,1
-2.335831,-0.177523,1
-1.622552,-1.429618,1
-1.582435,-0.127903,1
-1.975889,0.434705,1
-0.391782,-0.999609,1
-1.272645,-1.253461,1
-3.053363,0.167399,1
-0.662497,-2.004020,1
-0.786562,1.673998,1
-1.272399,-0.440208,1
-3.068452,-0.361022,1
-0.624634,0.183516,1
0.588013,-1.868015,1
-1.911678,0.153433,1
-1.790987,-1.615370,1
1.017573,-1.233355,1
-1.893798,-2.208924,1
-0.667470,0.245703,1
-0.069559,-2.427668,1
-1.189612,0.555230,1
-2.009370,-2.271021,1
-1.056493,-1.419368,1
0.644943,-2.154132,1
-2.503221,-0.183321,1
-1.371737,-1.781367,1
0.757027,-0.432951,1
-0.920525,1.051064,1
-0.374779,-0.653752,1
-1.509392,-0.543376,1
-0.385527,-1.551752,1
-0.894673,-0.787419,1
-0.889528,-0.718483,1
-0.314959,-1.671540,1
0.747979,0.522738,1
-0.550941,0.402244,1
-2.311369,-0.012326,1
-0.684462,-0.823528,1
-1.139149,-0.916121,1
0.508690,-1.472492,1
-1.552709,-0.698531,1
-0.937500,-3.531011,1
-2.969670,0.461274,1
-1.416039,-2.196186,1
-0.702285,-0.555675,1
-2.048695,-1.801833,1
-0.207417,-0.071420,1
-0.305018,1.164113,1
-1.233540,-0.284439,1
-2.189377,-0.869530,1
-0.134147,-0.100121,1
-0.769551,-0.752442,1
-2.600248,-1.070868,1
-0.780666,-0.308635,1
-0.714437,-0.820451,1
-0.326442,-0.624362,1
-0.569730,0.203515,1
-0.935982,0.282931,1
0.752303,-0.946463,1
-1.453295,-1.601805,1
-1.793314,-0.749750,1
-0.662789,-0.033460,1
1.008398,-0.810884,1
-1.208180,-2.562568,1
-0.798932,-0.581894,1
-1.234988,-1.554345,1
-0.038287,-0.376052,1
-0.926817,1.990780,1
-1.205260,-2.245345,1
-2.097662,-0.944488,1
-3.331908,-1.521994,1
0.176026,1.801502,1
-0.739958,-1.454662,1
-1.840543,-0.214985,1
-0.743948,-1.615649,1
-2.757791,-1.893352,1
-1.792237,-0.793490,1
0.741925,-1.012273,1
-1.482022,0.675323,1
-1.210497,-0.909872,1
0.424812,-0.690395,1
0.810325,0.405155,1
-1.006760,-1.289158,1
-0.887225,-1.796354,1
-1.335604,-0.300404,1
-2.011339,-1.807661,1
-0.901694,-0.920718,1
-1.787899,-2.204877,1
-1.528008,-1.545132,1
-0.726031,-0.846174,1
-2.037269,-3.143771,1
0.985305,-0.631792,1
-1.546399,-0.978495,1
-2.381303,-1.208646,1
-1.678475,-2.716546,1
-1.993827,0.252231,1
-0.902126,-1.803460,1
-0.499368,0.116343,1
-1.944016,-2.291221,1
-1.938263,-0.703097,1
-2.256461,-1.270919,1
0.739365,0.161483,1
0.293921,0.602344,1
-1.002632,-0.692168,1
-1.377899,-1.648273,1
-1.257332,-0.957380,1
-1.667489,-0.822125,1
-0.454600,-0.375025,1
0.341767,-0.540944,1
-1.138874,1.317490,1
0.033393,0.446076,1
-0.484943,-1.878410,1
-0.772462,-1.984855,1
0.287138,-0.511151,1
-0.547345,0.157433,1
-1.041440,-1.812445,1
0.552460,0.148602,1
-0.171103,-0.332449,1
-1.616940,0.323384,1
-0.695876,-0.252897,1
-1.526522,-1.478889,1
-2.708039,0.223392,1
-0.196752,-1.253301,1
-1.288394,-2.160595,1
0.518055,-1.664589,1
-0.786132,-0.384722,1
0.085738,-0.865720,1
0.146345,-1.036698,1
-1.758846,0.387779,1
-0.911012,-3.153345,1
0.103057,-0.604440,1
-1.006111,-0.703964,1
-1.960770,-0.842666,1
0.247854,-0.140478,1
-0.064552,-1.402372,1
-1.850714,-0.773151,1
-0.047710,-1.408808,1
-1.121372,-1.599854,1
1.258145,-1.938791,1
-1.817283,-1.444067,1
-1.169766,-0.502795,1
-1.097366,-0.357841,1
0.463297,-0.784509,1
-0.462163,-0.520148,1
0.141584,0.668849,1
1.611639,-0.417718,1
-2.444995,-1.346450,1
1.206633,0.617216,1
-0.627439,-1.499779,1
0.033174,-1.681015,1
-1.340688,-2.828707,1
0.502419,-1.241236,1
0.247032,-0.694631,1
0.327641,-2.113748,1
-0.722897,0.707477,1
-0.189436,-2.518040,1
-0.936164,-1.781734,1
-3.395429,-2.914076,1
-1.828237,-1.655546,1
1.092442,-1.794524,1
0.189339,0.254760,1
-1.725895,-1.824442,1
0.021909,-1.847222,1
0.158959,-1.756880,1
-2.081656,-0.526291,1
-0.818198,1.022926,1
-2.562338,-2.136654,1
-1.116038,-2.099096,1
-0.556430,-0.856195,1
-0.286090,-0.230258,1
-1.018842,1.667196,1
-1.830034,-0.391542,1
-1.859288,-2.012393,1
-1.452563,-0.289711,1
-0.884964,-2.170305,1
-1.382363,-0.471417,1
-0.779516,-1.550396,1
-1.463737,-0.962799,1
-0.075426,-3.452733,1
0.215072,-0.753620,1
-1.807028,-0.887428,1
0.984308,-2.325565,1
-0.786841,-0.963891,1
-3.382120,-0.599250,1
-1.567900,0.489875,1
-1.619670,-0.382356,1
-1.374434,-2.730304,1
-1.497617,0.729997,1
-1.806851,-0.284732,1
-1.736943,0.408512,1
-0.701357,-2.523651,1
-0.254756,-1.670490,1
1.123926,-0.307997,1
-1.640687,-1.631894,1
-2.615653,-0.053153,1
-0.624601,-1.080907,1
-1.002123,-1.269170,1
-1.947441,1.329973,1
-0.570058,-0.956103,1
-0.879400,-1.877143,1
-0.660642,-0.293922,1
-0.238302,-2.195725,1
-1.329261,-2.214055,1
-1.689894,-3.806914,1
-1.312634,-0.718932,1
0.747171,-1.172667,1
-0.565351,-1.533106,1
-0.215222,-0.173996,1
-2.414197,-0.391350,1
-0.921129,-1.400454,1
-1.875613,-0.233840,1
-0.733128,-1.266387,1
-1.468776,-0.147043,1
-0.937772,0.177495,1
-0.052241,0.327615,1
-1.515903,0.305461,1
-0.881810,-1.543821,1
-0.540123,-1.634934,1
-2.074742,0.150807,1
-0.631542,-1.074027,1
-1.376328,-0.559329,1
-1.514040,-1.236736,1
-1.533712,-1.571462,1
-0.756132,-1.186608,1
-1.509444,-1.526628,1
-1.750000,-0.409712,1
0.708785,0.150869,1
0.624978,-1.169155,1
-1.077387,-0.879704,1
-1.137151,-2.160828,1
-0.576196,-0.383167,1
-1.376248,-0.537810,1
0.169393,-2.611394,1
-0.621734,-4.586750,1
-2.150620,-0.422853,1
0.296614,0.160092,1
-1.030904,-0.680923,1
-3.051301,1.023663,1
-0.175272,-0.408320,1
-0.973289,-0.961282,1
-0.522956,-2.498495,1
0.154436,-2.270782,1
-2.458623,-0.717399,1
-1.552156,-3.354011,1
-0.378079,-2.848788,1
-0.567671,-0.907135,1
-0.221276,-2.868822,1
0.708869,-2.902563,1
-0.822783,-2.842519,1
0.110173,-0.063205,1
-2.935801,2.047674,1
-1.293841,-0.000956,1
0.512344,-0.491602,1
-0.617127,-0.080136,1
-0.533080,-1.244749,1
1.549314,-3.193144,1
-0.800321,-2.050283,1
-1.054916,-0.727284,1
-1.376826,-1.987779,1
-0.870479,0.901429,1
0.216932,-0.392346,1
0.217606,-0.919506,1
-1.871234,0.742748,1
0.003750,-0.460515,1
-0.959878,-0.198127,1
-0.921731,-2.026663,1
-0.866308,-0.174104,1
0.274513,-0.318530,1
0.628805,-0.857156,1
-1.680062,-2.377133,1
-0.788424,-0.584274,1
-1.355261,-1.440738,1
-1.944821,-1.394280,1
-0.836721,-1.590933,1
-0.054447,1.352252,1
-0.473546,-2.455730,1
0.821263,0.973348,1
-0.848351,-1.183167,1
-0.623745,-1.310248,1
-1.114695,-0.676178,1
-0.401939,-2.143448,1
0.404775,0.585446,1
-0.076951,0.801397,1
-3.015278,-0.298479,1
-1.446897,-1.446099,1
-0.461934,-1.734680,1
-1.142485,-2.977621,1
-2.058892,-1.186825,1
-2.523556,2.159493,1
0.524974,0.493295,1
-0.341875,-1.880897,1
0.314750,0.341856,1
-0.445823,-0.253968,1
-0.379312,-1.698303,1
-0.603247,-0.581398,1
-0.769618,-0.698900,1
-1.492236,-2.168170,1
-0.500011,0.320230,1
-1.470715,-1.050351,1
-0.323372,-0.889668,1
-2.201804,-0.337193,1
-0.729926,-1.021769,1
0.456815,0.278710,1
0.131993,-0.377737,1
-2.648571,-1.959031,1
-1.291872,-2.288645,1
-1.342483,-1.897369,1
-0.723659,-0.717733,1
-1.518536,-0.833506,1
-2.690322,-2.372331,1
-0.993391,-1.734787,1
-0.453424,-1.878480,1
-3.146054,-1.008230,1
-0.720852,-1.067034,1
-2.683575,-1.814749,1
-0.733225,-1.666411,1
-0.191889,-0.917719,1
-0.754480,-1.837603,1
-0.759943,-2.029123,1
-2.132546,-1.462296,1
-2.395103,-0.226162,1
-2.637034,2.452189,1
-1.716691,-1.089721,1
-1.620337,1.148334,1
-2.611264,-1.170236,1
0.982163,-1.729908,1
-1.955339,-0.305320,1
0.228986,-1.197654,1
-0.712267,-2.089059,1
-2.241614,-1.622446,1
0.689831,-0.738680,1
-2.033977,-2.050978,1
-1.518654,0.027615,1
-1.257548,-0.515953,1
-0.572822,-2.195863,1
-0.887861,-1.919140,1
-1.735719,0.625918,1
-0.530324,-3.627996,1
-0.629017,0.284707,1
-0.770434,0.115698,1
-2.377352,-1.766438,1
-2.002921,0.712914,1
-0.696289,-2.171762,1
-2.186006,-1.889784,1
-2.794003,-0.569346,1
-2.250316,-2.993760,1
0.182958,0.332736,1
-1.165388,-0.813375,1
-1.179045,-1.557848,1
-0.953877,0.854964,1
0.311521,-1.282921,1
0.432722,-1.642427,1
-1.132359,-2.305332,1
-4.216256,-0.552691,1
-2.735835,-1.472536,1
0.200106,-0.581429,1
-0.977179,-0.333846,1
-1.785649,-2.625461,1
0.120557,-1.175576,1
-2.214115,-1.346819,1
-0.704474,-2.017312,1
-1.220351,-0.394265,1
-0.950263,0.247444,1
-4.057004,-1.194457,1
-2.396760,-1.321799,1
-0.910807,-0.525676,1
-0.793501,-1.610886,1
-0.594801,-1.129688,1
-0.132094,-1.099995,1
-2.950039,-0.769253,1
0.236041,0.152306,1
-1.187569,0.436215,1
-0.639207,-1.496360,1
-0.905284,-1.176332,1
-1.058243,-2.681430,1
-0.389570,-0.017544,1
-0.215499,-1.370142,1
-0.465691,-0.923858,1
-1.187222,-3.054238,1
-1.245494,-0.954353,1
-0.885755,-1.590318,1
0.317858,-3.288685,1
-2.140494,-0.399238,1
-1.571990,0.098653,1
-2.119128,1.039961,1
-0.025610,-1.354279,1
-1.194431,0.038256,1
-0.281210,-0.415555,1
0.515164,-1.250068,1
-3.123969,0.706714,1
0.428239,-0.044229,1
-1.232173,-0.754181,1
-1.031964,-0.766661,1
-1.109616,-1.622026,1
-1.267327,-1.356364,1
-1.897205,0.992525,1
-0.217556,-0.419641,1
-0.759653,0.584397,1
-1.960083,-1.189307,1
-1.891660,-0.861260,1
-2.569750,-1.427909,1
-0.835959,0.367664,1
-0.648474,1.164859,1
-1.719122,-0.570184,1
-1.104762,-2.801814,1
1.043477,-0.839790,1
-2.325531,0.124216,1
1.145216,-0.493153,1
-1.306068,-0.945935,1
-0.164034,-1.493903,1
-1.891222,-1.253086,1
-1.592446,-1.645190,1
-1.834853,-0.729549,1
-2.747798,-3.175004,1
0.544262,0.202652,1
-0.040056,-0.999745,1
-1.512223,-0.463144,1
-0.774179,-1.686371,1
-1.262541,0.147325,1
-0.240688,-0.127395,1
-0.407518,0.259847,1
-1.280091,-2.160882,1
-1.742959,0.964443,1
1.286867,-0.023153,1
-1.895425,-0.874378,1
