2.946759,-0.067842,-1.506349,-0.377495,0.769901,0
1.038257,-0.424833,-1.012249,0.027556,-2.519712,0
0.901209,0.895258,-0.529628,-1.515936,1.035267,0
2.197235,-0.614003,1.463642,0.212470,0.503698,0
1.603964,-0.962682,-1.814147,1.889751,-0.682744,0
-0.194567,-0.283024,0.445485,-0.727130,0.822578,0
1.398376,-1.863689,-0.858895,0.016823,-0.764289,0
-0.447835,-0.845572,-0.723185,0.622944,0.469183,0
-0.149371,-1.074933,-0.039899,1.078720,-0.259236,0
2.419164,-0.711368,0.338489,-0.562776,1.411743,0
-0.768176,-1.078928,1.652568,0.199677,0.398775,0
1.070450,1.744273,0.397322,0.748638,-2.325806,0
1.707631,0.786064,0.403305,2.001105,0.473680,0
0.656536,0.774417,-1.365204,1.874406,-0.633199,0
0.866876,-0.362932,0.492113,0.087582,0.708148,0
2.080400,1.073015,-0.211051,0.812747,-0.384308,0
0.732403,0.788887,0.255569,0.638788,0.798834,0
0.654541,1.064445,-1.527319,0.002949,2.449310,0
2.139422,-1.833545,0.585722,-0.774014,0.384961,0
1.081423,1.236090,-1.864996,0.407010,0.542679,0
1.690217,0.343550,-1.682457,-0.437883,-0.645541,0
0.372299,0.831549,-0.142919,-1.381255,-0.808966,0
3.326184,0.812609,-0.135642,0.562229,-0.431188,0
2.526202,-0.527624,-0.137533,-0.746962,-0.080315,0
2.754058,0.319433,1.189177,-0.223439,-0.529205,0
2.864652,-1.349046,-0.153390,-0.154796,1.517995,0
2.199384,-1.028138,0.810072,1.788024,0.977168,0
-0.804280,1.260812,-1.071326,-0.663665,-0.257650,0
1.415429,0.081264,0.181389,-0.035577,-1.037004,0
1.036974,0.578052,-0.171862,1.468855,0.575529,0
-1.085048,-0.030769,-0.393585,0.496524,0.395132,0
-1.129118,0.615154,0.035052,0.122580,0.694714,0
2.491792,-1.419832,1.530867,-0.015574,0.498228,0
1.695614,-0.033797,0.170931,-0.983998,0.022974,0
0.059930,-0.589295,0.477548,-0.388181,-1.023522,0
-0.181598,-0.524934,-0.397630,-0.646646,-2.193377,0
1.430363,1.677124,-0.256504,-0.838561,1.070426,0
1.574811,0.391629,0.331398,1.034598,-1.012861,0
-0.003330,0.359913,2.608915,-0.282175,0.172797,0
0.175935,0.531284,-0.556355,0.417263,0.005710,0
2.199550,-0.822561,0.014065,0.369835,-1.177428,0
-0.585588,0.417195,0.379858,2.047706,0.429610,0
0.100576,0.722006,-1.165323,0.190344,-0.890421,0
0.730046,0.816699,0.210788,2.420105,-1.120426,0
2.141386,-0.507724,-0.869065,0.832887,-1.642832,0
0.230215,2.512123,0.203864,-1.395180,-0.000261,0
1.457271,0.203509,-0.671227,1.958717,0.329352,0
0.676392,0.938891,-0.350136,1.073649,-0.137161,0
-0.019430,-0.755823,1.374873,0.272707,0.469769,0
-0.265960,-1.667617,0.211638,-1.125949,-0.449809,0
1.536870,-1.573113,1.194402,0.503364,-0.491019,0
2.214834,0.183920,-0.298410,-1.019319,-0.516243,0
0.115898,-0.116590,-0.341500,-1.006811,0.399962,0
1.669573,-2.793444,0.547542,-1.182525,-2.062979,0
1.739717,0.255474,0.217989,0.550535,0.059542,0
3.594182,-0.251008,0.262332,-0.186676,0.291345,0
2.756906,0.404832,-0.426085,0.133588,1.634146,0
-0.441173,-0.541997,0.547066,-1.196661,-1.693751,0
1.670763,0.559821,0.078566,0.096230,0.878257,0
1.864080,-0.063349,0.775030,0.367218,0.303605,0
0.704815,0.003929,0.477407,0.641902,0.409178,0
-0.571101,1.132679,0.511396,-0.959915,1.400322,0
-0.525217,-1.406154,-0.852223,-0.809985,-0.912227,0
1.061166,-0.286991,0.418664,-1.046136,-1.739573,0
1.538604,-1.857030,0.176712,0.393219,0.621248,0
1.028152,-0.088574,-1.347619,0.261809,-0.388678,0
1.294188,0.340714,-0.618238,1.285583,-0.769483,0
2.044394,-0.232025,0.547568,-0.668760,-0.685668,0
-0.101571,-1.241751,-1.185585,0.234184,-0.842828,0
1.034110,0.221576,-0.698047,0.243070,0.565128,0
1.334796,0.144601,-1.789741,1.223568,-0.407420,0
1.640254,-0.389426,1.017321,0.242939,0.279373,0
-1.817884,1.146658,-1.862482,0.269903,-0.487286,0
1.575373,0.783058,-0.433580,-1.428203,-1.550753,0
0.983774,-1.847967,-0.551153,-0.298146,0.674881,0
-0.409227,0.665994,0.095571,-0.078036,0.158608,0
0.443368,-0.229005,-0.651218,-1.252292,-0.361286,0
-0.196293,0.735872,0.555243,-0.419557,0.326439,0
2.784717,0.064798,0.625625,-0.224405,-0.142352,0
0.684973,1.344633,1.676352,1.067358,0.041645,0
1.098165,0.614414,-0.592351,0.839782,-1.666496,0
1.358407,1.615153,-0.206124,-0.310382,0.901433,0
-0.343666,0.872416,-0.855412,0.184457,0.198126,0
0.459671,1.582788,-0.430703,2.991788,0.865434,0
-0.055448,-1.802070,0.850487,-0.033482,0.970497,0
-0.205125,0.210892,0.971409,-0.750187,0.755912,0
1.546528,-2.884071,-0.936079,0.441473,-1.265566,0
1.892573,0.798684,-1.141019,-0.444150,1.125180,0
-0.948231,0.950089,1.069274,0.606667,-0.049456,0
2.030449,1.064964,-1.435511,0.520863,-0.914186,0
0.782030,0.114304,-0.033470,-0.120037,-0.255887,0
0.082182,-0.784128,0.985707,-0.359477,1.540723,0
0.409192,-1.002376,2.304342,-0.412969,-0.421518,0
-0.471319,0.864361,-1.893231,-0.473509,-1.661376,0
4.264302,-0.740425,-1.748058,-2.358681,-0.277719,0
1.396707,0.555779,0.431108,0.951257,-0.280134,0
0.957276,-0.274603,-1.261543,-0.202574,1.597704,0
2.014963,0.983508,0.074142,-0.446899,0.165474,0
0.380266,-0.653290,-0.144921,-0.935804,1.239455,0
0.411145,0.448649,-1.966486,0.415323,0.664559,0
0.114785,0.135078,1.086218,1.676879,1.509748,0
1.123586,0.424240,-0.078096,0.259766,0.556977,0
0.827678,0.876721,0.346018,1.237765,-0.083023,0
-0.870550,2.181099,-0.611228,-0.415242,1.468771,0
1.984195,1.311202,-1.424796,-0.030974,-0.637106,0
1.331988,1.362468,-0.938412,0.725622,-0.139830,0
0.058132,-0.142937,-1.574091,1.996332,-1.124605,0
1.295206,1.046769,0.170291,-0.670306,-0.342067,0
-1.546067,0.888621,-1.653227,0.822963,-0.164785,0
2.124242,-0.896653,-0.139733,0.227076,-2.113159,0
1.137891,0.109603,-0.572892,-1.334764,1.639874,0
-0.628716,0.616572,1.062842,-1.470829,0.553355,0
1.140489,2.030690,-0.306479,1.326871,0.278396,0
0.364033,-0.958014,-0.753715,0.179503,-0.916066,0
2.746955,-0.961311,-2.031869,1.161544,-0.626441,0
0.998090,-1.542042,2.290751,-1.134578,1.178314,0
0.381843,0.003353,-0.075097,0.191191,-0.235591,0
0.294552,-0.962296,-0.942399,0.627646,-1.370615,0
0.026283,0.067584,-1.033834,-0.284193,0.560100,0
0.386395,1.300023,0.960431,-0.897462,0.242604,0
0.203840,-0.602201,-1.159189,1.122400,-1.763695,0
0.634197,-0.195283,-1.624061,-1.719679,0.969316,0
1.628344,-0.994347,-1.057055,0.653387,-0.842734,0
2.783484,1.563992,-0.499569,0.615400,-0.131772,0
1.620652,-0.623022,1.323206,-0.110733,1.627858,0
-2.099780,0.371202,-0.340278,-0.706931,0.888352,1
-2.405871,-0.270855,0.363105,0.096496,0.316482,1
-1.570574,-1.121688,-0.428132,0.155494,-1.176552,1
-0.181530,-0.748165,0.750952,-0.228105,-0.640337,1
-2.069226,1.046496,-1.045946,0.648272,-0.704325,1
0.816330,0.564578,-0.443699,2.088236,-0.088073,1
-0.120331,-0.178156,-0.605931,1.794717,-0.835086,1
-2.611039,0.286560,-1.246454,-1.722693,1.796291,1
-0.266676,1.342883,0.004122,-2.594654,0.942398,1
0.118383,-0.901049,1.899111,0.560812,0.620266,1
-1.459924,-0.628019,0.132851,0.406089,-0.517065,1
-2.026384,0.583405,-0.354133,1.330050,-0.532437,1
-1.876973,-0.542331,1.588198,0.696100,-0.306519,1
-1.375348,-1.115371,-1.167346,2.261819,-0.733525,1
-1.567462,-0.318709,-0.302299,0.246171,-0.043732,1
-1.198242,1.128555,0.091830,-0.977778,1.161916,1
-1.378119,0.449550,1.193182,0.043181,-0.766716,1
0.389194,-0.102073,-0.405571,0.773558,-1.787767,1
-1.574316,-0.010690,0.514888,0.841160,0.334968,1
-1.748930,-0.039780,-0.439137,-1.003235,-0.061906,1
-2.150348,0.056209,0.020989,1.101371,0.623303,1
-0.973316,1.180027,0.891941,0.650478,-1.644776,1
-0.487009,-0.553432,2.383205,1.031909,-0.849777,1
-0.039304,-1.933900,0.503485,-0.900131,-1.381486,1
-0.341954,2.793215,0.135837,-0.091515,0.777071,1
-0.269875,0.614018,-0.618860,0.689261,-0.868630,1
-0.862638,-0.049935,-0.491073,-0.376699,1.142776,1
-1.367957,0.058575,2.464673,0.864500,1.465601,1
0.100644,1.113924,0.107774,-0.056056,-2.156360,1
-1.537374,1.213231,0.470011,0.088771,-0.816421,1
-2.521609,0.723121,0.034008,1.029203,0.924082,1
-1.566552,1.436557,1.086285,0.142124,-0.639849,1
-1.587174,0.276371,0.202172,-0.177961,-0.168914,1
-0.806071,0.629785,0.534840,-2.166584,0.956865,1
-0.293512,0.547928,1.879651,-2.111645,-0.324123,1
0.012572,-0.185125,1.276969,-2.345882,-0.506354,1
-1.258157,-0.549357,-0.548100,-0.059744,-0.626693,1
-1.583601,-0.400363,0.326545,-1.273297,-0.240589,1
-2.265343,-0.956045,1.574055,-0.190730,1.387215,1
-0.967913,1.506757,1.025285,-0.639234,-1.492406,1
0.866160,0.856409,-1.098504,0.318676,0.372972,1
-0.977224,-0.759353,3.002061,1.237971,-0.436955,1
-1.319878,-0.629268,0.553811,-0.243982,1.100406,1
-1.502866,-2.151397,2.515411,1.624606,0.719386,1
-3.756333,0.447554,0.185969,0.131764,-0.774103,1
0.235564,0.430043,-0.700051,0.091976,0.309071,1
-0.430465,2.649796,0.571452,0.041248,-0.908730,1
-0.747431,1.349754,0.839303,0.470798,-1.469297,1
-2.346383,1.215599,0.038666,-0.216994,0.146894,1
-0.347177,-0.323697,1.014110,0.913148,0.134866,1
-2.567655,0.111901,1.400328,0.921026,0.738871,1
-1.708173,-0.392209,1.104014,0.048770,1.797717,1
0.071959,0.389538,0.221306,0.008395,-0.358512,1
-2.676927,-2.097080,0.077103,1.117486,1.137236,1
-0.921655,-0.480305,-1.485330,-0.898884,0.446628,1
-2.390089,0.817459,-1.284048,1.298055,0.183150,1
-1.328102,0.388640,0.809622,0.432695,0.166778,1
-1.192238,-0.703062,-0.180670,-2.105858,-1.718720,1
-1.480402,0.994520,0.907310,-0.830176,-0.112347,1
-1.151880,1.251036,-0.536687,1.717093,0.475521,1
-0.603063,1.124792,-0.328437,-0.611595,1.536257,1
0.392352,0.353358,0.454069,0.850964,0.325299,1
-0.696090,0.742594,0.172171,-1.049101,-0.087380,1
-1.004996,-1.831079,0.792431,0.372106,-0.860829,1
-1.834914,-0.321694,-0.133679,-0.110280,-0.006435,1
-1.227714,0.399202,-0.649817,-1.392647,-1.137598,1
-0.608896,-0.114101,0.467257,0.480290,0.610387,1
-1.378962,0.492990,0.301981,1.232248,1.757198,1
-2.710211,0.995780,-0.928054,-1.742410,-0.317278,1
0.715679,-1.623484,-0.972193,-1.249423,1.806523,1
-1.663577,-0.919822,0.691636,0.339804,0.398244,1
0.562128,-0.817729,0.887073,0.417584,0.682119,1
-0.074042,-1.639744,-0.185715,0.525656,0.015540,1
-0.106040,0.394887,-0.698855,-0.351070,1.442005,1
-1.174033,1.881001,-2.029244,1.037903,-0.565197,1
-0.786958,-1.472150,-1.139512,0.310258,0.016623,1
0.136288,2.518639,0.382622,-0.258947,1.622735,1
0.120357,0.275263,1.406207,0.110726,1.560413,1
-0.365006,0.098468,-1.561221,0.050632,-0.832265,1
-0.553623,-1.082101,0.374610,0.674242,-0.023661,1
-1.319577,-0.216450,1.089153,-1.576736,-1.068422,1
-1.426565,1.459763,2.438383,0.828465,0.687777,1
-0.906573,-0.461939,-0.328445,0.831635,0.515600,1
-1.047851,0.939391,1.199004,0.300655,2.130489,1
-1.199968,0.598134,0.822915,1.199226,-1.401983,1
-2.738009,-0.353640,-0.361187,-0.875755,1.156891,1
-1.123010,0.388391,1.578872,1.005191,-1.647040,1
-0.012045,1.035939,1.692688,1.175050,0.455438,1
-0.913236,-0.440300,-0.835327,0.670009,0.445241,1
-0.584536,0.081402,0.036466,-0.687866,0.495660,1
-0.586752,-0.691345,-0.489450,0.155030,-0.164956,1
-0.837823,0.699606,-1.417689,-0.782805,-2.442980,1
-0.859382,1.644207,-0.397080,-0.134824,-3.574666,1
-1.282716,-0.675848,-0.824362,0.660001,-2.546249,1
-1.097082,0.222892,0.850761,-1.908765,-0.465173,1
-0.287531,-0.962739,1.126258,1.241062,-0.017550,1
-0.850617,0.513230,0.202634,0.804704,0.151187,1
-1.635968,0.569135,-0.406896,0.227562,0.614370,1
-2.294026,1.368885,-0.688772,-0.002170,0.600556,1
-0.138856,0.564732,-1.748534,0.508867,-0.187238,1
-0.342954,-2.345469,0.637594,0.453048,-1.415539,1
-2.861166,0.714540,-0.439052,-0.391210,0.399423,1
-1.670457,-0.069949,0.341201,-1.281705,-0.037016,1
-0.335036,1.560211,1.633312,-1.131408,-1.858538,1
-0.106876,-1.586279,0.671937,-1.718903,-0.605617,1
-2.541531,1.621933,-0.477646,0.207264,0.634037,1
-0.128704,-0.762039,-1.906302,-0.957787,-1.190569,1
-2.767700,0.495854,-0.726732,-0.117700,-1.470519,1
-2.349959,-1.423344,-0.293333,2.090064,-0.365376,1
-0.006613,-0.612736,0.429482,0.105204,-0.030772,1
-0.976687,0.727945,1.427660,0.373552,-2.523961,1
-1.199750,0.140410,-1.260349,-1.134902,-1.151122,1
-0.935629,-0.644589,-0.635401,-1.818712,-0.680790,1
-1.197070,-0.290769,-0.068196,-1.599493,-1.849154,1
-0.687257,-1.326149,0.445933,-0.231347,-1.060442,1
-1.573991,-1.233322,0.277273,2.096405,1.260167,1
-2.539174,-0.766141,0.501723,-1.538729,-1.540650,1
0.129011,-0.194428,1.355009,0.105327,-0.474568,1
-1.615228,-1.343502,0.777869,0.896577,1.034329,1
-0.933852,-2.210081,1.404636,-0.382875,-1.507194,1
0.059580,-1.418544,0.033212,-0.705587,-0.554815,1
-0.376333,0.466793,1.120714,0.507540,-1.956086,1
-0.475789,-0.136900,-0.601854,-0.586181,0.368812,1
0.066641,0.200495,0.399834,0.660210,-0.641573,1
-0.724218,1.244083,-1.063018,-1.651711,1.078675,1
