-0.612416,2.201250,0.773853,-0.890685,0.762380,-0.071685,-0.320648,4.423363,1.879333,0.034774,1.970198,4.126587,-1.245868,-1.708422,-0.312091,5.340703,0
0.005546,2.174569,-1.139441,1.679879,-1.846654,3.811148,2.090954,1.059910,1.099120,0.175619,0.686643,4.946541,3.644459,2.404276,3.763091,-1.153568,0
-0.032158,7.155399,-0.577913,0.818831,-0.246528,1.008514,-0.060552,-2.023083,3.586178,-0.330024,1.397221,-1.060403,1.897673,-0.554727,1.314971,-0.309255,0
2.246279,1.771356,0.577878,-1.316872,1.258032,1.200850,3.218043,1.474648,1.442618,2.311948,3.609298,-1.453081,-0.427783,0.928940,-1.609607,0.545384,0
-1.263575,0.986744,0.225070,0.232606,3.199169,1.447297,0.123785,2.333116,-0.756529,-1.303120,3.810604,0.843744,2.261595,-0.337360,1.207407,-0.300450,0
2.830304,2.948001,-3.184577,5.244441,2.571432,0.991553,3.286732,-1.025136,-1.086692,0.481493,-2.714873,-2.419968,0.001499,1.621449,2.678902,2.744886,0
-1.413603,2.137160,-0.804110,-0.769253,0.096208,-0.401610,1.154098,0.316786,1.785360,0.212541,-0.082172,1.370359,2.482177,2.302356,-1.355244,-1.296867,0
-1.071048,2.720139,0.209295,-1.099456,1.896921,0.457213,-1.188179,2.610601,-0.639730,0.873765,-0.447743,0.017581,2.066302,-1.043580,2.036642,6.855504,0
-0.386438,0.681284,0.504779,4.184794,3.009571,-0.195477,0.334852,3.787940,-0.165548,4.438879,2.031323,2.744529,0.866905,-1.476007,2.730063,1.405654,0
-1.525856,3.597314,2.079575,0.816747,-2.413625,-0.365609,-0.591009,4.689317,1.544134,2.736314,2.303452,1.273301,4.193285,0.430137,0.983377,1.536966,0
3.212119,-1.710116,0.957644,2.003392,2.822769,2.158422,0.917516,-0.791027,2.295044,-0.656848,-0.713057,2.415321,1.556924,-0.452975,2.450570,-0.277914,0
2.192564,0.749302,0.801030,0.856568,2.611628,1.914106,1.291662,-0.029808,3.012373,2.910795,-1.577110,2.478912,-0.044191,-0.153472,0.391000,0.118996,0
0.155547,-0.961374,1.703198,0.846706,-0.087914,-1.125769,3.418427,2.491290,4.294779,5.047974,-2.449049,1.456232,1.353565,5.046738,2.173995,2.561687,0
2.637344,0.305517,-0.209935,-0.747304,3.473412,3.445200,-2.324108,2.906891,1.240478,0.310879,0.237068,3.215424,-0.527241,2.284160,1.458936,-2.074654,0
-0.749711,4.073265,1.429662,-1.234149,-0.889635,1.763555,-1.168731,-0.221804,-1.876691,0.136220,0.707913,0.358817,3.266346,0.151132,1.445934,0.665025,0
-0.031768,2.046435,0.146751,0.801886,2.875378,1.108750,3.214289,3.801353,0.822646,-0.415862,2.771295,0.954362,1.815052,0.624598,-0.644322,0.841262,0
2.095553,-1.325282,1.057590,3.091965,1.979568,-1.802516,2.151325,1.614594,-0.166430,-0.792398,-2.144917,0.325254,1.258020,-2.628298,2.617010,-1.870937,0
1.426510,1.100173,1.429508,-0.501152,-2.619828,4.864288,-2.017500,1.853580,5.726856,-1.171922,-0.417317,-1.428069,0.221541,0.282394,1.946118,-0.235744,0
0.178135,1.970407,-1.677069,0.740888,-0.588689,-1.472558,-1.593575,0.187152,-0.580914,-0.805599,1.662253,3.985381,1.640854,-0.341868,1.754994,0.260593,0
-0.265980,2.933059,-2.378772,4.482779,0.458938,0.277397,0.304783,3.802078,3.176057,-0.197514,0.557114,0.978896,0.214357,-0.901703,-0.452404,1.393322,0
2.490944,-1.100548,-1.356427,-3.528040,4.784197,0.499664,-0.739601,1.989360,0.253288,0.925714,0.456360,-0.658129,4.564849,-0.341718,2.444653,2.971306,0
2.649731,1.921720,4.550392,1.699908,1.520802,-0.278344,1.044402,-1.882321,-0.268738,1.046708,1.447800,-0.026629,2.907711,0.576853,1.153759,1.734898,0
-0.122780,0.891744,0.943680,-0.740756,0.006807,1.014971,-1.782185,-0.610743,2.900504,0.047106,-0.756910,-0.747868,3.461795,-1.968694,0.121630,5.281111,0
-1.522487,2.239596,4.476663,4.375463,0.992353,1.761182,0.811352,0.131642,3.299058,0.640231,-1.361025,2.119314,2.307491,2.528943,2.217062,-0.010842,0
2.111294,0.651961,0.290997,1.933056,-1.331856,0.229353,-1.765397,0.321077,1.041326,-0.236746,-0.676636,-0.095614,1.268798,-1.628526,0.759906,-1.030334,0
0.672276,0.638800,-0.939662,0.987421,-0.096737,0.199161,1.455337,2.681839,1.927766,1.209073,-0.144521,-1.034022,1.061192,1.141559,0.100875,2.176867,0
0.890516,0.892104,-1.172112,-0.226480,0.487554,4.746921,1.996128,-1.285253,0.842576,-2.380833,-0.920345,2.248262,0.165151,1.211890,0.724482,1.835855,0
2.031653,1.034399,1.851903,-1.722572,2.261211,4.822019,3.873782,2.153647,-1.694144,0.556067,3.677372,1.114966,2.836260,1.174608,1.890370,0.092592,0
2.820306,-2.062575,-2.346522,2.662303,3.044417,-1.226374,0.871024,2.714451,-1.041579,0.625488,-1.750211,2.578895,2.477179,0.157648,-0.087533,0.321397,0
2.644175,-2.142913,-3.020397,0.740823,1.414202,1.321422,2.143701,2.246461,0.385453,-0.756147,0.516251,1.710662,5.455455,1.051919,1.491511,-0.632097,0
0.790326,0.254930,-3.367286,-0.699723,-2.503692,1.283813,0.606590,1.985922,0.732243,-0.445394,-0.863472,2.077302,1.640226,1.211161,0.860208,0.916781,0
-0.229320,5.325391,4.229563,-0.387562,1.928005,1.844783,0.611175,2.956686,0.797761,0.021616,1.536551,1.211540,1.393002,5.146447,-0.497404,-1.523842,0
1.443643,3.263170,0.450502,2.026417,-1.215944,0.842572,0.923340,2.258451,3.697448,-0.824972,2.821583,0.787282,1.011168,4.263508,-3.526909,3.696225,0
1.561523,-0.256912,2.064452,2.234636,-1.494791,5.243906,-1.839478,-0.643224,1.632596,0.542184,2.983260,-1.123672,3.200835,0.772222,-0.663161,3.403390,0
-1.492155,2.604523,2.291018,0.908643,-2.287746,1.812213,-0.117472,2.142064,2.914535,0.802853,0.422326,1.862912,0.687209,3.006369,-0.199462,1.424828,0
1.804586,2.368897,1.303379,0.075963,3.380412,1.170999,-0.646182,2.220282,3.750304,1.489964,0.360783,-0.397890,1.725710,1.216744,-0.767436,-2.144472,0
0.530877,1.044644,1.222637,1.372782,-0.685146,3.345288,3.386546,5.466905,-0.177482,1.452471,3.425926,-2.327331,0.364928,2.003430,1.269464,4.365114,0
1.067884,-2.668530,0.322295,3.414580,-0.501529,-0.099362,-2.251900,1.246314,-0.375693,2.986034,-1.075475,0.151934,2.527982,-0.546652,0.090805,3.659586,0
0.939345,3.495823,0.083159,2.909725,-2.945313,-2.259521,4.277857,3.239301,3.013364,1.097779,0.889934,-0.851306,-1.667773,1.063115,0.516693,0.310316,0
4.937593,0.415689,1.063528,1.929661,0.348768,-2.638542,0.681170,-2.062575,2.196794,1.806068,4.005993,0.917353,2.154786,1.465004,1.172956,4.487514,0
3.624928,1.805795,1.994770,0.146448,1.337292,-0.749359,0.116115,-0.314510,1.705995,2.017775,0.739460,-0.026487,0.586720,0.017010,-0.604511,2.377118,0
-1.692403,0.983762,0.150726,1.650461,-1.365278,0.318765,0.110103,2.671876,0.698792,0.589656,2.152043,1.325954,1.407936,2.292238,1.721222,0.539048,0
-1.069685,0.238982,-1.390148,4.227131,0.188618,-0.539872,-0.357885,2.168583,0.309567,1.564388,2.452544,3.368447,-1.549629,2.095638,1.316436,-1.850896,0
1.241154,1.380472,-1.230725,1.450345,-0.137105,3.414819,0.757646,-0.813234,0.574965,-1.272353,1.083675,-0.185801,4.125120,2.054829,2.310626,0.247479,0
-1.533491,2.387956,0.831327,0.945053,-2.055636,-1.315773,0.601541,0.386871,0.522974,3.681787,4.515291,-1.266166,-2.221791,-2.794836,2.956035,3.718692,0
1.814240,-1.035263,3.810435,2.728542,1.572532,-0.959449,-1.495459,1.155793,0.948588,3.032494,-0.349182,0.311120,3.330263,1.122183,-2.285395,0.519717,0
2.345720,-0.091389,1.298833,3.094496,0.667090,1.552669,-0.068844,0.057647,1.980704,0.440774,-1.206973,2.920186,2.073316,-2.019703,0.711364,0.758731,0
-0.308485,3.400707,-0.727733,0.754244,1.391895,2.180420,1.198333,0.571159,2.244957,1.534505,1.748015,1.523105,3.935798,3.494649,3.765229,1.518188,0
3.030385,1.647771,2.350292,1.951045,-0.411539,0.702130,1.509249,2.178116,0.066014,-1.331319,2.026163,-1.488437,4.191385,-3.460800,0.232230,1.611418,0
-0.729212,3.668107,3.537453,-0.578102,1.276793,-0.470127,3.167790,2.335680,-0.870221,-0.723804,1.770615,0.529079,-0.113484,1.342281,2.202737,0.918965,0
2.134562,1.976892,1.022415,0.768031,2.178035,-0.372929,3.422528,0.481071,1.420743,2.729708,3.163978,0.917565,1.648720,-0.985891,2.126037,1.927202,0
3.272695,3.313944,0.984396,1.493490,1.547867,0.708225,1.086187,0.509126,-0.646010,0.794887,2.482310,-1.416225,0.498807,1.318378,3.501350,0.442574,0
0.412970,3.620438,1.643814,1.000203,0.538797,1.342596,2.580913,1.954107,-1.544672,0.672322,1.157322,1.327385,1.197385,-1.625942,2.016465,-1.429257,0
-0.788848,1.422455,1.874363,1.626927,2.142548,2.546720,1.559331,-2.337321,-0.660164,-3.571938,2.236166,-0.464782,4.307443,-0.705385,-0.007154,3.475975,0
0.515831,3.925084,-0.845558,-0.681692,0.938308,-0.636341,3.824668,1.820930,-1.186686,0.098077,2.455441,-2.629896,2.555361,-0.331268,0.216144,3.959665,0
-1.406143,3.561772,-0.342466,3.051600,2.301727,0.471144,1.988385,1.569409,1.968611,3.893601,4.279145,-0.569233,2.490781,-1.168196,2.595045,4.646170,0
1.964214,1.886416,-1.302967,2.426324,-0.544797,-0.082928,-0.629878,-3.332229,0.316768,0.677165,2.335057,0.957562,-1.450126,0.608135,2.098528,-1.531765,0
0.303355,0.740418,0.728475,1.528455,-0.256705,-3.265650,-0.729717,3.197601,3.577197,3.299032,0.183055,3.618905,1.763994,0.465047,2.824944,1.681852,0
1.199327,-1.527163,0.827976,-2.694375,1.916059,4.578159,-1.339329,2.902590,-2.063990,0.878332,2.504272,0.256698,1.209581,0.742921,-1.294226,2.896597,0
-1.716661,-1.403456,5.170659,-0.764107,1.117964,1.524320,0.248310,-1.383302,2.156208,-0.911480,1.240197,-1.679627,4.626616,-1.816766,-0.065328,1.084777,0
-2.555836,1.360413,3.163469,-0.716301,-1.414232,1.146070,-0.231788,0.604960,-0.318351,3.271256,-0.439594,1.360278,0.981874,-4.132361,-1.641052,-2.439964,0
1.583265,1.148197,0.882698,2.362181,0.816691,0.053522,-0.263463,0.290244,0.154797,2.381198,2.569355,0.305159,3.149804,-1.184552,-1.549923,4.469861,0
3.503564,3.093065,3.396447,1.458994,1.454534,1.907961,3.448827,0.147624,-0.097151,0.341474,-1.732727,0.213956,2.136056,0.810004,1.938090,-1.194928,0
-3.533967,-2.886178,1.778748,-0.020533,4.237962,-0.166486,1.550657,0.820067,-0.064038,1.852975,3.109834,1.968661,2.041008,0.839963,0.398552,0.790664,0
1.030519,0.721799,-1.959356,4.416511,-0.968650,0.568309,-3.302688,1.553576,3.591096,1.453816,0.973476,-0.136755,-1.058897,-1.879169,1.042532,0.944972,0
1.224236,-1.534725,3.572103,2.103604,1.971671,-0.344643,2.157166,2.493305,0.934208,3.437959,-0.646917,2.183601,2.201927,0.290304,1.537529,0.898525,0
-0.539391,1.483247,2.468274,-1.507349,-0.755059,-0.027226,2.506021,-1.961993,0.444720,1.205802,-0.418584,2.335321,-2.746626,-0.034307,2.038609,1.902443,0
1.881246,3.045365,0.420131,1.913936,0.675931,0.666727,-2.999115,3.241477,2.296897,-1.114797,-1.719366,0.954630,0.349072,0.531866,3.724950,1.667799,0
-2.183420,3.300131,1.989836,4.262577,0.939728,1.477952,-0.305527,-0.674782,4.956176,0.864813,-1.828589,0.361064,-0.275546,0.484919,1.848723,2.345594,0
1.569551,0.301385,1.981598,-0.582674,2.216744,0.200277,7.053905,1.626808,1.972611,0.627304,-1.049984,2.035278,0.956531,4.598905,1.426421,-0.088170,0
0.429571,-0.138358,0.725352,-0.674779,2.541737,3.390492,1.926898,0.751529,1.053926,2.525890,-0.498661,1.285522,2.406836,-1.051257,0.644387,3.205975,0
3.687039,1.631240,-0.791345,1.977348,4.866218,-0.885915,5.809894,2.272163,1.191272,4.021561,1.365655,0.786185,0.886620,-0.047607,2.766109,4.377789,0
1.986106,-2.078602,0.027013,0.944736,1.672341,-0.765793,2.910453,3.123088,-0.080712,0.501872,-1.380148,4.962028,-0.387161,2.448266,1.836857,4.291671,0
2.686844,-0.010844,4.925912,3.193421,0.010766,-1.811052,0.303405,1.076112,2.265265,2.793361,2.114974,0.629299,1.841438,1.117129,2.926115,1.267303,0
0.081047,4.108197,-1.699899,-2.841751,3.952369,2.206480,-1.271266,0.609330,1.803107,2.042678,3.476183,2.324423,1.651260,1.530511,0.574180,-0.954916,0
0.723639,5.859389,-0.006131,1.375537,0.564833,0.955410,-0.485843,-2.716063,0.060229,1.505808,0.388618,-1.165685,1.823409,0.116422,-0.486567,-0.045224,0
1.920076,-0.807996,4.385266,1.919425,-0.930908,2.945605,1.257090,2.507639,0.261918,0.105922,1.243424,1.226791,1.283475,2.501463,2.281540,-1.048292,0
1.501060,0.575610,2.680619,3.910933,-0.540394,1.923214,-1.768983,-2.279462,-0.160540,3.057838,-0.414947,-1.794907,1.948551,1.849875,3.190917,2.877610,0
0.132998,1.568423,0.430604,0.474056,4.620093,-0.161458,4.242618,1.211760,-0.121943,3.245401,-0.204875,1.138580,1.423319,-0.915522,5.092728,0.948848,0
0.411278,0.461410,-1.603461,0.650294,0.534012,3.067395,0.929885,1.773568,-1.109177,3.219495,1.294829,1.453639,-0.097660,1.164387,0.582111,-1.743263,0
0.913713,-1.381126,-0.812716,-0.595382,0.197823,-2.157012,0.798228,0.969085,4.535571,0.127528,0.448105,3.295382,-1.174690,1.544146,0.791189,2.046856,0
-0.843764,2.173358,0.624988,2.090734,3.313409,0.937898,-0.746223,-1.677964,1.680903,2.298407,-2.943451,1.623117,-0.788384,0.662728,-1.048912,1.679475,0
1.913109,2.553398,3.323823,0.202727,0.693262,-0.669873,0.702674,1.318844,2.016587,3.423670,1.050850,-2.324827,1.319401,2.112058,2.606131,1.997378,0
0.524197,0.160307,2.745727,-2.812305,2.903160,0.071570,-0.041343,4.107763,0.307607,3.232030,1.617810,-0.354411,0.494524,-0.509272,3.132482,3.866746,0
-1.840226,0.111832,1.396809,2.777672,-0.140027,-0.826072,1.337485,3.827968,4.622005,0.379221,0.745811,2.835384,0.923197,0.867927,2.758657,1.096390,0
2.980759,0.383287,1.583150,2.132396,1.351200,1.994632,3.006839,2.190294,0.437673,2.126738,-0.926252,0.579181,2.292304,2.958437,-1.082356,-1.325113,0
3.235370,2.862333,2.796642,-0.059500,1.392536,-2.273276,1.451218,0.653134,1.153504,-0.610065,0.241037,1.292375,-0.871964,1.203720,-0.764594,0.514873,0
1.145097,1.273917,1.663380,-0.709181,1.462340,-1.013600,0.234287,-0.447600,-0.269847,0.071572,2.688141,2.954427,2.583195,0.891329,3.928563,-0.519236,0
4.983859,1.788417,-0.277987,-1.881701,0.280229,4.492200,4.061854,5.034272,1.493150,0.799578,0.143129,0.841323,3.143819,3.593367,1.754722,1.477284,0
1.723660,0.191759,0.332154,0.789736,-2.085272,0.675459,-0.905953,0.385145,5.157773,1.699368,-0.731098,0.606112,-0.156409,0.652727,1.486049,2.823149,0
3.836396,-1.520675,0.078478,-0.222727,3.284695,0.684163,2.965522,-0.148409,3.468456,-2.455882,-1.849285,0.836349,2.868547,-0.597101,1.038311,1.014888,0
1.421137,0.108652,-1.674469,1.949991,1.475739,-3.475557,-1.151330,2.473626,2.182957,2.888625,0.166776,-2.520143,0.001002,2.847556,3.420318,3.872808,0
0.838100,0.094662,0.669320,1.825940,1.444955,2.464565,-0.178826,4.902544,0.737893,1.191114,3.007025,-2.570193,-1.124669,2.205462,-0.004903,1.455784,0
3.297251,-1.890667,-0.504653,2.689145,-1.751070,0.180511,-0.414249,0.795836,1.637074,-1.187912,-0.801004,-1.564783,0.072678,-2.271062,1.188125,0.706058,0
1.352558,-0.277407,-0.081625,-1.542475,-0.016141,0.032062,3.978956,0.171346,-0.599678,0.683427,1.538259,1.738538,3.378336,-1.551430,1.235317,2.440323,0
-2.912564,-4.815353,2.753440,2.186567,3.259909,-0.014427,-1.782908,0.041520,1.488069,-0.622551,2.151518,0.867696,-0.759797,1.231395,5.294063,2.737214,0
2.933556,2.515006,2.896486,-0.679651,0.108465,2.202218,0.510221,0.498770,0.076149,2.695328,1.869910,2.390498,-0.314332,-0.678296,-1.276549,-0.259571,0
0.679462,1.342756,3.633440,-0.479354,1.327146,3.538684,-2.254942,4.954558,1.068263,-0.312757,2.677973,1.428740,0.676148,1.325013,-1.436766,-0.270303,0
3.030195,-1.507395,0.773986,-1.578599,0.671378,-0.058552,-3.199153,1.997916,1.799868,3.221990,4.181275,-0.910017,-0.648346,-0.531203,1.016047,1.947511,0
0.483688,4.407269,1.109145,1.407502,-0.802371,0.772383,0.719451,3.088206,2.378207,-0.410001,-0.089552,-0.981220,5.740612,-0.118427,5.163634,2.350444,0
-0.769604,1.950147,3.001293,1.066341,0.608542,-0.238527,0.202637,-0.312357,0.875827,-0.150035,1.672334,-0.813988,1.068028,1.679025,-0.754295,2.070525,0
0.024253,5.280056,0.701028,0.024743,1.377975,-0.686869,1.537202,-1.202620,5.324320,0.634925,-0.320905,0.149902,-1.279534,2.289762,0.648580,2.158300,0
2.886435,0.015587,1.133802,2.463739,4.014781,-0.764080,0.593629,0.380718,-0.586349,1.724637,-3.330128,3.251139,2.893857,-0.212636,-0.186007,4.419676,0
-2.240714,3.931414,-1.529549,-3.603913,3.527213,0.293876,4.436733,0.820418,2.848031,0.348953,0.018957,3.233979,1.348247,-2.690667,3.115108,2.408968,0
0.732042,1.064382,-1.894281,0.750678,-0.381028,-0.555320,2.972607,0.797901,-0.602173,0.072811,0.288651,1.472707,0.627900,4.109220,-0.052403,-2.801226,0
2.018932,1.821562,-0.700340,-1.404699,-0.087346,2.166401,0.796092,-2.020773,1.750272,-1.415475,1.955018,0.890729,-0.952398,-0.627512,2.228333,0.841046,0
0.331703,-0.755321,1.832823,2.775849,3.410131,-0.048113,0.788725,0.686890,1.936600,0.719866,-0.226691,-0.370822,2.238877,-0.069345,0.106401,0.189351,0
-0.459547,1.152013,-0.288630,-0.627138,0.238802,1.625315,2.652565,2.386580,-3.473600,-0.054381,7.464350,3.190022,4.510756,1.096745,2.657439,2.185460,0
-0.872663,-0.595178,-0.095844,1.198041,1.217976,-1.174870,-0.958583,1.452610,1.782908,3.286228,3.534538,1.951526,2.008552,-0.667599,0.623110,-1.807821,0
1.274739,-1.706243,1.576864,1.179031,4.126861,-0.763859,5.215196,2.283677,2.576425,-0.269465,-0.019594,2.516266,2.386272,3.744162,-0.754983,-2.210765,0
0.665212,-0.859800,2.949599,1.541995,1.098672,1.935708,0.477578,1.023503,3.004991,1.487652,0.892053,1.472027,1.543444,0.357119,4.066711,0.788437,0
0.086854,2.608962,3.931544,2.333065,1.743257,1.071768,-0.685482,-0.035586,0.181870,2.992290,0.579383,0.321799,-2.361402,0.882760,3.694202,-1.858868,0
-0.585138,0.365345,1.605795,-0.205031,2.309489,-1.591838,-0.558572,3.540970,2.640489,1.833372,1.417034,0.302382,-2.139240,-0.093366,-0.298080,-1.907744,0
5.089630,3.868285,-0.822235,1.021278,0.964699,-0.112502,4.208689,0.036204,1.494043,4.298386,0.829643,2.346794,-1.600998,2.699871,3.181974,0.808863,0
0.993445,1.184656,-1.444550,-1.187330,2.177713,1.813167,-1.398361,0.301711,2.857813,1.670673,3.374528,-0.225479,0.591995,-0.772391,1.534667,-1.434269,0
2.455529,1.541966,1.244912,1.314458,1.804856,0.679708,2.478263,4.575218,1.960569,1.668427,2.023419,1.967684,0.754026,1.070912,0.327427,-0.306699,0
-0.178130,3.714412,-0.587242,-2.871575,-2.333561,4.553227,2.494330,3.608689,-0.593402,0.339683,1.197622,-1.705812,-1.212892,0.127977,1.615977,1.340684,0
-0.750614,1.067263,0.052992,-0.504827,-2.817812,0.626601,4.722651,-0.876859,1.065071,0.947276,0.289279,-2.137860,0.872729,4.304951,2.742742,1.687195,0
-2.143376,2.790107,2.721477,2.625865,1.563179,3.153338,1.369602,-0.513167,2.851281,3.284782,-1.965148,-0.803528,2.566107,-1.031511,1.723281,-1.218915,0
-1.387045,1.901670,-1.160870,0.267965,-1.399906,0.123816,1.434648,1.793803,4.883808,3.491223,-0.581487,1.088637,0.349377,0.420415,0.782952,0.388695,0
2.517282,2.263064,0.312960,4.952527,0.536848,-0.050676,-2.005861,-2.398766,1.753701,1.214128,0.152596,3.734221,0.506226,-3.008024,-0.193644,-0.543890,0
-0.400303,4.622900,3.685929,2.114802,3.111646,1.508007,2.364345,1.464117,2.759484,5.133341,0.004455,0.342272,0.308384,0.152437,0.309151,-0.271676,0
2.526696,2.335592,2.147760,1.373126,-0.339128,-2.258317,0.965283,3.222916,1.457747,0.999764,0.378633,0.291026,1.207497,2.624637,1.439648,-2.069628,0
-1.242718,0.959082,1.042501,1.856955,-2.650729,-1.614361,1.627332,-1.502311,-1.891572,1.442822,2.225690,-2.130269,-0.567864,1.462978,4.910065,-0.449117,0
0.754329,-0.735224,3.242438,0.554893,2.863302,2.418454,2.601739,2.777827,2.613298,-0.075248,1.677361,2.432990,3.660592,-0.702003,1.932627,1.752850,0
-1.501039,-1.915874,-1.103975,-1.370239,-2.661498,0.448362,1.127989,-0.011354,-2.208079,-0.811817,-0.884116,-3.701934,-1.035545,-1.685387,-4.948874,-0.438684,1
2.174833,-0.276153,-5.273769,-2.019071,0.822842,-1.600173,-1.237806,-1.939698,-0.887504,-3.983363,-2.879004,-0.606251,-2.593120,-0.577541,-2.778265,-0.934293,1
-0.798230,-0.622289,0.757767,1.054729,-0.325618,-2.141434,-2.229193,-0.199570,-1.545218,-1.939511,-0.139483,-2.545365,-4.571370,-0.180420,-0.108458,0.928235,1
0.675502,0.399237,-0.800409,-1.764376,-4.830297,1.162501,-2.119069,0.202675,0.486736,-2.488743,-0.195916,1.864344,-2.728225,-4.152304,-2.865243,-0.236523,1
-2.281760,-0.144347,-0.311154,1.183431,0.043560,1.063719,-1.295061,-2.474623,-1.160171,-3.729738,-1.108521,-1.454182,-3.685837,-0.467975,-1.045465,1.281071,1
-3.840995,-1.316792,-0.951056,1.978853,-1.134326,-0.282412,1.065278,2.020917,-0.424052,-0.448252,-2.640580,-4.802144,-1.044788,-3.591799,-2.100819,-3.116586,1
-2.581316,0.687053,-1.699744,-0.112492,-2.349726,1.149892,-0.233071,1.808431,-1.383915,2.801774,0.400364,-2.109148,-1.855115,-4.827960,-0.619837,-0.048972,1
-3.934544,-4.680511,-0.353409,-1.282125,-1.014444,-0.565674,0.028303,-1.223783,-3.112423,0.222562,-2.953582,-0.905416,-1.952716,0.743293,-2.054221,0.744207,1
-2.907815,-2.044240,-2.064918,-3.160872,-0.252326,-1.158112,-1.095339,-1.274442,-2.266542,-0.678134,-3.037696,-1.642028,-1.099529,1.012005,-4.534027,-1.355378,1
-3.475275,-2.099180,1.610023,-0.037806,0.615865,2.229455,-1.749250,0.325408,2.450375,-2.329661,-1.717882,-3.001570,-0.256567,-1.886780,0.659848,-2.487507,1
0.456802,0.621419,-3.374739,-1.142838,0.969105,-0.737335,-3.800289,0.784714,0.308209,0.517144,-3.066632,-0.459260,-0.677733,-1.197134,-0.353207,3.413843,1
-0.897935,-0.613390,-2.004220,1.038480,-0.846799,-1.158137,-3.062623,-0.766396,-3.655916,2.405754,-1.076588,-0.809479,-2.359107,-2.514549,-0.367723,-1.254602,1
-1.980094,-1.959985,-2.914557,-2.363966,-1.758580,-2.567183,-0.212355,0.088420,-2.335209,-4.655403,1.095505,-4.078818,0.564648,1.545280,0.941454,0.915516,1
2.163512,-1.161520,-1.109332,-0.174590,-3.561473,-2.385980,0.728463,-1.405656,0.767252,-0.504399,-2.587849,-1.465121,-0.118876,-2.793278,-1.186957,-1.620870,1
0.372364,-0.194577,1.671023,-3.538714,-2.668777,1.141394,0.564266,-1.137680,-3.534932,-2.341460,0.173098,-0.782241,0.974696,-2.599527,-1.852934,-0.501916,1
-3.615513,-3.229590,0.319393,-4.162724,-2.399863,-1.583907,-2.332261,-2.943352,-1.739453,-2.891058,-2.879692,1.099175,-0.338887,-0.603555,0.215342,-2.542304,1
-1.151001,0.920348,-1.282471,0.776980,0.651020,-0.495889,-2.752948,1.096021,-1.532084,-0.316830,-1.461658,2.087888,-1.083365,-1.378279,0.203314,-2.515964,1
-1.080614,-1.549351,0.795234,-1.966884,-2.592002,-2.943954,-0.449444,0.058639,-0.181097,-1.570482,-3.875632,-0.481481,-0.331027,-1.898618,-1.158551,-0.602963,1
-1.522236,-2.117529,-0.035674,1.283169,0.277947,-1.560779,0.484148,0.956268,0.123502,-4.205976,-0.499474,-2.818010,-1.951131,-2.527678,1.983871,0.132919,1
-3.135578,-0.155519,2.274986,0.363256,1.014685,-1.615359,-1.692522,-1.473441,-0.673276,-2.833263,-0.334425,1.600063,-0.023612,-1.356533,-0.214493,0.058144,1
-3.445676,-0.010026,0.642888,-2.639742,3.060238,-1.336934,1.100750,-3.234140,-1.156390,2.081893,-1.891133,2.998023,-0.896855,1.259254,-1.449317,-0.733188,1
-0.250456,0.337387,0.578074,-1.115966,-1.316065,-0.498386,-3.906088,-3.730780,-2.680156,1.412184,-0.454045,1.009719,-3.759841,0.702948,-1.654902,-3.273109,1
2.612352,-2.644020,-0.999482,0.178706,-0.272198,-2.847216,-2.881349,3.105145,-1.253498,-2.345136,-1.911306,0.156310,0.214084,2.357463,-1.797856,3.029869,1
-1.595746,-2.109435,-1.436252,-1.126917,-5.186059,-2.146350,-0.776684,0.275771,-1.359595,0.264945,-2.851662,0.288535,-0.814151,-0.156854,3.185190,-1.417574,1
0.362988,-1.178976,1.048596,-2.899285,1.509985,-1.513803,0.958417,0.322173,-1.579968,0.393801,-2.336615,-0.739580,-1.353264,-0.760392,1.885211,1.036631,1
-3.462777,-2.121560,-3.432091,-2.848898,-1.418303,-1.149093,0.767694,-3.189157,-1.118184,-3.635383,-1.153997,-3.452438,-0.239687,-2.066028,-2.110641,-0.738551,1
-1.798829,-1.577334,-3.165732,0.703003,1.190253,1.343978,0.138617,1.100752,2.392618,-1.485333,-1.924167,-1.109253,-3.265320,1.729236,-2.716775,-2.176080,1
-3.822294,-1.118717,-0.024139,-1.593532,-2.519966,-3.748600,-0.915136,1.110276,-1.167337,-0.949869,-0.127775,-1.590328,0.672670,-0.918386,-2.032438,0.006810,1
1.205005,-3.121078,-3.562131,-0.369823,-0.449992,1.029654,0.500307,-0.503321,-0.525257,-0.381029,1.442862,-1.536740,-1.593008,-5.034427,-1.062480,1.561166,1
1.260410,0.429626,-1.610915,-1.073430,0.768414,-3.039620,-3.120454,0.139616,-2.405684,2.346105,-0.605964,-4.411401,0.524464,-1.064215,-0.754917,-3.323026,1
-1.163605,1.594483,-2.211492,-0.631191,0.348284,-0.182798,1.881069,-1.208089,3.222811,-0.221745,-2.150178,-0.197632,-0.153433,-0.456461,1.731347,-1.449272,1
1.999589,-3.359291,-1.262733,-0.307549,-1.291666,-1.264449,-2.491247,-3.391151,0.285231,-0.106053,-1.247682,-0.069214,-0.802760,-0.472552,0.764072,-2.766591,1
-1.443674,1.854445,1.752609,-4.528227,-0.703303,0.429754,-2.211573,1.915359,0.755244,-0.369538,0.223532,0.109522,1.884910,3.772798,-1.753190,-0.209958,1
-1.401114,-1.099962,-5.145810,-3.642489,-2.376218,-2.356110,-0.765878,-1.632131,-0.826740,2.052603,-1.201121,-2.724831,0.227708,-1.114967,-0.269908,-4.042061,1
0.169863,-4.486386,0.272535,-1.640605,0.576375,-1.237715,-1.220492,-1.184636,-2.797214,-0.581272,-4.195604,1.234119,-1.679914,-0.826726,-0.310738,-1.694487,1
-0.363161,-1.184466,-0.357905,-1.801382,-1.854249,0.153074,-1.164626,1.052910,-2.121013,-1.368730,-1.900562,-3.142169,-5.190272,-4.220865,-2.585172,-2.206785,1
-1.589756,2.692211,-2.226500,-3.710505,-3.328357,-0.872358,-3.860438,-3.752141,-0.024790,0.179361,-1.326960,-1.388205,-4.714226,1.503610,-1.415806,-4.692832,1
-0.390773,1.387367,-1.182837,-2.488209,-2.840717,-0.718153,-0.335464,-1.565103,-0.566038,-1.852872,-1.915134,-1.772926,0.554234,-1.309498,3.061323,0.010460,1
0.076106,0.328167,0.378127,-2.342048,-2.605196,0.763942,1.954653,-0.425931,0.204839,1.627532,-0.145549,1.394609,-0.659769,1.159686,-3.958333,0.457243,1
2.385530,-2.529109,-1.064968,3.970286,-1.303784,0.803906,0.301626,-2.750976,-0.801961,-1.218699,-1.699214,-2.054613,-2.651319,-2.161967,-3.436230,-0.412134,1
-0.703328,-1.299736,-0.428571,-1.434596,-1.436371,1.726860,-0.253113,-0.410441,-1.242710,-1.764394,-3.004323,-2.821513,-1.543465,-2.249631,-0.176866,-1.640137,1
-2.773612,-1.416923,-2.702309,-1.676243,0.890078,1.006606,-1.957781,-0.551301,-3.981930,4.326478,0.289978,-2.797440,-4.061397,-0.532189,-0.036160,0.324434,1
-0.932417,0.208822,-1.591411,-1.367370,-2.726305,-0.335618,-2.945763,-0.445205,-3.020567,-2.747557,-3.064544,0.780611,-0.769503,-2.902063,0.519077,0.120604,1
-2.237235,2.437453,-1.575541,-4.496760,0.396544,-2.255622,-0.041232,-4.199904,-1.089306,-3.171585,-2.406745,1.191355,-3.962494,-0.092116,-2.459691,4.728395,1
1.710670,-0.943591,0.310103,0.980665,-2.822910,-3.914750,-2.265841,-2.259198,-0.053104,-1.568976,-0.380219,-3.026057,-0.071125,0.397190,0.948454,-2.886873,1
1.404750,-0.403208,0.096623,0.099531,-1.526027,-5.886379,-0.281126,-2.398559,-1.303860,-2.331688,-2.176063,3.018099,0.832870,-3.001671,-2.650951,-3.078360,1
0.021116,-0.262542,-6.477759,-1.960091,-2.764955,-0.932221,-0.873379,0.433123,-2.545769,-2.678897,-4.200526,0.687746,-2.522062,-2.602686,1.397008,1.525723,1
2.933312,0.299851,-3.828660,-1.089832,2.500456,-2.017746,-2.262416,3.080077,0.731266,-0.741676,-0.597469,0.548849,-1.237950,-3.166964,-1.109279,-0.594798,1
-2.707320,-3.174527,0.814048,-1.331069,0.998144,-1.011595,-1.301431,-3.926095,-2.099116,-3.495198,-0.456876,3.196572,0.910639,-1.356986,0.070402,-2.818523,1
-1.101055,-4.052249,1.510466,-0.937569,1.849917,-3.012106,0.403411,0.510880,0.877823,-0.605803,0.351974,0.455334,-0.134278,-2.036767,-0.255298,-1.295966,1
-0.232686,-0.566461,3.654628,0.397700,1.041514,0.037034,-1.463523,-0.736526,-0.751971,0.508283,-0.826815,-1.376259,0.658206,-1.057721,-1.691851,-4.114514,1
-2.354769,-0.289680,-4.131056,-2.866972,-0.643748,-1.863481,-1.967308,1.775740,-1.642082,-3.647397,-1.376163,2.162844,-0.989959,-5.195255,-4.207254,-1.126956,1
-4.678922,0.775536,-1.474144,-1.723830,0.706404,-0.262151,-0.538177,-0.321753,-1.350036,-0.688038,-3.443165,-0.614180,-2.654093,1.046417,2.396129,-1.286962,1
1.672293,-2.922328,2.052416,-0.233154,-0.400795,-1.697315,-1.559896,-1.952623,-1.746298,-2.313251,-1.009395,-3.485614,-0.731137,-0.597966,0.335560,-0.578171,1
-1.880975,-0.433940,-0.671685,-2.121534,-1.259610,2.016613,1.021833,-1.204821,0.028650,1.240614,-2.380555,-1.158522,1.485403,-0.715249,-0.375091,0.992698,1
-3.666365,1.307139,-0.005801,0.696131,1.839435,0.493921,1.200284,-0.935680,-3.693033,-0.588838,-2.983181,0.718518,-0.179007,-1.267767,-0.214945,-2.242569,1
-2.229465,-2.014418,0.858521,-1.813825,-2.651410,-0.263511,-2.548128,1.722675,2.598679,-3.159839,-1.590771,-2.656440,-5.109399,-2.663530,0.129597,0.286325,1
0.942847,-1.234123,1.322284,-2.072612,0.030435,0.149531,0.000278,-5.711288,-0.456256,-3.267788,1.069249,2.849163,0.312825,-0.928741,0.174541,-0.039152,1
0.383302,1.545675,-0.117190,-1.388070,-0.404902,1.515243,-3.363511,-2.149302,1.129869,-1.469336,3.158157,2.545213,-2.165827,-2.809016,-4.609951,-0.699218,1
-0.536319,-0.237693,0.028576,-1.879826,-0.565145,-1.046399,-1.858860,-1.535101,-0.699395,-2.475809,-0.188295,1.921956,0.257329,-0.641960,-1.124661,0.952754,1
1.790643,-2.582232,-1.759340,-1.373583,-0.378281,-0.121928,-2.161881,3.234595,0.824318,1.747561,-3.839389,-3.047317,-1.850705,1.438606,1.716232,0.816565,1
-1.285186,-2.553805,-3.562391,1.960530,-3.436614,0.636190,-1.332284,-4.326962,1.716141,-1.451190,-0.443767,0.127914,-3.950467,-1.256956,-0.587373,0.021777,1
-3.705938,-0.317138,0.457055,0.115501,-0.246984,0.006406,-0.473269,-0.459031,0.630884,-4.817939,-2.179565,-0.958764,-2.353920,-0.557921,2.240169,0.007428,1
-4.179384,0.303276,0.449890,-2.525996,0.967110,1.198226,0.719970,-1.983617,0.947976,1.874768,-3.598091,-0.891575,1.151920,-1.190721,-2.598619,-2.738457,1
-2.251858,1.084139,0.605822,-2.689636,-1.455976,-0.876476,1.789333,2.256674,-1.183039,0.132117,-1.673460,-0.101549,-1.302398,-0.612411,-2.729915,-4.096516,1
-4.832952,0.153684,1.287901,1.084040,-3.364496,-1.028167,-3.582884,-1.995357,-3.299053,-2.424093,-1.290570,0.411374,-2.534899,-2.451785,-0.998771,-0.164063,1
-2.806646,0.878725,-1.191928,2.041252,-1.118891,-3.513136,-2.425138,1.341546,-3.619046,-1.986861,-0.048647,0.105543,1.810543,-2.192542,-1.872327,-2.020672,1
-1.780940,-1.792546,-3.575319,-1.937055,-2.240457,1.041852,-1.116741,-1.813275,-0.282640,-1.951499,-1.065815,-2.122816,-2.797539,-1.640664,-2.674685,1.376129,1
-2.409647,-2.521046,-2.493365,0.996380,-1.312925,-1.488233,-3.354007,0.030817,-0.437099,-2.159791,1.719103,0.305167,-0.223070,-0.531947,1.147685,-0.064169,1
-3.794209,-1.170702,-0.726060,1.144398,-0.762130,-5.216546,0.985317,-0.379915,-1.253899,-0.652081,-1.598495,-1.401612,0.252754,2.705804,0.970499,0.188483,1
3.027629,0.010307,-1.116070,2.368930,-0.850180,-2.494308,1.201377,-5.533502,-2.020615,-2.700348,-1.418292,-3.052309,-1.730670,-1.408079,1.356875,-1.221025,1
-0.400158,-0.631213,3.208170,-1.228266,-3.991318,-4.135796,0.074334,-0.981841,-3.417441,-2.556690,1.289017,-1.120253,1.804784,-1.784202,-0.314468,0.027903,1
-3.124666,0.551272,-1.472980,2.871222,1.126876,-3.502118,-3.017093,-0.232650,1.527689,-0.794540,0.904328,-4.067680,-0.099336,-0.088589,-1.819406,0.889875,1
-2.198959,-0.918731,-1.530047,-1.856371,-1.957330,-3.110997,0.438077,2.685587,-1.476662,-6.140948,-0.378214,-0.495379,-1.231949,-1.844550,1.251986,-2.818481,1
-4.782352,-1.496253,1.624636,-3.317992,-4.544888,-3.250709,0.093741,1.593335,1.110406,-1.118901,1.457375,-0.722389,1.493169,1.465434,-4.576205,2.592786,1
-0.984108,-2.569473,-1.611062,-1.887872,-0.560212,-2.131681,-3.624980,-1.725074,-0.008539,-3.540537,-2.632912,1.003529,-1.115497,-0.522871,-1.152447,0.017569,1
-1.923527,-3.104930,-0.793324,0.597442,3.319921,1.739507,0.783599,-2.621021,-2.477489,-3.482985,-1.083143,0.818845,-2.085801,0.070352,2.729599,-0.410169,1
-0.030758,-0.854676,-0.381640,-3.160905,1.442275,-0.868462,-0.341896,-0.242341,0.301131,0.241274,-1.008778,-0.062735,-5.165781,-4.129663,-0.007957,3.326314,1
-2.589767,1.843222,-1.424739,-0.230948,-0.925898,0.073829,-0.912777,-1.510319,-2.611944,-0.634580,3.203896,1.132011,1.454326,-0.033871,-1.182093,-3.246024,1
-1.842986,-1.092518,-3.869973,1.539961,-1.436752,0.208599,-1.685278,-3.114117,-0.880836,1.373694,-0.030164,0.684235,-1.363639,-0.151854,-1.150148,-2.828413,1
-3.409346,-4.451129,1.568717,-3.876770,-0.997315,1.178283,0.223469,-0.700069,1.096622,-0.231551,1.824011,-4.118777,-1.708028,-1.725143,-1.441252,-0.646173,1
-1.640487,1.479094,-2.078154,-2.232989,-1.778769,-1.971152,-0.269944,3.221549,-1.482101,-0.464317,-0.377038,-0.902775,-0.993670,-3.773553,-0.352964,-0.355605,1
-1.887311,-0.058777,0.647320,-1.965030,1.489264,-1.831210,2.901825,-0.351662,0.200601,3.146752,-0.694945,-1.325480,-0.726598,1.684709,0.640949,-2.576466,1
-0.276466,-0.175076,-0.840174,-1.062956,1.005307,0.145011,-2.283031,-2.312410,-1.327219,-2.755163,-1.584472,-1.609763,-3.409325,-1.633897,0.582726,-5.183402,1
0.549152,-0.511477,2.487180,-1.196875,-4.121513,-0.651673,-2.302411,2.497582,1.486937,-2.744568,-1.494812,-1.819350,-1.616282,-1.295123,3.160394,0.468593,1
-0.859330,-4.708257,-0.785241,-0.641694,-2.620355,-2.945038,-1.911397,1.866545,-0.216745,0.728711,-1.359732,-0.325066,-1.436459,-0.276243,-1.961247,-2.987321,1
-1.102368,-3.707970,0.151082,-1.088718,-4.916114,-3.641403,-4.924965,1.740743,0.412210,0.905317,0.128024,-4.135486,-1.184402,0.246595,-2.173308,-0.323886,1
-1.784289,-4.954455,-1.915751,0.759488,2.377159,-2.564914,0.641882,-0.908539,0.224742,0.383190,-2.828839,-2.179445,-3.520616,-2.594935,-1.270991,-1.125497,1
-1.947783,-0.668779,0.253112,-0.945681,-1.137818,-1.630713,0.764377,0.293044,-2.694589,0.490680,-1.138515,-4.566574,-0.949432,-3.158912,-0.245583,-4.024776,1
-1.033120,0.471416,-1.765210,0.173674,1.014781,-2.077593,1.409972,0.193175,-2.125182,3.365479,-0.828708,-2.351581,-2.935034,-2.615467,-2.016101,-3.815864,1
-1.305331,-1.451468,1.707387,1.078564,-2.274880,-2.153189,-2.161918,-2.679748,1.744069,-0.619052,0.622164,-1.463020,-0.607859,-1.988533,-0.941560,-1.026430,1
0.066602,-1.006353,-0.745450,-1.465651,-0.471462,-2.711112,-1.446312,-2.587641,-2.462279,-3.610738,-1.206066,1.079065,-3.198909,-2.903581,1.860228,-2.623054,1
-4.676053,-1.026496,-1.934831,-2.654085,1.691075,-1.303355,-1.247056,2.038990,1.258615,-2.472290,-1.271110,-1.042976,-5.450841,-0.133925,-0.234598,-1.448110,1
-0.093068,2.196812,-1.181261,0.328160,0.575280,-0.790477,0.631541,-1.541283,1.784328,-0.521530,-0.468370,-1.364811,-1.775628,0.674520,-2.761193,-0.640613,1
0.069935,-2.141690,-1.418739,-0.848016,-0.009489,-3.464752,-1.285779,-3.366362,1.114944,-3.170753,-3.848147,0.910089,0.401786,0.771989,-3.903513,-2.084438,1
-0.542001,0.299678,-3.310643,-1.265362,-4.614871,-2.010038,0.052521,-0.520730,0.588486,-0.019442,-3.094279,-0.379985,-2.422455,-3.287448,-1.775777,-0.523917,1
-5.776120,-2.239851,-3.831062,-1.039986,-0.489275,-1.270102,1.055929,-1.626459,-1.528416,-0.983183,0.249071,-1.409073,-1.570222,-2.803492,-1.903987,-2.262267,1
-0.823234,-3.058033,2.300838,0.073599,-1.677256,0.867215,1.766075,-1.163347,0.037237,-4.107900,-5.435359,-0.656225,-0.601755,-1.015841,0.952236,-1.444652,1
-0.087830,0.331655,-1.907995,1.699145,0.405840,-0.203839,0.121850,1.194450,-0.186271,-0.535087,-0.972620,-0.795270,-5.382797,-2.307311,-3.209894,0.031695,1
-0.950809,2.548268,1.019843,1.516465,-2.506344,0.503705,1.553718,-0.367240,-1.247042,-1.084370,0.106400,1.798231,0.816862,-2.635763,-1.317775,0.546628,1
-2.689788,-0.688178,-0.523117,-1.264000,-0.247074,-1.931180,-1.185703,0.377765,-0.418163,-0.413147,-3.441472,1.048123,-0.943603,0.459323,2.463373,-0.139457,1
2.266662,-1.856349,0.051209,0.704689,0.837926,-2.120982,-1.812371,-0.697251,-2.821745,1.604374,-1.391667,0.030745,-1.157429,-3.869197,-1.782362,-1.529858,1
-1.481589,-0.194019,3.048602,-0.647903,-2.856120,2.382253,-0.722384,0.631131,-1.614748,1.091848,-1.862346,0.490112,-1.521655,0.350501,-1.829082,-0.911152,1
-0.415035,-0.691579,-0.925782,-1.069950,2.949469,-1.355445,-2.426270,-2.194292,-3.862875,-1.135322,-1.064720,-0.820798,-1.707215,1.240873,-1.105155,-1.465128,1
-1.406546,-1.238148,-0.889014,1.624962,0.318295,-0.379720,-0.651424,-1.100028,-2.524909,-0.285965,-0.048901,-1.895641,-3.295112,1.069838,-0.272243,0.299817,1
-1.662292,-4.250293,-0.662490,-1.828752,-1.057609,-0.820290,0.896139,1.502266,-2.471288,-1.834753,-2.260091,-2.178019,-2.272291,-0.576310,-2.286404,-1.251323,1
-0.120818,1.249926,-2.185251,-0.320900,0.299568,-1.135826,-1.237284,-1.233848,-2.149507,0.232897,-0.839927,-1.423198,-0.809547,1.013376,-2.636010,-1.158409,1
0.195252,1.429824,-1.091880,-1.051508,1.218367,-1.068297,-3.637307,0.513769,-1.179027,1.767977,-3.670617,-2.799269,-1.616225,-2.846163,-1.458222,-0.369576,1
-3.262371,-0.874542,-1.828538,-0.140672,-4.154274,-1.603831,1.291908,2.211820,-1.953649,-1.600682,-2.428784,-1.823156,-0.792385,0.005845,-1.763589,1.293129,1
-1.616355,-3.198486,-4.277825,0.166407,-2.990485,3.289246,-2.319547,-0.683825,0.856391,-2.233006,-0.013230,-1.430923,1.368889,-0.822250,-2.456285,-1.177452,1
0.949224,0.232540,0.473321,0.374906,-3.495568,-0.417328,-1.332669,0.507318,-0.958767,-1.435928,-0.196943,0.021785,3.025884,-1.829791,-5.707107,-2.058206,1
0.958570,2.479086,-1.717094,0.256941,-0.631796,-0.762465,-2.868015,0.520106,-0.811047,0.347816,1.699218,0.846094,0.308589,-2.983986,-2.010457,-0.272882,1
-0.651680,3.668919,-0.452653,-2.512176,-1.333683,-1.445133,-1.393930,-2.335565,1.622990,-0.748179,-0.548478,0.612475,1.199966,-1.746492,-1.710723,-1.793461,1
-3.227404,3.749387,0.617249,-2.148810,-1.208547,1.594385,-0.949656,-2.591074,-3.783181,-2.365385,-0.926462,2.071076,-2.573311,-1.341796,-2.203050,-0.089585,1
-1.071693,-0.083927,-2.757961,-1.689637,-1.929462,-5.170344,-1.712247,-1.097174,-5.016617,2.658779,0.203265,0.727654,-1.575832,-0.706041,1.419894,0.052832,1
-1.983652,-1.370955,2.566518,-4.001059,-0.340306,1.556043,-2.517551,-4.595275,-3.156760,1.719795,-1.743701,-0.821624,1.870718,0.369928,-0.468046,1.560623,1
-2.211223,-4.699997,1.172132,-1.882006,0.213240,0.658601,-0.906587,-3.681368,1.681598,-0.256550,-1.978577,-1.753506,-3.494709,1.460541,-2.144279,-0.048503,1
-0.963423,0.337270,-0.997935,-1.140096,-0.742436,1.750117,-2.170748,-1.255661,0.726951,0.131593,-2.083446,-0.162467,0.258158,-1.032534,-5.417973,0.808047,1
-2.596601,-1.738046,0.094850,0.182701,-0.867842,2.725350,2.656842,-0.416451,0.182507,-3.295693,-1.859188,-0.748095,-1.023101,-2.276483,0.150008,0.278929,1
2.355921,2.288939,1.019717,0.370708,-0.647426,-1.945321,-4.121130,-0.548367,0.283767,-3.476391,1.898591,1.018130,-2.846488,-0.801717,-1.311162,0.942409,1
-1.647971,0.428483,1.737416,-1.035398,1.125291,-3.667825,-4.183334,-0.671041,-1.660026,2.569611,0.660858,-4.756033,-2.071537,-0.611133,-0.544765,-2.959321,1
-1.614280,-1.352971,-3.091256,-1.166741,-2.619147,-2.372385,-2.046767,-1.723803,-0.897298,0.266216,-3.243987,-1.195741,-2.965092,-2.940586,0.960137,-1.280983,1
-1.146000,-3.594977,-2.045718,-4.030073,2.535684,-1.268764,-1.245122,-2.245159,-0.745192,0.347124,0.409969,-2.277406,-1.652177,-1.871286,2.275541,-1.138725,1
-1.305568,-0.486436,-3.301071,-0.896492,0.279905,0.267047,-4.681445,-0.469819,-1.366020,-2.437438,2.606587,-2.087782,0.191597,-1.029722,-3.265564,1.357859,1
-0.282098,-0.866981,-1.512290,1.312261,-1.004235,0.797269,-0.745645,-1.740924,2.635000,-1.816539,-0.030153,-1.174294,-2.667093,-2.377109,0.258301,2.334753,1
