0.980681,1.650887,0.831803,0.431607,-0.609451,-0.983352,0.301991,-0.444298,0.643739,-1.170541,0.556328,0.879595,0.531524,0.187192,-0.275095,-1.456579,0
1.849371,-0.290630,-0.158022,-0.440282,-1.287903,0.040972,0.975820,-0.394483,-0.802984,0.072669,-1.406860,0.577792,1.619889,0.334738,1.732285,-1.506804,0
0.269593,0.419316,-0.116963,-0.869478,0.864292,-0.158338,-0.486528,-0.582259,0.045215,0.694462,-1.128132,0.421122,-0.939168,0.209621,0.158119,-0.792143,0
0.820849,-1.282427,0.430720,0.264724,0.681002,-0.416670,-2.121496,-1.904059,1.217008,1.182447,-0.372947,0.559874,1.069896,-0.317604,-0.231523,-0.055293,0
1.743878,0.398715,0.866963,-0.760609,-0.513783,-0.233818,-0.358449,0.145824,0.851744,0.069908,-0.957744,0.479929,0.476753,-1.011655,1.889865,0.117247,0
0.410491,-0.970214,-1.276687,0.404935,1.108468,0.377183,-0.620982,0.228661,-1.096958,-0.273250,1.238193,-0.203977,-0.884661,-0.135276,0.637968,-0.763618,0
1.024223,0.207390,-1.319246,-0.325350,0.545078,0.209758,-0.430371,-0.691366,0.157357,-0.257235,-0.494665,0.173771,0.019036,1.646974,0.170242,0.028225,0
2.261059,0.482404,0.454336,-0.200897,0.366254,-0.088732,1.758484,2.395472,-1.797409,-1.279429,-1.684427,0.778495,-0.132353,-0.580140,-0.440198,-0.031094,0
1.555153,0.636200,-0.908323,0.233355,0.149062,0.077315,-1.129642,-0.585997,-0.458309,1.511150,-1.236346,-0.750913,-0.659151,-0.840230,0.542388,-0.430456,0
0.129253,-1.125902,-0.955485,-0.328351,-0.677856,1.253654,1.753377,-1.030274,-0.365744,-0.684992,1.683605,-0.774272,0.447032,-0.129092,0.098478,0.800173,0
0.865316,-1.294082,0.839092,-0.143785,0.247440,0.634574,-0.054971,-1.057618,0.224829,0.939971,0.009669,-0.422673,-1.269819,0.215151,0.977764,0.731358,0
-0.184176,0.600484,1.556636,-0.914213,0.002294,-0.655063,-0.315918,-1.163505,-1.178610,-0.203690,0.295808,0.059333,0.686549,0.095025,0.630920,-0.454475,0
2.040256,-0.196977,0.131925,-0.843852,0.446948,0.632572,0.231908,-1.641074,0.461448,-1.027830,0.689112,0.418452,-0.642253,0.756241,0.696036,0.454333,0
2.006935,0.467227,0.626170,-0.142485,0.258489,0.396124,0.404940,-1.260750,-0.035487,-0.464684,-1.148819,0.222593,-0.019849,0.487656,-0.629637,0.945714,0
1.921358,0.436750,-0.345319,-1.192758,-0.006904,0.451399,-0.258724,0.166139,-0.360708,-1.648805,0.801110,-1.491791,-0.672428,-0.597123,0.372805,-1.296190,0
1.168114,-2.112051,0.415473,-0.775229,-1.511374,0.053654,0.343721,-0.697322,-1.189403,1.109027,-0.038234,1.536615,-0.126306,1.315269,-0.001537,0.989649,0
0.755193,-1.467769,-0.404740,-0.129501,0.330980,-0.202056,0.141042,0.284430,0.652782,-1.381124,0.847824,0.461869,0.920655,0.415231,-0.724771,-0.384289,0
1.851199,-1.042976,0.107633,0.725769,0.994093,0.077290,-0.321619,-0.955490,1.787982,0.000036,-0.068626,0.228375,0.002400,-0.833753,0.255035,-0.514801,0
1.403564,0.787008,0.265845,-0.153772,-0.088193,0.597492,1.133215,0.398061,-0.489994,-1.124872,-1.034231,0.469156,-0.669134,0.636710,0.857133,0.683368,0
0.971997,1.483002,0.386215,-0.201249,-0.541941,0.626808,0.378263,0.602547,-0.202268,0.580003,0.606919,-0.950943,1.577142,-0.392270,0.299110,1.638612,0
-0.401290,0.660777,-1.291921,0.369749,-0.011096,-0.806064,-0.318518,-0.263860,-0.744036,-0.563803,0.778127,-1.306692,0.031046,-0.275362,0.664172,1.295430,0
-0.324687,0.055589,1.745791,-1.302860,-0.313949,-0.738173,0.040723,-0.300560,0.865929,0.306613,0.156972,-0.658252,-0.918404,-0.608245,-1.310648,0.263932,0
0.308622,-1.285522,-1.028991,-0.391631,-0.630354,-0.035341,-0.951387,0.852278,0.086149,0.693814,0.515107,1.090761,-0.357604,-1.334296,-1.332573,-0.609503,0
2.790533,-0.185443,0.379976,-0.703465,-0.398331,-0.066895,-0.469668,0.097370,0.041749,-1.360642,-1.308740,0.490231,-1.064762,-0.212911,-0.595143,0.044689,0
0.867058,-0.762347,-0.147031,-1.731282,-0.687666,-1.202775,-1.227046,0.423029,2.139032,0.275806,-0.925751,-0.360739,-0.384978,-1.612960,-1.486991,0.318471,0
1.026488,-0.231644,-0.917455,0.894314,-0.753389,0.678581,-0.604978,0.592183,-0.753016,0.513465,-0.044134,0.357915,0.146027,-0.510905,0.113151,0.889899,0
1.567482,-0.246717,0.562782,1.078914,0.212476,-0.045525,-0.874821,-1.158134,-0.684129,-1.476631,0.662987,0.362804,0.257949,0.668684,-1.085518,0.657686,0
-0.007419,0.046881,0.969428,0.216590,0.603610,0.133171,-0.957845,-0.140793,0.067853,0.247626,0.872555,-1.705946,0.360441,-0.848593,0.313288,0.308120,0
1.437152,-0.143510,0.071970,0.322092,-0.047519,0.342769,0.961371,0.710447,-0.759026,0.730398,-0.488362,-1.341212,-0.032827,-0.839580,1.083103,-0.709637,0
1.459146,-0.068758,-0.296138,-0.711518,1.144188,0.078691,0.109477,0.677817,-0.149077,-0.228329,-0.776962,0.410136,0.431106,0.793995,0.978406,1.207721,0
0.224610,-0.394114,0.126476,-0.065912,0.739733,0.689053,0.227794,-2.195807,0.779639,0.693722,-0.420089,1.620422,-0.977741,0.156801,0.637845,-0.275213,0
1.755368,1.097202,-0.720351,-0.357845,-0.450302,0.246240,0.589865,-0.381780,-0.419560,-0.323677,0.302090,-1.813550,0.213626,-0.903036,0.221922,-0.685057,0
1.298632,-0.137750,-0.789117,-0.543178,0.281732,-0.000764,-0.383388,-0.816027,0.391927,0.270448,0.000854,-0.432487,-0.133992,-0.760871,-0.488392,-0.528275,0
1.679922,-1.582918,0.793607,0.542802,-0.181452,0.197047,0.662240,0.698427,-0.002169,-1.494007,-0.529985,-0.450099,-0.140538,0.552506,-0.446732,-0.598377,0
-0.656794,-0.330699,-1.080192,-0.392986,0.272506,0.124850,-0.280390,0.886536,-0.490743,0.147858,-1.582326,1.439539,0.248880,-0.257931,0.329405,-0.317146,0
1.318486,-0.121269,0.801178,-0.878130,0.056913,0.847010,-1.280990,-1.033572,-0.423992,-0.966817,0.795599,0.979564,0.313787,0.685676,0.671227,0.057509,0
1.776967,0.588497,-0.660652,-0.684657,-0.214312,-2.016322,1.692302,-1.475837,-0.295618,-0.818687,0.195165,-0.280576,-0.702243,0.529339,0.138134,0.353400,0
2.116048,0.747093,1.014115,-0.303165,0.421288,-1.624378,-0.304434,0.721018,0.310673,0.371339,-0.043260,0.350743,-0.054189,0.958857,-0.493600,-0.488005,0
1.473102,-0.067490,-0.536885,-0.267440,-1.383139,-0.570764,-0.711303,0.954378,1.570235,-0.005071,0.129077,-0.691614,-0.174733,0.626422,-0.252278,0.859121,0
1.061222,-1.458317,-1.201752,0.894190,-0.315864,-0.488295,-0.593079,1.356857,-0.355336,0.256996,0.177495,-0.749686,-1.173738,0.189288,0.531903,-0.501998,0
1.542812,-0.045988,0.541718,0.090555,-2.460002,-0.691585,-0.620942,-0.649740,0.652747,0.463561,0.174461,0.035776,-0.451183,0.485178,0.944525,0.804589,0
1.152209,-0.778753,1.711295,-1.182074,0.758135,0.491639,0.624511,-0.568964,2.017825,0.481907,-0.480928,1.726836,1.716224,-0.522747,2.030458,1.015941,0
0.154840,0.709585,0.910878,-0.950161,1.347744,-0.408598,-0.911800,-1.596667,-1.156497,-0.571603,0.679006,-0.020995,-0.203532,-0.108000,-1.280029,-0.934758,0
2.104802,0.817374,0.255954,-0.687178,0.685135,-0.200243,-1.105690,-0.618136,-0.208032,-0.441941,0.322673,1.086080,0.739825,-0.286269,-0.020818,-0.046709,0
2.151960,-0.551087,-1.227004,-0.945180,0.211425,0.220736,-1.557109,0.813963,0.017490,-0.924709,-0.235246,0.511977,-0.112850,-0.590121,0.214060,0.327827,0
0.759250,0.665468,-1.252976,0.373514,-0.013149,0.356214,0.333137,1.535668,-0.415878,-0.430919,1.089185,0.393772,-0.130002,-1.084036,-0.493510,-0.814443,0
0.737484,-0.084209,0.831548,0.007555,-0.000396,-0.984431,-1.985393,0.228124,-0.031056,-0.926969,0.401708,-0.222681,-0.071112,0.232363,-0.348267,-0.287596,0
0.097580,-0.208256,0.920868,-0.167164,-0.684916,0.790934,-0.262212,-0.834262,0.860272,-0.302615,-0.985399,-0.254773,-0.976244,1.425310,0.669185,-0.915174,0
1.403610,0.420294,-0.360998,-1.119119,-0.477497,0.059113,-0.668306,0.207512,0.236257,0.590430,0.120210,-0.392553,-0.471015,1.042635,-0.313121,0.319974,0
1.625005,1.708682,-1.190582,0.642140,0.363735,-0.635350,0.276931,-0.332706,0.391167,1.075860,-0.170954,-0.316863,-0.294948,0.185594,-0.164533,1.668228,0
2.169482,0.256605,1.247270,0.395561,-0.117691,-1.168789,-0.035253,1.307350,0.331115,-0.066907,1.380349,-0.750289,1.205635,-0.849824,0.151628,1.044983,0
1.423183,1.409931,-0.659899,0.378441,-0.795281,-0.007902,-0.506216,1.352570,-0.319077,-1.022913,-1.399883,-0.945968,-0.723585,0.200018,0.061553,-0.084515,0
1.166198,0.742227,0.715814,-0.192100,-0.144290,-1.288758,-0.711014,-0.827148,1.442537,-0.614763,0.420110,0.074499,0.178463,1.876969,0.603494,-0.728323,0
0.861034,0.815586,-0.976221,0.411448,0.970564,-0.247948,1.203654,2.226425,-0.416304,0.389370,1.196539,-0.165777,0.407223,0.096187,-0.181258,-0.362484,0
0.683071,-2.186931,0.838907,-0.451101,-0.739215,-0.152593,0.412960,0.261237,-0.426618,-1.308367,-0.262470,-1.381229,0.515676,-0.402267,-1.283384,1.176335,0
1.376430,0.677181,-0.809132,-0.717784,-0.192202,-0.759406,0.616435,0.706806,0.500337,0.331062,-0.562952,-0.075156,-1.541369,0.452780,0.012333,-0.599911,0
0.409965,0.798934,0.423713,0.428807,-0.197991,0.816351,0.239715,-0.125658,1.639592,-0.950494,1.224050,-0.496433,0.901981,-0.716353,-0.463845,-0.908361,0
0.984099,1.116703,0.513418,0.541945,0.135271,0.062852,0.141489,0.441891,-1.833645,0.462789,-1.072044,0.903062,-0.579600,-0.506041,0.700852,0.588419,0
2.626562,0.351378,0.769536,0.545612,0.496039,0.441871,-1.802436,-0.287595,0.263111,-0.729112,-0.402978,-0.281714,1.424111,0.496818,0.523975,0.508633,0
1.128337,-0.133835,-0.686955,-0.105365,0.852042,0.196138,0.619324,-0.476380,0.281742,-0.943125,0.225837,-0.068112,0.703515,-0.634084,-0.623780,-0.138130,0
1.456550,0.898895,-1.037975,0.152408,-0.856613,0.045388,0.341116,-0.556255,-0.118854,-0.148391,0.475848,-0.319346,-0.988486,0.673523,-0.454626,0.477162,0
0.836596,0.606398,0.017786,0.312833,0.292735,1.115241,0.680827,-0.492196,-0.559659,0.221305,1.100149,-1.030616,0.567743,-1.774406,-0.646596,-0.185191,0
0.961013,-0.087744,-0.223913,1.113548,0.790052,-1.314275,1.468904,0.615197,-0.718361,0.108610,0.683457,-0.363061,0.583195,-0.380620,-0.325197,-0.373900,0
1.066595,-1.207652,1.152950,0.123891,-1.099084,1.559027,0.330734,0.473246,0.959248,0.459829,0.838764,0.564817,-0.537351,0.446302,-0.833956,1.247690,0
0.397360,-0.788761,-0.012584,-1.804792,0.756881,0.290178,0.738277,0.266364,-0.720047,0.555091,-0.788192,1.017302,0.878151,0.455882,-1.090664,0.117347,0
0.494508,-0.251535,0.457256,0.661065,-1.117963,0.750028,0.954575,-0.777017,-0.487412,-1.303770,-0.007370,-0.958109,0.367116,0.495546,0.261125,-0.873437,0
1.228028,0.587477,0.826429,0.482109,0.581107,-0.717675,-0.682818,0.992436,-0.442319,1.006453,-0.412271,0.720422,-0.684607,-0.097931,-1.155497,-0.070858,0
0.523711,1.068800,-0.068370,-0.054324,0.238965,0.180162,0.297623,-0.160925,1.020584,-0.444817,0.319376,-1.355051,0.911322,0.244460,0.362415,0.047835,0
0.075508,0.575640,0.839058,-1.464593,-0.417104,-0.176705,-0.053593,-0.427623,-0.825969,0.451037,-0.557090,1.166387,-0.772450,0.339358,0.888801,-0.426018,0
0.208664,-1.089095,0.447315,-1.021274,0.850753,0.481385,-1.455892,0.691756,-0.500670,-0.228508,0.865088,-1.758219,0.389900,1.414748,0.629638,-1.087204,0
0.886503,0.766283,-1.128987,-0.383337,0.265012,-0.240451,0.068190,2.092055,0.663782,0.645277,-0.073017,-1.214426,0.653929,-0.280714,0.801068,0.747423,0
1.217265,0.078310,-0.425990,-0.228486,-0.445562,-0.126273,-0.052501,0.476941,-0.078135,-0.902398,-0.356988,-0.038612,-0.263279,0.611890,-0.312500,-0.077529,0
0.277144,-0.497670,-0.007984,1.206267,-0.328489,0.284283,0.363853,-0.970140,0.733018,-0.063329,-1.476760,1.251207,1.461118,-1.072236,0.032018,0.807010,0
0.702469,-0.133903,1.785343,0.333473,-1.021330,-0.305777,0.340730,0.918612,-2.266490,0.579269,0.372567,-1.841751,-1.084867,-0.735459,-0.475794,-0.809395,0
0.564656,1.190180,0.751656,0.407504,-0.092393,0.393208,-0.570167,1.574988,0.073338,1.370641,-0.734842,0.654330,-0.332566,-0.110630,0.803083,0.835469,0
1.142086,0.019727,1.066084,1.022487,-0.038163,-0.225359,-0.718501,0.227110,0.928825,0.893176,0.104517,0.703840,0.659294,-0.052494,0.975406,0.454100,0
1.355123,-0.936626,0.467206,-0.130991,-1.791898,0.348322,0.570709,0.059428,-0.816816,1.881305,1.200484,-0.987162,-0.175968,-0.479476,-1.290257,-0.215693,0
-0.237068,-0.995461,1.589811,-1.371857,-0.121962,0.559990,-0.057647,-0.138429,-0.083163,0.735984,1.061069,-0.176870,-0.115627,0.367270,-1.493113,-0.476845,0
0.681633,-0.005733,0.275888,-0.149163,0.737273,0.815786,1.289113,0.313023,0.112440,0.151190,0.339413,0.288422,0.539023,-0.273724,0.344991,-0.284046,0
1.477668,0.062660,0.181100,-0.944188,-0.811480,1.036844,-0.378435,0.346658,-0.484665,0.193890,-0.040002,0.468306,-2.102625,-0.124694,-0.016042,0.273618,0
-0.540551,0.729844,0.163260,0.353013,-0.300846,-0.789825,-1.222088,-1.048024,-0.913059,0.583448,-0.122464,-1.235470,-0.540576,-0.457855,0.715076,0.650423,0
1.802058,0.479815,2.321303,0.317463,-0.243776,1.032817,0.706626,0.331595,-1.307372,1.100323,-0.096385,-1.163716,-0.182832,0.699228,0.889463,0.593178,0
0.306811,-0.878512,0.012464,-0.626451,0.339210,-1.538375,-0.614799,-0.735098,-0.326564,0.452129,0.424653,0.395923,-2.001646,-0.821704,0.459280,0.759175,0
1.284495,1.333698,0.178293,-0.577523,-0.189645,-0.084110,0.914726,-0.712684,0.666285,-1.295078,0.005153,-0.159949,-0.249402,-0.207092,-0.051560,0.382738,0
-0.096860,1.292094,-0.878402,0.173845,-0.110698,-0.480350,0.725158,-0.058089,0.325397,1.363803,-0.586351,-0.005545,0.686807,-0.863653,-0.857512,0.694901,0
0.680654,0.460230,-1.085222,0.660534,0.809893,-0.780399,0.721173,-0.216766,-1.687490,-0.302700,-1.211733,0.606490,-0.395838,0.355439,1.308260,0.339277,0
1.185588,-1.398215,1.632994,-1.709056,-0.532472,-0.776532,-0.249179,0.840397,0.351212,1.366366,0.323228,0.118757,-0.224890,0.471623,-0.030614,0.541879,0
1.193831,-0.285005,0.122808,-0.471422,0.705896,-0.102367,0.093529,0.002174,-0.325609,-1.254119,-0.209989,1.644719,2.056046,-0.234663,-0.229397,0.855036,0
0.967007,1.102776,-0.390822,-0.123319,-1.114180,0.206413,1.661252,0.769283,0.149198,2.078364,0.868713,0.676124,-1.078470,-0.285079,-0.553190,0.157252,0
0.435679,0.441948,-0.523121,0.446854,0.962644,1.026766,-0.737248,0.687643,-0.213319,0.585832,0.190027,-0.177082,0.359148,0.340674,0.204932,0.333417,0
-1.039751,0.618284,0.607911,-1.630716,0.739147,-0.020932,-0.500786,0.586283,-0.566729,-0.982391,-0.902777,1.318409,0.410854,-1.101405,1.750343,1.279595,0
1.396199,0.495591,-0.309720,1.075063,-0.427038,-0.701129,-0.616534,-0.279775,-0.399659,0.688505,-0.084605,-1.102729,-0.070851,-0.897389,1.033483,0.123947,0
-0.418197,0.310858,-1.678771,-0.170974,-0.548685,-0.258215,-0.952638,-1.230592,0.623303,-1.234132,0.489523,-0.177509,0.923733,0.814430,0.168596,0.136985,0
0.520055,-0.747592,-0.567991,0.673683,0.360663,-0.264373,-0.759100,2.167066,0.166326,0.071475,-0.076069,-0.998682,-0.719496,0.479196,1.056551,0.345337,0
-0.498639,0.086741,-0.549873,-0.555901,-0.501643,0.623955,1.198704,0.384170,-0.341208,0.095781,0.565831,0.567547,0.666844,-0.292433,-0.189322,0.550182,0
2.007798,-0.957334,-0.717855,-0.570838,-2.409474,0.911764,-0.999466,0.158295,-1.843049,0.153955,1.031287,-1.476396,1.566029,-1.018296,-0.750196,-1.114297,0
1.494667,-0.394022,0.139073,-0.394161,1.888106,-0.895815,1.577193,1.535373,-0.756641,0.001939,-1.257295,-1.016771,-1.106096,-0.298672,0.145848,-0.123828,0
1.548156,-0.630794,0.362599,-0.843498,-0.663973,-0.236064,0.304745,-1.090719,-1.571700,0.660037,-1.030267,-0.597993,-0.503877,0.310403,0.462218,-0.109791,0
0.797163,-0.167290,0.283310,-0.286765,0.369642,-0.922623,1.632107,-0.201288,0.620044,0.861297,0.537811,-0.720536,0.517536,0.483743,1.651891,0.224212,0
1.546847,-1.275115,-0.216146,0.276003,-0.289332,0.095925,-0.571137,0.715850,-0.104967,1.361572,1.030231,0.351571,1.107517,-0.358670,1.554664,-0.095155,0
0.841905,-0.452257,0.078379,-0.615773,0.092114,0.167629,0.057000,0.126118,-0.157642,0.385808,0.539516,1.629809,0.325237,-0.316225,1.077613,-0.735991,0
1.419287,-0.058965,-0.183960,-0.734450,0.372068,1.066109,0.779827,-0.265929,-0.783234,0.253562,-0.231489,0.290001,0.069621,1.197459,0.974709,-0.877665,0
0.660457,1.895847,0.885502,0.948015,0.196241,-0.604182,-0.758210,1.959669,-0.221781,1.113157,-1.005344,0.009829,-0.435924,0.081147,-0.406250,-0.092053,0
1.063685,-2.052670,0.212618,0.778596,0.000190,0.905850,-0.467827,-0.111538,0.921544,1.033062,-1.101014,0.830918,0.323297,-1.432392,-1.019507,-0.273828,0
1.188304,0.278956,0.155562,0.096709,1.346204,-0.669650,0.258866,0.195067,-0.983357,-0.403430,-0.513947,0.533668,1.382715,1.018896,1.204085,-0.069605,0
-0.536991,0.620600,0.327201,1.073880,-0.302142,0.261689,0.180011,0.212905,-0.455178,-0.505443,-0.365631,-0.519160,-0.716907,0.305279,-0.761788,-0.982822,0
0.323339,-0.412816,-0.183170,-0.662647,1.142319,0.884152,0.473577,1.203066,0.273075,-0.428401,-1.235986,-0.474579,0.535599,-0.511944,1.072125,0.615056,0
0.428517,-0.698879,1.125540,0.465847,-0.559281,0.395465,-0.600142,-0.260166,-0.191391,1.266106,0.962314,1.183712,1.373456,-0.256466,2.751915,0.776120,0
1.296183,0.406596,-0.084390,1.244466,-0.370240,-1.070456,1.095310,0.187510,-1.045600,-0.171739,-0.350454,0.776252,-0.594627,-0.933264,-0.071783,0.356053,0
0.770637,-1.030527,0.253185,-0.457315,-0.868011,0.616625,1.456248,0.392982,-1.838831,-0.458718,0.124550,-0.671042,0.557290,-0.382864,0.322312,0.156434,0
2.301731,-0.630213,0.411770,0.782734,-0.431455,0.769514,0.070027,-0.337739,0.091323,1.558631,1.210589,0.716528,0.415385,0.119000,-0.700147,-0.827029,0
0.195624,-0.204893,1.042262,1.418672,0.108521,-0.808251,-0.582136,-0.033298,-0.960140,0.150309,0.717255,0.089702,0.652275,0.207070,0.405337,0.031897,0
1.219928,0.129510,0.241056,-0.403827,0.018260,1.799981,1.319439,1.398314,-0.011447,-0.207999,1.046074,-0.039039,0.409531,0.289657,-0.157308,-0.024832,0
1.105863,-0.203850,-0.502884,-1.095800,-0.648526,-0.083139,-1.373892,-1.070253,-0.161337,-1.160063,0.611464,0.627177,1.291456,0.778342,-0.805430,-1.435988,0
0.944024,0.535583,-0.531508,0.141151,-0.727669,0.331869,-0.001442,-0.347062,-0.590259,-0.638849,-0.003511,0.501421,-1.798732,-0.330276,1.853852,0.348410,0
0.978678,-0.238627,-0.595111,0.680478,-0.875814,-1.612016,-0.141873,0.611639,-0.412350,1.284748,1.084876,-0.047194,-1.121072,1.276180,0.443170,-0.238302,0
0.084884,-0.428795,0.055301,1.106103,-0.964528,0.231943,0.161327,0.930182,0.834815,-0.308428,-0.393840,-0.785363,0.247849,-0.961085,-0.423118,0.728870,0
0.280680,-0.243281,0.377962,0.456533,-0.115332,-0.925126,-1.096798,-1.304041,-0.339381,0.524915,-0.239007,-0.148750,0.951605,0.218042,-0.011026,0.947281,0
-0.289140,-0.271875,-0.272572,0.791422,-0.215319,0.449361,1.801845,1.504661,-0.733155,-0.161085,-1.547831,-0.366093,0.805655,0.049296,0.451941,-0.210979,0
1.754116,-1.499794,0.193981,0.313481,-0.312595,-0.153907,-0.229305,-1.267385,-0.916384,-1.490811,0.543107,0.302447,0.029473,0.395625,-0.572193,0.146166,0
0.747046,1.610212,-0.148951,-0.306771,0.711094,-0.499239,-0.092978,0.683507,1.444338,-0.542271,-0.116659,-0.044699,-0.920209,0.803828,-0.512650,-0.479837,0
1.960987,0.277790,-0.743383,0.488306,-0.140928,0.996412,1.119379,1.981436,1.568569,0.026585,0.060830,1.130343,0.206538,-1.681333,0.619206,-1.890062,0
2.634700,-0.178165,0.928779,0.075081,-0.202001,0.024563,0.037851,1.048611,0.715015,-0.751915,0.546077,-2.957197,-0.305854,0.167716,-0.734195,-0.894089,0
2.045723,-1.170991,-0.147589,1.019472,1.259949,-1.010243,-0.672425,1.647655,0.464603,-0.787411,0.412609,0.777857,-0.272129,0.030317,-0.902231,0.686678,0
1.550421,-0.244768,-0.275333,-1.897696,0.098888,0.778383,-0.911958,0.329978,-0.966127,0.161027,0.054093,-0.710130,-0.341416,-0.524545,-0.281051,0.215358,0
-2.303007,1.814762,-0.894696,1.525482,0.414061,0.441840,1.025001,-1.094188,-0.460689,0.727069,-0.354742,-0.532364,1.172913,-0.813606,-0.620811,0.932746,1
-1.209595,0.035596,0.189381,0.521188,-0.005347,-1.100652,0.111419,0.300888,-0.184349,-0.942233,-1.082998,0.289191,-0.299321,-0.174137,0.641230,0.851858,1
-1.698506,-0.056085,0.570921,-0.147501,-1.336170,-0.007246,-1.130273,0.783967,-0.535373,0.075768,-0.264616,-0.152077,0.175799,1.335738,0.483645,0.989005,1
-2.074488,-0.181295,-0.296269,-0.158703,-1.517732,-0.569711,0.633157,-0.382252,-0.899355,-0.188097,0.348951,-0.441015,-0.135410,-0.533162,0.166291,-0.853749,1
0.152324,0.943520,-1.202657,0.492607,-0.633278,0.177738,-0.865319,0.713766,0.192902,-0.558736,-0.271827,-0.336157,0.895780,-0.509354,1.249705,-0.074209,1
-1.580626,-0.733758,-0.599424,-0.166949,0.309448,-0.119504,-0.968638,0.054862,0.792627,-0.151142,0.613574,-0.286977,-0.202066,0.472769,0.031230,-0.202947,1
-1.204364,-0.826652,1.869756,-2.064094,0.902296,1.193310,-0.342136,-0.520667,-0.355642,0.658828,-0.049306,-1.305179,0.290165,-1.800277,0.984747,0.505095,1
-1.007283,-1.670923,-0.221953,0.939360,-0.240035,0.591342,0.612168,-0.030280,-1.703899,-0.546436,-0.221207,1.040246,-0.313205,1.435802,1.237020,0.845778,1
-1.252613,-0.776008,-1.444472,0.011222,0.664232,-0.692939,0.006824,1.172003,1.707618,-0.131647,-0.019406,0.856863,-0.086135,-0.306147,0.335905,-0.026634,1
-0.004104,-0.557341,0.378880,-0.766528,1.972782,-0.158866,0.421652,-0.031117,0.239538,0.484267,0.142546,-0.872930,1.181748,0.425494,0.724255,-0.845289,1
-1.012638,0.613041,-0.388616,-1.376401,0.463127,-0.797248,-0.217259,-1.530050,-0.739422,-0.497060,-0.577493,0.564653,1.807624,0.901690,-0.169032,-0.991348,1
-1.911283,-0.888675,-1.627972,-0.427181,1.109355,0.812374,-1.130085,0.177448,-0.693260,1.197954,-0.675123,0.684876,-0.380593,1.007584,0.606233,-0.092254,1
-1.279625,-0.513341,0.410178,0.215287,0.003865,-0.111903,1.186962,0.833537,1.418779,0.594863,0.050996,-0.491839,0.025746,-0.317159,-1.792264,0.863812,1
-0.202085,-0.157820,-1.034855,0.394295,-0.183248,0.434602,-1.277914,0.800781,0.215909,0.687229,0.141652,0.419618,0.044605,-0.672824,0.521872,-0.043814,1
-0.816489,-0.141932,0.448719,0.650680,0.673155,-0.797636,-0.652355,-1.475080,0.054402,0.372400,0.040067,0.271753,-0.348039,-0.652134,1.742761,-0.448651,1
-2.452172,-0.515103,0.101389,-1.021044,0.298153,0.025172,0.631459,-0.356805,-1.140369,0.755959,-0.145912,-0.178416,0.059029,0.318088,-0.630122,1.184245,1
-2.158654,0.849377,0.473757,-0.368130,-0.047778,-1.840612,-0.229377,1.318401,0.754482,-0.641039,-0.453423,-0.589573,-0.561518,0.774893,0.964488,0.946113,1
-2.047587,0.633141,-0.879552,1.713284,0.042272,0.173685,-0.170228,-0.185026,0.361355,-0.420640,0.958533,-1.117859,0.627427,-0.215798,0.573250,-0.860896,1
-0.642085,-0.571966,0.544712,-0.885983,0.661912,1.393509,-0.296238,-1.318130,0.810138,0.429340,-0.303629,0.114335,1.346072,0.464529,-0.057945,-0.978145,1
-0.212801,0.175326,0.530132,0.230731,-0.912366,-0.208012,-0.091826,1.819422,0.292371,0.423648,1.806887,0.119289,-0.867949,-0.854551,-0.595375,1.660174,1
-0.686809,-1.138762,0.088473,-0.624704,0.418256,0.152198,-0.270981,-0.384087,0.587324,0.288055,-1.212794,0.752631,0.721251,0.446116,-0.886554,0.698071,1
-1.036005,-0.786825,-0.392568,0.701603,-0.598464,0.194521,0.345638,0.433484,-0.524276,0.792067,-0.387505,0.022022,-0.372844,0.128100,-1.130927,0.340614,1
-1.217240,-0.016506,0.287875,0.947062,-0.049223,0.332466,0.308640,0.817091,0.018413,-1.305917,0.595823,0.591108,1.085098,-0.844938,-0.962012,1.614879,1
-2.386119,-0.451104,-0.725438,0.442871,-0.878900,0.803188,-0.498108,-0.553269,-0.091012,0.330165,1.350837,0.268278,-0.352944,1.304408,0.436725,0.271538,1
-0.275821,0.678973,-1.115922,0.006904,-0.683054,0.855289,0.330312,-1.406552,0.347638,0.385814,-0.138207,1.229771,-0.617225,-0.446517,-0.666898,-1.503746,1
0.016544,0.926797,0.284921,0.345675,0.034392,-0.249181,-0.103316,-0.387827,-1.240548,-0.717767,0.840298,-1.172874,0.643057,0.364255,-0.354662,0.913426,1
-1.389054,0.328292,0.033467,-0.554845,-0.291580,1.322981,-2.347604,-0.368994,-0.072884,-1.609979,0.093935,1.190401,0.712792,0.225623,1.381244,0.417737,1
-0.702127,-0.539858,-1.313502,0.957781,0.351816,0.456578,-1.586785,-0.310379,1.569576,-0.473343,-1.268077,0.600168,-0.288650,0.001137,-0.385657,-0.656902,1
0.363291,-1.596864,0.320313,-0.978921,-0.271214,0.375544,-0.734531,-0.031887,1.095479,-0.271302,0.077795,0.147251,0.502009,-0.015021,-0.800851,0.313714,1
-2.452688,-0.478063,-1.121440,0.305650,-0.721816,-0.510798,0.491624,-1.289545,-1.695826,0.275007,0.334117,-0.611781,-0.838448,-1.075620,0.745095,-0.761043,1
-0.664246,-1.331353,0.723308,-0.820383,0.205576,-0.271955,-0.051315,-0.241643,0.200447,-0.125871,-0.055081,1.969656,-1.184777,-0.436663,0.112584,1.406044,1
-0.406024,0.862799,1.037189,-0.842377,-0.057246,-0.361717,-0.945208,0.721545,1.155031,-0.626797,0.112729,-0.460294,-0.204475,-0.026421,0.924757,-0.338003,1
-1.353065,-0.733796,-1.837237,0.680464,2.391048,-0.179130,-0.291608,-0.159005,0.835509,-0.465586,-0.072605,0.172719,0.169742,-0.735959,-0.158600,-0.286387,1
-2.140159,0.340393,-0.367091,-0.233989,-0.604570,0.400368,-1.583941,-0.209481,-0.341645,0.700912,0.977595,0.083762,1.153785,0.475342,-0.441566,0.037004,1
-0.966477,-0.935992,1.951765,0.127295,0.613273,0.441198,-0.847652,-0.543490,-0.068548,0.203698,0.771849,0.025361,0.878433,1.002639,0.258272,-0.034380,1
-0.624722,1.181957,-0.016230,1.064584,-0.401918,0.110078,-0.307051,-0.978490,0.328187,0.372459,0.215365,0.331177,-0.373510,-0.461334,0.121572,0.351211,1
-0.921381,0.128822,-0.175648,-0.097991,-0.787475,0.056766,-0.964952,-0.120529,-1.869560,-0.753149,1.300661,0.674065,0.621329,0.814687,0.119184,0.007360,1
-1.815975,0.067962,0.502300,-0.725866,-0.921425,-0.703842,-0.061079,0.308666,0.031288,0.548792,1.538508,0.417653,0.546210,0.311596,-0.457441,0.546028,1
-0.661124,-0.265580,0.401285,-0.271534,-1.565756,-1.436550,0.902460,0.315135,1.986329,0.662417,0.746478,0.280744,0.403425,-0.982412,0.895871,-1.100945,1
0.665262,0.560102,-0.657945,1.744341,0.168123,0.949897,-0.779665,1.532455,0.143609,0.620236,-0.413024,-0.863464,-0.153597,0.791353,-0.986945,-0.267920,1
0.191752,0.659504,-0.783906,-0.286979,0.149246,0.038548,0.667786,0.143234,-0.378360,0.484586,0.250701,1.081141,0.626465,-1.101128,0.349654,-0.067058,1
-0.457962,-0.114513,0.036443,-0.210808,1.896443,0.042262,-0.684829,-1.138700,-0.036242,1.846001,0.147621,1.017244,-1.140565,0.969454,0.777527,0.112427,1
-1.429838,-0.488462,1.336653,0.004175,0.399993,-0.747356,1.331417,-0.093759,0.082776,0.536294,-1.207124,-0.793374,0.410623,0.212119,-0.657423,-0.076615,1
-0.582899,1.044035,1.430615,0.853086,0.898878,0.707647,-0.080637,0.151600,1.171230,0.377053,-1.077374,0.169736,0.579702,1.221462,-0.135016,0.203783,1
-0.885550,1.146247,-0.035063,1.371318,-1.430537,-0.059619,0.892282,0.535925,0.013018,0.289035,0.677432,-0.357683,0.773941,0.790838,-0.609164,0.582777,1
-1.233540,0.286104,0.660440,0.537997,0.078919,-0.287195,0.293819,1.951054,-0.084208,-0.414879,-0.700017,-0.797323,-0.149495,0.053353,-0.268553,0.197463,1
-0.878978,-1.129430,-0.152769,-0.280581,-0.921129,-0.817144,0.183585,0.563019,-1.065140,0.492288,-0.395821,-0.483382,-1.058284,0.496207,-0.376359,-1.650928,1
-2.447575,-1.190243,0.015294,0.102315,0.259551,0.371214,0.485249,-0.443422,0.557917,-0.002748,0.097402,-0.599225,-0.719188,-0.761070,0.363804,0.258473,1
0.081845,1.139043,1.575659,1.474672,-0.389333,-0.888144,-0.980827,1.376428,-0.836553,1.216038,1.421792,-0.729664,-0.621929,-0.355033,-0.085002,0.209821,1
-1.786330,-0.864215,-0.617851,-1.362111,0.691845,-0.216419,0.353738,0.685846,0.211725,0.336879,-0.730952,1.615402,0.138005,0.027618,-0.281924,-0.516442,1
-0.462341,-1.309547,-0.717981,0.759058,-0.529174,-0.615770,-0.763837,0.117946,0.534459,0.233138,0.850557,0.737265,-1.733767,-0.672765,0.853193,-0.370713,1
-1.425497,-0.529386,-0.801463,0.983785,-1.016446,-1.145589,1.045569,1.844859,0.405915,0.551732,1.166033,1.785480,-1.995518,-0.653058,-1.196930,2.183181,1
-2.033053,-0.662442,-0.414628,-1.233895,-0.202487,-0.150812,0.311533,-0.295775,0.378625,0.191519,0.114205,0.148839,0.278947,-0.042529,0.767895,-0.788568,1
-0.978397,0.564701,-0.503901,-0.738296,-1.372313,1.074587,-0.086845,0.838279,-0.514324,0.081144,0.911737,0.223814,1.080571,1.636001,1.027721,1.249622,1
-0.534510,-0.936503,-0.273460,-0.214728,-0.561870,0.146985,0.138050,0.168011,-0.370705,0.002705,0.758432,-0.398516,-0.535461,-0.769418,1.171692,0.011558,1
-2.476901,0.798773,-0.045444,0.748456,0.284092,0.319993,1.009586,-0.642036,-0.806627,-0.084976,0.551611,-0.123633,0.428137,-0.593076,0.563425,0.465434,1
-0.861537,0.554671,-0.410188,-1.249673,1.304543,-1.597984,-0.457625,-0.155016,-1.115222,0.488331,1.342461,0.641865,-1.984556,-1.221354,-0.675490,0.137989,1
-1.538327,-0.939439,-1.101167,-0.298692,0.327478,-0.853896,0.104469,1.477876,0.192654,0.337131,0.889073,0.840940,-0.682088,-0.881669,-0.409352,-0.602228,1
-0.735138,1.215505,0.146484,0.663306,0.034716,1.252683,1.637954,0.549809,-0.422606,0.058727,0.206479,2.401940,0.288619,0.879861,-0.055442,-0.266535,1
-0.709915,-1.303464,-0.208881,0.324000,-0.446013,-0.502626,0.631021,-0.153994,0.287044,-0.088825,0.036485,-0.814255,0.663184,-1.315462,-0.235666,0.955666,1
-0.939078,-0.784914,0.009634,0.314781,-0.075782,0.516471,-1.286564,-1.101366,-0.007177,0.791777,-0.479640,0.176479,0.687686,-0.858445,-0.918800,-1.573885,1
-0.048125,0.643797,-0.425500,0.408274,-1.169049,0.057350,-1.653203,1.548599,0.519088,0.170320,0.594502,0.683904,1.690782,-0.007319,1.320046,-0.284413,1
-0.557968,0.780356,0.191561,0.284640,-0.469944,-0.373998,-0.462290,-1.036664,-0.675071,0.871777,-0.637952,-1.044384,0.557145,0.352295,0.471237,-0.003742,1
-2.023430,0.625835,-0.887785,0.062321,0.984192,-1.012490,0.692276,-0.135913,1.454037,0.167826,-1.179639,-0.662414,0.045080,0.162905,0.494773,0.035194,1
-1.435380,0.744391,-0.068094,0.198954,-0.951865,1.214640,0.505116,-1.060681,-0.812935,-0.215669,-0.709993,0.749615,0.457330,-0.532610,0.775229,-0.382305,1
-1.355683,-0.506504,0.363624,-1.161263,-0.116350,-0.467373,-0.133361,-0.099036,0.705567,-0.662046,0.453850,1.126654,0.972722,-0.128497,1.643952,-0.275512,1
-1.466089,0.102114,0.518907,-0.757424,1.383416,-0.992880,0.057578,0.031908,1.114680,-0.670985,0.489654,-0.086237,-0.296643,-0.271284,0.030824,-0.388629,1
-1.480965,-0.418512,0.843324,0.164783,-0.390398,-0.482987,0.536057,1.130327,0.683168,0.209863,0.674945,0.190130,1.448680,-0.421713,0.662775,-0.416806,1
-1.079350,-0.347157,-0.878432,0.726604,1.147733,0.012056,1.599640,-0.580940,-0.205217,0.602694,0.513872,0.053643,0.024198,-0.542674,0.800031,0.676362,1
-0.047790,-0.452966,-1.585046,-1.354009,-0.942872,-0.663455,-0.245891,0.060875,-1.383727,0.129905,-0.685518,0.032202,-0.382972,0.329580,-0.070946,-1.948640,1
-0.521935,0.536565,0.501484,-1.071025,0.793541,-0.282251,0.016587,1.153727,0.523275,0.111021,-0.038639,1.386059,0.219440,-0.636381,-1.904942,0.409261,1
0.105534,-0.081976,-1.040880,1.607691,-1.061188,-0.664218,0.011771,0.218467,0.503098,-1.822190,0.095817,0.375604,-0.059497,-0.393145,0.669852,0.313104,1
-0.922974,0.090868,0.538085,-0.703549,-0.231883,-0.275753,-0.203262,1.290354,-0.186286,-0.630210,-1.038555,-0.764416,-1.723714,0.398759,-0.623177,-0.013592,1
-1.028997,2.344138,-0.567679,0.489170,-0.708405,-0.934304,-0.990717,-0.054677,0.457886,-0.183478,-0.072835,-1.050020,0.944054,0.207884,-0.125092,-1.091866,1
-2.485440,0.103612,-0.566568,0.861415,0.972074,-0.421487,1.255355,0.074190,-0.966742,-1.258564,-0.622298,-1.189244,1.093382,1.587107,1.399272,0.819162,1
-1.225875,0.192362,-0.146378,0.520115,0.853037,-0.324870,-0.138861,1.373961,0.333638,0.077018,0.612896,-0.397938,-0.019066,1.141038,0.886825,1.307880,1
-0.696565,-0.727168,1.612607,0.674300,0.609556,-0.866605,-2.199490,-0.055637,0.682365,-0.420400,-0.110555,0.386482,-0.526367,-0.621975,1.287062,0.041385,1
-1.447660,0.974823,-0.545122,0.735765,-0.009366,-1.218091,-1.446844,1.257202,1.148023,-0.133555,0.279006,1.756153,0.233638,1.213843,-0.158735,-1.170119,1
0.151838,0.410249,1.074610,1.189116,0.006981,-0.078509,1.439181,1.116946,-0.588026,0.941845,-0.993781,-1.745316,1.105666,0.683573,0.478786,-0.547245,1
-0.208666,0.250390,0.171110,0.181385,-0.288870,0.409858,0.494891,0.176420,1.079531,0.706019,-0.803292,0.794812,1.357910,-0.524475,-0.521669,-0.164010,1
-2.392838,-0.065629,1.397176,-0.922267,-0.198573,-0.194789,-0.295547,-0.465247,1.065238,-0.306331,-0.164943,-0.276679,-0.826363,0.234475,-0.581711,0.666740,1
-0.688118,-0.313390,-0.458248,0.171509,0.619529,0.216808,0.475760,0.879225,-0.098151,1.493701,0.601721,-0.751646,0.303041,-1.044715,0.566048,0.130878,1
-0.492900,0.604353,-0.022027,-0.454558,-1.035860,-0.668869,0.434364,0.165738,-2.148395,-0.395627,0.093597,0.535464,-0.100717,-0.005366,0.661048,-0.012870,1
-1.584913,0.191870,-0.626676,0.142527,0.883430,0.501158,0.159730,-0.437199,0.018006,-0.033126,0.159593,-0.308460,0.962866,0.257398,0.571110,0.603155,1
0.417120,-0.200688,-0.601409,-0.212901,0.658252,0.553730,0.122302,-0.209586,-0.059410,0.351128,0.275759,0.769715,-0.249877,-1.473994,-1.777002,-0.339644,1
0.111073,-0.114175,-0.000584,0.023128,-0.704405,0.038257,2.399970,0.022344,-0.093369,0.191117,0.332116,0.637391,0.830880,-1.352794,-1.101144,0.303190,1
-2.295031,-0.373626,-0.701425,-1.242789,1.275975,-0.695560,-0.869599,0.853051,-1.063997,-0.674096,-0.176986,1.267892,0.226269,-0.129292,0.602179,-0.533887,1
-1.211461,-1.726238,1.282885,-0.720876,-1.860926,-1.093326,1.496091,0.460226,1.281164,-0.649688,0.912016,-0.365047,-0.006414,-0.002724,-0.784335,-0.639577,1
-1.319961,-0.890766,1.139161,0.359020,0.173781,0.024820,-1.131685,0.588931,1.489625,-0.066525,0.410224,0.087326,-0.369784,1.106264,-0.704983,1.680561,1
-0.703807,-0.047419,0.942506,0.560755,0.232845,-1.328275,-0.412632,-0.278675,-0.787732,0.459447,-0.383121,1.528783,0.537966,-0.416708,-0.288974,0.756209,1
-1.505928,0.367870,0.398661,-0.061816,-0.280180,-1.694412,-1.427884,-0.864689,-0.209933,-0.759792,-0.666535,0.168038,-0.624329,-0.199980,-0.331547,0.434391,1
-1.637003,-0.099327,0.875623,-0.455468,0.238511,-0.736241,1.689154,1.178309,-0.857966,-0.122527,0.405350,0.323961,0.198903,0.180990,0.038235,0.662912,1
-1.247265,0.174664,-0.038898,-0.612185,-0.376328,-0.912194,1.336760,0.207418,0.673619,1.399518,0.968522,-0.739983,-0.805737,0.953295,0.186254,0.388370,1
-1.667280,-0.187255,0.669562,-0.175657,-0.898574,1.008219,-0.928970,0.718444,0.093211,0.520704,-0.514592,0.646178,-0.889724,-0.822230,0.550651,-1.033958,1
-1.304827,-0.044548,0.343967,0.666820,0.030612,-0.149833,0.762859,1.567302,0.544524,-2.378111,0.197171,1.165601,1.054862,-0.836246,0.548873,0.740173,1
-1.371510,-0.925406,-0.857212,0.503236,0.217784,-0.651363,-1.094682,0.779472,0.999598,0.125421,0.604204,0.718960,0.070870,0.343533,-0.928247,-0.476292,1
-1.002076,0.160259,1.591563,0.359929,-0.658366,-0.874920,-0.190392,-0.098083,0.716653,-1.308509,-0.664019,-0.946323,-1.091443,0.804342,0.048346,-0.452619,1
-1.270582,0.038981,-0.346099,-0.698969,1.006223,1.017459,0.247813,-0.968367,0.823684,1.543786,-0.731879,0.437561,2.054727,-0.510397,0.571928,-1.334939,1
-2.242191,-0.908236,0.779835,0.719519,-0.257130,0.000643,0.292863,0.737366,0.025663,-0.540737,0.240690,0.649236,0.472427,0.561473,-0.890945,-0.124756,1
-1.455403,0.501236,-0.330155,0.743403,1.344147,-0.173934,0.995704,1.469786,0.938174,0.318140,-1.093998,-1.161685,0.752755,0.476676,0.024135,-0.109793,1
-1.576846,2.404705,-0.308290,0.913128,-0.652169,0.419991,-0.077134,-0.539807,1.362183,-0.296534,-0.831250,-0.519429,0.133940,-0.499160,-0.823416,-0.186531,1
-1.271654,-0.928983,0.462888,-0.027452,0.256734,0.005974,-0.204829,0.179179,0.717743,-0.945850,-0.239718,0.429950,-0.138364,-0.809109,-0.462001,0.648450,1
-0.393037,-0.331944,0.166397,0.408132,0.111825,-2.152564,-0.442159,0.145682,-0.870362,0.491152,1.613623,0.150543,0.067477,1.324538,-0.147823,-0.391496,1
-1.909332,1.092128,-1.054380,1.185649,0.551244,0.066695,0.767510,0.202129,-0.042046,-0.363028,-0.542784,-0.700557,-0.266029,0.685227,0.035749,-0.329276,1
-1.011798,0.252801,0.211048,-0.321327,0.919083,-0.132270,-0.524453,0.855995,0.385009,0.554986,0.995588,0.023478,0.840262,-0.116329,-0.158731,0.968828,1
-1.086319,-0.116113,0.790683,-0.469409,0.194588,-1.384392,0.045720,1.215895,0.691583,0.367218,0.789236,-0.539712,1.299049,0.115655,-2.200724,2.054447,1
-0.779703,1.267769,0.218810,-0.379492,-0.755803,0.595800,-0.691853,0.326240,-0.167533,-0.183640,0.223233,0.041948,-1.435134,-0.156778,0.596095,0.155168,1
-1.886511,-0.519303,0.600647,-0.961709,0.036643,-1.378025,-0.599425,0.918774,-1.349227,-0.247382,1.342830,-0.161302,-0.984041,0.217461,-0.109080,-0.209919,1
-1.602601,-0.070500,0.187757,0.117316,1.259530,0.328539,-1.614983,-0.917532,-1.131325,-0.703024,1.306766,0.622361,-1.628104,1.018842,-0.705649,0.728274,1
-1.242646,0.176038,0.456196,0.306319,-0.060531,0.089466,0.921933,0.161579,-0.454972,-1.412637,-0.624847,-0.224899,1.790815,-1.505948,0.050531,0.243592,1
-1.462758,0.404056,-0.724851,0.549364,-0.092734,-0.622755,-1.502186,-0.395549,0.715202,-0.043373,-0.518718,0.165736,0.019358,1.015893,-0.230207,1.002804,1
-2.161281,0.086215,0.371175,-1.165643,1.287371,-1.287706,-1.365728,0.828336,0.472603,-1.164325,0.145388,0.311578,0.091919,0.382234,-0.316499,-0.125119,1
-0.897527,0.387715,0.087273,-1.680438,-0.922510,-1.504834,1.719556,0.297952,-0.266719,-0.857048,0.307913,-1.442841,0.825659,-0.521309,0.590994,-1.236089,1
-0.654921,0.906307,0.010194,0.430905,-0.499957,0.438412,0.595624,-0.122444,-0.640113,-0.921541,0.317666,0.121053,-0.986856,-1.498045,1.880429,-0.324359,1
-1.010094,1.726600,1.026358,1.209944,-0.047111,-1.001647,0.289831,-0.562746,0.046803,0.275312,-1.471287,-0.091934,0.127001,0.973541,-0.460302,-0.297548,1
-0.624196,0.671731,-0.031625,0.643183,0.627755,-0.975368,-1.009494,0.771777,0.411646,0.762700,-0.625523,-0.216397,-0.177986,-0.762330,-0.556817,0.543538,1
-0.480664,0.176451,-0.677629,-0.998234,-0.474469,-0.971002,-0.242337,0.713798,0.236047,0.558750,-0.059583,0.445267,0.879477,0.422936,-0.358675,-0.442472,1
-0.477149,0.127940,0.227404,0.655111,-1.303055,-0.066859,-1.707276,-0.052637,-0.917511,-0.156233,-0.319222,0.525292,-0.561744,-1.228307,0.858942,-0.778974,1
-1.044947,-0.042317,1.542356,-1.844891,1.057028,0.143808,-0.383246,-0.071315,-0.711311,0.094887,-0.177204,-0.423893,0.192597,-0.228634,-1.245138,0.276253,1
-2.690550,0.324229,1.012328,0.746666,0.116970,1.376702,-0.377606,-0.772543,-0.872024,-0.204804,1.424381,0.358963,0.059155,-0.428696,-0.174337,0.605916,1
0.077589,-0.288886,-0.580856,0.154506,0.781137,-0.253051,-0.554303,0.476991,-0.225570,0.595645,0.862841,0.347436,0.672798,-1.028476,-0.349354,0.260723,1
-1.851658,0.865330,0.516644,0.845670,-0.128593,-0.153975,0.935586,0.791065,-1.791929,-0.306662,-0.195699,0.319873,-0.088021,0.175578,1.472632,0.993041,1
-0.501416,-0.231226,-0.846006,0.411454,-0.376636,-0.332518,0.112257,-0.192143,-1.009423,-0.105356,-2.053886,-0.235854,-0.112994,-0.213819,0.171077,-1.233799,1
-0.744228,-0.245718,0.648137,1.258908,0.957368,-0.598577,0.087089,-0.511489,0.331641,0.876668,2.086796,0.409800,-0.250148,-0.104606,0.368842,-0.331406,1
-0.321816,0.001052,0.055124,-0.012013,-0.700662,0.254019,0.335286,0.018360,1.402833,-0.351542,-0.844824,-0.010893,0.404828,0.088571,0.010770,-1.198887,1
