1.722651,0.605396,0
-0.838192,2.513900,0
0.220938,0.271200,0
2.093796,1.028957,0
1.412076,1.850423,0
-0.252203,-0.552335,0
-0.431363,-0.492825,0
0.770385,0.742625,0
1.689163,-0.591382,0
1.674640,2.909227,0
1.982634,0.938141,0
3.228203,-1.006632,0
1.009739,0.364869,0
0.202219,1.823691,0
1.672812,0.567799,0
1.189978,-0.259986,0
-0.738311,1.372325,0
1.580412,1.839308,0
0.898869,0.477729,0
0.526363,1.677836,0
0.642120,0.288279,0
1.866341,0.478339,0
0.034661,2.486701,0
0.886025,2.477520,0
0.544335,0.397674,0
0.820981,-0.155414,0
1.736248,1.821650,0
1.056909,0.578842,0
1.924676,-0.230130,0
0.491893,1.887157,0
1.171803,-0.287649,0
2.280097,1.883584,0
0.182997,2.091361,0
1.036780,0.909798,0
1.793388,0.885180,0
1.043546,0.102588,0
0.828648,1.526575,0
2.043345,1.667238,0
-0.252823,0.774648,0
-0.348477,2.161384,0
1.225009,2.251352,0
0.607262,1.147413,0
0.785662,-0.983711,0
1.774677,1.310877,0
0.300618,1.426025,0
0.157627,1.191100,0
0.382084,-0.130845,0
2.942185,1.620598,0
-0.608268,2.227873,0
0.539462,1.288126,0
2.439960,3.286309,0
0.481960,1.529246,0
0.321082,-0.375481,0
1.567545,0.845303,0
-0.435708,0.793346,0
1.415191,2.788314,0
-0.258386,0.008971,0
3.139462,0.108437,0
0.636569,1.365439,0
1.212605,0.931333,0
2.483372,-0.094026,0
1.004820,0.735700,0
3.104290,1.380201,0
0.279279,-0.052095,0
-0.676891,-0.451721,0
1.834424,0.493221,0
-0.512279,1.272810,0
1.664721,1.574279,0
1.355167,1.019063,0
1.294402,0.365618,0
3.196925,1.078321,0
0.559926,2.991228,0
1.714748,2.181400,0
0.559514,-0.547569,0
0.503080,2.780112,0
2.528510,1.371474,0
0.227082,1.222471,0
1.547121,2.549364,0
0.149539,1.712543,0
0.264783,1.775774,0
0.204744,0.786164,0
2.519486,1.412809,0
1.178668,0.062816,0
0.300726,1.170998,0
0.798941,0.236177,0
0.506707,0.828050,0
2.110476,0.955925,0
-0.748291,-0.717504,0
0.892884,2.741026,0
1.370886,2.420263,0
1.152410,-0.821183,0
-0.555397,1.089565,0
0.324129,2.400525,0
2.587256,0.001665,0
2.653772,1.288724,0
1.716569,1.382310,0
1.903517,0.959605,0
-0.965562,-0.430678,0
4.563280,1.912489,0
1.756166,2.601551,0
0.066333,1.241852,0
0.589575,-1.156182,0
-0.517110,0.324220,0
-0.413837,2.027472,0
1.147415,-0.699635,0
2.415376,0.549246,0
2.114536,-0.515212,0
2.855736,2.217153,0
1.043275,-0.413508,0
-0.162799,-0.134108,0
0.117990,1.472164,0
3.512547,0.843831,0
0.767977,0.274834,0
1.223861,-0.482034,0
0.866467,1.939201,0
0.510297,0.932057,0
3.037591,1.111032,0
-0.099638,1.763655,0
0.270321,0.985315,0
-1.691743,0.218941,0
1.647550,0.650114,0
0.415942,-1.191398,0
1.059298,-0.644031,0
-0.545616,-0.348630,0
0.911519,-1.310159,0
-0.381371,4.110605,0
0.282314,0.598649,0
2.009713,1.980151,0
0.174387,0.578078,0
1.184500,2.092653,0
1.680852,1.262334,0
1.608954,-1.630208,0
1.293433,1.191599,0
1.316158,1.557397,0
2.181399,1.906343,0
2.411803,1.836514,0
-0.026216,2.018058,0
1.818323,0.177599,0
-0.330836,-0.095666,0
2.490377,0.699490,0
0.916066,0.073829,0
1.380367,1.541918,0
1.192575,-0.241671,0
2.746812,0.995794,0
0.664721,3.130899,0
0.506444,3.792783,0
1.182639,2.242165,0
1.713096,1.301843,0
0.284259,1.743094,0
1.322502,2.417310,0
0.303161,0.869017,0
0.586935,1.227324,0
1.516922,1.556027,0
1.130196,2.187039,0
0.700020,1.010249,0
0.124155,1.379840,0
0.573089,1.632677,0
1.101249,-0.502959,0
0.773990,0.838216,0
1.576720,-1.183416,0
1.528064,1.450709,0
1.354919,2.262444,0
2.434106,2.570161,0
-0.491453,2.019224,0
0.790686,0.620633,0
-0.147055,1.479773,0
1.667857,1.333183,0
-1.135650,1.667728,0
1.354565,1.654844,0
-2.303558,1.381581,0
2.039260,1.089297,0
-0.356339,1.509310,0
0.811496,-0.106645,0
-1.252727,-0.575495,0
1.270916,3.694517,0
2.570467,-1.513775,0
1.008048,0.971883,0
1.774139,1.063554,0
-0.474049,0.036782,0
2.087703,0.190573,0
0.662238,-0.174819,0
0.614723,0.844631,0
1.469677,0.712346,0
1.088742,0.407228,0
-0.102726,2.175895,0
-1.077054,1.488462,0
-1.133805,1.410227,0
0.999251,1.246285,0
1.609269,0.175487,0
2.702506,0.350423,0
1.362440,1.485608,0
-0.310386,1.022586,0
0.404199,0.780939,0
0.685899,2.007899,0
0.816103,0.386529,0
1.447877,-0.118821,0
0.365180,1.499307,0
1.125703,1.251675,0
1.464906,0.119422,0
2.175526,-0.509501,0
1.683913,1.014885,0
-1.037393,2.844458,0
0.915653,2.209056,0
2.482992,1.011136,0
1.896679,2.750712,0
0.316723,1.687632,0
1.363214,1.389213,0
1.581059,1.101093,0
2.109236,0.512032,0
1.703903,0.295412,0
2.676991,2.911036,0
-1.092352,1.685428,0
-0.699954,1.395108,0
0.672002,0.438003,0
-0.194801,-0.646320,0
0.558920,0.414664,0
1.390126,0.815705,0
0.637397,1.225177,0
1.563792,-0.257527,0
-0.010743,1.906395,0
1.727521,1.746119,0
0.390484,1.170747,0
0.421740,0.305669,0
0.540184,2.173676,0
0.318191,-0.066356,0
1.059874,0.968608,0
-0.953317,0.486023,0
0.169726,0.151926,0
0.748907,1.642136,0
1.958747,1.702032,0
1.507661,0.573835,0
0.872346,2.594936,0
1.012444,1.970431,0
0.940833,0.968860,0
1.359396,1.545827,0
-0.956292,2.397606,0
1.161299,-1.192471,0
1.625319,0.623296,0
1.198772,1.520301,0
0.457680,1.632528,0
2.261038,1.230017,0
1.024771,0.430927,0
0.122182,-0.855768,0
2.320165,1.497518,0
3.228090,0.758308,0
-0.177158,0.700597,0
1.005493,1.807421,0
0.765131,0.788878,0
-0.273693,2.145208,0
0.764501,0.037807,0
-0.649653,-1.183912,1
-1.434816,-1.724767,1
0.244138,-1.180309,1
-1.403756,1.077724,1
-0.541290,-0.708016,1
-2.855987,-1.191275,1
-0.361749,-1.247796,1
-0.774189,-2.442637,1
-0.861114,-1.071754,1
-0.935953,-1.516948,1
-0.950995,-0.158686,1
-1.883834,-0.859823,1
-0.525613,-0.157802,1
-2.296480,-2.694765,1
-1.401015,-1.629569,1
-1.084313,-3.058467,1
-1.213597,-0.304582,1
-1.702075,-2.685260,1
0.236372,-1.359072,1
-1.975403,-2.817276,1
1.096716,-0.254569,1
-1.786496,-0.856790,1
-0.762646,0.923615,1
-3.328052,-0.636763,1
-2.557393,-0.957567,1
-0.368524,0.562221,1
-1.784934,-2.144347,1
-0.696014,-1.610008,1
-1.978960,-0.637408,1
-0.278328,-0.175083,1
-1.555634,0.252914,1
-0.480386,0.183804,1
-2.019619,-0.518168,1
-0.906023,-1.459974,1
-1.560833,-0.421910,1
-2.296789,-1.554899,1
1.991757,-1.102432,1
1.347165,0.872772,1
-0.894252,0.694691,1
-1.451186,-1.142775,1
-0.722708,-2.643450,1
-2.278933,-0.507898,1
-1.244561,-2.182150,1
-1.637048,-0.944192,1
-0.825726,0.061778,1
-0.507433,0.003105,1
0.596918,0.220730,1
-1.559535,0.407958,1
-0.146426,-0.169256,1
-0.776844,-0.600439,1
-1.139223,-1.794893,1
-1.314001,-2.377255,1
-0.732110,-0.119994,1
0.787675,-0.384661,1
1.082628,-0.836028,1
-1.372540,0.635311,1
-0.283641,-2.197065,1
-0.319565,0.369400,1
-2.346117,0.129713,1
-0.614149,-0.531011,1
-2.953234,-2.338908,1
-3.427150,-0.900189,1
-1.620381,-0.836411,1
1.206468,0.643994,1
-2.611967,-2.528058,1
0.901429,-3.771983,1
-0.567385,-2.019809,1
-1.695297,-1.281096,1
-0.859405,-1.257956,1
-2.202098,0.607250,1
-0.749578,-0.950402,1
-3.115314,-0.373958,1
0.074178,-1.512818,1
-0.850236,-2.163137,1
-0.804603,-0.162911,1
0.608676,0.063139,1
-1.856156,-3.327573,1
-0.423528,-0.937181,1
-2.567080,-1.785954,1
-0.280201,-1.438383,1
-0.153113,0.048097,1
0.182776,-1.258151,1
-0.071518,0.312383,1
-1.121495,-2.585006,1
-0.831157,0.766988,1
-1.837442,-1.491333,1
-0.366781,-0.524011,1
-2.065157,-1.586708,1
-0.645387,-1.945769,1
-0.728637,-1.846262,1
-0.682158,-0.836617,1
-2.937552,-1.602798,1
-0.840659,-1.521807,1
-1.298389,-0.842640,1
-2.658135,-2.088970,1
-1.722139,2.191792,1
-2.126458,-1.156454,1
-0.091855,-0.286609,1
-0.333250,-0.688286,1
-1.353321,0.082420,1
-1.956610,-2.386767,1
-2.905438,0.093752,1
-2.116529,-1.307437,1
-0.229031,-2.284283,1
-2.075933,-0.546460,1
-0.953404,-2.442690,1
-3.254913,-0.896262,1
-1.895398,-0.991920,1
-1.459986,-1.649070,1
-0.011283,-0.147401,1
-0.145309,0.284963,1
0.210670,0.888871,1
0.303081,-1.552946,1
-0.915088,-1.136233,1
-1.066380,-0.775656,1
-3.431156,-2.395948,1
0.626162,0.906766,1
-0.524098,-2.812620,1
-1.441267,-1.377233,1
-1.475432,0.151852,1
-0.792451,-2.047332,1
-0.386764,-0.751690,1
-0.275945,1.545533,1
-2.265653,-1.459287,1
-1.198837,-2.151386,1
-0.289710,-2.068892,1
-0.431622,0.943524,1
-1.022101,-0.316069,1
-1.989847,-1.237220,1
-0.775292,-0.224795,1
-3.471073,-2.184196,1
-0.938133,0.007304,1
0.134316,-0.607593,1
1.351334,-0.003193,1
-0.606957,-3.639244,1
-0.664341,-0.218863,1
-2.405355,-1.349293,1
-1.147736,0.849296,1
-1.603263,-0.862199,1
0.752508,-2.797027,1
0.467461,0.014119,1
-1.882123,-1.534713,1
-1.272124,0.064060,1
-2.153209,-1.777969,1
-1.826231,-1.655361,1
-0.073671,-1.307059,1
-1.885138,-0.904294,1
-0.382853,0.386002,1
0.200462,-1.753928,1
-1.328168,-1.711280,1
-1.703829,-0.899826,1
0.542697,0.822622,1
-0.016074,0.331666,1
-1.820716,-2.328814,1
-1.445828,-3.185374,1
-2.227246,-0.126388,1
-1.613332,-1.386564,1
-0.310252,-2.011961,1
-1.035658,-1.635973,1
-0.695116,0.501654,1
-2.098956,-0.194198,1
-1.480342,-1.584146,1
-2.559947,-0.234058,1
-2.315442,0.001648,1
-0.149019,1.422812,1
-0.434567,-0.829614,1
-1.180227,-2.675718,1
1.374029,-0.165327,1
-1.554893,-3.318975,1
-0.561316,-0.204329,1
-0.460846,0.901451,1
-1.986457,-1.186657,1
-1.707311,0.130374,1
-2.106242,-0.824515,1
-1.450653,-0.812962,1
-2.639249,-0.021537,1
-2.636912,-0.391403,1
-2.341738,-1.782442,1
-1.552455,-2.379903,1
-1.014768,-1.689168,1
-1.152094,-1.233182,1
-0.378503,-0.242132,1
-1.103055,-1.093397,1
-0.191594,-0.809635,1
-0.259798,-0.730308,1
-0.435748,-2.253394,1
0.527560,-1.085156,1
-1.289724,0.390428,1
0.166964,-0.649074,1
0.068544,-0.871684,1
0.962783,-0.644567,1
-0.343184,-0.344168,1
-1.531569,-1.772915,1
1.297888,-1.275036,1
-2.618163,-1.954819,1
0.137448,-1.523881,1
-1.280462,-0.569971,1
-2.150718,-0.347173,1
-0.693845,-0.149920,1
-1.221219,-1.794634,1
-1.029673,-1.543567,1
-1.225730,0.109656,1
-0.233552,-1.449209,1
-3.503066,-0.903183,1
-3.159964,0.957919,1
-2.432996,-0.601236,1
0.323478,-1.099220,1
-1.762041,-1.109579,1
-2.190414,0.133663,1
-2.493092,0.486875,1
-1.414374,0.082037,1
-0.043081,-0.857164,1
-2.342201,2.480168,1
-1.277218,-0.139177,1
-0.389671,-0.413487,1
-0.540032,0.961255,1
-2.095109,-1.090602,1
-1.384571,-1.553751,1
-0.821062,0.231935,1
-0.106462,-0.564457,1
-0.866480,-0.241562,1
-1.112459,-1.094390,1
-1.651868,-1.755110,1
-0.498510,-2.029530,1
-2.977059,-2.265605,1
-1.259559,-2.362365,1
-0.223235,-0.513877,1
-2.340556,-0.343958,1
-1.098497,-0.320300,1
-1.299121,-1.154676,1
-0.791492,-0.153385,1
-1.053007,-3.056444,1
-1.929459,-1.459045,1
-1.249393,-2.119095,1
-1.124794,-0.004905,1
-1.337484,-2.018852,1
-0.569300,-0.606535,1
-1.284067,-0.802158,1
-2.473782,-1.474702,1
-1.124515,0.244658,1
-0.704684,-2.199392,1
-1.128256,0.001109,1
-1.782973,0.531824,1
-1.820455,-0.770466,1
1.444005,-1.984960,1
-1.244299,-1.638955,1
-0.515472,-1.760450,1
0.531946,-2.047687,1
-1.379271,-2.095819,1
-2.049876,-1.268718,1
