1.335256,0.643246,0
0.517255,0.472340,0
0.387966,0.812980,0
0.147543,2.285156,0
3.627088,1.821096,0
0.787639,0.692669,0
0.748148,1.412559,0
-0.288913,0.106047,0
1.625927,2.108179,0
1.271105,0.880402,0
0.950090,1.998314,0
-0.361236,-0.364768,0
2.251019,2.125128,0
-0.401151,0.464058,0
2.171835,0.152245,0
1.769732,-1.692623,0
0.634802,0.789418,0
0.978106,0.842640,0
-0.033026,0.928980,0
1.281823,0.410749,0
1.867698,1.213542,0
0.978681,0.595365,0
1.866875,0.921605,0
1.411567,1.373859,0
1.460104,1.255187,0
0.551140,0.612556,0
0.867368,2.196392,0
-0.700214,1.527915,0
-0.319427,3.777166,0
0.430321,-1.148217,0
0.925220,0.238010,0
0.197691,2.579866,0
1.077122,-0.230793,0
1.814775,-0.667833,0
0.853476,2.175287,0
1.777661,0.645110,0
1.818827,0.878146,0
3.321188,0.230310,0
-2.682213,-0.535505,0
0.696571,1.787793,0
-0.389359,1.680805,0
-0.004478,3.083365,0
0.069275,-1.325773,0
1.137228,2.643798,0
0.865792,1.945723,0
0.137001,-0.286551,0
1.385131,0.777050,0
0.887994,0.605719,0
1.547518,2.848132,0
1.662878,1.519040,0
0.883661,1.482929,0
1.038478,-0.059547,0
1.309102,0.974511,0
0.850520,0.885285,0
2.724973,1.026195,0
2.029023,-0.885453,0
0.219509,-0.163892,0
1.449130,0.510242,0
-0.285539,0.637423,0
1.458482,-0.190423,0
2.171882,3.296515,0
-0.167134,-1.101256,0
0.879477,1.399096,0
0.188800,0.942011,0
0.075248,0.626337,0
1.859960,3.370831,0
-0.334478,0.200742,0
1.770782,-0.561145,0
0.352654,-0.657664,0
4.245502,-0.526768,0
2.180109,0.871396,0
1.665440,3.233723,0
4.739607,0.609602,0
-0.494814,2.144630,0
1.452037,-1.866385,0
2.627588,-0.065501,0
1.033863,1.556038,0
1.406576,-0.675283,0
0.584204,1.820473,0
1.593533,1.042033,0
2.006196,2.240998,0
0.438457,2.137170,0
0.518542,0.519132,0
2.277413,3.319859,0
1.107865,0.714933,0
1.239546,1.133374,0
0.688687,0.738884,0
1.122235,1.277297,0
0.160296,0.059051,0
0.190753,1.134968,0
-0.629432,0.498732,0
0.450751,1.884900,0
1.705623,2.426623,0
1.583132,1.179069,0
0.144703,-0.770464,0
3.350079,0.140740,0
2.127791,1.993820,0
-0.272613,-0.267008,0
1.246067,-1.463207,0
0.634686,1.326297,0
-0.739171,2.001417,0
1.198526,0.305168,0
1.107513,1.646993,0
0.975710,0.263092,0
0.949517,1.454345,0
0.001046,0.947907,0
1.726448,0.225650,0
1.102623,1.639606,0
2.203570,-0.256819,0
1.518020,-0.959662,0
1.220141,2.647867,0
1.964008,0.160199,0
0.407816,-0.136711,0
1.574851,1.820743,0
0.805789,0.948115,0
2.119377,2.338247,0
1.369705,2.393466,0
1.056857,1.707801,0
0.082084,1.913435,0
1.688679,0.379156,0
-0.067315,1.500579,0
1.664984,2.203832,0
1.004356,2.800091,0
1.947563,1.045535,0
0.711525,1.063938,0
-0.453289,-0.866604,1
-1.143918,-0.316525,1
0.534719,-2.228743,1
-2.730288,-0.074085,1
-2.838981,-1.138032,1
-0.282700,0.403970,1
-0.756616,-1.605081,1
0.699927,0.843410,1
-1.446603,-0.888294,1
-0.768481,-0.000375,1
-1.747131,-2.344340,1
-0.668662,0.604043,1
-1.495831,-1.381678,1
0.496655,-2.162061,1
-0.666437,-1.006740,1
1.015512,-0.389107,1
-2.639717,0.342204,1
0.102276,-1.749138,1
-0.843301,-2.238400,1
-1.898930,-0.159484,1
-1.995880,-0.739666,1
-2.836750,-1.789217,1
-0.798944,-1.085261,1
0.333673,-0.413043,1
0.110833,-2.019047,1
-3.100732,0.379725,1
-0.299254,-0.468597,1
-0.631969,-1.072916,1
-0.721988,-2.076559,1
-0.286466,-1.956254,1
-0.590347,-2.356354,1
0.936591,-0.762445,1
-1.591710,0.142275,1
-3.864444,-0.116614,1
-1.394946,-2.079900,1
-0.242419,-1.881530,1
-1.391186,-1.158001,1
-0.950735,-0.322089,1
-0.975918,-1.014466,1
-1.599941,-1.008130,1
-1.164006,0.320911,1
-2.960174,-1.831098,1
-2.934748,-0.622863,1
0.068820,-1.727005,1
-0.905794,-1.454781,1
-1.133671,-2.852444,1
-0.343888,-1.747500,1
-1.100251,-1.211257,1
-0.814427,1.666879,1
0.092938,-0.228853,1
0.974146,1.516693,1
-1.023998,-0.119704,1
-1.819209,-0.042898,1
-1.700852,-0.459844,1
-0.542814,-0.799716,1
0.045768,-0.006583,1
-0.300348,-1.169716,1
-0.021826,-0.228525,1
-0.033270,-1.786663,1
0.273523,-1.471088,1
-1.332976,0.842201,1
-1.695961,-0.211196,1
0.923004,-1.647135,1
-0.081287,0.013189,1
-1.364223,0.459024,1
0.831262,-0.405238,1
-1.700433,-3.171878,1
-0.667720,-0.343466,1
0.387797,-1.222486,1
1.094346,0.425019,1
1.058809,-2.199760,1
-0.094082,-1.148473,1
-1.813815,-0.124605,1
-2.305322,-1.777079,1
-1.403963,-0.166255,1
0.175081,-1.514050,1
-0.143895,-3.425423,1
-0.428454,-1.653265,1
-0.864467,-0.695416,1
-1.536030,-2.119729,1
-1.787310,-3.003289,1
-0.781508,-0.526642,1
-1.877920,-0.014534,1
-0.539290,-2.915672,1
-0.865232,-2.374085,1
0.313545,-1.917912,1
-1.128017,0.867487,1
-1.834946,1.137503,1
-1.186494,-2.399238,1
0.004354,-1.068545,1
-0.163996,-0.190784,1
0.746613,-0.290413,1
-1.486036,-0.614532,1
-2.408204,-1.118534,1
-0.877772,-1.689525,1
0.870231,-0.039870,1
-2.324091,-2.335134,1
-1.112682,-0.306665,1
-0.619743,-0.354940,1
-1.255334,-1.647981,1
0.549995,-1.543639,1
-1.704449,-0.137328,1
-1.156851,-1.572692,1
-0.312232,-1.183382,1
0.244497,-0.565946,1
-0.713887,-1.884852,1
-2.056536,-2.362520,1
-1.796369,-1.169286,1
-1.648465,-2.617309,1
-1.824747,-0.439732,1
-0.913238,-1.990705,1
-2.306368,-2.063099,1
-1.427523,-0.176768,1
-0.540869,-1.025430,1
-1.772256,-1.318528,1
-1.526134,-1.273795,1
-1.601172,-0.688321,1
-1.914592,0.020892,1
-0.004699,-0.435267,1
-1.460924,-0.765457,1
-1.215892,1.191563,1
0.354908,-0.800047,1
0.224016,0.011549,1
-1.202336,0.797740,1
-1.461084,-1.526209,1
