0.118059,0.866468,0
0.358244,1.158823,0
0.168865,0.136165,0
2.010946,1.627135,0
0.213235,1.828567,0
0.211310,0.851310,0
0.802962,2.813437,0
1.418288,1.691874,0
0.057857,3.113385,0
-0.643177,1.653101,0
2.990363,0.504972,0
0.165887,1.034467,0
1.534056,2.388149,0
1.121906,0.684359,0
3.350735,0.857418,0
0.414120,-0.019852,0
1.802635,1.734252,0
-0.174377,1.930334,0
1.514745,-1.164241,0
1.582849,0.893147,0
1.028166,2.288500,0
-0.806953,0.734761,0
0.745394,-0.351593,0
0.236864,-0.125925,0
2.929048,1.405444,0
1.280878,0.624758,0
-0.328677,0.117943,0
2.081349,0.254543,0
0.240085,0.637785,0
1.405220,2.717311,0
-0.886573,-1.959546,0
0.723682,1.021886,0
1.396779,1.765756,0
1.515213,-1.142627,0
3.112500,0.220918,0
-0.303742,1.576300,0
1.607207,1.944818,0
-0.048586,1.406641,0
2.301687,2.294660,0
2.204353,1.860348,0
1.989794,-0.728767,0
1.103745,1.246302,0
1.352551,-1.927843,0
1.245695,0.155494,0
0.421148,0.527011,0
0.449413,1.667292,0
1.055604,0.006235,0
1.691759,0.963111,0
1.817228,2.461826,0
1.754116,2.101652,0
2.064459,1.628910,0
-0.130081,1.238993,0
0.498412,0.894660,0
0.319793,2.085512,0
-0.209920,3.024874,0
0.950112,-0.531055,0
1.373063,1.480665,0
1.865211,1.651682,0
1.045728,2.172539,0
2.435340,1.030633,0
0.410719,1.070872,0
1.328767,1.039810,0
1.371438,-1.247531,0
0.624480,-0.395461,0
1.563114,1.665551,0
-0.145048,1.628244,0
1.215823,-1.696159,0
0.845910,2.170603,0
2.068113,-1.011263,0
0.775791,-0.589880,0
0.890752,0.402106,0
0.280218,2.090215,0
0.966197,0.240635,0
-0.324500,0.360081,0
2.000687,2.344811,0
1.692457,2.250093,0
0.250597,2.488460,0
-0.075887,1.669220,0
1.806726,2.319994,0
-0.070285,0.869242,0
2.614804,1.189656,0
1.442936,1.960135,0
1.285841,1.342472,0
0.974796,1.458964,0
0.954114,-1.094614,0
0.710767,1.579666,0
1.542367,-0.094724,0
0.540157,1.475323,0
1.013133,1.827143,0
0.321663,0.229918,0
0.788609,1.114072,0
0.845435,2.088153,0
1.475308,1.400541,0
-0.101926,0.955002,0
0.725471,1.068021,0
-0.024526,1.496740,0
2.135507,0.414432,0
2.096164,1.703597,0
2.158229,-0.287907,0
-0.938883,1.077620,0
1.289845,2.017231,0
-0.871256,0.607240,0
0.470932,-0.020545,0
1.076162,0.754751,0
0.463938,0.398942,0
-1.760231,-0.020544,0
0.696473,-1.404838,0
-1.504227,0.444966,0
0.441770,3.162613,0
1.205460,2.503001,0
-1.350333,2.580747,0
0.813925,0.765096,0
1.101180,1.690518,0
0.852676,-0.507833,0
0.725160,1.947224,0
-0.553486,1.212037,0
-0.002927,0.198328,0
0.200760,2.343478,0
1.052345,1.333607,0
1.940006,0.955593,0
2.992037,0.339419,0
1.300240,2.238981,0
0.543627,1.129181,0
0.736779,-0.285786,0
-0.425923,0.503186,0
2.130826,1.057587,0
2.999985,2.690729,0
0.146302,1.833591,0
1.707535,0.998391,0
1.014585,0.361132,0
0.910346,1.973654,0
-0.971466,2.132097,0
0.484704,0.848158,0
-0.042645,0.843345,0
2.202136,1.418931,0
0.071074,1.854858,0
-0.459405,-0.040602,0
0.604854,1.287221,0
1.538039,2.367399,0
1.574539,0.016861,0
0.415566,2.028865,0
0.503724,2.929283,0
2.149577,2.282149,0
0.574295,1.617570,0
1.253606,0.351313,0
1.461462,1.698128,0
1.879121,-0.631761,0
2.010064,-0.112548,0
0.966870,1.637389,0
1.490735,1.075123,0
1.810272,1.797972,0
2.274210,-0.410370,0
2.411096,1.901887,0
1.530189,1.541975,0
-0.690964,0.078822,0
1.319939,1.039390,0
-0.356862,1.187324,0
0.596373,0.119226,0
1.171741,2.211120,0
-0.649430,2.081780,0
-0.145370,2.919269,0
1.066058,2.154905,0
2.187582,2.174675,0
2.419541,0.008233,0
1.168283,1.533844,0
0.469550,0.302917,0
0.554885,0.815549,0
1.267804,2.276809,0
1.476912,0.262918,0
1.936102,0.493466,0
2.677811,1.887137,0
0.534198,2.225136,0
1.472523,2.064679,0
1.983849,0.557913,0
-1.063575,-0.638757,0
2.107581,1.786829,0
1.303800,0.552918,0
1.778847,0.733825,0
-1.014170,1.260705,0
1.400729,-0.316435,0
-0.070633,0.401677,0
0.441890,1.320527,0
-0.039838,3.043981,0
1.145592,2.224340,0
-0.201053,0.739590,0
2.011641,-0.738298,0
2.215785,2.147772,0
1.368774,-1.227369,0
-0.637980,-0.170373,0
1.718467,-0.626685,0
-0.832954,-0.090438,0
0.339968,1.197440,0
1.137928,0.419252,0
0.735008,0.196695,0
0.947696,1.039134,0
0.304013,-1.263341,0
0.915887,1.728218,0
0.246576,-0.836133,0
2.895386,1.592030,0
2.571442,1.795327,0
1.882634,0.933908,0
1.392567,0.803613,0
2.054853,0.919504,0
1.653532,0.933667,0
2.355330,1.374393,0
0.242823,2.715946,0
1.497670,1.026198,0
0.820990,0.954505,0
0.736481,0.730501,0
0.458154,3.186590,0
-0.824167,1.148479,0
1.409013,0.722849,0
0.303854,0.899917,0
0.631772,2.682972,0
-0.014221,2.009747,0
1.088251,1.765392,0
-0.327908,1.209781,0
2.794963,0.915835,0
-0.910594,3.122356,0
1.940759,0.350780,0
0.867990,1.724442,0
2.670936,2.655221,0
1.037144,0.377280,0
-1.025554,1.844292,0
-0.197243,2.929061,0
-1.408089,0.483258,0
0.310192,2.394839,0
2.004794,1.474965,0
0.167805,-0.287192,0
-0.221483,1.847385,0
2.122550,-0.112236,0
2.398409,2.764686,0
1.469922,-0.488462,0
0.723516,-0.964817,0
0.572583,0.420787,0
2.738084,-1.069227,0
-0.052348,2.341703,0
0.959699,1.697864,0
1.596926,2.296269,0
1.119315,0.905835,0
1.326527,1.291646,0
1.558661,2.644097,0
1.498413,0.519144,0
1.476304,0.383082,0
0.993698,2.459753,0
-0.380855,0.981231,0
-0.072235,0.948735,0
0.535004,1.168025,0
1.712817,0.577142,0
3.137211,2.684544,0
1.123369,0.995134,0
1.286303,1.500830,0
-1.087264,1.454754,0
1.744624,0.598436,0
3.085260,0.995951,0
1.740680,3.737388,0
-0.614950,1.214161,0
1.285189,-0.049579,0
2.661286,-0.486838,0
-0.038917,-0.291078,0
2.663467,1.565731,0
0.964565,2.114811,0
0.936817,1.424761,0
0.715669,0.748576,0
1.293225,1.042901,0
-0.549404,0.560312,0
1.180104,-0.525380,0
1.236956,0.108035,0
1.447617,1.495783,0
2.107930,-0.589511,0
1.882624,-0.093458,0
0.284756,0.552120,0
0.435830,0.374950,0
2.513885,0.795584,0
1.284768,1.593538,0
1.361065,0.938840,0
0.113801,0.440038,0
0.214113,2.679652,0
0.721400,0.311422,0
2.319098,1.875616,0
1.713656,1.080134,0
0.626785,-1.072455,0
0.298384,-0.860759,0
2.097806,1.518473,0
1.559738,0.105575,0
1.568076,-0.425873,0
1.569104,-1.016017,0
0.152465,0.949548,0
0.499352,1.264734,0
-0.050313,-0.043262,0
0.423242,0.788427,0
2.727316,2.127499,0
0.725671,1.536538,0
0.212976,0.781388,0
0.484055,0.088751,0
1.819001,1.462615,0
0.737906,-0.653433,0
1.533623,1.352427,0
0.249483,1.622727,0
1.033541,-0.995908,0
-0.368238,3.471690,0
-0.099215,2.666155,0
1.053641,0.515430,0
0.626436,2.589871,0
-0.770366,0.931012,0
0.213650,0.529031,0
1.524074,1.547050,0
2.333380,3.736764,0
2.458881,1.492094,0
0.884670,0.418706,0
1.607098,1.191027,0
0.194286,3.036315,0
0.619613,1.431166,0
1.732369,1.451486,0
0.970920,1.044401,0
0.250126,0.622163,0
0.123166,1.504312,0
1.778299,1.330430,0
-0.526410,2.110080,0
1.442032,-0.627598,0
-0.274177,2.499377,0
1.140185,0.692759,0
1.162549,-0.391927,0
2.617389,1.734014,0
0.987204,1.284297,0
-1.363949,-0.257245,0
2.203523,0.502799,0
1.451889,2.259260,0
1.610045,0.161793,0
2.164380,0.089388,0
1.530103,2.140271,0
1.045865,3.170668,0
1.181076,1.893778,0
1.552262,-0.824731,0
-0.863886,1.470028,0
1.088176,-0.784916,0
1.799112,1.573877,0
1.610253,1.713702,0
0.637963,-0.084023,0
0.936469,3.152958,0
-0.324900,0.524695,0
1.080628,1.527491,0
-0.276638,0.670600,0
1.366163,1.867203,0
0.094139,0.565716,0
2.680491,-0.085833,0
1.250867,1.934263,0
-0.480552,1.418958,0
0.162313,0.051023,0
0.642866,3.040985,0
-0.701160,2.519567,0
-0.144626,1.585559,0
-0.172346,2.485658,0
0.894623,-1.022182,0
1.796656,1.471914,0
0.954900,1.935328,0
2.091029,1.829978,0
1.347364,-1.333677,0
0.580740,0.125694,0
1.666195,1.615012,0
1.035194,0.765124,0
2.592341,1.464585,0
2.503491,2.163578,0
0.399213,0.848033,0
-1.064962,-1.016666,0
1.001244,1.993624,0
1.579164,1.400133,0
1.859407,-0.631014,0
0.114553,0.604005,0
0.220450,0.783902,0
1.068028,1.242179,0
1.587464,0.970846,0
0.046560,2.043206,0
1.184034,1.557209,0
0.272911,-0.355609,0
2.403973,1.402578,0
2.463165,1.427535,0
0.176015,2.910964,0
2.277771,-0.177120,0
-0.202614,1.242393,0
0.305046,0.745464,0
-0.083566,1.215295,0
1.379054,0.361822,0
0.139867,0.866606,0
1.643604,1.344525,0
-0.726578,0.495429,0
3.137139,0.482392,0
-0.049348,2.147237,0
-0.320072,0.067242,0
0.642755,-0.370134,0
1.732854,0.043412,0
1.099777,1.215917,0
-0.777362,0.604877,0
0.991539,2.355299,0
0.562944,1.037625,0
0.679462,0.104944,0
0.768129,-1.049001,0
1.175965,1.625535,0
2.573303,0.633315,0
2.156308,0.516332,0
-1.440278,0.680974,0
0.705465,1.915794,0
0.113948,0.946732,0
-0.247648,1.285556,0
-0.155661,0.893759,0
1.428427,2.568385,0
1.830461,0.954547,0
1.367369,1.742304,0
1.940549,1.324183,0
1.230548,1.861843,0
1.004248,0.587255,0
1.614488,-0.976697,0
-0.497938,1.743332,0
1.628645,0.631422,0
0.537274,1.649137,0
-0.567314,2.541271,0
0.737174,0.508537,0
1.078270,0.884726,0
0.999108,2.722120,0
-0.492913,0.618429,0
1.120750,1.455069,0
-0.335177,1.808949,0
-0.887122,1.562990,0
2.241816,0.162613,0
0.792584,0.453077,0
-0.321576,-0.205622,0
0.629922,0.222760,0
-0.080107,2.391401,0
0.916309,2.000791,0
1.017454,2.478761,0
0.681233,0.844509,0
1.807827,1.805552,0
1.787252,-0.223693,0
0.133070,-1.183015,0
2.110465,0.866629,0
1.416143,-0.434190,0
0.767178,2.024352,0
1.679856,1.679643,0
1.392163,0.472784,0
-0.225692,-0.616075,0
-0.388098,1.150245,0
0.837296,0.405059,0
2.328313,1.358208,0
1.844030,2.429301,0
3.353966,0.795648,0
0.859817,0.631909,0
0.405908,0.254504,0
0.876049,0.246703,0
-0.503982,2.121995,0
2.235707,1.019564,0
0.858190,2.749299,0
1.355367,-0.339768,0
1.507110,1.147365,0
2.419843,0.534742,0
2.585091,0.958868,0
1.011694,3.461129,0
2.718566,-0.441946,0
0.912704,0.308396,0
1.536006,1.088755,0
0.185082,1.563157,0
-1.714147,1.819975,0
0.029438,-1.429579,0
3.121430,0.274853,0
0.950892,1.373713,0
1.906287,0.655621,0
1.186641,0.593767,0
2.164286,-0.333787,0
-0.048866,1.374720,0
-0.990027,0.315546,0
0.705064,1.035991,0
-0.252748,0.866414,0
1.684747,0.177114,0
-1.587554,2.368149,0
1.932729,0.244391,0
-0.160389,1.369298,0
0.176614,3.387293,0
0.953555,1.523273,0
2.199824,1.913763,0
2.128563,1.622832,0
0.558968,0.473135,0
2.223189,0.599548,0
0.928624,0.348902,0
1.107481,-0.180290,0
0.621164,1.108175,0
1.004512,1.054331,0
-0.742106,0.362759,0
1.364325,0.715013,0
-0.077665,1.610104,0
1.538912,2.734095,0
1.263908,-0.245691,0
-0.083072,-0.214959,0
1.118474,2.243865,0
1.209432,1.700870,0
2.878744,2.062568,0
-0.471902,0.200781,0
1.646546,0.207085,0
3.546576,2.234443,0
-0.594499,-0.286870,0
-0.906021,0.510005,0
-1.120142,1.164251,0
1.595536,1.317060,0
0.632683,1.887681,0
0.985529,-0.355924,0
0.174978,1.388742,0
-0.762274,1.951055,0
1.889138,2.071295,0
1.574132,1.635709,0
2.302886,-0.352001,0
1.604084,1.962095,0
1.108863,3.459043,0
2.077377,0.602422,0
0.573890,3.409807,0
0.683588,0.801948,0
0.954362,-0.269219,0
1.195835,1.116942,0
-0.390744,1.331094,0
0.713655,0.056760,0
2.372141,-0.235564,0
2.144010,1.293359,0
0.998884,1.751918,0
-0.226146,1.312488,0
0.672711,1.917078,0
-0.308365,0.629948,0
-0.142063,1.417753,0
1.974636,2.941705,0
0.289004,2.415212,0
2.206103,2.522033,0
1.933608,0.359993,0
-0.004663,0.591053,0
-0.619828,0.255346,0
1.235038,1.291337,0
1.582185,-0.379445,0
0.941465,1.388777,0
1.356579,-1.686590,0
-0.685572,1.190322,0
0.684516,1.241980,0
-1.003426,1.644933,0
0.221957,-0.009505,0
-0.373673,1.640208,0
1.719253,0.124187,0
1.608498,1.245459,0
0.388894,1.179527,0
1.462829,1.068839,0
0.879750,0.448418,0
1.252944,3.163919,0
1.968999,0.851823,0
1.458628,2.147345,0
2.461359,-0.189497,0
2.218209,0.119137,0
0.626865,1.621419,0
2.031757,1.470188,0
-2.045782,1.078018,0
1.432145,0.753217,0
2.040499,2.981575,0
-1.848669,0.875183,0
1.682732,0.542722,0
1.611016,1.810632,0
1.366572,0.237823,0
3.508541,1.298760,0
0.640643,0.591125,0
1.576744,-0.454550,0
1.189224,0.761164,0
0.246390,1.794531,0
-0.532692,0.751261,0
2.283751,2.559530,0
1.420839,2.083754,0
1.866313,2.140148,0
0.750930,2.794299,0
0.869826,2.481029,0
1.864985,2.314867,0
0.843377,0.633187,0
1.897393,0.890358,0
1.278370,1.641594,0
1.646579,0.748762,0
2.066334,0.095634,0
0.704227,1.684199,0
1.731997,0.544979,0
0.698878,0.411476,0
-0.153328,0.050619,0
-1.139644,1.542663,0
0.729789,1.976851,0
0.224588,-0.195583,0
0.490915,-0.610390,0
2.017490,0.362173,0
0.020617,1.746443,0
3.711520,1.279674,0
1.707144,1.732449,0
0.609064,-0.333627,0
1.662851,0.212150,0
0.989764,-1.075949,0
2.544239,0.367997,0
-0.261703,0.938504,0
1.692689,1.174835,0
0.059690,0.968769,0
1.086060,1.442083,0
1.738102,1.529700,0
2.122717,0.609524,0
0.595467,1.292112,0
2.152432,0.828185,0
-0.214762,0.457448,0
0.604975,0.224836,0
1.226662,2.556332,0
-0.598354,2.275368,0
-0.102665,1.590015,0
0.989760,1.431899,0
1.170076,0.503200,0
1.154064,0.379016,0
1.048739,0.790782,0
1.175181,-0.012457,0
1.975449,0.125618,0
1.168924,0.269790,0
2.811276,0.363987,0
0.234145,-0.967613,0
2.322170,-1.889193,0
-0.391502,0.411139,0
1.805980,1.003584,0
0.717343,1.373763,0
0.350351,0.928099,0
1.450285,0.461154,0
2.008515,-0.990346,0
-0.084532,0.780724,0
1.285831,0.286994,0
0.184429,0.929570,0
0.992805,0.334307,0
-1.407038,0.710744,0
1.538331,1.075289,0
0.272332,0.740921,0
0.291028,3.285964,0
1.227883,2.282164,0
1.671764,2.609876,0
2.521593,1.073868,0
1.206964,0.820709,0
0.466154,0.966532,0
0.564748,0.637024,0
-0.213811,2.652617,0
0.573384,0.763484,0
1.651100,1.010719,0
1.444899,0.893880,0
2.458858,1.851842,0
0.234962,1.334830,0
-0.876595,1.017973,0
1.555159,0.149271,0
1.574217,0.306644,0
1.707423,2.128552,0
1.093882,2.004389,0
1.743077,2.183325,0
0.894568,0.092592,0
1.012639,2.371354,0
-0.258121,2.437961,0
1.030484,-0.227491,0
3.340056,2.938268,0
1.236052,0.457362,0
1.069853,-0.043223,0
1.769083,1.832185,0
1.534695,-0.031639,0
1.590021,-0.080682,0
-0.374339,0.378318,0
3.128869,3.636288,0
2.154047,2.912287,0
1.137403,1.817087,0
0.942980,0.297129,0
1.243321,0.681379,0
2.005099,2.502927,0
-0.549695,0.755136,0
0.298172,1.061862,0
0.357700,-0.664720,0
-0.533455,1.500569,0
0.390017,1.995675,0
1.891056,0.441666,0
0.883595,0.961346,0
2.143950,0.058695,0
0.990140,3.761022,0
1.264432,-0.674796,0
0.143969,2.784566,0
0.954224,1.046149,0
2.809795,2.248828,0
0.486995,1.054087,0
0.171970,2.655517,0
-0.219280,1.911017,0
0.450576,1.182321,0
-0.610909,0.776117,0
1.547170,0.397388,0
2.362122,0.693612,0
1.298295,1.606976,0
1.027101,1.881018,0
1.579137,-1.116777,0
0.835398,3.066206,0
-0.096790,0.105129,0
0.961963,1.320474,0
0.865136,0.763968,0
2.474544,-0.494161,0
2.065515,-1.300538,0
2.688935,0.047710,0
2.836051,1.056812,0
0.382760,2.546459,0
2.795496,1.301813,0
-0.033723,0.788528,0
0.201036,2.015411,0
0.138925,1.724771,0
0.021328,-0.319393,0
1.625696,0.734186,0
0.869684,0.575240,0
-0.227235,0.302887,0
1.331796,0.834011,0
0.891502,-0.483851,0
2.009988,-1.047061,0
0.225342,1.832196,0
1.983778,0.816626,0
-0.771665,1.473856,0
0.761160,1.295399,0
2.129910,0.532840,0
0.912446,-1.053306,0
2.295130,0.632802,0
2.177297,0.587487,0
-0.101795,0.699325,0
1.182196,1.679018,0
1.448618,1.415183,0
-0.233680,1.297571,0
-1.429835,-0.604596,0
0.050002,2.153578,0
1.787275,0.259468,0
1.941554,-0.372155,0
1.934111,0.806296,0
1.228378,0.745099,0
1.343362,0.578120,0
1.611300,1.689472,0
1.245489,2.079771,0
2.387321,0.158544,0
2.707407,1.490700,0
0.288941,2.486086,0
2.063050,1.651788,0
1.663384,0.109017,0
1.207863,0.129915,0
0.846115,3.539263,0
2.030789,0.752929,0
1.950186,-0.291564,0
0.366210,-0.057977,0
1.535726,0.267612,0
-0.544149,1.344563,0
0.059361,-0.810773,0
0.170485,1.448947,0
1.031256,0.459127,0
0.344235,1.514975,0
1.397467,0.950773,0
1.302392,2.531305,0
0.990205,1.392838,0
1.411901,0.449390,0
1.998201,1.599755,0
0.823777,0.590955,0
0.671025,1.664703,0
3.702271,2.102240,0
1.270775,0.873054,0
-0.016840,-1.010693,0
-0.314353,1.893812,0
2.437047,-1.461563,0
1.156738,-0.609736,0
-0.058311,0.379126,0
1.567335,0.895735,0
2.165637,0.027903,0
0.279953,0.707629,0
2.399257,1.708071,0
1.205262,0.844536,0
1.710606,2.204597,0
0.601164,1.289115,0
1.493674,1.181476,0
3.140569,1.529749,0
3.801270,0.606259,0
-0.044829,1.948871,0
0.968016,-1.460715,0
0.106036,1.831764,0
1.563880,-0.826508,0
0.534850,3.389657,0
2.043281,2.125844,0
2.101759,2.318232,0
2.791379,2.212023,0
2.459832,0.937146,0
-0.047601,1.485522,0
1.330450,0.933375,0
0.130651,0.646142,0
0.828714,0.815070,0
0.750823,0.653565,0
0.903272,1.489563,0
-0.827619,0.799756,0
0.749014,2.157419,0
-0.620370,1.650691,0
-1.313571,1.004021,0
-0.009062,2.161421,0
0.729482,1.648737,0
3.001063,-0.220019,0
1.018896,1.103817,0
0.200543,1.628151,0
-0.955087,2.574539,0
1.131679,0.175354,0
1.389374,-0.303695,0
-0.049635,0.812055,0
3.359499,0.776484,0
0.222739,0.741151,0
0.162411,-0.835917,0
-0.242541,1.485855,0
1.022985,1.102695,0
-0.605790,-0.176094,0
0.263275,0.136248,0
0.546452,0.506840,0
0.382257,-0.950274,0
2.648175,-0.613979,0
0.264293,1.080444,0
-0.099750,0.806664,0
1.249418,0.624096,0
1.492504,1.471605,0
-0.228743,1.164173,0
1.161224,0.564715,0
-0.584329,0.514146,0
1.969155,0.270099,0
-0.078214,0.856139,0
1.507374,0.345832,0
-0.135783,1.311584,0
2.523900,-0.147532,0
0.913961,4.429564,0
2.224445,1.209916,0
2.601013,-0.318101,0
2.700579,2.028337,0
1.438566,0.209658,0
0.334897,1.662150,0
1.616982,2.167986,0
-0.240462,0.461887,0
1.299725,-0.571992,0
-1.146653,1.268677,0
1.842700,2.496942,0
1.935212,1.355332,0
-1.267617,1.029775,0
2.152968,1.005466,0
0.861980,1.118738,0
1.622463,-0.110487,0
0.177566,1.711222,0
2.485897,1.167493,0
0.207332,2.174899,0
0.568030,0.772612,0
1.039078,1.241400,0
2.006577,2.770941,0
2.682821,1.072191,0
1.629143,2.106534,0
4.062860,1.740439,0
-0.787533,2.657345,0
1.257861,2.509516,0
0.910918,0.933925,0
0.699327,1.814749,0
1.374851,3.650572,0
1.926632,0.031662,0
-0.081787,0.469935,0
1.800365,0.911929,0
1.024016,3.154798,0
1.126648,0.796699,0
1.443738,0.816049,0
0.409279,0.644232,0
1.607982,-0.493149,0
0.484879,-0.477604,0
1.029659,1.284343,0
0.521092,0.933706,0
-1.229640,0.328603,0
0.068427,1.592812,0
1.277497,0.154613,0
2.025040,2.762836,0
1.636494,2.136734,0
-0.416158,0.585167,0
1.493504,0.640250,0
2.944977,0.759125,0
1.682249,1.997417,0
1.814430,0.921220,0
1.322537,-0.222763,0
1.185801,-0.564403,0
0.052718,0.033689,0
-0.621291,0.931031,0
-0.032369,1.003677,0
0.739354,1.281847,0
0.654346,1.958390,0
2.936408,1.110414,0
0.596122,1.397300,0
3.739780,1.694991,0
0.547905,1.292400,0
2.490730,-0.031029,0
-0.204997,1.524808,0
0.384661,2.345800,0
0.024889,0.040737,0
1.173070,2.775650,0
0.285965,1.491097,0
-0.480166,-0.164735,0
1.051950,0.714556,0
0.044909,1.553971,0
1.249389,-0.093980,0
-0.233664,1.360475,0
0.478928,0.078968,0
2.003119,2.205400,0
1.493116,1.765024,0
-0.483404,0.934204,0
-0.362022,0.947552,0
-0.252512,0.716257,0
3.237052,2.004604,0
0.702396,0.062144,0
0.443990,0.917419,0
1.317615,0.598143,0
1.326107,2.519974,0
2.617666,0.622481,0
1.039380,0.820478,0
1.453981,0.199874,0
0.966610,4.653631,0
1.344631,1.491470,0
0.692795,0.810056,0
0.592859,1.759509,0
1.452015,1.527194,0
3.506529,-0.421957,0
1.318081,-0.320274,0
0.169027,2.951157,0
2.346618,1.385930,0
-1.241264,0.611101,0
-1.461235,1.947435,0
-1.500813,1.354444,0
1.608812,1.928921,0
2.895713,0.707038,0
1.075612,0.126053,0
-0.803804,1.018547,0
0.859091,2.008724,0
0.652931,-0.063948,0
2.081352,0.312157,0
0.927640,0.406617,0
-0.604243,2.563148,0
0.224109,3.185416,0
-0.090213,-0.084897,0
1.737042,0.264201,0
2.687887,0.947892,0
0.966369,1.870676,0
1.350863,2.905005,0
-0.535361,1.209304,0
0.563533,1.817519,0
1.172625,1.057041,0
2.053812,-0.463234,0
0.883312,2.413792,0
1.415735,2.791552,0
-0.509075,2.723723,0
-0.132763,1.264520,0
0.586728,-0.495505,0
0.371628,0.940477,0
3.257236,1.395292,0
0.506936,1.932220,0
0.935563,1.552462,0
-1.056168,1.786843,0
0.007466,1.156137,0
0.083140,0.590931,0
2.337480,0.275952,0
0.458455,1.243350,0
2.218965,1.457321,0
2.414848,0.991843,0
1.075790,-0.772261,0
1.021151,-0.797604,0
1.508708,-1.368880,0
1.556959,0.512191,0
1.269636,1.607748,0
1.471225,-0.527177,0
0.381005,1.040473,0
1.584964,1.136504,0
-0.341706,1.541136,0
0.015618,1.745775,0
1.258421,1.182756,0
0.156523,-0.645096,0
-0.529485,0.298009,0
2.394288,1.399359,0
-0.905877,1.349796,0
2.209477,-0.755709,0
-0.259909,1.056264,0
2.336745,0.495603,0
0.221418,1.259359,0
1.264299,2.481860,0
1.557086,0.960651,0
2.068279,-0.542619,0
1.603223,1.108355,0
-0.431097,-1.002733,0
1.492904,1.255905,0
1.089739,0.844937,0
0.711216,1.488793,0
-0.246736,0.731257,0
1.614433,1.101326,0
2.203442,2.549224,0
2.545764,0.835973,0
-1.800061,2.525688,0
0.481390,0.094646,0
-0.125684,0.057817,0
2.559242,0.748068,0
1.450998,0.715169,0
0.959019,-0.087366,0
1.631269,0.387096,0
-0.111684,0.764228,0
-0.053768,-0.762089,0
0.656331,-0.851001,0
3.171006,0.792938,0
1.424149,0.630583,0
-0.535272,0.857645,0
0.971947,1.523647,0
1.204283,2.196196,0
1.403785,1.018178,0
0.610357,0.746789,0
1.622257,2.042238,0
0.002771,-0.859089,0
0.225700,0.516948,0
1.672801,2.319228,0
0.453178,2.899546,0
0.913225,-0.511655,0
3.026190,1.827461,0
-0.849947,-0.499850,0
1.470469,0.908335,0
0.858675,0.367839,0
-0.488656,0.435264,0
1.645907,0.905958,0
0.974118,-0.396482,0
2.044353,0.067003,0
1.572510,0.667490,0
1.091151,1.645922,0
0.016483,0.632641,0
-0.911237,1.651800,0
0.187232,0.227255,0
-0.320032,1.925235,0
-0.737440,2.661042,0
-0.398556,0.386057,0
1.122116,1.122860,0
0.275105,1.365045,0
1.743139,0.282457,0
2.266263,1.626614,0
0.458838,1.076490,0
1.906315,0.112692,0
2.380247,1.649591,0
-0.035558,0.862086,0
0.459104,1.996405,0
0.630860,1.114240,0
2.285601,0.495720,0
1.922545,1.771251,0
2.042113,2.182140,0
2.283475,0.061465,0
-0.224695,1.427628,0
-0.291204,-0.100559,0
1.224026,1.242464,0
1.518017,2.123205,0
1.097302,2.222056,0
0.406584,1.098701,0
1.091180,1.268780,0
1.651279,-1.186644,0
0.813059,1.703020,0
1.235455,-0.468950,0
0.753696,0.793533,0
0.826916,1.893419,0
1.377015,-0.906374,0
0.633632,-0.776889,0
-0.168461,1.971820,0
1.383669,1.233553,0
0.169168,2.192823,0
1.325706,1.677812,0
-1.902830,-0.027853,0
1.284828,-0.709683,0
1.138095,0.676775,0
1.454348,1.793556,0
1.442408,-0.437695,0
-0.190799,2.470845,0
-0.677660,2.151364,0
0.486464,0.402779,0
1.826625,-1.061038,0
1.206258,0.660093,0
1.320309,1.405215,0
-0.789303,1.409261,0
0.381629,-0.139684,0
1.304963,2.254662,0
0.182174,2.703091,0
1.424644,-0.675232,0
3.825186,-1.816294,0
0.802660,1.820051,0
1.574967,1.265130,0
2.097274,1.973067,0
1.654229,0.846891,0
2.713186,2.046288,0
2.311260,1.384010,0
2.490509,1.172707,0
1.030842,1.907736,0
-1.374996,-0.819946,0
1.419948,-0.306077,0
0.326475,0.632086,0
0.824302,-0.572010,0
1.303289,2.013622,0
1.157331,0.812443,0
1.542562,2.689005,0
2.717171,0.123279,0
0.361090,0.877895,0
1.286555,2.193831,0
1.004641,1.836702,0
0.768876,0.297421,0
1.437268,2.559092,0
0.679519,-0.533428,0
0.864220,0.143031,0
1.685858,1.423709,0
2.506187,0.337643,0
1.216290,0.868278,0
-0.606770,1.216278,0
1.712433,-0.136604,0
1.141804,0.615562,0
-0.781826,3.074440,0
1.053718,1.162897,0
1.477160,2.291362,0
1.530643,1.057839,0
-0.780190,2.421512,0
0.683649,-1.132217,0
0.914859,1.928278,0
0.946282,1.109372,0
0.635747,1.799017,0
1.518126,1.226621,0
-0.114777,0.638266,0
1.830900,0.125849,0
2.000818,1.097924,0
0.664883,-0.937014,0
1.357440,1.322911,0
0.634609,2.900877,0
0.982266,2.736045,0
1.597988,1.658009,0
2.205017,1.590784,0
0.172821,3.431272,0
0.819895,1.422524,0
0.585219,2.304127,0
-1.543963,0.257312,0
0.597325,0.335192,0
1.090484,2.435071,0
-0.204347,1.318406,0
1.666382,0.740494,0
1.235273,2.375593,0
-1.787172,1.705667,0
0.082703,0.834550,0
1.257448,2.000780,0
1.879395,1.965911,0
0.925249,0.346640,0
-0.039473,1.010085,0
0.749847,0.866337,0
0.983665,0.853495,0
2.871922,-0.829876,0
-0.008162,0.331398,0
0.363058,0.542934,0
0.729747,1.164057,0
1.249866,1.327724,0
1.896188,1.146354,0
2.252884,0.148424,0
1.275442,-0.175838,0
0.602837,0.741820,0
2.136542,2.217772,0
0.351999,0.587012,0
0.246620,1.430258,0
0.999772,1.090828,0
1.536130,1.905010,0
0.979873,0.850974,0
-0.162867,1.078256,0
-0.235251,-0.735344,0
-0.636618,0.391769,0
2.161721,0.542529,0
-0.008515,1.912442,0
1.076135,1.926824,0
1.641342,3.049382,0
-0.342132,2.232466,0
0.114127,1.669993,0
2.236542,1.627749,0
-0.570448,0.161467,0
1.120234,1.206632,0
2.017697,1.274480,0
0.107961,0.123453,0
1.657285,2.073565,0
1.271433,0.745888,0
0.504376,1.045501,0
0.203477,-1.534818,0
1.523229,0.649100,0
0.889796,1.248956,0
0.579831,-0.689835,0
2.256140,0.582909,0
0.052010,0.368046,0
0.509656,2.404626,0
2.597615,2.323509,0
-0.440941,0.067352,0
1.027778,0.286493,0
-0.788431,2.742045,0
3.838074,2.573017,0
-0.276360,0.328501,0
0.210218,1.303712,0
1.355014,1.344185,0
1.498743,0.839921,0
-0.293024,-0.799917,0
1.577932,2.150671,0
3.007919,-0.008410,0
1.795099,2.259334,0
0.026763,-1.008986,0
2.110058,-2.182085,0
-0.639291,0.578391,0
2.420750,0.434240,0
1.099799,0.254247,0
1.702216,0.182651,0
-0.667722,1.046864,0
2.324023,0.092902,0
-2.220819,0.298636,0
0.859354,2.616716,0
0.929640,0.714965,0
1.177006,0.385623,0
1.130360,2.431687,0
0.573721,2.848463,0
1.617682,0.833282,0
1.096313,2.218871,0
1.674317,-0.817848,0
0.915131,0.666323,0
0.782975,0.021774,0
0.877166,2.199958,0
-0.068489,1.610485,0
-1.333040,2.830850,0
3.285680,1.014129,0
-0.153958,0.484745,0
0.597237,-0.415634,0
2.280657,2.748514,0
1.775581,1.012226,0
0.514824,1.912802,0
0.457811,-0.556907,0
0.114727,0.320192,0
0.916262,0.282165,0
1.774880,-0.189682,0
0.565523,-0.027709,0
0.072338,0.612226,0
-0.218989,-0.114808,0
1.626269,0.899458,0
0.494248,-1.075675,0
-0.852001,-1.393071,0
0.590124,-0.133627,0
1.951242,1.832300,0
-0.166412,0.160693,0
0.925111,0.386838,0
0.764483,0.126884,0
-0.188641,1.735919,0
-0.389567,1.703070,0
0.296093,0.241677,0
2.513899,2.407793,0
1.360727,1.602766,0
1.271558,1.441903,0
1.650997,-0.045777,0
1.786979,1.399048,0
0.853471,2.834946,0
0.061908,2.419607,0
-0.227702,1.607689,0
0.594234,3.299567,0
1.200542,0.060717,0
2.255332,1.049704,0
-0.195670,0.498652,0
1.414897,-1.944311,0
1.656941,2.074460,0
0.847409,-1.132189,0
0.557280,1.394399,0
0.929657,2.119192,0
0.136105,-0.324188,0
1.364436,0.289975,0
2.568614,1.578919,0
1.301547,3.974401,0
-0.444662,2.361888,0
1.495895,0.732196,0
0.665772,-0.593471,0
-1.272259,-0.147103,0
0.077507,1.970394,0
0.886227,-0.344743,0
1.568134,2.218461,0
0.183518,-0.422793,0
1.231081,0.479161,0
3.090679,1.721566,0
1.671307,2.184700,0
1.302501,-1.039398,0
0.084550,-0.195564,0
1.698603,1.662916,0
1.177357,0.178994,0
0.661594,-0.494042,0
3.529733,0.198925,0
2.617464,0.184352,0
1.364010,2.875731,0
1.246571,1.098187,0
2.776798,2.666716,0
0.519763,1.539983,0
0.916791,1.415816,0
1.654195,2.801462,0
0.436490,-0.649354,0
-2.044208,-0.033774,0
-0.540498,1.146920,0
-0.374379,0.985285,0
1.351514,1.167857,0
0.651506,1.121321,0
-0.975821,0.113331,0
1.245054,-1.025525,0
1.255752,1.959096,0
1.042170,-0.027908,0
1.421353,1.288548,0
1.765287,1.229116,0
-0.382052,0.607328,0
0.232943,2.752844,0
3.640514,0.501567,0
0.958419,0.861503,0
2.801843,1.021329,0
1.240308,-0.651818,0
1.703667,-0.328315,0
3.080164,-0.581240,0
-0.529040,2.017077,0
0.698277,1.771195,0
1.091484,1.253676,0
-0.056689,1.505740,0
2.128701,1.076433,0
0.688601,1.081085,0
1.542347,1.423418,0
0.215983,3.129147,0
1.598300,-0.450595,0
0.881077,-0.241483,0
1.593721,1.426250,0
-0.778740,1.799549,0
1.597919,1.482100,0
2.383669,0.774889,0
-0.284700,0.107388,0
1.326226,0.099851,0
2.205069,1.509434,0
0.326132,1.828948,0
2.089677,0.040470,0
2.232676,1.695609,0
1.490105,0.778413,0
2.139128,2.637874,0
0.853105,1.441080,0
1.097625,1.595044,0
0.384634,3.239358,0
2.198493,2.505184,0
1.070422,-0.069107,0
0.146213,1.604462,0
0.374163,-1.341258,0
1.148237,1.695322,0
1.034722,2.680405,0
2.625972,-0.514082,0
2.359064,2.784410,0
0.602622,0.565803,0
-0.899794,0.539843,0
0.478079,-0.501199,0
-1.283677,1.761978,0
1.498493,0.052570,0
0.728354,0.438053,0
0.460975,-0.032697,0
3.184391,-0.004341,0
1.193584,1.809520,0
0.591553,1.756710,0
0.408195,-0.742229,0
0.220634,1.961461,0
0.694867,-0.025029,0
0.737569,-1.156446,0
1.556742,-0.252204,0
0.952884,2.411994,0
1.469765,2.103136,0
1.535200,2.458308,0
1.668233,0.554750,0
3.203496,-0.862659,0
0.197636,0.859081,0
1.525833,2.852752,0
0.975007,2.621824,0
3.086720,1.772009,0
1.273131,0.170182,0
-0.107956,1.412917,0
0.221889,-0.151659,0
3.025018,1.822609,0
2.023839,0.341324,0
0.211783,-0.943006,0
0.088528,0.981177,0
0.563176,1.805018,0
-0.383340,-0.170594,0
0.849714,0.886202,0
-0.412175,-0.106684,0
0.954351,1.424893,0
1.447676,1.002260,0
2.036776,-0.575914,0
1.303894,2.340501,0
1.793025,0.955018,0
0.227420,-0.077686,0
1.329598,1.867906,0
1.590765,1.065225,0
0.001404,-0.951638,0
0.900761,0.773305,0
0.744275,1.283794,0
1.998164,2.482411,0
0.739295,0.739252,0
-0.087409,0.840391,0
1.593016,2.557028,0
3.069613,0.222747,0
0.508636,0.368602,0
0.785215,0.653157,0
1.740186,2.800656,0
-0.404787,0.741846,0
2.223823,1.227449,0
1.139330,0.266995,0
2.543555,1.035696,0
1.438637,0.278130,0
1.899540,2.332033,0
0.647756,1.068210,0
-0.302102,1.613853,0
0.790713,0.615571,0
2.619480,0.692678,0
1.238928,0.117271,0
2.485582,1.099438,0
1.295815,1.509692,0
1.356781,1.027732,0
2.632308,1.088803,0
0.276419,0.255744,0
2.119078,-0.020916,0
-1.419230,0.713849,0
3.039555,0.894805,0
1.526982,0.024554,0
1.085434,2.626685,0
0.566977,0.735118,0
1.019269,0.455794,0
1.163841,0.220784,0
1.976866,-0.033482,0
-0.192677,0.125533,0
0.800676,-1.560948,0
1.746554,0.927573,0
2.566764,0.832701,0
0.807098,0.840125,0
0.046934,-0.079399,0
1.845733,0.544901,0
2.343084,1.577910,0
0.794624,0.903380,0
0.388972,0.878914,0
0.629664,3.732888,0
-0.655126,1.422266,0
0.395155,1.406305,0
0.116928,0.606809,0
0.400669,2.128543,0
1.573927,1.467675,0
1.088116,0.608309,0
1.465978,0.344253,0
-0.430548,2.169375,0
1.200140,-0.315309,0
-0.071355,0.264325,0
0.022075,0.765786,0
1.549991,1.500826,0
0.166752,-0.231030,0
0.021554,-0.072497,0
0.693089,0.442554,0
0.559860,0.940169,0
-0.107927,0.925497,0
1.145761,1.527874,0
1.416643,1.551064,0
1.930372,2.201952,0
0.701316,0.258866,0
1.553310,2.407994,0
1.014506,3.767749,0
1.575881,-0.002305,0
0.222986,-1.653216,0
1.372244,0.069508,0
1.372691,1.287690,0
2.181465,2.602360,0
1.299373,-0.942374,0
2.203730,2.748065,0
-0.107501,0.231843,0
1.845815,1.891832,0
1.476511,1.567015,0
1.510106,-0.719196,0
0.978940,1.291143,0
2.552080,3.747290,0
-0.227988,-0.011994,0
1.494208,0.147955,0
1.341612,1.072245,0
0.589424,-0.227594,0
1.203177,0.874721,0
1.232340,-0.196628,0
1.931674,1.986588,0
1.743811,-0.529275,0
2.118394,0.129752,0
2.450405,2.333784,0
0.274300,2.439738,0
3.219364,-0.030332,0
2.017911,0.187690,0
0.986531,3.011655,0
1.152493,0.980156,0
1.055403,2.622790,0
0.700541,0.607377,0
1.800510,1.869147,0
0.050697,0.583958,0
0.487599,0.750833,0
-0.667811,1.546958,0
1.397734,-0.318663,0
2.286558,1.104157,0
-0.810297,2.036245,0
0.245090,0.501503,0
0.842377,0.177985,0
1.201330,1.514181,0
1.991793,-1.117013,0
0.452206,2.887724,0
0.768278,2.510907,0
1.563899,0.649378,0
1.940051,-2.017272,0
2.343877,0.884506,0
1.416340,2.984428,0
2.759647,1.226003,0
1.328569,2.057144,0
2.025061,0.625208,0
1.327291,0.581462,0
0.337020,0.428217,0
2.097290,-1.130977,0
0.319948,0.704060,0
1.691004,1.312820,0
-0.430243,2.230568,0
1.996269,-0.846294,0
0.229650,1.392445,0
0.936615,1.081369,0
2.510441,0.286292,0
2.021076,0.447969,0
0.474068,0.091917,0
1.061345,0.633015,0
1.174145,1.284114,0
0.337478,0.766654,0
0.952359,0.712924,0
3.038003,-0.146060,0
2.084125,0.760738,0
0.649020,2.463003,0
1.997337,1.416711,0
1.102958,1.621696,0
2.288935,-0.449740,0
1.239419,2.696740,0
1.854197,1.948126,0
1.335676,2.419317,0
2.233567,2.504984,0
0.875048,0.446074,0
1.940627,0.899628,0
0.899523,2.424556,0
1.225535,-0.219459,0
0.057992,2.156444,0
1.002726,0.779919,0
0.419118,1.616518,0
0.762088,-0.831529,0
0.810364,-0.669197,0
0.160322,0.715551,0
1.069480,1.503285,0
1.981724,0.260201,0
1.052668,1.036668,0
0.183544,1.975312,0
0.961102,2.581309,0
1.849398,0.892951,0
0.313908,1.296394,0
2.085534,1.185158,0
2.027822,1.643346,0
0.653962,-0.089011,0
-0.990075,0.594302,0
1.027448,0.815652,0
-1.084655,0.925852,0
-0.435718,1.361075,0
-0.779681,1.436491,0
3.633620,2.445440,0
1.982777,1.731483,0
1.036449,1.348348,0
1.168761,0.813088,0
2.373694,1.473672,0
0.872987,-0.545647,0
1.722688,1.820079,0
2.050561,0.278037,0
3.453015,0.799050,0
0.214513,0.977201,0
1.054308,0.884637,0
1.322412,1.263743,0
1.633227,2.976714,0
1.750412,1.431733,0
1.602354,0.819676,0
0.347044,-0.521131,0
1.418605,0.327649,0
3.633200,1.176141,0
1.042021,0.053892,0
1.369093,1.153464,0
2.477245,1.435729,0
1.220614,1.654036,0
1.971934,1.348713,0
0.919810,0.091924,0
1.400868,2.053462,0
1.577292,-0.235705,0
1.532484,0.088347,0
1.436899,1.016158,0
1.167569,0.621359,0
0.728579,2.127295,0
-0.002586,0.300555,0
0.218929,1.783677,0
0.996727,1.619648,0
1.929449,2.088699,0
0.458475,0.798081,0
0.825054,1.092827,0
0.720333,-0.745679,0
1.610475,2.000607,0
0.746066,2.515893,0
3.256699,0.817312,0
0.977277,1.803653,0
0.075611,0.207261,0
1.045901,1.342022,0
0.082312,2.179913,0
0.829990,2.087924,0
0.464530,1.439617,0
1.630635,2.007259,0
1.195342,0.507058,0
1.191417,1.065361,0
1.354798,0.626320,0
2.173932,1.081999,0
-0.362013,0.162145,0
1.127581,1.102951,0
1.850652,-0.820928,0
1.427935,0.195221,0
1.966608,0.072347,0
2.250326,0.074516,0
1.680419,1.268989,0
0.460062,1.146773,0
3.064500,0.992743,0
0.847225,1.032815,0
1.209790,1.559839,0
2.095860,2.522679,0
0.094368,1.578229,0
1.479233,2.909781,0
1.370039,2.266280,0
1.763405,1.141853,0
1.000101,1.231822,0
1.097661,1.932174,0
1.631807,0.712510,0
2.575828,0.099389,0
3.185251,1.716771,0
0.497420,0.088035,0
2.292428,1.420280,0
0.181625,1.587822,0
2.448056,2.080397,0
2.294693,1.615171,0
2.493353,1.474066,0
-0.673689,1.943011,0
1.042511,1.298393,0
0.481759,2.663837,0
0.352305,1.284712,0
-0.360394,1.229592,0
3.227654,1.679831,0
0.382681,2.531602,0
-0.395145,0.467954,0
1.617119,1.806041,0
0.491711,0.554905,0
2.789568,0.030551,0
1.143673,1.304052,0
0.495143,1.500062,0
1.077450,0.205753,0
2.365680,0.791676,0
2.447903,-0.123813,0
0.505581,0.582054,0
2.761170,1.712022,0
-0.860426,-0.172392,0
1.913443,0.460672,0
1.474107,0.159050,0
0.515558,2.019893,0
2.124869,0.349783,0
0.707671,1.523285,0
2.245385,1.783652,0
1.120532,1.348096,0
-0.627967,-0.522938,0
0.237411,1.245472,0
2.235466,1.018431,0
0.611331,-0.717181,0
1.840832,2.718935,0
-0.318848,3.409038,0
-0.897255,1.608998,0
0.026759,2.618758,0
-1.144500,2.118813,0
0.119198,-0.052889,0
2.964359,0.495204,0
-0.311614,0.884534,0
1.793764,1.274149,0
0.399042,1.432956,0
0.666442,1.172505,0
1.507033,0.372593,0
0.795407,1.750157,0
0.615565,1.127934,0
1.710757,0.443617,0
0.671254,1.841537,0
-0.460828,0.148463,0
0.350416,0.955658,0
1.648136,0.739160,0
1.722374,0.390816,0
1.520079,-0.101339,0
1.137924,1.890188,0
1.000538,-0.724038,0
1.929991,2.531756,0
1.244818,0.042307,0
0.974664,-1.706203,0
-0.469273,1.923126,0
0.832537,1.533856,0
0.535228,-0.969557,0
1.876763,2.389902,0
0.660994,1.157990,0
0.199263,3.615140,0
1.797026,0.133334,0
-0.452814,0.002039,0
0.192270,1.376396,0
0.718271,1.768751,0
1.008127,0.273533,0
0.392426,0.824509,0
-0.272221,2.153767,0
1.549034,1.313907,0
1.100204,1.524984,0
0.916868,2.582561,0
1.091489,3.562110,0
1.944067,1.578001,0
2.712786,0.865684,0
1.377983,0.258747,0
1.208576,-0.156273,0
0.878574,2.114519,0
1.020568,-0.137291,0
1.849172,1.903621,0
-0.875970,-0.418329,0
0.761639,2.000850,0
1.537924,1.080281,0
-0.346977,-0.585780,0
1.841604,0.773435,0
1.792243,1.138119,0
2.026370,1.273210,0
-1.457314,1.471079,0
0.725631,0.587429,0
0.834783,-0.096861,0
1.119347,0.134606,0
1.149652,0.366258,0
-0.231444,2.705726,0
2.016285,1.857218,0
0.699257,2.783881,0
0.667197,-0.223328,0
1.136645,1.331607,0
2.865994,1.798388,0
3.210969,2.183712,0
1.913165,1.047386,0
1.238139,1.108895,0
0.968331,0.376471,0
0.096967,1.262533,0
0.292554,0.088356,0
0.480392,1.308676,0
0.552759,2.166825,0
0.266336,2.009288,0
1.662231,1.353619,0
0.312458,3.437771,0
0.801104,1.771740,0
2.117212,1.369504,0
0.695274,2.464532,0
0.645031,-0.718364,0
0.666538,1.641763,0
-0.506516,1.018627,0
1.511924,-0.477355,0
1.425135,2.702797,0
0.308989,-1.016629,0
1.216373,1.691884,0
-0.543409,1.028897,0
2.071764,0.673057,0
-0.088513,2.267602,0
0.257536,1.764215,0
0.560216,-0.193783,0
1.023017,1.634775,0
0.313442,2.120592,0
0.598821,1.520660,0
-1.581671,2.378737,0
0.825102,0.894287,0
0.177904,0.079409,0
1.264878,0.271473,0
2.663990,0.655349,0
0.100299,1.222475,0
3.171290,0.697649,0
1.651650,2.434021,0
1.690134,1.547240,0
0.844876,-1.022335,0
0.601948,2.812725,0
2.042907,1.395282,0
0.203550,2.017321,0
-0.056803,0.740457,0
1.401890,0.408101,0
1.343349,0.398109,0
1.198713,0.967521,0
1.562827,1.482198,0
1.802146,1.197526,0
0.773267,0.681505,0
1.838037,0.610176,0
2.089348,-0.059697,0
1.783049,2.751904,0
1.144996,1.292439,0
1.363531,0.091176,0
0.639743,0.092513,0
2.973209,2.358708,0
-0.049959,0.639118,0
0.812634,-0.026121,0
0.709813,-0.065726,0
0.832603,0.157748,0
-0.006783,1.315928,0
1.118958,0.732074,0
1.604318,0.939861,0
2.980038,0.216323,0
0.911314,-1.170441,0
1.602194,0.594953,0
-0.596406,0.695667,0
-0.707558,1.631225,0
1.845139,0.807817,0
0.926402,0.217348,0
1.951962,1.077115,0
2.187212,1.671922,0
2.059454,2.036822,0
0.429544,1.235039,0
1.615269,1.652907,0
0.103048,0.836605,0
-0.804389,1.832782,0
0.669112,2.202432,0
1.160601,1.636912,0
0.406260,2.686831,0
1.448675,1.744188,0
0.795096,0.439077,0
2.713633,1.147208,0
1.395632,-0.578687,0
2.415185,0.344019,0
1.260591,0.161314,0
2.194805,1.789694,0
1.351706,3.240823,0
-0.052417,1.541506,0
0.401840,1.664781,0
0.102660,1.205670,0
-0.388878,3.015452,0
0.600636,-0.344643,0
-0.744328,0.120914,0
1.448885,3.447318,0
0.856945,2.106227,0
1.721361,1.142371,0
1.050563,0.847013,0
1.146004,0.929916,0
1.421837,1.726049,0
2.087771,-0.309548,0
-0.360606,1.061850,0
0.980546,0.454786,0
-0.004076,1.577418,0
0.793208,2.527648,0
2.151048,-0.913713,0
2.663892,0.025092,0
1.401499,-0.255402,0
0.009162,1.772649,0
0.156680,2.024425,0
0.731853,1.705782,0
-0.094152,0.813805,0
-1.189131,0.304144,0
4.325894,0.715257,0
0.872691,-0.033986,0
3.025997,0.639620,0
0.431415,-0.700546,0
1.521968,3.589389,0
0.079629,0.161386,0
1.982994,0.571114,0
-0.873176,1.777485,0
-0.325521,-1.021540,0
0.763738,1.679050,0
0.692438,-1.344020,0
1.274927,0.612963,0
-0.312954,0.566013,0
0.938905,0.961628,0
0.936821,0.303222,0
1.259185,1.289477,0
-0.047190,0.382362,0
2.741614,0.390935,0
1.552109,0.683617,0
2.733886,1.147843,0
0.488248,1.804485,0
1.244607,0.292077,0
1.000853,2.253067,0
0.254325,1.381315,0
0.398859,1.005845,0
2.498109,1.122740,0
1.658760,1.883246,0
0.067125,-0.743986,0
-0.648395,2.789126,0
4.452424,1.080161,0
1.896266,2.316422,0
-0.130718,0.642352,0
2.086610,-0.257029,0
2.317614,1.865168,0
0.299501,1.834921,0
2.244655,0.721750,0
0.024301,1.844872,0
-0.614563,0.617076,0
1.501822,3.278072,0
1.049515,-1.627807,0
-0.262270,-0.155661,0
-0.743001,0.425714,0
0.286184,2.360919,0
2.562144,-0.078474,0
1.881562,2.744494,0
-0.191577,2.163417,0
4.088932,1.493350,0
1.961578,0.974816,0
1.498391,0.605289,0
0.338319,-0.512272,0
-0.622461,1.355770,0
2.208331,-1.228067,0
1.013885,1.416053,0
0.676165,-0.378900,0
2.154841,2.193728,0
2.032720,0.011569,0
1.717798,0.161826,0
2.310205,2.559048,0
0.245688,0.805712,0
-0.390299,1.904343,0
1.538167,0.413932,0
2.126389,1.408124,0
0.264613,1.864946,0
-0.303662,-0.811381,0
1.460483,-1.519936,0
0.889540,-0.518521,0
-0.680275,-1.291936,0
0.718192,-0.170282,0
0.586286,1.187615,0
0.013872,0.415680,0
0.798440,2.914937,0
1.210401,2.187415,0
0.676085,2.184525,0
0.279778,2.042624,0
0.897019,-0.590295,0
0.755532,0.541070,0
1.094294,2.602572,0
-0.387318,1.051912,0
1.387568,-0.473429,0
0.814542,0.978413,0
1.551283,-0.226863,0
0.595603,2.943741,0
2.499573,0.820385,0
1.555128,2.878924,0
-0.592151,1.623042,0
0.227490,-0.442571,0
-0.202653,1.324066,0
-0.643346,2.398036,0
-0.589873,0.328037,0
2.102716,-0.519182,0
2.468069,-0.013384,0
2.628029,-1.446280,0
0.055103,1.949183,0
2.400857,0.239725,0
1.095668,1.323475,0
-1.697970,1.136179,0
1.103860,-0.810727,0
2.248508,2.197163,0
3.088049,-0.104337,0
1.527195,-0.091318,0
0.925189,0.584461,0
0.882736,0.271728,0
1.676181,1.263298,0
1.494000,1.765862,0
1.585901,3.632463,0
0.375834,1.499391,0
0.735483,0.684485,0
1.130237,1.103039,0
1.321457,-0.189689,0
1.330908,3.454109,0
-0.358592,1.110188,0
1.580915,1.961189,0
0.095196,1.780433,0
0.496969,1.075750,0
0.280614,1.812480,0
2.068073,0.180171,0
3.674195,1.912959,0
1.271323,-0.212459,0
2.387432,0.901660,0
-0.196187,-0.053068,0
1.733125,-0.154548,0
1.740675,0.911634,0
1.198256,2.008842,0
-0.351812,0.316867,0
1.916790,1.579311,0
1.150836,0.549998,0
2.668793,0.738306,0
0.748050,-0.189993,0
2.938735,0.908804,0
0.506334,-0.274743,0
0.728524,2.518704,0
0.787570,0.718924,0
-1.065665,0.608657,0
0.808442,1.575539,0
1.723413,2.557113,0
1.581099,0.690250,0
0.468064,2.422178,0
1.126110,-0.300551,0
1.073647,2.793180,0
1.120557,0.483041,0
0.003094,2.319835,0
1.630919,0.938702,0
0.256179,0.182502,0
-1.146428,-0.232117,0
0.646673,1.952472,0
0.056534,1.102176,0
0.288070,0.153207,0
1.713281,3.446826,0
0.015437,-0.578622,0
-0.395219,1.032034,0
-0.929008,1.416091,0
0.048953,-0.167544,0
0.858790,1.360901,0
0.416077,2.576023,0
0.600617,1.325798,0
0.364383,2.204415,0
1.507273,1.739276,0
1.215656,0.376590,0
0.434193,0.580790,0
2.501638,1.100063,0
2.034330,1.221914,0
0.525486,2.240446,0
0.291658,1.533003,0
1.786933,0.497607,0
0.989046,2.823357,0
0.371648,2.241285,0
-1.177603,-0.830556,1
-0.669474,-1.487224,1
-1.767372,-1.568084,1
0.494483,-0.726346,1
0.133762,-1.565201,1
0.879988,0.107143,1
0.347044,-1.624502,1
-1.314087,-1.562844,1
-2.131168,-3.283338,1
-1.676060,-1.040956,1
-2.214406,-2.148458,1
-2.301064,-0.761426,1
-2.538069,-0.874846,1
-1.589569,-3.553913,1
0.666419,-0.719098,1
1.203690,0.044333,1
-1.946360,-0.081156,1
-1.098120,-1.629057,1
0.995526,-1.245513,1
-1.590677,-0.655371,1
-1.497135,0.203186,1
-3.050294,-0.399487,1
-2.142879,1.834127,1
-1.612216,-0.878986,1
-0.763548,-1.346046,1
-2.567606,-1.152362,1
-1.306676,-0.652547,1
-0.027849,-1.434050,1
-1.058581,-0.724342,1
-0.313350,-0.192852,1
-1.936621,0.604681,1
0.469463,-2.076962,1
-1.767039,-2.372011,1
0.721263,0.116011,1
-0.435085,-0.901224,1
-1.973422,-0.911924,1
-1.512012,-1.120017,1
-0.519851,0.008149,1
-0.776342,-0.118263,1
-0.077120,-0.962933,1
-1.195184,-0.368028,1
-1.436031,-3.878461,1
-1.519447,-0.230620,1
-2.630733,-1.530546,1
-0.941122,-1.322715,1
-1.113333,1.033435,1
-0.383400,-2.362359,1
-0.681316,-1.208901,1
0.380123,0.113590,1
-0.877006,-0.946974,1
-0.611866,-0.795528,1
-2.541833,-2.018319,1
-2.252616,-0.087686,1
-1.266712,-0.958404,1
-1.184371,0.024888,1
-0.408842,-0.865751,1
-1.127891,-1.334741,1
-3.215247,-1.267485,1
-0.851986,-1.031030,1
0.153999,-0.228891,1
-3.309366,-1.537738,1
-1.510229,-2.494350,1
0.797546,-1.904624,1
0.539507,-0.175952,1
-1.404109,-2.276049,1
-2.326546,-0.952540,1
-0.750025,-1.555985,1
-1.107256,-2.080841,1
-0.409097,-1.189050,1
-0.029963,-1.043281,1
0.017733,-3.058440,1
-1.182385,-2.461100,1
-1.055568,-1.482529,1
-2.089220,-1.781283,1
0.449285,-0.954747,1
-0.140638,-1.624952,1
-0.391266,-1.113311,1
-2.049045,-0.732058,1
-0.280905,-1.407702,1
-1.843633,-1.807314,1
0.269213,0.132112,1
-2.849273,-1.006495,1
-1.973555,-2.802283,1
-1.365686,-1.637818,1
0.467091,0.700379,1
-1.678994,-0.625934,1
-1.125435,-1.118663,1
-0.349133,0.033437,1
-2.532550,-2.379540,1
-0.138384,-0.863324,1
-2.121009,0.764325,1
-1.136483,-1.482068,1
-3.148788,-1.834093,1
-0.624490,-1.269015,1
-2.669342,-2.906463,1
0.048803,-0.580427,1
1.029572,-0.786916,1
-0.499960,1.357994,1
-0.399178,-1.648053,1
-1.337483,-0.642419,1
-0.941981,-2.500485,1
-0.746130,-0.485014,1
-0.295927,-1.722402,1
-1.024924,-0.315173,1
0.505436,0.804937,1
-0.743204,-0.253391,1
-1.494916,-0.601060,1
0.360013,-1.929122,1
-1.706175,-0.433775,1
-0.427001,-1.312441,1
1.044730,-0.861130,1
-1.534636,-0.157685,1
-1.706930,-1.920595,1
-1.390917,-2.019708,1
-2.056184,-1.271709,1
-1.389675,0.526319,1
-1.536348,-0.951111,1
0.953914,0.955300,1
-1.105443,0.006052,1
-1.216423,-2.235953,1
-3.106556,-2.020466,1
0.889923,-1.205938,1
-0.116227,-1.754470,1
-0.809737,-0.904458,1
-1.867053,-2.575429,1
-0.939529,0.505891,1
-2.026802,-0.894104,1
0.383675,-0.175853,1
-0.835362,-0.217882,1
-2.394251,0.389596,1
-1.464391,-0.174730,1
-1.759020,-2.187284,1
-1.008287,1.406931,1
1.310899,-0.550108,1
-1.833221,-1.897033,1
-2.649545,-1.123489,1
-2.607093,0.819512,1
-0.451210,-2.038062,1
-1.134207,-1.936084,1
-0.606843,-2.338256,1
-1.235420,0.931904,1
-0.992450,-1.819279,1
0.043847,-2.785018,1
-0.942297,-0.737503,1
-2.011398,-0.982451,1
-1.286303,-0.389328,1
-0.727654,-2.703581,1
-0.525140,-0.636379,1
-2.222452,0.035056,1
-0.627737,-0.173183,1
-2.999581,-0.944170,1
-0.693863,-2.496028,1
-1.624062,-1.584367,1
-2.308313,0.251581,1
-1.029759,-2.055955,1
-2.096503,-0.446478,1
-2.248483,-0.280243,1
1.167958,-0.155087,1
-1.311635,0.317514,1
-3.536851,0.848782,1
-0.859895,-0.666754,1
1.437835,0.530553,1
-2.156304,0.156682,1
-0.459150,-0.376470,1
-0.911771,-0.717979,1
-0.876820,-3.620883,1
-1.833713,-0.311594,1
1.091263,-0.441581,1
-1.597220,-0.675834,1
-2.188606,-0.826343,1
-0.255227,-1.026943,1
-1.143516,-0.506688,1
-1.616882,0.050991,1
-1.305958,-2.235678,1
-0.188204,-2.131835,1
-0.767498,-0.799691,1
-2.496034,-3.471130,1
0.059168,-0.330164,1
-0.321996,-0.934010,1
-1.607317,-1.666699,1
-0.341088,-1.229546,1
-0.153113,-0.216155,1
-2.151379,-1.963669,1
-0.743435,-2.832138,1
-1.075286,-0.210342,1
0.110259,-0.294131,1
-0.462513,0.802441,1
-0.261200,-3.375629,1
-1.206367,-1.739514,1
-0.262669,-1.987259,1
-1.013376,-0.387048,1
-1.911141,0.525831,1
-2.010677,-0.419896,1
0.442350,-2.650393,1
-2.373633,-0.004268,1
-1.222498,-0.551757,1
-0.912341,-2.332268,1
-2.625540,-2.391790,1
-0.619525,-1.665635,1
2.231113,-1.229469,1
-2.182522,-2.532843,1
-2.528989,-0.996874,1
1.421948,-1.519623,1
-1.859165,-2.080493,1
-1.095366,0.374069,1
0.709162,-1.808908,1
0.731403,-2.162687,1
-1.312526,-0.544395,1
0.516096,-0.888398,1
-2.653153,-0.814518,1
-2.544006,-0.991431,1
-4.127270,-1.502174,1
-1.904941,-1.641995,1
-1.978510,-1.901693,1
-2.099229,-0.653764,1
-2.753156,-1.695276,1
-1.994665,-2.509331,1
-0.906773,-0.693496,1
0.110637,-0.400196,1
-1.921920,0.973054,1
0.385450,-0.131271,1
-2.315928,0.248364,1
-0.316476,-2.229414,1
-0.838110,-0.219449,1
-0.125523,0.368441,1
-1.803572,-0.661360,1
-1.384069,-1.106412,1
-0.729378,-0.847242,1
-2.309063,-0.355293,1
-1.159459,-1.682084,1
-0.543316,-1.751788,1
-2.833676,0.129304,1
-2.538590,0.921072,1
-0.645819,-2.607599,1
0.404612,-0.341479,1
-0.963903,-2.524950,1
-1.268934,-2.214185,1
0.278697,-0.217904,1
1.483626,-1.457513,1
-0.551855,-0.335840,1
-1.680027,-0.749028,1
-1.563154,0.857043,1
-2.296321,0.443920,1
-2.155208,-2.295791,1
-3.920599,0.777419,1
-0.114781,-0.692849,1
-3.264532,-0.866029,1
-1.393229,-1.278210,1
-0.105957,-0.091007,1
-0.545204,-1.824589,1
-1.783482,-2.573176,1
-1.533360,-1.121133,1
-1.009695,-2.082154,1
-0.658597,0.506794,1
-0.336492,-0.768310,1
-2.196133,0.402077,1
-0.610538,-0.232313,1
-1.295522,0.342316,1
-1.381494,-1.192614,1
-0.713966,0.353289,1
-0.624659,-0.791326,1
-1.348070,-2.745034,1
-0.377360,-1.740596,1
-2.365699,-1.495274,1
0.507544,0.354615,1
-1.285751,0.761610,1
-1.141493,-1.234212,1
-0.387141,-0.853978,1
-1.204824,-1.546415,1
-0.334760,-1.600024,1
-1.415520,-0.627439,1
0.598960,-1.105605,1
-0.258417,-2.911917,1
-4.857031,0.112533,1
-0.836812,-3.688246,1
0.108495,-0.800705,1
-0.530954,-1.405771,1
-1.117679,0.791304,1
-1.472904,0.640908,1
-2.404619,-0.175264,1
0.819744,-0.711321,1
-0.571347,-1.713948,1
-2.307106,0.126383,1
-2.180797,-2.005922,1
-1.071697,-2.588721,1
0.086812,-0.845187,1
-2.171931,-2.694148,1
-1.927714,-1.093150,1
-1.921161,-1.300740,1
-0.146381,0.058553,1
-1.232556,-1.494753,1
-1.743535,-0.412055,1
-3.512061,-1.237063,1
-1.822395,-1.445851,1
-0.545972,-1.595345,1
-0.544577,-0.152905,1
-2.071070,-2.482770,1
-0.847759,-1.719006,1
2.043097,-1.437323,1
-0.319602,-0.767570,1
0.193155,-1.368391,1
-1.416021,-0.630641,1
1.575687,1.164340,1
-2.101694,-1.192198,1
-1.510555,-1.504213,1
-1.026401,-1.787364,1
-1.277204,-0.679319,1
0.379948,-1.075910,1
-0.627870,0.223242,1
-2.584273,-0.392707,1
-0.744683,1.210004,1
0.730337,-1.234688,1
-2.221792,-0.973008,1
-1.096746,-3.835178,1
-1.002409,-2.805519,1
-2.782305,-0.653414,1
-0.067949,-1.540630,1
0.149532,-0.051878,1
0.085672,-2.763615,1
-1.802088,0.591548,1
-1.519694,0.879705,1
-1.346204,-0.820225,1
-0.217042,1.772584,1
-0.274186,-0.259829,1
-0.563305,0.422236,1
-0.815269,-2.025902,1
-1.302678,-0.173233,1
-1.660447,-2.241608,1
-1.699406,-1.016400,1
-0.312236,0.300392,1
-1.325322,0.028439,1
-1.772600,0.539359,1
-3.143422,-2.124015,1
-0.924929,-1.078250,1
-1.654826,-2.081024,1
-1.423849,0.492188,1
-0.629860,-1.135987,1
-0.106752,-1.284445,1
-1.932680,-1.718944,1
-0.625698,0.003926,1
0.941398,-0.203675,1
-0.197532,-0.842547,1
-0.737591,-1.951014,1
-2.272983,-0.090996,1
-2.185593,-0.110625,1
-0.933016,-1.921772,1
-1.583564,0.220444,1
-0.523254,-2.140919,1
-1.313914,1.097914,1
-1.081929,-1.970927,1
-0.577168,-3.169967,1
-1.440653,0.315890,1
-0.768951,-1.713880,1
0.451924,-1.884773,1
0.500106,-0.994205,1
-0.761889,-2.365054,1
-3.964883,-1.786075,1
-3.180945,-2.300675,1
-2.125981,-0.363146,1
-1.933982,-1.011262,1
-0.115962,0.199249,1
-1.041397,-0.500896,1
-1.524091,0.429362,1
-2.734451,-0.753259,1
-2.106539,-1.197218,1
-0.863840,-0.999990,1
0.072632,-2.276806,1
-1.974874,1.361102,1
-1.242496,-1.154339,1
-0.111079,-2.082734,1
-0.557644,-2.287537,1
0.585683,-0.690441,1
-0.734846,-1.789208,1
0.223001,-2.879718,1
-0.877406,-0.211379,1
-1.639522,0.261784,1
-1.307686,-1.110167,1
-4.488525,-1.787779,1
-1.413941,-1.516545,1
-1.165581,0.951122,1
-2.973041,-1.605953,1
-0.982191,0.305641,1
0.087364,-1.786730,1
-1.215693,-1.041821,1
0.607843,-2.291831,1
-0.804634,-1.779098,1
-1.627941,-0.679898,1
0.336432,-1.754189,1
-1.449464,-2.596907,1
-1.995163,-2.977577,1
-0.203020,-0.738427,1
2.020134,0.512498,1
-0.643111,0.231279,1
-0.996135,0.674304,1
-3.670455,-1.738466,1
-1.661858,-3.104580,1
-1.395991,0.664534,1
0.576034,-0.871413,1
-1.904190,-2.262305,1
-0.356655,-0.342797,1
-1.467924,-1.647800,1
-0.695035,-2.090734,1
-1.006705,-0.662705,1
0.283552,0.052705,1
0.538297,0.029416,1
-2.589231,-1.701041,1
-2.006032,2.263996,1
-1.909651,-1.149562,1
-2.527422,-0.899299,1
-0.149179,-1.384231,1
-0.194868,-2.927469,1
-0.297320,-0.657515,1
-1.175983,-0.629513,1
-0.698924,-1.114743,1
0.126026,-0.734208,1
-3.498337,-0.258357,1
-0.068827,-0.512924,1
-0.274209,-0.551751,1
-0.953884,-1.566565,1
0.305719,1.022343,1
-1.082784,-0.788603,1
0.773335,0.183887,1
-2.751146,-1.128120,1
-2.216354,-0.187904,1
-1.701286,-1.208803,1
0.156968,-2.399362,1
-2.325495,-3.582793,1
-1.666117,-1.551410,1
-0.864155,-1.343422,1
-1.802963,-0.669192,1
-3.231022,-0.499630,1
-1.204769,-0.936030,1
0.333992,-1.060608,1
-0.524009,-1.200226,1
-1.335682,0.131435,1
-1.848042,-0.022677,1
-1.964126,-0.604139,1
-1.361954,-0.763296,1
-3.488609,-3.337042,1
-1.586977,-1.898581,1
-1.987913,-0.313583,1
-0.094462,-2.020784,1
-1.610289,-1.991833,1
-1.938500,0.321243,1
-3.080298,-1.396679,1
-2.584603,-1.437599,1
-0.198120,0.323130,1
-0.855385,-0.576272,1
-1.321787,-2.714909,1
0.144716,-1.082007,1
-0.359828,-0.998658,1
-0.824750,0.000947,1
-1.455419,0.049033,1
-2.219659,-2.400279,1
-2.569601,0.690500,1
-0.169271,-0.788837,1
-1.595973,-3.387712,1
0.448234,-0.266909,1
0.395530,-2.056571,1
-1.783998,-3.231860,1
-1.153080,-1.744007,1
-0.227308,-0.937335,1
-1.346635,-1.458700,1
-1.386797,-1.374388,1
-1.642611,-1.235824,1
-0.886234,-1.426939,1
0.151061,-3.621916,1
-0.511124,-1.028140,1
0.404212,1.067001,1
-0.517306,-1.428782,1
-0.867096,-0.969977,1
-1.098300,-1.627904,1
-2.044371,-1.135536,1
-0.800176,-0.192107,1
-1.269887,-0.005325,1
-0.759389,-0.733984,1
-0.686193,-1.722196,1
-1.076081,-1.549042,1
-1.996912,0.141016,1
-1.316898,-3.056376,1
-0.590308,-0.945384,1
-0.388032,-1.763505,1
-1.517231,-0.768461,1
-0.710158,-0.788360,1
-0.946163,-0.416826,1
-1.391416,-1.941991,1
-0.899315,-2.644934,1
-1.997684,-0.071299,1
-0.252041,-1.841975,1
-1.798146,-1.458806,1
-1.431518,-2.577751,1
0.239347,0.249999,1
-0.630651,-1.364149,1
-2.749321,-1.648364,1
-0.076394,-1.781709,1
-0.712152,1.213015,1
-0.712669,-0.652732,1
-1.697607,-0.992029,1
-2.372302,-2.747643,1
-2.467577,-1.522951,1
-0.590428,-0.172306,1
-2.912428,-1.949375,1
-0.884340,-2.527953,1
-2.096929,-0.314155,1
0.525671,-0.893833,1
0.580665,-0.235995,1
-1.306824,-1.842202,1
-1.885030,0.238383,1
-0.111734,0.241696,1
-0.431527,-1.382068,1
-0.718111,-2.188221,1
-0.245454,-0.167096,1
-1.240688,-1.918577,1
0.929724,-1.209123,1
-0.510117,-0.838114,1
-1.563480,-1.858352,1
-0.934078,0.203194,1
-0.537834,-1.690470,1
-2.607075,-0.242893,1
-1.210712,-0.323800,1
-0.543995,-1.993640,1
-0.994949,-1.385965,1
-3.012730,-1.107249,1
-1.901351,-0.748415,1
0.946032,-1.205569,1
-1.024868,-0.376848,1
-1.912351,-1.719631,1
-1.077156,0.829203,1
-1.158504,-0.333244,1
-2.215110,-0.064518,1
-2.024032,-0.741885,1
-0.901356,0.115793,1
-1.374757,-2.894350,1
-2.613954,-2.162687,1
-1.225527,-0.553628,1
-1.239027,-1.109887,1
-1.083714,-1.120664,1
-0.689090,-1.575297,1
0.717156,-1.449046,1
-1.991839,-1.489806,1
-2.712031,-0.773637,1
-1.033111,-2.136037,1
-3.447531,-1.460017,1
-2.801254,-1.217357,1
0.329896,-1.601006,1
-1.778578,-2.556632,1
-0.579311,-2.001852,1
-0.968640,-1.033063,1
-2.011294,-0.981728,1
-0.495169,-0.423919,1
-1.105362,-0.871883,1
-0.788535,-0.847939,1
0.787994,-0.943066,1
-0.424252,-0.798389,1
-0.171177,-1.183216,1
0.623789,-0.905142,1
-0.464667,-0.638995,1
-1.004786,-0.618205,1
-1.120901,-2.975792,1
-3.612261,0.875180,1
-0.567601,-3.701300,1
0.163476,-1.288538,1
-0.639810,-0.270000,1
-1.272710,0.198033,1
-1.050769,-2.541157,1
-0.864994,-1.487894,1
-0.668388,-0.799436,1
-0.076566,0.340149,1
-0.326203,-1.854137,1
-2.688509,-1.673295,1
-0.569088,-1.341935,1
0.508210,-0.832122,1
-0.415806,-0.058659,1
-1.479845,-1.373851,1
-1.442166,-2.939141,1
-0.552063,-1.751797,1
-1.156536,-0.991217,1
-1.943297,0.293327,1
-2.350485,-1.642194,1
-1.962777,-1.834084,1
-0.239510,-0.533417,1
-0.320185,-0.564454,1
-0.505033,-1.140259,1
-0.723550,-1.137696,1
0.127715,-0.482258,1
-0.219679,-1.823062,1
-2.496196,-1.788157,1
-0.782148,-1.911552,1
-1.036984,-0.284637,1
-0.522951,-2.762532,1
-0.262314,0.718610,1
0.542378,1.501246,1
-0.271724,-0.110816,1
-1.040325,-2.125905,1
-0.857634,-1.726170,1
-1.439644,-0.361491,1
0.516223,-1.218258,1
-2.107628,-2.029837,1
0.207808,-0.355868,1
-1.647873,-0.867537,1
-0.260079,-1.443873,1
0.939756,-1.545373,1
-1.507153,-0.895764,1
-1.658963,-2.208787,1
-0.042906,-0.337478,1
-1.850508,-0.167613,1
-1.456977,-0.441373,1
-0.192007,-1.512983,1
-0.900236,-1.197414,1
-1.186784,0.816032,1
-0.431442,0.641799,1
-1.299866,0.046232,1
-0.116805,0.415462,1
-0.190072,-1.544548,1
-0.079837,-1.679086,1
1.826177,-2.427674,1
-0.501905,-0.988737,1
1.062356,1.321301,1
-0.804277,-2.518558,1
-1.248999,-2.497672,1
1.086599,-1.678710,1
-0.408288,-1.288288,1
-1.101332,-2.719056,1
-0.735029,-1.650929,1
-0.323340,-3.353369,1
-2.521883,-1.026196,1
1.186093,0.892939,1
-1.174722,-1.247967,1
-0.880197,-1.097028,1
-1.929990,0.843384,1
-3.015566,-3.824757,1
0.094955,-2.363485,1
-0.673269,-1.216055,1
-0.333123,-0.666509,1
-0.185612,-1.167520,1
-2.664371,-0.791955,1
-2.104198,0.114002,1
-1.500681,-0.851683,1
-1.995613,-2.081172,1
-0.528098,-1.676023,1
-1.248027,-1.151048,1
-2.271453,-1.287280,1
-0.713951,-3.294264,1
-1.440350,-1.395787,1
-0.437135,-1.321641,1
-1.425039,-0.439257,1
-0.269539,-1.282868,1
0.467101,-2.467120,1
0.312342,-1.590867,1
-0.875196,-3.095920,1
-0.465260,-0.694890,1
-1.590334,-1.996524,1
-0.659435,1.449985,1
-0.931757,-1.809042,1
-0.080726,-0.734959,1
-2.160550,-2.543678,1
-1.302048,-1.364422,1
-0.213538,-2.301753,1
-3.449824,-0.294341,1
-2.882333,-0.897603,1
-0.911463,-0.855493,1
0.516840,-1.365430,1
-2.406950,-2.496721,1
-2.392460,0.255130,1
-0.168269,-0.860182,1
-1.036407,-1.093377,1
-1.685141,-2.531051,1
0.201173,-0.568582,1
-1.436051,-2.633216,1
-0.683722,0.353499,1
-2.359449,-0.332921,1
-1.858471,0.372692,1
-0.988820,-2.625787,1
-1.276157,-3.803062,1
-1.078361,1.595704,1
-0.470417,-1.956885,1
-3.379903,0.657920,1
-0.731309,-3.089860,1
-2.034792,0.139779,1
-1.155057,-0.931771,1
-1.554550,-0.052968,1
-1.949170,-1.356442,1
-2.741567,-2.821564,1
-1.304945,0.217463,1
-1.363371,-0.754434,1
-1.487997,-2.927737,1
-0.883975,-2.728904,1
-1.917012,-2.423497,1
0.433500,-0.664514,1
-2.407155,-1.097456,1
0.774341,-2.294044,1
-1.652640,1.735105,1
-1.309099,-1.093786,1
-1.231970,-0.202360,1
-0.838053,-1.996591,1
-1.592014,-1.602050,1
-1.956823,-2.296343,1
-0.276494,-1.315072,1
-0.460892,0.741590,1
-1.200488,-1.128779,1
-1.712596,-0.246833,1
-2.521438,-2.474218,1
0.340275,-0.053762,1
-2.876441,0.596692,1
-4.005745,-0.467486,1
-0.829890,-0.550308,1
-1.113200,-0.631362,1
-0.880534,-3.439743,1
0.622724,-1.108027,1
-1.171665,-1.032553,1
-1.038454,-1.990218,1
-0.808197,-0.383259,1
0.039267,-0.655836,1
-3.079914,-1.673191,1
0.208096,-1.917259,1
0.496855,0.195907,1
0.524481,-1.270744,1
-1.797863,0.205112,1
-0.589460,-0.230166,1
0.093924,-0.295352,1
-1.919814,-1.551339,1
-1.479983,-0.099586,1
-1.679193,1.674561,1
-0.429045,-0.978374,1
-0.977867,-1.437687,1
-3.304559,-2.563929,1
-0.665509,-0.393321,1
-1.307379,-2.046029,1
-0.123721,-0.255597,1
-0.224005,-1.952331,1
-1.701132,-1.165956,1
-1.736977,0.218045,1
-0.071493,-1.832691,1
0.096800,-1.030474,1
-1.335563,-1.554063,1
-3.055450,-0.462953,1
-0.279825,-1.789806,1
-4.492464,-1.278726,1
-1.270080,0.998563,1
-1.410079,-0.989136,1
-1.703544,-1.642769,1
-1.217873,0.578748,1
-3.349062,-2.549683,1
-2.785832,-1.683375,1
-0.224079,-1.589323,1
-1.584428,-0.573574,1
-0.320090,-1.936069,1
0.529719,0.818545,1
0.172428,-1.743168,1
-0.171441,0.409508,1
0.258313,-1.015598,1
0.426786,-4.125978,1
-1.635669,-1.961956,1
-3.770031,-0.044807,1
-0.898258,-0.584894,1
-2.830560,-1.112563,1
0.541311,0.374130,1
-1.416117,-0.925390,1
0.113542,-1.096101,1
-0.460385,0.147679,1
-2.902154,-1.194691,1
-0.114147,-0.227393,1
0.333216,-0.047224,1
-0.395864,0.897692,1
-0.216833,-1.878719,1
-0.325422,-1.408256,1
-1.581804,-1.023781,1
0.293838,-2.181939,1
0.834099,-2.048512,1
-0.088119,-0.348200,1
-2.617347,-1.058747,1
-0.576270,-1.054185,1
-3.235160,1.049450,1
-1.408246,-1.940872,1
-0.715182,0.164010,1
-0.755047,0.503513,1
0.304119,-0.296368,1
-1.567275,0.611324,1
-0.237110,-1.186275,1
-2.144702,-0.487124,1
-1.473026,-0.429183,1
-3.134543,-1.674632,1
-1.794007,-2.661138,1
-1.165953,-1.579366,1
-0.046585,-2.013516,1
-1.038531,-0.976664,1
-1.801863,-0.098792,1
-0.196337,-2.496760,1
-0.149675,-1.000510,1
-0.970557,-0.828455,1
-0.935867,0.023984,1
-1.333637,-1.344971,1
-1.411862,-0.502806,1
-0.035476,-1.277587,1
0.399848,-2.470917,1
-0.596434,-0.291071,1
-3.854648,-1.148366,1
-1.204874,-2.421330,1
-1.623863,-2.562039,1
0.901556,0.111436,1
-0.939694,-1.219932,1
-0.459360,-0.951708,1
-2.236911,-1.365082,1
-1.667047,0.453753,1
-2.193844,-0.331433,1
0.688952,1.128789,1
-0.006964,0.827464,1
0.069167,-2.062209,1
-2.040799,-2.586085,1
-0.481470,-1.864182,1
-2.344111,2.002057,1
-2.487609,-2.551349,1
-0.789007,0.127429,1
-0.293631,-1.188695,1
-2.051391,-0.747836,1
0.714788,-1.370734,1
-0.809582,-0.661489,1
0.390769,-3.389883,1
-1.643951,-0.527007,1
-3.518670,-1.563508,1
-0.904867,-1.652316,1
0.481346,-0.803969,1
-1.858814,-1.308944,1
-0.840755,-3.515181,1
1.096281,-0.074365,1
-1.611689,-1.787435,1
1.905660,-0.251729,1
-1.450315,-0.430075,1
0.000595,1.456106,1
-0.880194,-0.916488,1
-0.355183,-2.617763,1
1.673128,-0.990093,1
0.146887,-1.431116,1
0.224616,-0.890924,1
-0.316535,0.984057,1
-1.735086,-0.716144,1
-1.397803,-1.040991,1
-1.383230,-2.186531,1
-0.351211,-2.770855,1
0.849911,-1.121603,1
-1.612012,-0.399945,1
-1.020275,0.828518,1
-1.092812,-1.263335,1
-1.166568,-4.381173,1
-1.305154,-1.667707,1
-1.401639,-2.700097,1
-0.168463,-1.190354,1
-0.228167,-1.139346,1
-1.503879,-0.787584,1
0.036911,-0.543486,1
-2.101999,-0.666451,1
-0.355709,0.463191,1
-3.311436,0.497798,1
-1.810519,-0.774172,1
-0.561188,-2.154811,1
0.111365,-2.341813,1
-2.333425,-0.223009,1
-0.870172,-1.515659,1
-1.924773,-1.557261,1
-0.456360,-2.587048,1
-1.735920,-1.757761,1
-0.021441,-1.096436,1
-0.095486,0.284935,1
-0.852953,-1.135403,1
0.901945,-1.594942,1
0.373065,-1.512028,1
-1.510635,-2.469505,1
-0.339679,0.867483,1
-1.694528,-2.610200,1
-0.192905,-1.493921,1
-1.371092,-1.910170,1
0.023685,-2.509847,1
-1.556525,-1.703691,1
-1.642787,-1.907716,1
0.692771,-0.867163,1
-2.226476,-0.961109,1
-0.137341,0.211516,1
0.476934,-0.021461,1
-0.094116,-1.874430,1
-1.396010,-0.902269,1
-1.251383,-2.033120,1
1.860826,-2.100912,1
-2.297991,0.421234,1
-1.307543,-0.471205,1
-0.518814,-1.407899,1
-1.623072,-2.170626,1
-2.383101,-0.189481,1
0.054565,-1.546103,1
-0.020406,-1.178106,1
-1.926219,-1.954283,1
0.468032,-1.448738,1
-1.331077,-0.037692,1
-2.130644,0.219122,1
-2.051073,0.015981,1
-1.025001,-2.223378,1
-2.392310,0.097800,1
-0.872570,-0.749501,1
0.146455,-0.905997,1
-1.293397,0.871365,1
-1.186303,-2.029784,1
-1.872149,-0.297019,1
-0.307289,-0.692768,1
-2.340479,0.972674,1
-2.284975,-1.802841,1
-0.039946,-1.604373,1
-1.236606,-1.557977,1
-1.830017,0.239942,1
-1.802543,1.041861,1
0.215825,-1.451724,1
1.539662,-1.711210,1
-0.981963,-1.545913,1
-0.636387,-0.794675,1
-1.803052,-0.070745,1
-2.211730,-2.079533,1
-2.418313,-2.274714,1
-2.754202,-1.987241,1
-1.524149,0.397380,1
-1.915337,-0.677913,1
-0.894943,0.353522,1
-0.834336,-1.453115,1
-1.597804,-0.998687,1
-0.987926,-0.195887,1
-0.171020,-0.609447,1
-2.361117,0.447663,1
0.350586,-1.365957,1
1.457841,-1.543337,1
-1.108295,-2.107618,1
-1.323703,-3.378844,1
-0.901480,-2.958529,1
-2.869750,-1.139386,1
-1.627637,-0.433246,1
-0.609882,-2.150170,1
1.310882,1.256913,1
-1.763037,-0.131920,1
-1.325682,-1.327755,1
-1.563740,-1.331199,1
-1.851866,-1.326553,1
-1.883566,-1.654714,1
-1.168287,-1.989397,1
-1.703407,-0.811028,1
1.126663,-0.836600,1
-2.264413,-3.533156,1
0.106282,-0.984670,1
-0.117686,-2.290962,1
-0.315069,-0.111667,1
-1.040467,-0.061002,1
-1.546663,-1.243067,1
-2.370055,-1.505446,1
-1.891641,-1.559860,1
0.013789,-1.918786,1
-1.595960,-2.878376,1
-0.917406,-0.481761,1
-0.759353,0.022092,1
0.684820,-1.105273,1
-1.057668,-1.395254,1
-0.889665,-2.084217,1
-0.916011,0.709589,1
-0.137731,-2.527562,1
-1.394491,-0.329178,1
-1.399830,-1.517595,1
-1.547228,-0.669247,1
-1.979904,-2.398883,1
-0.904235,-1.556876,1
-1.425415,-0.054891,1
-1.440691,-1.974710,1
-0.569388,-0.254500,1
-1.013136,-1.284035,1
0.985670,-0.378007,1
0.537652,0.722310,1
-0.740136,-2.479337,1
-0.561382,-0.934660,1
-0.395036,-1.020753,1
-0.127886,-0.047057,1
-1.208711,-1.357113,1
0.763518,0.178213,1
-2.653913,-1.166002,1
0.374375,-1.615105,1
-0.022225,-0.663766,1
-0.058473,-0.613741,1
-1.083848,-1.455065,1
-2.094225,-1.841814,1
0.463196,-0.184831,1
-1.888566,-1.770642,1
-1.054751,-3.198455,1
-1.648683,-0.316443,1
-2.308163,-1.014664,1
-2.435505,-0.545715,1
0.375174,-1.315545,1
0.141364,-2.069759,1
-1.075737,-0.931175,1
0.600499,-0.154999,1
-1.154027,-2.447255,1
-1.978563,-1.952161,1
-2.433016,0.689727,1
0.176302,-0.446398,1
-1.375033,-1.201308,1
-0.968404,-0.889732,1
0.825649,-1.937737,1
-1.495673,0.655421,1
-0.609601,-1.880774,1
0.527468,0.548162,1
-0.771006,-3.487526,1
-1.012978,-0.842890,1
-0.180885,0.998921,1
-1.558890,-0.464231,1
0.693772,-1.474200,1
-0.635099,0.177831,1
-1.511973,-1.332244,1
-1.189024,-1.821078,1
1.001523,-1.343513,1
0.527079,-0.902548,1
-1.167059,-0.459069,1
-1.963385,-0.094317,1
-0.137550,-0.336097,1
-1.290811,0.565575,1
0.840648,-0.477218,1
-3.262500,-0.431944,1
1.342437,0.613336,1
-1.639489,-0.299546,1
-0.093381,-1.225708,1
-3.293672,-4.133274,1
-1.575747,-0.925811,1
-1.548344,-0.362567,1
-0.953048,-0.348860,1
-1.530863,-0.386299,1
-2.667735,-0.388238,1
-1.303232,-0.588708,1
0.752405,-1.308184,1
-1.372798,-1.601095,1
-1.481983,-0.071171,1
-3.219792,-0.714161,1
-0.817008,-1.108218,1
0.202583,-1.229505,1
-1.608884,-1.089760,1
-2.168149,-0.570841,1
-0.311833,-0.261738,1
-1.318867,-2.084498,1
-1.237550,0.195664,1
-1.250363,0.552082,1
-0.790612,-2.293892,1
-1.168154,0.435599,1
-0.603815,-1.202102,1
-3.997061,-2.453784,1
0.036932,-0.209412,1
-1.769709,0.409845,1
0.252616,0.060589,1
-1.451096,-1.661561,1
-3.021676,0.029359,1
-1.221360,0.196708,1
-1.273663,1.909384,1
-0.827158,-0.402484,1
-1.360255,-0.093623,1
0.550800,-0.422523,1
-3.155634,0.748642,1
0.364519,-0.821787,1
-0.244283,-0.761705,1
-1.868535,-1.835124,1
-0.794680,-1.265293,1
-0.735193,-0.834893,1
-0.517295,-0.353622,1
-1.448324,0.713088,1
-0.711534,0.157073,1
-3.220069,-0.971668,1
-1.957684,0.644975,1
-0.797989,-1.743278,1
-1.974153,-1.344086,1
-1.476826,-0.915462,1
0.136373,-0.940867,1
1.106936,-1.365371,1
-0.298053,-0.654774,1
0.971113,-1.008615,1
-1.523326,-2.301927,1
-0.732276,-2.853154,1
1.110695,-1.382817,1
-1.884916,-1.043983,1
-1.235780,-0.922418,1
0.343754,0.158592,1
-1.559923,-2.821084,1
-3.215935,-4.497614,1
-2.396847,-0.730403,1
0.823355,-1.477443,1
-1.194593,-0.631588,1
-0.529692,0.455191,1
-3.015802,-1.096226,1
-0.771668,-1.744780,1
-1.735585,-0.747985,1
-0.980528,-3.273338,1
-1.572329,0.052219,1
0.205043,-2.007242,1
-0.283637,-0.320699,1
0.898515,-1.818372,1
-1.608798,-2.160632,1
-1.034538,-1.731741,1
-1.965041,-0.729279,1
-2.178995,-2.037270,1
-1.882562,-1.954845,1
-1.435071,1.277627,1
-1.377808,-2.123087,1
-0.360316,0.926186,1
-0.615967,0.570876,1
-1.119726,-1.490062,1
-1.879067,-0.719278,1
-2.247566,-1.572349,1
-2.155330,0.796280,1
-0.981330,0.461395,1
-0.184704,-1.323615,1
-1.201843,-1.873416,1
-1.919627,-0.994570,1
-1.386890,-0.833832,1
-0.000809,-3.209580,1
-1.831384,-2.482965,1
-2.426831,-0.821660,1
-1.866848,-2.071734,1
0.153554,-2.469197,1
-1.428120,-0.897933,1
-1.288943,-2.529300,1
-0.661583,-1.369132,1
-1.328218,-0.956644,1
0.986588,0.020824,1
-0.107294,-1.666481,1
-1.217395,-1.979694,1
-2.127805,-0.385491,1
-1.107065,-1.811554,1
-2.309538,-1.596391,1
-0.979056,-1.771530,1
-1.608299,-1.540407,1
0.683086,-0.825189,1
0.572534,-2.011722,1
-3.282129,-1.769346,1
-0.812257,-0.799367,1
-0.388901,-0.209869,1
-2.415742,-2.380011,1
-1.023941,-2.503586,1
-1.029161,-1.369517,1
-1.055473,-1.397068,1
-1.205857,-1.545583,1
-1.150699,-0.228951,1
1.444100,-1.468473,1
-0.447707,-0.967079,1
-1.978824,-0.286204,1
-1.470309,1.121809,1
-2.443033,-0.210598,1
-0.540529,-0.846833,1
-0.852904,-1.916789,1
-2.889214,-0.519628,1
-3.347836,-0.205137,1
-2.001252,-1.418190,1
0.303622,-0.614243,1
0.112517,-1.183568,1
-1.525313,-1.689840,1
-0.969440,0.602365,1
-3.250365,0.711863,1
-0.053367,0.339709,1
-0.726972,-2.621032,1
-1.468744,-0.951279,1
1.515623,-0.990257,1
-0.639437,-1.397092,1
-0.957022,0.139538,1
-0.373629,-1.996468,1
-1.920407,-1.427738,1
-2.419837,-0.420029,1
1.094955,-0.594153,1
0.317269,-0.047968,1
-1.086279,-1.504486,1
-0.259359,-0.814558,1
-1.692136,-1.979364,1
-1.867499,-0.769630,1
-0.658801,-2.173837,1
-3.850151,1.054600,1
-1.199280,-0.568885,1
0.906241,-1.330254,1
-1.007112,-0.437237,1
-2.605965,1.213764,1
-2.769487,-1.527485,1
-2.455466,-3.064754,1
-1.922865,-1.292496,1
-0.857548,-1.413728,1
-1.910089,-0.050657,1
-1.381618,-1.949862,1
-0.757619,-1.986282,1
-0.676063,-2.011107,1
-0.197578,-3.434530,1
-2.196353,-2.104055,1
-0.817319,-0.512812,1
-2.841822,-1.875352,1
-1.617170,0.249939,1
-0.950899,-1.146122,1
-1.604397,-3.285120,1
-2.303366,-1.513137,1
-2.441461,-1.585123,1
-1.211227,-2.314931,1
-1.159480,-0.264656,1
-0.399452,-1.570095,1
-0.709223,-0.954662,1
0.414531,0.041231,1
-0.893889,-1.278302,1
-1.902526,-1.057773,1
0.044076,-3.102613,1
-0.218783,0.728908,1
-0.046359,-0.949790,1
-0.091578,0.208267,1
-1.399021,-0.356470,1
-1.274342,-1.561917,1
-1.197219,-1.216780,1
1.735801,-1.130555,1
-0.543975,-0.458598,1
-1.553418,0.816124,1
0.066824,-2.520626,1
-2.477989,-1.156975,1
-0.293144,-0.367286,1
0.493615,1.198497,1
0.810457,-1.407055,1
-1.075924,-2.307401,1
-0.479808,-0.646542,1
-0.739608,-1.529717,1
1.982978,-1.807302,1
-1.691938,-0.847148,1
-0.091638,-1.623555,1
-1.337143,-1.128300,1
-0.820611,-2.973993,1
-1.318602,-2.335175,1
-1.368233,-1.837062,1
-2.112404,-3.949235,1
-1.700585,-0.482514,1
-1.426381,0.269714,1
0.740226,1.209619,1
-0.643223,-0.251347,1
0.018676,-0.250225,1
-0.695432,-0.956993,1
-0.506069,-0.823987,1
0.036098,-1.213380,1
-1.519024,-1.417690,1
-2.561995,-0.415655,1
0.076287,-1.094714,1
-1.923543,-0.721797,1
-0.454171,-0.854903,1
-0.162476,-1.086145,1
-1.065304,-0.349260,1
-1.504782,-1.040292,1
-2.887821,-0.775104,1
-1.354368,-1.982861,1
-0.904449,-2.068254,1
-0.657804,-2.390334,1
-0.405267,-2.044813,1
-2.507465,-1.280397,1
-1.416703,0.671340,1
0.474169,-1.366388,1
0.205565,0.049242,1
-2.312036,-1.523873,1
-0.789289,-0.384435,1
-0.739797,-1.397555,1
0.889225,-2.303581,1
0.680229,-0.896996,1
-1.649981,-1.488501,1
-0.413551,-1.136459,1
-1.225222,-0.935252,1
-1.426257,-0.534838,1
-1.717915,0.499856,1
-1.985242,-1.121409,1
0.580328,-2.913442,1
-2.177627,-2.836912,1
0.466083,-1.970302,1
-0.855366,-0.088386,1
-0.002781,-2.946147,1
-1.627804,-0.311985,1
-0.867070,-0.616462,1
-1.660475,-2.771558,1
0.979813,1.339230,1
-1.624522,-4.570839,1
-1.614887,-2.358336,1
-2.075630,-0.548530,1
-1.254218,-0.309074,1
-0.275640,-0.738554,1
-1.774668,-0.664023,1
-1.129645,0.200562,1
-1.262484,-0.128482,1
-0.924759,-0.087780,1
-1.474251,-1.960581,1
0.521741,0.502281,1
0.957496,-1.359054,1
-0.809582,-1.008257,1
0.829174,0.047129,1
-0.048123,-0.741519,1
-2.071146,-2.427701,1
-1.431146,-0.506990,1
-2.589698,0.252186,1
-0.495175,-2.046934,1
0.186461,-1.862650,1
-0.045981,-1.511637,1
-1.846044,-0.062249,1
-0.235374,-1.849747,1
-1.361252,-0.698522,1
-0.755833,-0.734103,1
0.982058,-1.967996,1
-1.147664,-1.728777,1
-1.041047,0.613476,1
-1.756396,-1.346443,1
0.234292,0.416625,1
-1.191878,-0.324341,1
-1.900308,-0.904541,1
-1.640346,0.929391,1
-3.493347,-0.645134,1
-2.076444,-1.648196,1
-1.266521,-0.347074,1
-0.326161,-1.095237,1
-1.804495,-0.382994,1
-0.585732,-1.221575,1
-0.053973,0.972676,1
-0.024822,-1.160648,1
-1.355442,-3.552350,1
-1.334345,-0.811927,1
-0.252597,-0.944372,1
-1.067505,0.117110,1
-2.026288,-0.145669,1
0.016109,-0.396102,1
-0.712685,-0.997259,1
-1.157022,-0.765613,1
-1.058390,-3.032437,1
-0.538957,-0.626939,1
-0.934089,0.242883,1
-2.034204,0.604863,1
-1.922182,-0.293212,1
-1.147850,-1.385087,1
-1.340766,-1.936252,1
-1.569068,-2.682782,1
-0.033674,-1.024879,1
-1.152739,-2.743703,1
-0.088358,-1.398044,1
-1.057030,-1.316620,1
-1.520405,0.968211,1
-1.661404,0.067537,1
0.271643,0.306417,1
-2.078728,-2.043422,1
-1.831250,-1.165389,1
0.036417,-1.230880,1
-0.664946,-0.980969,1
-1.267494,-0.157650,1
-1.099789,-1.324123,1
-0.694489,1.409536,1
-0.629504,-1.124443,1
-1.643154,-0.072905,1
-0.768775,-2.046578,1
-2.105881,-0.127218,1
-0.775014,-0.779428,1
-0.842981,-2.221138,1
-1.011042,-1.016146,1
-1.565532,-0.611516,1
-1.592507,-0.972297,1
-2.112423,-1.937256,1
0.352891,-2.156647,1
-1.742354,-0.587313,1
-0.912548,-2.095918,1
-0.642935,-1.397777,1
-1.247087,-2.664090,1
-0.630371,-1.533557,1
-5.391032,-1.561855,1
0.665393,-0.534706,1
-0.856537,-0.734005,1
-1.597563,-0.537039,1
-0.726914,-1.194856,1
-2.180824,-1.661674,1
-0.814856,-1.403739,1
-0.402489,-1.486959,1
-0.630663,-1.706489,1
-0.305411,-0.959499,1
-2.201958,0.451153,1
0.619592,-1.374166,1
-0.632858,-1.928808,1
-0.924459,-1.638623,1
0.517132,-0.960336,1
-0.974306,-0.715712,1
-1.150275,0.654148,1
-0.888308,-0.803226,1
-2.168976,-1.657366,1
-1.170588,-1.234072,1
-0.872878,-1.156708,1
-0.258329,-2.041338,1
-2.859308,-2.020910,1
-1.344546,-1.812015,1
0.116817,-1.259890,1
0.056581,-0.952726,1
-0.411142,-2.302268,1
-1.149718,-0.918687,1
-3.003813,-0.380125,1
-1.730134,-0.736436,1
-2.553567,-1.307912,1
-1.117259,-1.432670,1
-2.529211,-0.425827,1
-0.859914,-1.111598,1
-0.892647,-2.843801,1
-2.209598,0.098768,1
-0.778121,-2.890499,1
-1.506363,-4.055298,1
-2.527882,-0.794193,1
-1.032095,-1.973454,1
-0.130474,-1.992547,1
-0.903253,-0.699844,1
-2.237622,-1.225529,1
-0.698867,1.186003,1
-1.146303,-1.302248,1
-0.139616,0.244915,1
-3.065353,-2.358286,1
-2.000393,-1.662006,1
-2.169282,0.861558,1
-2.269926,-3.021415,1
0.361764,-1.838500,1
-1.810096,-1.380297,1
-1.007076,-1.300839,1
0.698008,-1.985876,1
-1.310073,-1.980466,1
-1.403671,-0.346535,1
-0.715559,-0.560473,1
-1.210210,-1.852308,1
-0.237406,1.134847,1
-1.178934,-0.622527,1
-2.893726,0.724694,1
0.259318,-1.752099,1
0.263856,-1.632515,1
-1.070936,0.177344,1
-1.159819,-1.074145,1
-0.687582,0.007949,1
-1.261948,-0.212168,1
-1.140991,-0.414653,1
0.874186,-0.487238,1
-0.853491,-2.692398,1
1.032730,-1.716060,1
-0.358397,-1.088266,1
-0.926754,-0.914160,1
0.259260,0.629540,1
-1.095013,-3.174400,1
0.606275,-0.326055,1
-0.672352,-2.263066,1
-0.395512,-1.903904,1
-0.701738,-1.108292,1
-0.471139,-0.895613,1
0.422884,-0.511675,1
-1.642476,-0.680979,1
-0.698021,-1.504357,1
0.389904,0.041285,1
-0.752196,-1.274074,1
-1.006984,-0.344954,1
-2.131107,-2.238462,1
-1.238232,-0.903679,1
-2.106573,-2.048561,1
-0.743552,-1.006551,1
-2.597224,0.290858,1
-0.111018,-2.738542,1
0.252298,-1.640066,1
-3.106582,-1.731623,1
-3.179126,-2.938527,1
0.974864,0.269235,1
-0.896064,-1.616388,1
-1.484163,-1.300410,1
-0.538932,0.100482,1
-1.667073,0.894724,1
-1.703466,-0.259843,1
-2.603796,-1.982139,1
-1.333669,0.112259,1
-2.008574,-2.259717,1
-1.430270,-1.380507,1
-1.407036,-1.559778,1
-0.853258,-1.438859,1
-0.588882,-1.210070,1
-1.922494,1.848886,1
-2.170589,-0.827006,1
-1.515963,-0.325613,1
-2.527533,0.081730,1
-3.054090,-1.861145,1
-1.563942,-1.497351,1
-1.755629,-1.402027,1
-0.561030,-2.669361,1
-0.551289,-1.937912,1
0.868695,-0.620457,1
-1.920247,0.742310,1
-0.487196,-0.604583,1
0.025748,1.184847,1
-1.547306,-1.596706,1
-2.903499,-2.186319,1
-2.088136,-2.135798,1
0.247578,0.987415,1
-0.365220,-1.880602,1
-1.965598,-1.104417,1
-1.636547,0.803433,1
-0.555717,-0.766536,1
-0.524974,-1.465382,1
-2.796350,-1.123769,1
-0.407124,-0.985262,1
0.147539,-1.252122,1
-0.460426,1.323800,1
-0.936115,-0.202252,1
-2.000876,0.857905,1
-0.289814,-0.637188,1
-1.970394,-0.900104,1
-0.113339,-0.245660,1
0.541521,0.829207,1
-1.245886,-0.377894,1
-0.397015,-0.984694,1
-2.714095,0.225285,1
-0.744766,-2.374464,1
0.119401,0.129345,1
-1.263335,-1.062393,1
-1.839241,-0.546135,1
-0.802886,-1.263017,1
-0.217672,-0.933189,1
-1.445699,-1.734603,1
-0.468806,-0.887295,1
-1.738851,-2.288154,1
-1.682339,-0.210830,1
-0.542568,-1.315512,1
-0.235705,0.551710,1
-0.405344,0.235755,1
-1.692379,-1.940673,1
-1.463798,-0.848817,1
-0.117172,-2.500932,1
-1.309050,-2.105872,1
-2.350505,-0.948814,1
-2.847904,-1.155215,1
-0.708171,-1.375732,1
-1.153302,-2.792928,1
-0.617354,-2.607255,1
-0.165216,-2.840657,1
-0.221041,-0.791306,1
-0.827969,0.193719,1
-1.858390,-0.647342,1
1.314405,-0.754858,1
-0.584779,-1.584407,1
-1.822068,-0.657306,1
-2.089252,-1.995680,1
-0.403473,-0.165147,1
1.439765,-1.076367,1
-1.115959,0.962214,1
-0.856552,-0.289320,1
-0.252620,-2.484237,1
-1.046247,-2.812495,1
-1.133804,-2.237088,1
-0.484457,-1.196046,1
-2.490833,0.034592,1
-1.023066,-1.300223,1
-0.571502,-0.105959,1
-1.243433,0.731688,1
-1.141070,-1.367496,1
-0.147394,-2.040225,1
-2.298879,-1.158952,1
-0.778119,-0.603706,1
-2.677774,-0.727610,1
-2.742547,0.354990,1
-0.914487,-1.693849,1
-1.163933,-0.799891,1
-1.499845,-1.092005,1
-3.302519,-0.385942,1
-1.397493,0.757132,1
0.163919,-2.587410,1
-1.445230,0.784497,1
0.123023,-0.730040,1
-1.264519,-1.152403,1
0.749862,-0.815065,1
0.239524,-1.118149,1
-0.218108,-0.525740,1
-0.388389,-0.892457,1
-1.427866,-0.222311,1
-0.388892,-0.461123,1
-1.749039,-0.316860,1
-1.232816,-1.690742,1
-0.650031,0.375103,1
0.375705,-0.644102,1
-1.393183,-0.124146,1
-1.972247,-0.158661,1
-1.246273,-0.734944,1
1.085361,1.604920,1
-0.311387,-2.016419,1
-1.969069,-0.097897,1
-1.359224,-0.413490,1
0.072659,-2.695333,1
-0.620122,-0.061695,1
-0.793036,-1.203742,1
-0.475585,-1.191105,1
0.030364,-0.519935,1
-1.292501,-0.540225,1
-2.031097,-2.250153,1
-0.331707,-1.321273,1
1.467477,-0.889582,1
-0.644207,-2.443709,1
-0.031561,0.389424,1
-1.082606,-0.956423,1
-1.244885,-0.858665,1
-0.559188,-2.245292,1
0.845917,-0.643310,1
-1.086166,-0.480227,1
-0.701993,-1.531959,1
-1.147911,-0.688484,1
-2.250178,-0.146164,1
-0.621797,-1.368703,1
-2.049555,-1.389558,1
-0.268890,-0.124724,1
-1.170121,0.436493,1
-0.534313,-0.951689,1
-0.746536,0.074985,1
0.151895,-0.616083,1
1.182829,-0.240031,1
-0.625719,-1.437687,1
-1.529621,0.135837,1
-1.345201,0.330744,1
-1.233174,0.486935,1
0.594101,-2.699380,1
-0.266020,-0.997235,1
0.748490,-1.560773,1
-0.445649,-1.092573,1
-0.282368,0.704587,1
0.163362,0.067340,1
0.906189,-2.363903,1
0.134777,-2.504304,1
1.285480,-0.404109,1
-0.940005,-1.833415,1
-1.486869,-0.878109,1
-1.282257,-0.039920,1
-0.608777,-2.047851,1
-0.605062,0.075180,1
0.320355,-1.591020,1
-3.490517,-0.621270,1
-1.300426,-0.639866,1
-2.045344,-1.943184,1
-0.813772,-1.248987,1
-0.716182,-1.686312,1
-1.346726,-0.458877,1
-1.132038,-2.007643,1
-0.267909,-1.834718,1
-3.130423,1.405849,1
-4.172949,0.209054,1
-1.225467,-1.115807,1
-0.860617,-0.875565,1
-2.649840,-0.190696,1
-0.775139,-0.140144,1
-1.259358,-1.220906,1
-1.681808,-0.939171,1
-2.538783,-1.515153,1
-0.492703,-0.066544,1
-2.053235,-0.234644,1
-0.605174,-2.308100,1
-2.859806,-0.224747,1
-2.636338,-1.754655,1
-2.214457,-0.456745,1
-1.008881,-0.811445,1
-1.010431,-0.936047,1
0.539549,0.908143,1
-0.836143,0.433700,1
1.191566,-1.015079,1
-2.932890,-1.499566,1
-1.638538,-2.164186,1
-0.091163,-1.112125,1
-0.076079,-1.644059,1
-0.992440,-0.409613,1
-0.129940,-1.417363,1
-1.321221,-1.946191,1
-1.947551,0.580102,1
0.771368,-1.052480,1
-0.557557,-1.007936,1
-0.762331,-0.243542,1
-1.128670,-1.255621,1
-1.266601,-0.784740,1
-0.783556,-1.474249,1
-1.764069,-2.454357,1
-1.432703,0.074946,1
-0.910986,-1.609463,1
0.184407,-2.073393,1
-1.442574,-1.576360,1
-0.228426,-3.515775,1
-1.122266,-0.182048,1
-0.405198,-0.651350,1
-2.558427,-1.993100,1
-0.813200,-2.324630,1
-2.741664,0.407009,1
-1.770725,-0.033274,1
0.470211,-0.664579,1
-0.105445,0.042239,1
-1.218351,-0.384154,1
-0.544769,-0.689638,1
-2.384403,-0.268031,1
-1.055028,-2.920513,1
-1.082047,0.095891,1
-0.672981,-0.092582,1
-2.045164,-1.886006,1
-1.020527,-1.650836,1
0.313365,-1.463600,1
1.051099,-0.282833,1
-0.336519,0.422608,1
-0.843040,-1.163422,1
-2.095449,-1.489623,1
-0.582492,-1.415220,1
-0.770615,-1.612953,1
-1.667805,-1.776432,1
-0.200997,-1.547721,1
-2.298524,-2.501569,1
-2.130697,-0.942668,1
-1.271222,-0.566949,1
-0.962861,0.298166,1
0.076561,-2.209070,1
-0.198097,0.224997,1
-2.492307,0.172780,1
-1.357252,-0.744977,1
-1.978268,-3.555596,1
0.518813,-2.111986,1
-0.333247,-0.659102,1
-2.006215,-0.554546,1
-1.781538,-0.788459,1
-2.523466,1.004371,1
1.275212,-0.330844,1
-1.075456,-1.981411,1
-0.214266,-2.420735,1
-0.139769,-1.125488,1
-0.152455,0.045097,1
-0.342619,-2.112942,1
-0.028031,-2.828097,1
-1.809129,-0.612956,1
0.249393,-1.437755,1
-1.273316,-0.090223,1
-2.006492,-2.096714,1
-1.518512,-2.087328,1
-1.471486,0.417579,1
-0.652715,-1.957794,1
-0.544817,0.102034,1
-0.246912,-1.302113,1
-1.247672,-1.603936,1
0.776598,-0.851377,1
-1.253682,-1.096002,1
-0.563036,-0.801251,1
-1.984309,-1.151122,1
-1.312375,-1.303572,1
0.413853,-1.412681,1
-0.674652,0.060312,1
-0.419678,-0.932245,1
-1.722096,-2.007407,1
-0.274504,-0.298383,1
-1.384736,-1.317939,1
0.383615,0.024121,1
-0.036118,-1.505429,1
0.469678,-0.322772,1
-0.444028,-0.820312,1
0.407613,-1.750190,1
-1.174791,-0.874938,1
-1.759913,-2.383571,1
0.287241,-1.124945,1
0.136209,0.150690,1
-0.343624,-0.526009,1
0.195049,0.156515,1
-0.554960,-1.524338,1
0.756531,-1.961500,1
-0.469809,0.226725,1
-0.351243,-0.289423,1
0.192758,0.019120,1
-0.725482,-0.898977,1
-2.336647,-1.101808,1
-0.597013,-0.179978,1
-2.356278,0.465882,1
-1.095915,-0.316126,1
-0.197578,-1.660647,1
-0.643855,-0.321836,1
-2.390442,-0.964366,1
-2.568526,-0.040824,1
0.415416,-0.537261,1
-2.861277,-2.461504,1
-0.709279,-1.169807,1
-2.639019,-1.135381,1
-1.864776,-1.674689,1
-2.202216,-1.061413,1
1.008358,-0.150446,1
0.073678,-0.474734,1
-1.978992,-1.550105,1
0.996977,0.292132,1
-1.002207,-0.611436,1
-0.360827,-1.655152,1
-2.284065,-0.991649,1
2.282025,-0.892926,1
1.240234,-1.288880,1
-1.343623,-2.142815,1
-1.274000,-0.903269,1
-1.987798,-3.189056,1
-3.444362,1.203793,1
1.225486,-0.857327,1
-0.969991,-1.586501,1
-1.942175,-1.622565,1
-0.785313,0.566534,1
-1.792774,-0.028666,1
-1.757927,0.359495,1
-1.115866,0.179344,1
-1.133908,0.769538,1
-2.019843,-2.486807,1
-2.789841,-1.186751,1
-0.962299,-0.067740,1
0.088409,-0.931617,1
-2.062569,-1.003133,1
-1.045208,-1.043823,1
-0.547897,0.945067,1
0.246401,0.369806,1
0.183825,-0.188109,1
-0.324091,1.061446,1
-2.049115,-0.475130,1
-0.345054,-0.533234,1
-1.833910,-0.250397,1
-0.517292,0.040547,1
-0.592770,-1.394387,1
-0.981058,-1.970030,1
2.543060,-0.281756,1
-0.026458,-2.713933,1
-2.967906,0.519750,1
-1.172832,-2.860118,1
-2.026398,-0.348600,1
-1.666854,-1.833392,1
-0.670407,-1.368662,1
0.069527,-1.682552,1
-0.249654,-2.030929,1
-1.036213,-0.397455,1
-2.310857,-0.793136,1
0.331887,-2.421028,1
-1.964858,-0.345982,1
-2.209877,0.023787,1
-2.106003,-0.716009,1
-1.379503,-1.841951,1
-0.945859,-1.711236,1
1.314000,-2.455814,1
0.607875,-2.152209,1
-2.841989,0.119281,1
-2.105633,0.271163,1
-0.772156,-0.048374,1
-1.549414,-0.067664,1
-0.957973,-0.471592,1
-0.582795,-1.623559,1
-1.422105,-0.896915,1
0.058915,0.452480,1
-1.709811,-1.047818,1
0.434038,-2.602622,1
-1.990930,-3.892882,1
0.697525,-0.956491,1
-1.933777,-0.819346,1
0.106325,-1.213873,1
0.402232,-2.494478,1
-1.699690,-0.799156,1
0.146377,-0.672559,1
0.279931,0.734455,1
-3.175728,-1.091300,1
-1.032405,-1.108502,1
-1.100944,0.141454,1
-0.225915,-0.123025,1
-1.936926,-1.277456,1
-1.528739,-1.220720,1
-0.334667,0.207827,1
0.742605,-0.445173,1
-2.737943,-0.712110,1
-2.777655,-0.056681,1
-1.739728,-0.286570,1
-1.503833,-0.315898,1
-1.638885,-1.294406,1
-1.168878,0.269120,1
-0.412777,-0.980526,1
-1.011596,0.435593,1
-0.255996,-1.177056,1
-1.826599,-1.274832,1
-2.122175,-1.610960,1
-0.760953,0.130009,1
-2.158694,-0.305838,1
0.191577,1.405923,1
-1.447327,-1.403389,1
-0.598058,-1.611724,1
-0.101043,-1.647184,1
-3.980191,-0.250262,1
-0.436146,0.059762,1
-2.178658,-2.754998,1
-1.988485,-1.749926,1
0.291531,-1.282688,1
-2.495252,-0.940635,1
-0.493778,-0.325408,1
-0.886142,0.888040,1
-1.093109,1.129755,1
-2.023129,-0.084631,1
-1.665223,-0.802382,1
0.249479,1.311226,1
-1.704319,-1.696523,1
-1.003289,0.181809,1
-1.915270,-0.967732,1
0.322832,-0.840198,1
0.930571,-1.945064,1
-3.164542,-1.823443,1
0.155183,-3.248128,1
-1.557278,-0.887571,1
0.018786,-0.196002,1
-0.503565,0.346466,1
-2.202657,-1.660989,1
-1.553768,-1.791797,1
-0.178085,0.325869,1
0.377776,-0.983092,1
-1.774542,-2.269830,1
1.392740,-0.659629,1
-0.289128,-0.429273,1
-2.033304,-1.396776,1
-1.666611,-1.852797,1
0.107336,0.306667,1
-0.484682,-1.311559,1
-0.173677,-0.876497,1
-1.768617,-2.892201,1
-0.764983,-0.499432,1
-1.319403,-0.726887,1
-0.589060,-0.495908,1
-2.329347,-1.546695,1
-0.362093,-1.631350,1
0.260375,-0.994475,1
-0.988388,-0.599237,1
0.063761,0.489841,1
-1.593086,-1.178517,1
-0.428847,-1.191412,1
-2.065574,-1.561426,1
-2.254176,-1.777121,1
-1.122085,-2.041888,1
-0.459380,-1.230930,1
-1.529413,-1.209693,1
-0.762823,-1.246543,1
-1.542633,-1.265543,1
-1.310945,-0.908143,1
-2.070555,-1.202941,1
-0.294987,-2.028668,1
-0.347595,-1.248740,1
1.114049,-1.380513,1
-0.075431,-0.644148,1
-0.515431,-2.501452,1
-0.689154,-1.936555,1
-1.011549,-1.518662,1
-0.395716,-0.575548,1
-1.183019,-1.859748,1
-1.116777,0.281252,1
0.457106,-1.185074,1
-2.080290,-1.462735,1
-2.589055,-0.062568,1
-0.869815,-1.175208,1
-0.248617,-1.306231,1
-0.834479,-0.293158,1
-1.364025,-0.800581,1
-0.379563,-1.453295,1
-1.951456,-0.012879,1
-0.171419,-1.410362,1
0.062462,-0.884666,1
-0.034890,-0.502492,1
-0.259563,-2.217039,1
-2.145623,-0.521546,1
-0.156366,-0.883859,1
-2.184934,-1.498759,1
-0.069556,-0.336159,1
-0.167964,-0.201297,1
-1.380127,-0.887059,1
0.438410,-1.239677,1
-0.323574,-0.282788,1
-0.000172,0.093256,1
-3.020384,-2.791407,1
-0.587368,0.097394,1
1.237307,-0.630079,1
0.115452,0.182652,1
-1.825205,-1.896919,1
0.079277,-0.026806,1
-2.866353,-1.397973,1
-1.391877,-1.771236,1
-1.426930,-0.616953,1
-2.436512,-2.156584,1
-1.097920,-1.732447,1
-0.375420,-1.118071,1
-0.712892,0.336566,1
-0.067359,-0.056958,1
-0.229448,0.824224,1
-2.183132,-2.059933,1
-0.908764,-0.620770,1
-1.567512,-1.938094,1
0.570829,-0.912128,1
-0.900414,-2.415227,1
-1.153642,-1.056233,1
-0.496935,-1.099406,1
-1.929103,-0.238769,1
-1.065623,1.327315,1
-2.191154,0.321754,1
0.358110,-0.023569,1
-2.200063,-0.419374,1
0.370314,-1.740317,1
-0.544075,0.584014,1
-1.010520,-0.782823,1
-0.003948,-1.778485,1
-1.110884,-1.948133,1
-1.049152,-0.101492,1
-1.700220,-2.301239,1
-2.118020,-1.938483,1
-1.819395,-0.726316,1
0.788017,-1.317567,1
-1.915053,-1.076769,1
-1.242570,-1.884765,1
0.127384,-2.112518,1
0.567209,-1.333905,1
-0.411231,-2.089315,1
-1.842255,-0.840518,1
-1.674439,0.063719,1
-2.090493,-0.658718,1
-0.527740,-0.977025,1
0.357918,-0.465622,1
-2.025718,0.200793,1
0.171894,-1.077271,1
-0.414221,-2.688099,1
-0.913520,-3.744010,1
