0.852633,3.321818,0
1.735019,0.320051,0
2.244592,0.642368,0
-1.137966,0.950500,0
1.478790,0.543195,0
0.385793,0.626504,0
1.114138,-0.067596,0
2.165705,2.220588,0
0.505354,1.161314,0
0.187932,1.243925,0
1.800103,-0.108384,0
-0.363180,0.696976,0
1.708129,2.425352,0
1.207973,2.132205,0
1.782722,2.554011,0
0.860125,1.360775,0
0.725281,0.825171,0
1.682025,2.363490,0
0.675473,0.264105,0
0.739175,1.456001,0
-0.461125,0.911062,0
0.422938,1.181352,0
-1.275842,2.645097,0
-0.268283,0.808503,0
3.615295,1.015986,0
2.370550,-1.559446,0
2.112958,0.605053,0
0.807835,2.174974,0
-0.232921,1.330628,0
1.102613,1.643967,0
2.349900,1.075590,0
1.185089,-0.086468,0
2.495394,0.598137,0
2.303170,0.202154,0
-0.531516,0.223377,0
1.787945,-0.128348,0
0.301899,0.562866,0
0.723197,1.510939,0
2.010792,0.908584,0
2.392286,2.778779,0
0.862897,1.646110,0
2.259872,1.842778,0
0.525776,1.441834,0
1.453037,0.345092,0
3.391287,1.355592,0
1.873262,1.113312,0
0.992535,3.155622,0
1.377911,1.172138,0
0.911100,1.801519,0
0.242807,-0.034355,0
-0.020246,0.888694,0
0.595560,1.176593,0
0.452239,3.080608,0
0.185267,0.660035,0
0.817374,0.051041,0
2.227936,-0.297244,0
2.550930,-0.299711,0
2.555661,2.895473,0
0.671082,-0.415516,0
2.665718,0.280112,0
1.197660,-0.124005,0
1.482226,0.812573,0
1.132455,0.540577,0
-0.548892,0.695505,0
1.752791,0.598393,0
0.469058,0.459070,0
1.678091,1.700825,0
-1.679951,1.375062,0
0.422535,0.877224,0
0.294027,2.041640,0
1.460765,-0.074898,0
-1.147435,1.139771,0
0.597648,0.589565,0
2.157891,2.310586,0
-0.509243,0.429114,0
0.163819,1.242250,0
1.202265,1.697967,0
1.231509,0.748195,0
1.271322,0.531198,0
1.363162,1.378618,0
0.082834,2.947223,0
1.300548,-1.352584,0
0.316599,2.333829,0
2.333870,2.986448,0
1.470573,1.597559,0
1.193916,-0.601760,0
2.848949,2.904389,0
2.563500,-1.495119,0
1.074261,0.326723,0
2.292365,1.540686,0
0.851875,1.043597,0
2.697601,0.320713,0
-0.243439,0.815901,0
1.506121,1.432930,0
0.240304,0.039615,0
0.446535,2.252740,0
2.827834,1.203249,0
3.382617,0.151955,0
2.783000,-0.365211,0
1.973273,1.429143,0
0.744852,2.214499,0
0.235920,0.905892,0
0.545242,2.178360,0
1.781797,1.254973,0
0.943323,0.983493,0
2.282547,1.807175,0
1.370140,0.444921,0
1.976163,1.516640,0
0.668036,1.064643,0
-0.325030,-0.078840,0
2.312896,0.401661,0
0.164489,0.574465,0
0.809501,1.649937,0
0.476790,2.479051,0
0.636130,-0.521759,0
3.216153,0.720996,0
1.920402,0.229036,0
1.503847,1.268718,0
-0.132053,1.901754,0
-0.253826,0.589035,0
1.050337,-0.708972,0
0.964545,1.515702,0
2.449846,1.423544,0
2.476780,0.303818,0
-0.956116,-0.543801,0
1.235261,3.106490,0
0.377377,1.709788,0
2.197138,1.511499,0
2.909362,-1.146512,0
0.052996,1.807817,0
-0.109989,2.600519,0
1.709450,0.392288,0
0.419188,2.210752,0
0.987139,0.425062,0
1.303239,-0.284075,0
-0.266152,3.543831,0
1.149680,0.034316,0
-0.026487,1.463253,0
0.013683,1.715627,0
0.458350,-1.017950,0
0.662878,1.835444,0
0.651450,0.367322,0
0.633819,-0.250344,0
3.762302,0.424930,0
0.002703,0.055876,0
1.650814,1.146516,0
1.426875,2.738434,0
0.399221,2.756681,0
-0.455327,0.210384,0
1.436895,0.318223,0
2.542318,-0.302077,0
1.997744,-1.452971,0
0.322204,0.109042,0
2.712488,0.155848,0
1.995672,1.842268,0
1.271205,-0.601208,0
-0.967027,0.868486,0
0.993488,2.662222,0
-0.088776,0.980608,0
1.859381,0.563504,0
-0.616939,-0.227704,0
3.475812,2.669140,0
0.380694,2.682178,0
0.765632,1.201886,0
1.641421,0.564868,0
1.042907,3.095346,0
0.983303,2.227064,0
1.068943,-0.553740,0
0.096855,0.586908,0
1.499568,0.633705,0
0.670073,2.270708,0
2.071779,1.969289,0
-0.032142,1.620757,0
1.888184,1.243283,0
0.258290,-0.586342,0
1.908220,0.937605,0
1.271816,0.530101,0
0.133294,1.970540,0
1.382302,0.524600,0
-0.153573,1.890807,0
-0.660610,0.321887,0
0.622057,0.830183,0
0.368720,0.003585,0
0.567325,0.976925,0
0.184989,2.843059,0
0.752544,0.569797,0
-0.762908,-0.317989,0
0.930779,1.319381,0
0.042934,0.640423,0
0.883320,2.322414,0
1.363588,4.052363,0
1.473128,0.074156,0
2.339046,1.040151,0
0.396965,0.804167,0
1.318409,2.090959,0
-0.519851,1.068577,0
2.138996,2.530540,0
2.796698,1.649755,0
-0.459092,0.665763,0
3.465094,0.359728,0
0.929905,-0.460431,0
1.578292,1.602329,0
-0.180819,1.567229,0
-0.840042,1.101754,0
1.661789,2.946138,0
1.823983,0.859502,0
-1.586113,-1.242633,0
-1.048287,-1.306176,0
1.441843,1.383109,0
2.074967,2.538465,0
1.259508,0.482953,0
1.552180,0.553393,0
-1.342112,0.504015,0
0.500517,1.485580,0
2.038200,-0.246862,0
2.701470,0.897171,0
0.536089,-0.865753,0
0.084912,0.125610,0
1.050380,-0.060370,0
2.481937,0.931132,0
0.047961,-0.235927,0
0.732211,1.276935,0
1.057311,1.456994,0
1.731784,-0.459694,0
1.183949,-2.342371,0
3.090343,1.177750,0
0.692123,-1.029769,0
1.660853,1.334219,0
2.633828,3.604780,0
0.905023,0.413903,0
2.051183,0.358643,0
-0.510766,-0.487960,0
-0.374852,0.804816,0
-1.909818,1.642779,0
1.910713,1.997138,0
0.436585,1.808012,0
0.734954,1.051820,0
0.454487,-0.984363,0
-0.038302,0.775820,0
0.623371,0.231993,0
1.136384,-0.232579,0
2.773368,0.022758,0
1.404697,0.189227,0
0.884274,2.068805,0
0.550652,2.925447,0
1.691781,1.069498,0
0.364973,-1.176759,0
1.229681,-0.268733,0
0.469624,2.624144,0
-0.848717,-0.140981,0
1.399902,1.650538,0
-0.033654,-0.807687,0
0.271604,1.312102,0
0.118757,2.967467,0
1.742598,-2.531706,0
0.569359,0.300751,0
-0.101633,1.528750,0
2.910532,0.742039,0
0.959208,3.012030,0
0.235567,0.049690,0
0.277930,0.632245,0
1.317673,0.140238,0
3.159228,-0.944118,0
1.875028,0.905197,0
0.146350,1.122928,0
-0.371005,1.413872,0
1.308040,2.397496,0
0.892690,1.667674,0
0.342953,2.302872,0
-0.730587,1.327638,0
0.098919,3.269681,0
0.288087,0.798179,0
0.753818,1.860775,0
3.105799,1.980363,0
2.242618,0.917349,0
0.285358,-1.105554,0
3.367189,0.370929,0
1.033232,1.011895,0
-0.837661,0.542418,0
-0.602947,1.385893,0
0.629412,1.108585,0
0.456496,2.240161,0
-0.744738,2.641133,0
0.537021,-1.307020,0
-0.288941,0.462896,0
2.051381,1.622239,0
0.480781,1.372983,0
1.121531,2.327070,0
0.761625,0.191869,0
2.517879,-1.354006,0
1.887348,0.109987,0
0.841114,1.281149,0
1.833577,0.115614,0
-1.438243,0.079994,0
0.161220,1.533500,0
1.612374,0.684973,0
2.299642,1.780330,0
1.054338,0.358494,0
1.153569,0.763389,0
2.124766,0.067379,0
0.368160,2.252168,0
2.255250,-0.211975,0
0.580993,1.667490,0
-0.608395,-0.296512,0
1.726790,1.185611,0
0.845489,0.853564,0
1.563165,1.072422,0
1.642669,0.454257,0
2.255787,0.889127,0
1.204736,-0.385008,0
1.690576,0.965380,0
0.772880,1.051978,0
0.437971,-0.762542,0
2.171653,1.322313,0
0.289361,1.882935,0
1.466137,-0.020624,0
0.725919,0.669509,0
1.789599,1.069000,0
1.303510,0.338421,0
2.477600,1.866489,0
1.039783,1.486764,0
0.619993,0.577869,0
0.551356,1.579355,0
1.448603,1.594134,0
2.370958,1.421733,0
-0.856870,1.095600,0
-1.500018,1.831602,0
1.373085,0.302347,0
-0.736260,0.748856,0
1.229975,0.995293,0
0.716723,1.111073,0
1.335802,0.817287,0
1.051226,1.104159,0
1.870591,1.462834,0
1.302040,1.705597,0
2.466894,0.295207,0
1.101930,2.019720,0
1.769598,1.170325,0
1.041970,1.524856,0
0.725237,-0.087805,0
0.799703,0.514945,0
-0.852929,3.482262,0
0.403050,0.645659,0
-0.091905,2.679231,0
2.604615,-0.156616,0
2.861760,0.946281,0
1.154398,0.063987,0
2.317703,1.162719,0
0.832340,1.454850,0
0.173120,2.166365,0
1.589665,-0.494086,0
0.271945,0.681299,0
1.504575,0.612946,0
1.796223,1.616234,0
0.372018,1.422850,0
1.929149,1.671879,0
2.893406,0.632713,0
2.613379,-0.015432,0
0.795837,-1.174285,0
2.132515,0.211300,0
-1.010396,0.174506,0
1.873189,2.026484,0
1.329842,1.202887,0
-0.424905,0.162085,0
-0.653934,2.970479,0
1.313604,2.644433,0
-0.353786,1.668609,0
1.264168,2.012132,0
2.369658,0.440934,0
-1.063869,-0.128668,0
-0.308231,0.858566,0
0.532830,0.681708,0
1.727172,1.799891,0
-1.544314,1.762267,0
0.901710,0.617951,0
0.462427,3.017066,0
-0.265831,0.802400,0
0.629948,2.561643,0
2.926332,-0.106069,0
2.824153,1.722082,0
-0.338385,2.174272,0
2.540539,-0.033938,0
0.640302,1.538590,0
1.247869,0.459891,0
0.750832,0.792936,0
1.006258,0.725695,0
1.453428,0.549094,0
-0.059238,0.133492,0
-0.334743,-0.495741,0
0.445489,0.067367,0
0.387976,1.866543,0
-4.074389,1.828282,0
1.844240,1.953655,0
1.361365,2.408898,0
2.472906,1.418251,0
1.417047,0.612774,0
2.198407,1.770266,0
1.108191,0.626644,0
2.478984,0.939277,0
-0.609203,2.003987,0
0.622160,1.368478,0
3.495131,1.521332,0
1.971969,-0.373653,0
1.520817,3.434859,0
3.074737,0.967594,0
1.781510,0.491259,0
2.756174,0.448573,0
3.726097,0.264392,0
0.181559,-0.482332,0
1.610127,2.216740,0
0.168396,-0.026269,0
1.840888,-0.152249,0
1.710091,0.625198,0
0.138622,0.331485,0
-0.696404,2.335957,0
2.009431,-0.588557,0
0.627005,-0.360036,0
2.546380,1.028997,0
-0.177837,1.007945,0
1.493270,2.258538,0
-1.261231,2.111869,0
0.362690,0.744471,0
1.047605,1.880722,0
0.678020,-0.441645,0
1.673798,0.741801,0
1.761565,0.589687,0
4.296269,0.496803,0
0.710102,-0.787880,0
1.180067,-0.321079,0
2.710595,2.249134,0
0.567325,2.692840,0
-0.526041,3.025299,0
2.310194,0.549786,0
0.452237,0.941793,0
-2.253917,-0.479100,0
0.498383,-1.505750,0
-0.738595,0.592711,0
-0.530783,1.612424,0
0.400486,0.855109,0
1.304923,1.231984,0
-0.012694,0.308465,0
1.594876,0.285096,0
1.959314,0.610335,0
0.652483,-0.504047,0
1.586316,1.705530,0
-0.391498,0.697530,0
-0.487995,0.916677,0
1.194761,1.364927,0
2.072839,0.888774,0
2.892304,1.531015,0
-0.777244,1.244643,0
0.971246,0.031515,0
0.177438,1.786476,0
1.410915,0.522135,0
1.817310,-0.019448,0
1.354278,0.716279,0
0.211414,0.020050,0
0.762370,0.154833,0
1.926317,0.885946,0
1.263165,0.457556,0
-0.163523,2.564641,0
0.294567,0.514148,0
-0.161855,-0.726339,0
2.018841,0.050993,0
2.358181,0.403250,0
0.699067,2.512848,0
0.731083,0.140489,0
0.681542,1.326959,0
0.764707,-1.832932,0
1.250369,1.059760,0
1.483778,1.374137,0
1.153315,0.529279,0
-0.036185,1.439398,0
-0.010647,2.252385,0
2.469971,1.194017,0
-0.073160,0.531868,0
1.724971,-0.158608,0
1.333848,1.664347,0
-0.338510,-0.140731,0
-0.446023,0.081270,0
0.662915,-0.275980,0
1.638790,1.486666,0
-1.075592,1.721645,0
0.423383,2.204089,0
-0.508083,0.717685,0
0.010329,1.266070,0
0.281943,2.644055,0
1.003918,0.923673,0
-0.057030,-1.189267,0
-0.073434,0.805921,0
1.464652,0.626958,0
1.454570,1.307404,0
-0.074821,-0.765310,0
0.173293,-0.030356,0
1.336040,0.235742,0
1.509590,2.883748,0
-0.692207,0.398344,0
0.358114,0.266670,0
1.296786,0.138700,0
0.486516,0.889152,0
1.612236,1.678646,0
1.399386,1.132303,0
3.450502,0.508852,0
-1.855918,2.372945,0
1.425061,2.311023,0
2.159831,2.436692,0
1.156506,0.805773,0
0.712188,0.611730,0
0.458375,0.894219,0
-0.564983,0.666503,0
0.987849,2.278615,0
-0.210245,0.866430,0
1.630747,1.686394,0
2.281998,1.561143,0
0.938818,0.955233,0
-0.970145,1.357646,0
0.805191,0.969727,0
-0.762725,2.327229,0
0.188316,2.006477,0
0.491158,-0.041741,0
1.811465,1.160088,0
1.390724,0.818110,0
0.342803,1.446806,0
0.589323,-0.383953,0
0.920006,0.101733,0
2.806019,0.899387,0
0.283875,0.711606,0
-0.053560,0.071045,0
0.200487,0.853183,0
0.336217,1.630178,0
2.709677,0.131670,0
1.966692,0.513169,0
0.272634,0.893561,0
-0.111929,2.446004,0
1.428843,1.898469,0
0.684144,1.313725,0
0.027815,-0.153758,0
-0.356007,1.534057,0
-0.413511,1.247173,0
1.338812,1.152443,0
1.232647,2.385272,0
0.223377,-0.001708,0
0.590501,0.492998,0
1.491646,-0.314104,0
2.071069,1.381394,0
2.920113,0.238881,0
1.370017,1.169410,0
-0.143649,0.943541,0
2.576185,2.469316,0
1.321790,1.541007,0
1.983013,1.402770,0
1.451015,1.496332,0
-0.212853,0.930096,0
2.236278,1.389807,0
-0.311277,1.043166,0
2.470544,-0.262507,0
0.352450,1.776428,0
3.118020,1.134348,0
1.281765,1.934809,0
1.468712,-0.027593,0
0.429777,2.885376,0
1.286255,-1.585301,0
0.467246,2.147811,0
0.969946,1.419510,0
1.584656,0.746545,0
-0.457398,0.905391,0
-0.358689,-0.583909,0
0.038972,0.037561,0
0.880842,-0.347627,0
1.310738,2.154050,0
-0.548729,2.605677,0
-0.338516,1.624442,0
1.367274,2.834554,0
1.194089,2.536421,0
1.436355,0.526322,0
-0.046802,2.523024,0
0.038269,0.011312,0
2.089862,1.209238,0
-0.421780,0.010539,0
0.419137,-0.295108,0
0.221229,1.666312,0
1.432737,1.184135,0
2.035573,-0.190949,0
0.483059,-0.316596,0
0.400720,2.514196,0
0.198552,1.143995,0
0.376903,2.094922,0
1.191170,1.233470,0
1.031609,-0.332505,0
2.028436,2.569000,0
-1.032199,1.864779,0
0.459158,1.068189,0
1.160117,0.779629,0
1.520648,2.326145,0
1.780958,1.040387,0
1.384309,-0.435753,0
2.197240,-0.238291,0
0.644277,1.459240,0
-0.085549,0.427289,0
0.895694,0.402223,0
0.879367,1.778914,0
2.805061,-0.428030,0
0.940423,1.805446,0
-0.038414,1.262972,0
-1.351934,1.018900,0
2.143156,2.228880,0
2.380158,1.504508,0
0.622172,-0.110582,0
-0.105339,0.534094,0
2.351581,0.147119,0
2.011546,2.340364,0
1.128777,-0.214025,0
1.815427,-0.214303,0
0.479576,-0.260982,0
-0.268246,0.956028,0
1.365203,2.426532,0
2.034163,2.306131,0
-0.134783,-1.609513,0
0.476391,0.104715,0
-1.238644,-1.412255,0
0.005701,1.638033,0
0.537158,-0.443567,0
1.181614,0.091014,0
1.186250,1.565126,0
0.230495,-0.759854,0
1.068463,0.617006,0
-0.194931,1.426684,0
1.403566,1.743106,0
-0.703424,-1.342149,0
0.639396,-0.232583,0
0.271622,0.487031,0
1.820054,1.381964,0
1.759759,1.371140,0
0.461717,0.743649,0
1.540934,1.407078,0
1.283617,-0.257900,0
1.105691,-0.371846,0
1.005409,0.221485,0
1.558002,2.135645,0
1.602042,0.770743,0
1.322690,2.399542,0
0.162285,-0.220339,0
1.080998,0.305846,0
1.468451,1.892554,0
0.733878,1.332846,0
1.083978,1.093509,0
-0.355624,0.926802,0
0.212300,2.018080,0
0.421154,0.406302,0
0.602855,0.539805,0
1.152566,0.356177,0
0.724656,1.306311,0
0.570136,0.722287,0
2.709121,2.282718,0
0.003788,1.807616,0
-1.322709,0.083441,0
1.226299,3.177317,0
1.238308,-0.612170,0
1.315528,-0.432144,0
-0.489045,1.307206,0
2.169527,0.174119,0
1.273229,0.526440,0
0.564101,-0.534176,0
0.603968,-0.221471,0
-3.026208,1.511581,0
1.070158,0.234879,0
1.135619,2.421826,0
2.230372,2.337448,0
1.718054,1.494485,0
1.147211,-0.183009,0
0.695761,1.484475,0
0.566662,-0.003099,0
1.851113,2.761719,0
-0.911323,0.063320,0
1.173603,2.128714,0
1.183732,3.340971,0
1.365231,-0.040648,0
0.668115,0.183759,0
0.600411,1.109784,0
0.827905,0.677647,0
0.020967,1.385547,0
1.923882,-0.425491,0
2.853613,2.643424,0
-0.499905,-0.129757,0
-0.280535,0.769654,0
1.474260,2.044475,0
0.918095,1.855129,0
0.762741,0.224964,0
0.972097,0.734345,0
2.659792,1.413556,0
-1.374238,-0.091357,0
1.514171,0.436413,0
2.431241,-0.118980,0
1.822837,1.595984,0
0.082202,1.128687,0
2.181060,0.361507,0
0.435365,2.628319,0
1.400008,-0.223674,0
2.123725,0.550968,0
2.215370,1.349310,0
1.186626,1.962353,0
1.002349,0.936873,0
-0.159857,0.378740,0
-0.273403,1.965861,0
1.453553,1.936959,0
1.915754,2.438246,0
-0.207206,0.818058,0
-0.477502,2.637199,0
-0.107345,0.520673,0
1.001781,1.962739,0
1.040523,0.736368,0
2.349789,-0.201407,0
1.954335,2.790249,0
-0.294578,1.961735,0
0.949890,0.449442,0
1.009135,2.303818,0
0.617547,-0.462406,0
1.456519,0.632372,0
0.026647,1.436355,0
-0.307854,1.545719,0
-1.228434,-0.453649,0
2.643064,0.204130,0
3.515983,1.343300,0
0.764522,0.817646,0
-0.785099,0.121141,0
1.833283,1.820146,0
0.725434,0.806378,0
2.432507,-0.078357,0
1.458617,3.091647,0
-0.644773,1.862603,0
0.260536,0.622548,0
-0.747889,0.319684,0
-1.817198,1.694601,0
0.603269,0.726446,0
2.218623,1.127041,0
1.337328,1.898371,0
-0.791306,-0.128677,0
-0.686743,1.124092,0
0.603183,2.287493,0
-0.572619,1.745039,0
1.473184,0.704371,0
0.197590,2.410839,0
-0.154831,3.359623,0
1.380414,1.304697,0
0.046951,0.776051,0
0.268794,1.016719,0
0.767900,-0.971751,0
0.163815,-0.407143,0
1.988015,1.026941,0
0.336491,0.053009,0
-0.212310,1.479196,0
2.822050,0.733859,0
1.341523,1.167149,0
1.701516,-1.043798,0
1.362901,1.815148,0
-0.153074,0.755286,0
0.080880,3.532769,0
0.976149,2.570302,0
0.659956,0.064946,0
0.153646,2.179870,0
1.277979,2.882942,0
0.055915,0.765452,0
1.365413,1.345655,0
0.420852,-0.265147,0
1.713389,2.647397,0
1.975910,1.560168,0
1.089139,-1.348110,0
1.918631,0.665708,0
1.161360,0.270640,0
2.490959,1.621118,0
3.063598,2.522727,0
-0.399623,0.279622,0
1.004681,2.839552,0
-0.251483,-0.043916,0
0.552603,3.557220,0
0.989935,0.375007,0
1.725059,-0.615664,0
1.043024,0.935955,0
0.591435,-0.288114,0
3.248257,1.210718,0
1.083685,0.515661,0
0.298311,1.873819,0
1.504529,0.518928,0
-1.037564,0.561183,0
1.386926,0.528619,0
1.085951,1.470884,0
1.886106,2.295745,0
1.331451,0.501223,0
2.258397,-0.357879,0
-0.254663,2.287838,0
-0.496113,1.442260,0
0.738045,3.137131,0
0.746094,1.984860,0
0.361498,-0.348039,0
0.044535,1.607300,0
0.050320,0.151724,0
0.592843,-0.414495,0
-0.705641,0.764074,0
-0.247169,2.250905,0
0.131665,1.369017,0
0.663429,0.507255,0
0.145115,0.436721,0
1.005431,0.573588,0
2.286694,0.997974,0
0.414548,2.138654,0
0.430134,2.369652,0
1.169157,2.829803,0
2.663315,1.136231,0
-0.569479,0.865498,0
-0.732704,0.813709,0
-0.887133,-0.484908,0
0.999290,-0.386756,0
-0.708389,0.476436,0
2.398655,0.450397,0
0.399599,-0.160890,0
1.128175,-0.815345,0
1.004227,1.322393,0
0.936165,0.433953,0
0.848250,-0.702565,0
-2.425856,-0.575362,0
0.453231,2.445090,0
1.528525,1.629946,0
1.839786,1.234659,0
2.101255,3.255386,0
1.036668,2.281692,0
0.560460,-0.168358,0
1.333569,1.369543,0
2.170705,1.939492,0
0.982202,-0.134239,0
2.891732,2.149154,0
0.077605,1.128399,0
1.336237,-0.973217,0
0.872666,1.114046,0
0.479687,1.649277,0
0.550989,1.170971,0
1.641171,0.834295,0
1.917857,1.183800,0
-0.313568,0.725274,0
0.506974,0.523698,0
0.038508,1.531600,0
-1.123238,-0.941711,0
-2.102706,3.134611,0
0.393725,0.437877,0
0.738326,0.867039,0
3.328702,-0.892186,0
0.025467,1.667973,0
-0.594795,0.451906,0
0.112031,2.552784,0
2.547814,1.404520,0
2.653584,0.388140,0
1.610687,-0.285718,0
1.298838,0.973916,0
0.602681,2.764587,0
1.549599,1.351312,0
1.568074,1.933970,0
-0.991549,1.552430,0
0.124799,0.952270,0
0.018601,0.743581,0
0.870492,1.584874,0
1.702894,1.508595,0
0.014881,0.755164,0
-0.110759,0.902215,0
0.729456,2.164110,0
-0.172109,0.133693,0
-0.525172,0.543698,0
0.584435,3.127138,0
2.314539,1.089697,0
0.811585,-0.592860,0
1.637715,2.082654,0
1.426069,0.027088,0
1.437479,0.944957,0
0.435665,-2.246693,0
0.528488,2.968929,0
0.335858,0.324028,0
-0.235886,-0.321136,0
-0.834172,1.272515,0
1.795485,1.370279,0
0.856820,0.037176,0
3.002272,-1.192369,0
1.771862,0.806263,0
-0.767486,1.983401,0
2.867478,0.935102,0
-0.047261,0.815296,0
-0.182278,2.418561,0
1.895583,1.369795,0
2.567053,1.987314,0
1.449986,1.204462,0
-1.903277,1.756248,0
0.520817,0.534541,0
0.982728,0.017313,0
1.036742,-1.372907,0
1.606180,0.395310,0
0.395311,1.117317,0
0.074201,0.204661,0
1.951612,-0.665855,0
0.780972,1.770668,0
0.594203,0.743976,0
0.810737,0.665175,0
0.091228,-0.154338,0
0.326759,2.122806,0
1.040432,2.177485,0
-0.194812,2.005109,0
0.906349,1.506732,0
-0.015915,1.807794,0
1.517860,0.073106,0
1.627222,-0.970269,0
2.702014,0.238915,0
1.379370,0.534404,0
0.714102,0.797881,0
2.711847,2.335836,0
0.669736,2.300953,0
1.263432,-0.800159,0
2.546267,-0.086084,0
-0.313304,-0.616424,0
1.775535,2.251628,0
1.056530,1.252554,0
-0.936947,1.046752,0
0.807150,-0.046290,0
1.740339,0.276358,0
-0.630648,1.001675,0
-0.149389,0.628170,0
1.171368,0.618016,0
1.754274,1.561827,0
0.200609,1.289433,0
0.151299,-0.589214,0
1.132555,2.115138,0
-0.867476,0.949131,0
0.718017,1.139842,0
1.029912,1.164899,0
2.883520,1.061962,0
2.165374,1.211621,0
0.288334,0.384164,0
-0.703339,-0.084821,0
0.329431,1.344792,0
0.011362,1.370647,0
-0.361953,0.711783,0
2.410482,0.823399,0
0.464749,2.980053,0
1.769820,-0.207175,0
1.720331,0.232565,0
-0.048102,-0.669541,0
-0.184849,1.019044,0
-0.308178,1.749986,0
0.697645,-0.350382,0
0.447541,1.898723,0
1.281679,1.737406,0
2.818203,0.006802,0
2.226637,0.471231,0
1.251498,0.276342,0
-0.492640,-1.002883,0
2.159751,2.386952,0
1.213018,2.111327,0
0.214647,0.612413,0
0.275978,0.929542,0
1.293373,0.729786,0
1.935334,0.677142,0
0.442170,1.562289,0
-0.252124,1.087406,0
1.603129,4.153955,0
2.221762,0.704328,0
1.128777,0.902747,0
1.131066,2.598580,0
0.697017,1.605879,0
2.358985,1.251072,0
1.801172,0.477157,0
1.348245,1.508078,0
1.140619,0.021244,0
1.589228,0.728703,0
1.310633,0.773528,0
-0.516477,1.817906,0
2.991397,1.691397,0
1.067706,1.146552,0
3.059812,-0.305616,0
0.900413,-0.278233,0
1.238471,0.991531,0
1.414866,0.550324,0
0.071484,-0.612306,0
0.273331,2.687902,0
0.872920,2.868564,0
2.367014,2.681196,0
2.031859,2.106033,0
1.206221,0.424661,0
1.885885,0.754494,0
1.270400,2.151469,0
-0.800070,0.492700,0
2.397704,0.193697,0
0.973822,1.640264,0
1.635472,1.596826,0
0.586454,0.684246,0
2.628933,-0.358088,0
0.171593,-0.400010,0
2.514951,-0.721387,0
0.999205,1.694438,0
2.039769,1.813314,0
0.857162,-0.308924,0
0.654773,1.202669,0
0.423879,2.185651,0
0.676958,0.622292,0
0.482084,1.232786,0
1.782031,0.864202,0
1.076010,1.537826,0
1.879706,2.960550,0
0.109459,1.278947,0
0.132730,0.629619,0
0.063652,2.640635,0
0.801629,-0.532274,0
0.376958,-0.120363,0
1.270115,-0.593974,0
-0.386256,1.044065,0
0.982968,0.705824,0
0.600118,0.578379,0
1.165840,1.784569,0
0.168593,2.343853,0
3.047132,2.656163,0
0.943103,-0.044295,0
0.241784,-0.416859,0
1.936211,0.489094,0
0.749010,-0.917045,0
1.357837,1.439649,0
2.047454,0.815592,0
1.616690,1.792838,0
1.381252,0.828609,0
2.312299,1.393261,0
1.133113,0.451590,0
0.375995,1.192996,0
-1.326514,-0.265474,0
1.507284,2.044432,0
1.118366,2.084070,0
1.939761,1.016293,0
0.485741,0.368392,0
1.158788,2.047767,0
1.014642,0.377675,0
2.010026,0.380187,0
1.200706,0.387846,0
0.102192,1.607234,0
2.632740,0.553190,0
-0.286987,2.838291,0
0.768394,0.431501,0
1.119204,0.462323,0
-0.055029,-0.248954,0
1.236922,1.137243,0
0.876185,0.394286,0
1.498224,0.401878,0
0.787540,0.044042,0
2.800704,-0.788904,0
-0.606185,2.263178,0
2.203692,-0.854907,0
-0.428077,-1.120888,0
-0.295668,-0.087727,0
0.840818,0.869473,0
0.264483,0.385134,0
2.433992,-0.297034,0
-0.317207,1.668022,0
3.498702,-1.467666,0
0.523127,-0.603018,0
1.314887,3.260064,0
-0.392158,1.923278,0
1.040102,1.462822,0
0.038724,0.676823,0
-0.436746,1.301816,0
2.761157,-0.953260,0
-0.263578,0.601312,0
-1.544698,1.794150,0
-0.488811,-0.096264,0
2.929791,2.092902,0
0.984598,0.379637,0
1.721420,1.904318,0
2.337034,1.697073,0
0.204506,1.550457,0
0.869651,0.889026,0
1.776929,0.969724,0
0.704149,1.571910,0
0.848826,0.283321,0
2.432827,0.408468,0
-0.149669,1.602063,0
0.053451,2.119800,0
0.001400,2.622504,0
0.456527,-0.624297,0
0.707300,0.008512,0
0.434946,-0.552487,0
1.062683,2.868987,0
1.283926,0.551758,0
1.608012,0.080502,0
0.901497,0.298116,0
2.160188,1.380342,0
0.802036,0.509592,0
2.067629,1.375856,0
1.248228,1.888899,0
1.892482,0.115494,0
1.656058,2.382867,0
3.991378,-0.533434,0
2.891714,1.368002,0
1.085156,2.644884,0
1.124113,2.565662,0
0.761465,1.378645,0
1.368178,1.140326,0
-0.472455,0.300878,0
1.091317,1.437627,0
1.910939,-0.413190,0
-0.727988,2.182445,0
1.961997,1.010979,0
2.793921,0.606791,0
-0.015235,0.583892,0
3.844930,2.231477,0
3.563455,-0.322977,0
1.265737,2.626602,0
0.639013,1.555041,0
0.503568,2.430579,0
1.541542,0.872473,0
0.491169,2.488853,0
1.710370,0.308958,0
0.302764,0.531586,0
1.239213,0.665349,0
0.396101,1.213230,0
0.884666,-0.301329,0
2.487408,0.411900,0
2.198605,1.948265,0
0.591046,-0.164124,0
0.823869,1.887888,0
1.128517,1.078913,0
0.593649,0.569713,0
2.294534,2.193929,0
0.808912,1.683850,0
1.988856,1.141650,0
1.631201,-0.980996,0
1.863882,1.492559,0
0.141504,0.435418,0
-1.444189,-0.562856,0
2.953964,0.914394,0
3.283475,1.371343,0
0.549191,1.218068,0
1.526174,0.389025,0
-0.950149,0.929363,0
1.823118,-0.011498,0
-0.264553,3.572240,0
-0.027327,0.535944,0
0.026230,1.545755,0
-0.568944,1.510967,0
1.624326,2.031556,0
0.638496,1.228234,0
1.495515,1.082037,0
2.607014,1.549747,0
1.717768,2.064001,0
-0.191875,2.188742,0
0.234491,0.195838,0
0.902427,0.135410,0
1.182137,0.825552,0
1.725137,0.138314,0
0.764497,0.724098,0
2.697731,-0.574318,0
1.368860,2.363461,0
1.065395,2.156846,0
0.868699,1.903326,0
1.097266,0.653516,0
3.680589,3.219218,0
1.392024,1.900214,0
1.543303,1.786179,0
1.365344,0.785767,0
0.484219,-0.633982,0
2.501750,0.683855,0
3.467265,0.196028,0
1.962163,0.627449,0
0.570730,-1.230228,0
2.305698,1.234279,0
1.811085,0.325496,0
2.010452,1.002624,0
1.261204,1.803683,0
1.569783,1.760582,0
1.284582,-1.114892,0
-0.177513,-0.098215,0
1.992342,1.179259,0
1.720775,0.214219,0
-1.097541,1.924107,0
1.591435,1.863179,0
1.948219,1.607535,0
1.413113,1.049981,0
2.270102,2.784400,0
1.998882,1.744719,0
0.314674,-0.727466,0
0.658998,0.584814,0
1.677911,0.464312,0
1.572088,-1.612480,0
0.643044,1.098014,0
2.284787,1.213459,0
1.212802,0.713481,0
0.531121,1.918423,0
-0.044249,-0.531276,0
0.866469,1.650313,0
-0.174717,1.510014,0
2.177196,0.034812,0
0.535982,1.627084,0
2.668059,0.425668,0
1.951661,0.707232,0
1.562344,0.616629,0
1.296682,1.239557,0
-0.820913,1.211523,0
1.920816,0.625430,0
0.487346,-0.256312,0
1.217378,2.715861,0
-0.061446,1.267381,0
1.811193,0.306587,0
0.012988,2.417295,0
0.971479,1.153306,0
-1.167312,2.377442,0
1.363802,1.394891,0
1.363682,0.439891,0
1.292498,1.849402,0
0.477093,2.153346,0
1.369297,0.250684,0
1.183440,0.285052,0
0.032696,2.411806,0
0.991570,0.393158,0
0.596378,0.529060,0
-0.669611,0.305497,0
2.686800,1.353483,0
0.495574,0.730945,0
1.409952,1.322565,0
0.800709,0.171644,0
-1.179409,1.210033,0
0.639719,0.769391,0
0.748849,2.672001,0
1.859537,-1.313251,0
1.504447,0.648175,0
2.065954,0.464733,0
-1.411195,2.165664,0
-1.009781,1.775328,0
0.273988,2.806265,0
0.266578,-0.007522,0
1.480341,1.748898,0
0.854737,0.884091,0
1.370446,1.636142,0
1.118551,1.459095,0
0.380541,3.168881,0
2.384748,0.980660,0
0.675636,1.244485,0
2.001545,1.264272,0
1.320048,0.123825,0
2.733948,0.687788,0
-0.178624,1.813159,0
3.028346,2.490257,0
1.778412,1.225552,0
0.628031,0.599981,0
-0.095925,0.460548,0
1.329760,2.083166,0
2.570214,1.320471,0
-1.518422,2.130114,0
0.919561,-0.054928,0
1.262261,1.505445,0
0.951424,-0.162341,0
0.992945,1.547197,0
1.075472,1.487529,0
1.092891,0.317471,0
1.848123,2.360195,0
1.690809,0.913321,0
2.352359,0.662982,0
0.426509,-1.290587,0
0.871569,-0.290521,0
-0.816135,1.885935,0
1.682295,2.320748,0
0.689640,-0.991899,0
2.226373,2.323071,0
1.145897,1.983993,0
0.020614,0.465456,0
1.161198,-0.222966,0
-2.158986,1.274915,0
1.084951,0.598066,0
1.518431,1.684987,0
1.696321,0.983446,0
1.100429,0.778497,0
1.162909,0.563195,0
1.224411,1.663172,0
0.773303,0.768703,0
1.240616,0.742517,0
0.471840,-0.602874,0
1.257061,1.556056,0
1.591844,0.834359,0
1.366123,-0.655026,0
-0.264225,1.146094,0
-0.147286,0.467391,0
2.692696,-0.486422,0
0.787313,0.180677,0
4.229548,1.703786,0
0.784913,1.327600,0
2.442519,1.461992,0
1.304066,0.070741,0
1.507059,0.519043,0
1.173475,1.469898,0
1.003556,0.927550,0
0.378065,1.558126,0
-0.431434,0.438772,0
0.952013,0.841331,0
1.598276,1.717650,0
0.353887,0.597561,0
-0.021195,1.100890,0
2.020976,-0.089844,0
0.361707,1.023448,0
0.176787,-0.095122,0
2.479856,1.846521,0
-0.691636,-0.115629,0
0.805082,1.113688,0
2.140546,1.175853,0
2.497235,1.120469,0
-0.806267,1.820720,0
0.584913,1.319544,0
-0.277896,3.099087,0
1.659459,0.272439,0
1.868780,1.164029,0
2.699790,0.986609,0
0.768664,-1.275703,0
0.638169,-0.823875,0
3.354021,2.615101,0
0.099275,0.398002,0
0.768746,0.211207,0
0.226951,0.334190,0
-0.199903,1.697802,0
0.776703,3.784269,0
0.789360,1.647655,0
0.744725,0.519436,0
1.170675,2.476642,0
-0.742163,2.410425,0
0.573462,0.649664,0
1.022851,1.934669,0
-1.288957,2.093280,0
-1.116922,1.063848,0
0.921901,1.598532,0
-0.062224,1.358121,0
-0.047904,1.922882,0
1.326461,0.383430,0
0.882848,0.430719,0
0.361693,0.251550,0
1.697799,3.181285,0
1.720907,0.869380,0
0.461678,3.850921,0
0.547431,1.568023,0
1.164874,1.127575,0
-0.504642,1.160850,0
0.139506,-0.264035,0
-0.590934,1.501302,0
2.964302,0.319487,0
0.540123,0.094811,0
3.172651,-0.208798,0
1.974931,0.018893,0
1.309441,1.263137,0
1.022612,-0.278814,0
1.490378,1.606309,0
1.162248,-0.471065,0
1.753623,1.372354,0
0.428850,1.125908,0
0.557841,2.064846,0
0.023453,1.251632,0
0.325343,1.101052,0
-0.871747,1.339366,0
2.031346,-1.201202,0
1.914413,3.170673,0
0.005378,2.521423,0
0.952004,0.285350,0
2.880823,0.568099,0
-2.109436,2.007093,0
1.974810,2.726935,0
2.684451,-0.668119,0
-0.370877,0.352015,0
-1.566316,-1.146930,0
0.004596,0.784370,0
0.577325,0.666947,0
0.516468,1.835631,0
2.198117,1.385004,0
-0.341716,-0.503473,0
0.750687,0.286435,0
2.278712,4.033562,0
1.748349,-0.561435,0
1.482798,-0.693551,0
2.420209,2.848799,0
0.542714,0.548658,0
0.825733,3.746317,0
4.215560,-0.379376,0
-0.303635,0.439856,0
0.463625,-0.878049,0
-0.272505,0.454547,0
-0.436917,0.494343,0
2.266180,0.447463,0
0.639556,-1.767447,0
4.264935,2.344387,0
0.877650,-0.758677,0
1.184680,2.287653,0
1.051307,3.045420,0
1.958844,0.218846,0
-1.054299,1.555247,0
1.732911,2.220754,0
1.548562,0.310837,0
1.025461,0.134686,0
1.124639,1.867517,0
1.524795,0.626976,0
2.520709,0.971950,0
-0.072022,0.722965,0
1.687415,1.492600,0
1.441640,1.276299,0
0.216772,3.039259,0
-0.744142,0.793331,0
2.104302,2.153788,0
0.373033,0.401199,0
0.193202,1.484529,0
0.949929,0.790133,0
1.576344,1.195102,0
-0.561513,0.763680,0
1.830577,1.302951,0
1.411601,3.287464,0
1.379901,0.241361,0
1.160172,2.708709,0
2.309263,3.266597,0
1.148958,-1.245574,0
1.378543,1.746807,0
1.039845,-0.881381,0
1.136507,-0.085845,0
0.094874,0.233261,0
0.724716,1.822456,0
1.024069,-0.473417,0
1.062774,0.032329,0
2.676888,1.616451,0
1.616486,-0.612648,0
1.403842,-0.979167,0
2.074806,1.771242,0
0.313280,0.109435,0
-0.069816,1.053761,0
0.400598,1.091431,0
2.675719,0.470697,0
0.227447,0.822478,0
1.339438,0.258234,0
-0.363555,1.339167,0
2.105577,1.285021,0
-0.660167,1.607532,0
1.083731,1.533256,0
-0.725629,1.744329,0
-0.380520,1.294154,0
0.205310,0.150105,0
0.495656,2.405504,0
-0.987804,2.457841,0
2.486614,0.563768,0
1.396715,2.124978,0
0.753020,1.113003,0
0.952113,0.834796,0
1.500132,0.994000,0
-0.354677,0.016615,0
0.252987,1.289528,0
-0.375978,1.134678,0
-0.607444,0.570886,0
2.264028,1.438825,0
-0.412648,2.218083,0
2.674649,0.536160,0
0.194902,2.592318,0
2.684525,3.342192,0
-0.511190,0.097849,0
0.522332,2.182863,0
-0.030355,2.426457,0
2.645580,1.505395,0
0.327676,1.387635,0
1.805186,2.954937,0
1.547404,1.148298,0
0.284448,0.231285,0
0.770836,1.451491,0
1.335399,0.434052,0
2.946113,1.282743,0
-0.514445,-1.462879,0
1.224077,1.048640,0
2.488112,1.832309,0
0.268141,2.974777,0
2.734468,-0.506519,0
0.890680,1.638623,0
0.179824,0.062474,0
1.671817,0.909600,0
1.586051,1.878320,0
1.516492,2.086055,0
0.667655,2.403313,0
1.402388,1.749245,0
0.273189,1.689475,0
-0.173896,2.189083,0
0.726388,0.102150,0
1.872902,1.421512,0
-0.222261,-0.140975,0
1.832438,0.283696,0
0.342596,0.729310,0
0.363126,1.703248,0
-0.735419,2.432342,0
-0.880157,0.221810,0
1.556192,0.472363,0
-0.436544,0.169502,0
2.185685,2.060378,0
1.236842,2.553401,0
-0.092393,-1.015734,0
0.376850,-0.906079,0
0.314085,-1.194688,0
2.335260,0.581322,0
1.841414,0.364765,0
-0.520731,1.909900,0
-1.390152,1.156873,0
0.613305,1.605029,0
0.271753,-0.174172,0
1.397591,0.625312,0
1.074524,1.223197,0
2.479848,0.683488,0
1.224258,3.347473,0
0.187162,1.028031,0
1.598582,1.343978,0
-0.509909,2.359750,0
0.749215,0.706870,0
1.443780,1.092790,0
0.712361,0.919543,0
0.226629,1.923061,0
1.314800,-0.645996,0
1.721035,1.957505,0
-0.880578,0.740364,0
0.509389,-1.030638,0
1.118543,0.949865,0
0.548377,0.243849,0
0.907947,-0.759238,0
1.335897,1.487103,0
0.621875,1.043378,0
1.413428,0.764054,0
2.013654,1.056368,0
1.563230,1.597975,0
0.355011,-0.010668,0
-1.028369,0.570948,0
2.203487,2.470314,0
0.823916,0.457845,0
1.652685,-0.249760,0
3.649372,-0.893749,0
0.118480,0.445066,0
2.580076,0.390687,0
0.488201,-0.007753,0
1.714578,1.300409,0
1.329727,1.009099,0
1.443525,2.365958,0
1.645433,0.053301,0
1.025065,4.669641,0
2.076519,-0.713324,0
0.462324,1.535898,0
3.138759,0.795672,0
0.387972,1.030775,0
0.431851,0.237694,0
-0.518429,-0.145177,0
2.798419,-0.533402,0
-1.249704,1.077434,0
0.738086,2.009230,0
-0.045514,1.557222,0
-0.613588,1.001315,0
3.038965,-0.140050,0
0.950205,-0.326640,0
0.244493,0.028997,0
-0.324264,1.430594,0
0.781139,0.157238,0
0.788174,-0.259571,0
0.802408,0.822013,0
1.200773,-0.164624,0
1.705880,2.175622,0
-0.100218,0.743762,0
1.905564,0.728020,0
1.284588,2.089480,0
0.653108,1.201851,0
-0.991446,0.549423,0
1.563389,-1.055860,0
2.439076,3.018418,0
0.918500,2.302799,0
-0.406178,-0.229289,0
1.035213,-0.710600,0
-0.239110,0.183906,0
1.892879,1.903534,0
-0.725081,1.275211,0
-0.248693,0.666111,0
0.264796,-0.077432,0
1.554547,0.602820,0
0.240651,2.849751,0
-0.201171,1.618623,0
-1.694051,0.651999,0
1.145298,0.010940,0
-0.291075,1.422986,0
1.831178,0.922952,0
-0.776854,0.266906,0
0.956048,1.720718,0
0.176084,1.229468,0
-0.409373,2.485258,0
1.221317,1.137851,0
2.115011,1.274190,0
1.784863,3.216122,0
-0.112657,-0.060631,0
2.391417,-0.468323,0
1.212349,0.726871,0
2.582300,3.910412,0
0.012860,3.255948,0
0.649434,0.592698,0
0.704748,0.810548,0
1.847119,2.497595,0
0.754824,-0.468498,0
0.887815,0.567579,0
1.749419,0.272323,0
1.413663,2.423183,0
0.054825,2.584816,0
1.238077,0.172001,0
0.286491,1.118006,0
-0.360741,-0.430746,0
-0.052632,0.955183,0
1.242544,2.106653,0
1.671774,1.466196,0
0.958961,0.393930,0
0.059090,0.868984,0
1.194097,1.287934,0
0.996686,1.019194,0
1.642750,-2.066925,0
0.144819,-0.768373,0
2.324383,1.242431,0
2.749416,2.115828,0
0.129103,1.994062,0
-0.957129,0.143569,0
-0.457554,1.263810,0
3.254449,-0.623299,0
0.860264,0.291920,0
2.870894,-0.096333,0
1.115730,0.808042,0
1.629437,0.834424,0
0.993305,1.399912,0
-0.393037,2.004074,0
0.810390,0.934052,0
1.646487,1.475974,0
2.263115,1.774258,0
1.419082,-0.157322,0
1.078100,0.636873,0
-0.403550,2.162776,0
-1.044447,1.189021,0
3.120852,0.827824,0
0.875595,-0.545246,0
0.802890,-0.668165,0
1.647450,1.569688,0
3.432628,1.629033,0
-0.012793,1.893985,0
0.259917,1.929718,0
-0.039770,0.202333,0
1.206596,-0.053277,0
0.335217,2.978487,0
-0.864391,0.821472,0
1.685263,0.147329,0
2.096613,1.007303,0
2.630690,0.550854,0
-0.702909,-0.050241,0
0.226202,2.187371,0
1.062668,1.438102,0
-0.322528,0.931082,0
-1.626155,0.529101,0
2.379537,1.089883,0
2.553257,0.464213,0
-0.538029,2.677461,0
0.646635,0.717853,0
1.204198,-0.887966,0
0.642374,1.054767,0
2.545074,0.768914,0
0.738482,1.789451,0
2.417276,-0.036894,0
-0.939370,0.410496,0
1.574080,1.883072,0
1.226000,1.697097,0
-0.574258,0.682688,0
0.500335,-0.318004,0
1.245705,0.186701,0
1.037351,-0.223378,0
0.981728,1.612109,0
0.225139,1.949115,0
0.171620,-0.009936,0
0.389061,1.083977,0
0.675621,-0.072008,0
2.437146,2.226552,0
-0.754837,0.213127,0
2.460109,1.516379,0
0.230436,0.192661,0
2.516608,1.926446,0
2.360313,1.616944,0
0.370926,0.660139,0
1.729206,0.625475,0
1.565669,1.351323,0
0.370542,1.014215,0
0.948410,-0.522447,0
0.752820,3.206795,0
1.905619,-0.922980,0
1.077549,0.050779,0
2.870670,1.057095,0
4.552534,1.303394,0
2.782960,1.500103,0
1.088597,0.949797,0
-0.723680,1.302973,0
-0.079322,1.586924,0
-0.911718,0.585326,0
-0.372158,0.658037,0
0.660474,1.975730,0
-0.112049,2.746823,0
-0.432576,2.013391,0
3.139749,-0.295372,0
1.526964,0.033694,0
4.223664,-1.179060,0
1.964592,2.129088,0
1.024763,0.144091,0
1.295492,0.696781,0
1.283426,2.094901,0
1.890391,0.215460,0
0.072094,1.399019,0
-0.322132,0.989590,0
0.407204,-0.095912,0
1.563367,0.107949,0
0.364041,2.653394,0
1.967196,0.855809,0
0.945198,1.283949,0
0.199293,0.609408,0
1.016369,1.690984,0
0.083626,0.900063,0
3.408668,1.736428,0
0.949736,1.693421,0
1.247951,1.411128,0
2.503189,0.546311,0
1.628228,0.773083,0
-0.651663,1.092333,0
0.430046,0.811146,0
0.622885,0.631109,0
0.122330,1.799854,0
1.793143,2.759808,0
1.302870,1.179069,0
2.005610,2.024299,0
-1.299723,0.899182,0
1.107647,0.914585,0
0.700889,0.796270,0
-0.137690,0.531357,0
2.361444,0.962709,0
0.755587,1.561368,0
1.160756,1.250413,0
-2.506714,1.899786,0
-0.582520,1.751987,0
0.113312,2.751045,0
2.348408,0.704940,0
2.449872,1.238714,0
-0.069153,1.503351,0
-0.779761,2.081453,0
0.085118,1.442981,0
0.338044,0.001889,0
0.660871,0.494645,0
2.746691,0.692391,0
2.450589,-2.417806,0
1.466816,0.757269,0
2.524016,0.113426,0
0.907385,0.219948,0
0.816739,1.457139,0
-0.536251,0.420260,0
3.134469,-0.485300,0
-1.419874,1.757634,0
1.078286,0.621389,0
-0.436141,0.620033,0
2.275284,1.084163,0
0.680890,1.993586,0
0.553466,0.650973,0
0.124153,0.732438,0
2.157127,0.480852,0
1.657453,0.514688,0
2.846982,1.781610,0
0.167747,1.983071,0
2.811229,1.997990,0
2.075292,1.412461,0
1.158572,1.404363,0
1.656284,1.431531,0
-0.837783,0.989853,0
2.218131,-0.326782,0
2.017195,-0.364246,0
2.136015,2.414725,0
0.360114,2.466914,0
0.959392,2.156893,0
1.162533,1.618917,0
2.289765,1.978374,0
2.089534,0.412255,0
-1.487962,1.964215,0
1.983034,0.349204,0
0.785136,0.104246,0
0.104180,1.157066,0
1.908293,2.203654,0
1.574525,1.042399,0
0.893054,1.811245,0
1.586973,2.657179,0
1.339839,2.452826,0
2.326445,2.418404,0
-2.230023,0.803149,0
-0.662405,1.880093,0
1.955614,1.704176,0
-2.682827,-1.744387,0
1.144363,1.890491,0
1.510440,0.303108,0
-0.621467,1.526521,0
-1.435798,-1.526825,0
0.611133,1.239251,0
0.040081,-0.110951,0
0.492432,2.496332,0
2.745906,0.919323,0
1.417459,0.722636,0
1.274673,1.517532,0
3.006069,2.365071,0
0.932025,1.375702,0
0.010732,-1.165942,0
-0.002408,2.557701,0
0.791408,0.500351,0
1.112349,0.376973,0
1.941501,1.183491,0
1.020064,0.653655,0
0.542555,2.032583,0
0.704341,1.461972,0
0.987586,-0.885982,0
2.186213,0.081848,0
0.967730,1.731552,0
0.239377,1.808532,0
0.978840,2.248462,0
-1.602054,3.272498,0
0.409717,0.680247,0
1.898520,-0.524985,0
0.395573,0.245838,0
0.533042,1.121963,0
0.603698,1.779273,0
2.507346,1.973954,0
2.246141,0.883588,0
1.629035,-0.283760,0
1.272171,1.123494,0
0.897266,0.464610,0
1.616792,0.968829,0
-2.220907,0.989362,0
1.151487,2.052223,0
-0.578480,0.880827,0
1.580530,1.079496,0
0.427008,2.342813,0
-0.573110,1.049468,0
0.819452,1.794445,0
-0.108356,1.776867,0
0.797320,0.183668,0
-0.587411,0.255359,0
1.526553,0.615500,0
0.269884,0.859945,0
0.598936,-0.376356,0
-0.302794,0.507770,0
-0.118857,1.846069,0
2.759115,1.427602,0
1.163592,2.558620,0
1.066620,-0.748710,0
1.789978,2.574734,0
1.019504,-0.538661,0
1.161770,0.643308,0
1.054961,0.555722,0
1.567864,1.949358,0
4.041863,1.309012,0
0.470095,1.862929,0
1.399719,1.657810,0
-0.903862,2.234451,0
2.032557,2.883485,0
1.077610,1.268158,0
1.971949,0.166590,0
-0.065127,1.896878,0
2.174837,-0.354355,0
1.101774,0.136987,0
1.224732,1.358909,0
0.510247,0.415540,0
1.070065,0.418424,0
0.885342,1.160799,0
1.546593,1.546401,0
-1.244355,2.022752,0
-0.402606,1.439251,0
0.502515,-1.963957,0
1.568067,1.303576,0
1.433990,0.305082,0
2.181565,1.178597,0
-0.002443,0.174953,0
1.092835,-1.396163,0
1.339802,0.314791,0
0.775066,1.935812,0
0.898950,-0.128555,0
0.617230,2.494443,0
1.201806,-0.617063,0
1.665573,0.851324,0
0.325297,1.301571,0
1.543348,0.213918,0
1.289239,0.878858,0
2.457820,-0.168046,0
1.139697,1.416368,0
1.983168,-0.775668,0
2.087296,3.340486,0
0.704210,0.033673,0
0.576741,0.986040,0
1.587575,2.880919,0
1.987432,1.371108,0
1.992851,1.026640,0
-0.638638,1.183626,0
1.713216,0.401177,0
0.767951,0.545726,0
0.698824,1.843545,0
1.191180,2.592959,0
0.811886,1.157385,0
0.683166,2.422179,0
2.481158,0.928185,0
0.115416,1.128518,0
1.364824,-0.802229,0
-1.107127,-0.193369,0
0.390662,2.527930,0
0.544937,-0.384786,0
0.312726,0.940252,0
-0.657678,1.377719,0
2.146001,0.700267,0
5.486766,1.604332,0
-1.129529,1.120883,0
1.177826,0.542880,0
1.593800,2.372109,0
0.062679,0.220479,0
2.108573,0.085566,0
1.041724,0.592324,0
1.228020,1.164383,0
3.454740,-0.497757,0
-1.053364,0.473114,0
2.446255,1.963658,0
0.688822,1.116276,0
0.055548,-0.741847,0
0.250945,1.414832,0
-0.956336,0.391298,0
0.001455,2.539789,0
0.382368,1.500401,0
2.714271,0.939973,0
2.525863,0.503606,0
1.054052,3.172383,0
2.196424,0.600476,0
1.042042,4.070674,0
0.192769,1.978753,0
0.644033,0.812001,0
2.000310,0.021755,0
-0.207983,-1.672801,0
1.352033,0.814370,0
1.255696,1.840610,0
1.203879,0.055816,0
-0.161902,0.781670,0
3.652308,1.212429,0
-0.228917,1.260816,0
2.064857,0.604760,0
-0.010874,1.790705,0
0.885406,2.369872,0
1.737297,2.267557,0
2.631873,1.444219,0
-1.406258,1.078590,0
1.171022,1.041347,0
1.643416,0.621178,0
1.104319,1.517842,0
1.235685,-0.475693,0
1.255914,1.987334,0
0.501816,0.290352,0
0.173928,1.326850,0
1.704569,0.781284,0
-0.640075,1.918056,0
2.642481,0.309323,0
1.157079,1.550970,0
0.857242,-1.213836,0
-0.235245,0.204139,0
1.738922,1.391480,0
1.033993,0.032323,0
1.396049,-0.506337,0
-0.814424,0.219790,0
0.877329,1.930239,0
-0.137209,1.454645,0
2.771085,3.523821,0
1.418806,-0.489329,0
-0.012897,-0.806121,0
0.402567,-0.055466,0
0.759037,1.008906,0
1.531896,0.753819,0
0.964916,-0.168777,0
-0.403576,0.800706,0
2.740650,0.892490,0
1.824447,1.200272,0
3.049798,2.053413,0
-0.060404,-0.022949,0
3.636962,1.676980,0
0.780457,1.431751,0
2.340866,-0.143301,0
-0.221294,-0.046452,0
1.922079,-0.111222,0
1.387831,1.521539,0
0.486167,1.285686,0
2.787523,1.463917,0
0.115644,2.893631,0
2.939011,0.767128,0
0.516144,1.068343,0
0.982826,0.521681,0
-0.825233,0.599247,0
0.219633,-0.152341,0
0.548569,0.588734,0
1.795596,1.420660,0
1.389117,0.385259,0
1.731335,-0.940415,0
0.839151,0.706907,0
2.235408,1.387130,0
2.442470,2.222581,0
-0.602264,1.895070,0
0.765506,0.762794,0
0.445007,1.296172,0
0.209352,-0.357038,0
-1.433093,1.286166,0
1.733929,1.802460,0
0.783074,-0.323903,0
1.235370,1.849546,0
1.472395,-0.120410,0
0.877450,-1.890740,1
-1.534615,0.360050,1
-1.856340,0.257192,1
-1.757105,-2.194701,1
-0.590157,-1.904808,1
-2.630225,0.366162,1
0.154522,-2.822482,1
1.229796,-1.211677,1
-3.695966,-2.226645,1
-0.140440,-1.349175,1
-2.196093,-2.714747,1
-0.658308,-0.269588,1
-1.154633,-0.960359,1
-0.303450,-1.127821,1
-0.127906,-1.927829,1
-1.140844,-1.386110,1
-0.118914,-0.339973,1
-0.554036,-2.624454,1
-0.986129,-2.058797,1
-0.653494,-1.306816,1
0.494505,-0.165756,1
-1.096159,-1.084680,1
-1.256093,-0.603181,1
-2.177219,-0.828671,1
0.001258,-2.645198,1
-0.533792,-0.679724,1
1.327201,0.640805,1
0.555772,-0.870063,1
-2.210156,-1.036962,1
-1.338998,-0.441881,1
-0.770351,-1.184616,1
-2.213762,-0.110496,1
-1.410220,0.650084,1
-1.016145,-0.840681,1
-2.621426,0.354682,1
-1.875434,-1.094594,1
-1.671134,-0.406717,1
-0.523983,1.870551,1
0.729768,-2.336525,1
-1.353697,0.624723,1
-2.182571,-2.041670,1
-1.826237,-1.035030,1
-0.708671,-0.591621,1
-1.125550,0.900911,1
-0.223252,-0.289700,1
-0.853257,-0.092304,1
-1.598511,-1.611483,1
-2.301040,-1.076252,1
-1.335195,-0.800837,1
-0.434750,-1.132923,1
-0.338920,-1.146295,1
-2.357295,-0.054418,1
-0.688393,-1.487304,1
-2.324892,-1.742180,1
-1.429322,-1.539393,1
-0.949533,-1.665956,1
-0.696012,-0.038122,1
-0.890540,-0.535483,1
-0.946894,-3.394282,1
-0.637487,-1.339242,1
-2.264086,-1.207334,1
-1.620131,-2.602845,1
-0.375991,1.294533,1
-0.968599,0.260509,1
-2.248794,-1.336615,1
0.116392,-2.224825,1
-1.503809,-2.307514,1
0.667809,-2.352029,1
-1.528423,-0.265152,1
-0.686392,-0.610593,1
-0.563293,-0.729071,1
-0.888133,-0.283494,1
-2.320491,-1.744231,1
-1.520054,-0.429522,1
-2.163903,-0.555677,1
1.090598,0.593554,1
-1.489880,-1.189564,1
-0.137866,0.269559,1
-1.313704,-1.994999,1
-1.020331,0.660039,1
-0.191915,-0.130159,1
0.642745,-1.007066,1
-1.586026,-1.730922,1
-0.676154,-0.369771,1
-3.827154,-0.250032,1
-2.985306,-0.923239,1
-0.448806,-1.184928,1
-1.115307,-0.714049,1
0.441051,-0.227098,1
-0.100641,-1.161313,1
-0.815074,-1.398449,1
-0.669435,-1.463988,1
0.611060,-1.105951,1
-0.784531,-0.498374,1
-2.038313,-2.136817,1
-0.392241,-2.448972,1
-2.170756,-1.670116,1
0.882890,-1.826632,1
-2.992088,0.130694,1
-1.524930,-0.878808,1
-1.525916,-1.510882,1
-2.263709,-2.487159,1
0.991692,-1.764893,1
-2.080522,1.390438,1
-1.627076,-0.584471,1
-2.117049,-1.577403,1
-0.727090,-2.041650,1
-0.903495,-0.934029,1
-1.025836,-0.864040,1
-0.898432,-1.613815,1
-2.205977,-2.802575,1
-0.564163,-2.756823,1
-1.009290,-0.919971,1
-0.961248,-0.731197,1
1.271759,-2.527520,1
1.800672,0.793042,1
-2.388142,-2.800112,1
-1.169964,0.246319,1
-1.563396,-0.470850,1
-0.040874,-1.694671,1
-2.364955,-1.378524,1
-3.491671,-0.874356,1
-0.115589,-1.047990,1
-0.942215,-2.218466,1
-1.811948,-1.535096,1
0.620494,0.243054,1
-0.384968,-1.521542,1
-0.394925,-1.144240,1
-0.208137,-0.899046,1
-1.691120,-2.622533,1
-0.181639,-2.030163,1
-2.363052,-0.841324,1
1.051243,-1.860003,1
-0.068029,0.512571,1
-2.493158,0.512479,1
0.443567,-3.148400,1
-0.568201,-1.173561,1
-1.924759,-1.127904,1
-1.639345,-1.114467,1
0.120379,-2.012030,1
-1.403914,-0.185204,1
-0.739897,-1.735325,1
-0.550310,-1.379566,1
-0.763807,0.743495,1
0.590341,-1.203789,1
0.771848,-2.233148,1
0.371311,-1.785886,1
-1.371941,-0.745130,1
-1.235882,-2.368839,1
-1.388602,-2.261195,1
-1.251897,-1.399661,1
-1.580791,-2.599919,1
-1.593878,0.272309,1
0.205253,-0.758051,1
-1.854665,0.037293,1
-2.674940,-0.831349,1
0.694626,0.593924,1
-0.723667,-1.359281,1
-0.405710,-0.905530,1
-1.727901,-0.419366,1
-1.730711,-3.433568,1
-1.950183,-0.730551,1
0.495186,0.874012,1
-0.334431,-2.748189,1
-0.936757,-0.127597,1
-2.437050,-1.471761,1
-0.123993,-0.861533,1
0.229176,0.038818,1
-1.314211,0.051736,1
-1.001647,-1.923682,1
-0.496709,-1.030985,1
-1.939971,0.903078,1
-2.896098,-0.915839,1
0.080485,0.134701,1
-0.926983,-1.174972,1
-0.250137,-0.232275,1
-0.081531,-0.225113,1
1.027540,-2.207351,1
-1.432127,-1.163047,1
-0.114310,-1.969792,1
0.363779,-1.640801,1
-0.487279,-1.007303,1
-1.311985,-1.788779,1
-1.825903,-0.714153,1
-1.537465,-1.177994,1
-2.217219,-1.993729,1
-0.722549,0.720463,1
-0.426265,-2.028029,1
-0.600958,-0.793067,1
-1.759021,1.191935,1
-2.868335,0.717596,1
-2.393690,-0.677747,1
0.004776,-1.079262,1
-1.898239,0.044231,1
-1.003274,-2.854488,1
-1.718069,-2.890782,1
0.488741,-3.549726,1
-0.700122,-2.614345,1
-0.422412,-2.146097,1
-0.440967,-0.514692,1
-0.107387,0.755407,1
-2.402373,-2.597024,1
-2.594191,1.017705,1
-1.610654,-0.619805,1
-1.082382,-0.122370,1
-0.938296,-1.018608,1
-0.154722,-0.755643,1
-0.589938,-3.422861,1
0.128147,-2.222247,1
-1.188320,-1.570007,1
-0.377309,1.825643,1
2.766243,-1.874977,1
-1.131174,-2.805274,1
-0.949804,-0.055358,1
-1.035575,-1.191261,1
-0.657006,-1.183171,1
-0.952139,-1.442050,1
-0.514271,-1.362408,1
0.750691,-0.507458,1
0.448510,-2.398719,1
-0.121073,-0.715856,1
-0.042918,0.096374,1
-2.907112,0.358443,1
-0.149529,-2.421449,1
-0.065456,-1.603698,1
1.032631,-2.783471,1
-2.040366,-2.245184,1
-0.342769,0.474987,1
-1.802041,-1.367667,1
0.456417,-0.940259,1
-1.003213,0.890382,1
-1.110324,0.642012,1
-0.536725,-0.999817,1
-1.978236,-0.015119,1
-0.242704,-0.257718,1
-1.275435,-1.100604,1
-0.779059,-0.392526,1
-0.329597,-1.690619,1
-1.447674,-0.789519,1
-2.300436,-0.934749,1
-2.808369,0.952477,1
0.513606,-1.639888,1
-2.193244,-1.047151,1
0.689188,-1.180676,1
-2.260048,-2.133659,1
-2.349715,-0.539573,1
-2.516639,-1.997774,1
-0.443976,1.757366,1
-1.893372,-3.264054,1
-0.075913,-2.582492,1
-2.325770,-0.184504,1
-0.187060,1.071121,1
0.014247,-1.573249,1
-1.374587,-0.514433,1
-1.134492,-0.100624,1
-0.285692,-0.354287,1
-1.600491,-2.286958,1
-1.524773,-0.406282,1
-0.196167,-0.160819,1
-2.667023,-0.201455,1
-0.943627,-1.326482,1
-0.478096,-1.051079,1
0.278561,-2.713932,1
-0.268203,-1.765687,1
-0.797116,-1.311942,1
-1.226774,-0.545130,1
-0.250273,0.141596,1
-1.628115,0.748694,1
-2.270339,-2.281784,1
-2.031495,-1.387332,1
-0.222279,-1.618234,1
-1.621213,-3.194932,1
-2.324592,-1.933583,1
-1.644323,-1.293002,1
-0.689682,-2.323364,1
-0.921091,-2.669615,1
-1.452183,-0.254607,1
0.462729,0.208244,1
-1.338826,-1.225497,1
-3.570055,-1.978554,1
0.265431,-0.336651,1
-0.869550,-0.834677,1
-0.816360,-0.681717,1
-1.672048,-1.188402,1
-1.832439,0.063869,1
-1.984222,-1.580283,1
-1.350589,-0.476397,1
0.175978,-1.098107,1
0.155856,-0.045266,1
-1.893409,-0.426029,1
-2.637558,-0.820835,1
-1.611587,-2.866744,1
-1.819304,-0.186348,1
-0.252449,-1.997693,1
-1.582080,-1.765273,1
0.354681,-1.280607,1
0.985220,-0.420377,1
0.714634,-1.371580,1
-0.720682,-0.513423,1
0.472283,0.441090,1
-2.051766,-1.491767,1
0.225873,-1.110886,1
-0.532916,-1.934570,1
0.016334,-0.126879,1
-2.841872,-0.680836,1
-1.967556,-1.294573,1
-1.051902,-0.548786,1
-1.186963,-1.999083,1
0.037511,-0.497288,1
0.395431,-0.877105,1
-0.921228,-0.414964,1
-1.579781,-1.688171,1
-1.827056,-0.815579,1
-0.499486,-1.555681,1
-0.635988,-0.035349,1
-0.573143,-0.160113,1
-1.044925,-0.844735,1
-2.359305,-1.652701,1
-0.283265,-0.726503,1
-2.088039,-2.217721,1
-0.302743,-0.862395,1
-0.948312,-1.929698,1
-1.391349,0.642178,1
-1.633847,-2.140299,1
-1.418832,-0.787058,1
-1.813982,-0.216053,1
-2.552963,-0.463988,1
-1.884591,-1.717850,1
-2.523103,-1.376299,1
-0.833127,-2.493283,1
-0.710846,-1.758976,1
-1.174695,-1.069948,1
-0.165991,-2.358333,1
0.371928,-0.231323,1
0.300997,-1.803008,1
-2.248854,-1.375492,1
-0.116885,0.875205,1
-1.160889,-0.654130,1
-0.992174,-1.445755,1
-2.113431,-0.800103,1
-2.724687,-1.671955,1
-1.129715,-0.136023,1
-1.630895,-0.881649,1
-0.235274,-1.570817,1
-2.705009,-0.781550,1
-2.714605,0.820940,1
-0.759682,-1.553344,1
-1.710814,-1.396317,1
-0.983313,-0.954465,1
-0.817709,-1.178937,1
-1.093437,-1.164789,1
-0.440884,-2.740718,1
-0.006241,0.324244,1
-1.302162,0.157229,1
-1.539791,-2.466321,1
-0.695030,-0.265029,1
-0.090112,-1.560400,1
-1.374168,-1.429430,1
-2.598286,0.621989,1
-2.292902,0.146461,1
-1.313166,-3.171928,1
-0.260454,2.146543,1
-2.157181,-2.323920,1
2.007329,-1.754342,1
-1.113607,0.216200,1
-1.019261,-1.522160,1
1.371049,-0.557168,1
-1.374202,-2.580262,1
-0.012698,-0.637532,1
0.143365,1.414160,1
0.495601,1.179155,1
-1.056544,-0.961117,1
-1.117153,-0.838396,1
-0.105129,-1.302193,1
-0.049472,0.003845,1
-0.804625,0.169249,1
-2.321657,-0.044888,1
-1.493878,-2.112133,1
-2.074627,-1.686560,1
-1.716824,-1.961241,1
-1.365787,-0.439589,1
-1.738831,-2.357143,1
-0.669066,-1.217485,1
-1.303880,0.405056,1
-1.842136,0.250241,1
-0.106227,-0.499913,1
0.539186,-0.939073,1
1.763303,-1.237677,1
-1.776403,0.396651,1
-0.275787,-0.789337,1
-1.136373,-0.711986,1
-1.735687,-1.279840,1
-0.287498,-1.138524,1
-1.369533,-2.453601,1
-1.546794,-0.657941,1
-1.786416,0.571642,1
-0.652848,-0.940562,1
-1.249296,-0.864381,1
-1.270041,-0.512343,1
-1.942375,-0.602489,1
-0.478556,-1.210445,1
-2.063226,1.163465,1
-2.210608,-1.685696,1
-0.271276,2.466875,1
-0.109826,-3.011460,1
-2.497835,-1.489955,1
-0.597376,-1.504950,1
-1.357177,-0.942130,1
-1.124751,-2.256807,1
-0.492508,-0.628894,1
0.118426,0.030624,1
-0.840635,-0.945032,1
-0.135176,-0.218174,1
-0.709742,-2.575802,1
-2.209783,-1.166774,1
-0.769875,-2.249197,1
-2.221683,0.187484,1
-0.890978,-0.249793,1
0.146167,-1.927233,1
-1.397763,-2.982365,1
-3.052629,-0.475752,1
-1.817085,-1.012467,1
-1.597201,-1.274008,1
-0.129313,-0.885684,1
-0.543301,0.174391,1
-1.393810,-0.904347,1
-1.716866,-0.280581,1
-0.715240,-0.509548,1
1.030488,-0.784132,1
-1.786651,-1.258448,1
-1.750264,-1.527586,1
0.049828,-2.153687,1
-1.960660,-0.152929,1
0.653224,-1.102031,1
-1.016939,-0.701098,1
-2.032974,-2.146842,1
-1.707359,-0.022081,1
-1.701186,1.521214,1
-1.876376,-1.754247,1
-1.917719,-0.181053,1
-2.051381,-2.796291,1
-2.186460,-1.310499,1
0.301415,-2.421368,1
-0.229257,-0.622631,1
-0.273058,-0.629653,1
-1.431634,-0.560507,1
-0.472741,-0.868227,1
-0.742810,-0.468381,1
-0.685471,0.548993,1
-1.639631,0.207069,1
-1.637180,-1.759676,1
-1.294557,-1.772420,1
0.722044,-1.032864,1
-0.875992,0.136616,1
-1.468577,-0.733327,1
-2.570765,-2.741051,1
-0.856388,-1.607688,1
0.033601,-1.167509,1
-1.284229,-0.405548,1
0.028735,-2.656597,1
-1.193390,0.708229,1
-1.422831,-0.036866,1
-1.836427,-0.744964,1
0.086428,0.811988,1
0.989030,-2.061765,1
-2.090899,-0.808217,1
-0.741484,-0.612520,1
-1.361195,-1.920938,1
-1.046093,-0.076356,1
-0.983822,-1.131596,1
1.110954,-1.622122,1
-0.333609,0.315890,1
-1.061057,-2.087077,1
-2.388360,0.442227,1
-1.882113,-1.726607,1
0.014913,-1.281876,1
-0.705579,-1.924009,1
0.426641,-1.478100,1
-0.958567,-0.093143,1
0.017204,-0.358736,1
-1.206083,-1.631041,1
1.414747,-1.415917,1
-1.344138,-2.025024,1
-0.838496,-2.101513,1
0.974381,-0.465657,1
-0.506381,-1.712422,1
-1.484438,-0.808669,1
-0.620193,0.211506,1
-0.646783,0.660002,1
-1.791623,-1.490515,1
-1.143675,-1.859222,1
-1.042155,-0.556064,1
-1.424948,-1.220615,1
-0.876974,-3.122307,1
-1.725741,-3.071550,1
-1.513438,-0.356983,1
-1.085940,-1.455975,1
-2.130734,-0.902444,1
1.771127,-0.769072,1
0.412759,-0.076854,1
-1.252306,-0.469613,1
-0.852407,0.288100,1
-0.671544,-0.918777,1
-1.617946,-1.139877,1
0.025616,-0.995582,1
0.867324,-1.156518,1
-1.078148,-0.720427,1
-0.502598,0.139117,1
-0.136276,-1.786856,1
-1.992530,-2.263824,1
-3.655736,-0.700765,1
-1.497704,-1.178838,1
-0.775117,0.803137,1
-1.872221,-1.286578,1
-2.035788,0.083807,1
-1.965443,-2.784684,1
-0.154924,-1.106635,1
-2.050158,-1.411871,1
0.064336,-1.328281,1
-1.519637,-0.659428,1
-2.543788,0.746706,1
-1.004705,-0.640644,1
0.080907,-0.981835,1
-1.343041,-1.172868,1
-1.230176,0.225462,1
0.017673,-0.235549,1
-0.280999,-0.606245,1
-1.476861,-1.839729,1
0.722732,-1.536277,1
-2.257323,-0.628284,1
-0.388851,-2.073052,1
0.518199,-0.523284,1
3.036742,-0.294991,1
-1.130600,-2.644139,1
0.410951,-1.862574,1
-2.790615,-1.666654,1
0.186127,-0.795575,1
0.248802,-0.769549,1
0.713660,-1.513228,1
-0.104354,-0.960919,1
0.275698,-2.090994,1
-0.495259,-2.231152,1
-2.885580,-0.551845,1
1.839798,0.317584,1
0.140700,-1.110210,1
-1.066095,-1.241930,1
-2.484357,-0.670179,1
-1.474587,-1.129542,1
-0.925786,-3.640533,1
-1.680087,-1.336365,1
0.845551,-0.374474,1
0.260194,-0.712448,1
1.515445,0.455409,1
-1.305918,-1.875445,1
-1.108985,-1.885869,1
-2.287455,0.012117,1
-0.336084,-0.460749,1
0.918478,-0.696424,1
-0.473984,0.045569,1
-0.829469,-2.794357,1
-0.775485,-1.355470,1
-3.282888,0.740277,1
-2.095903,-0.795133,1
0.301867,-0.522544,1
-1.552008,0.211710,1
-0.254172,-0.659392,1
-2.670788,0.426070,1
-0.481315,-1.145141,1
0.098903,0.702185,1
-0.020051,-0.061492,1
-0.941268,-0.652821,1
0.868875,-1.057468,1
-2.440244,-0.500299,1
-1.645615,-2.723571,1
-1.062637,-1.703271,1
-1.261551,-1.442755,1
-1.506555,-1.658697,1
-1.104587,-1.308865,1
-2.564310,-3.208732,1
-2.369826,-1.403914,1
-1.345998,1.292789,1
-1.609956,-0.924571,1
-3.060471,-1.165506,1
-0.266408,-1.163407,1
1.850460,-0.033162,1
0.256174,-1.515068,1
-1.487315,-1.625034,1
-1.940440,-1.298530,1
0.398408,-2.002769,1
-0.970969,-2.458483,1
-1.486461,-2.209921,1
-1.372372,1.448380,1
0.530617,-1.316101,1
-1.383955,-1.747453,1
-1.275154,0.018436,1
-0.041910,-1.019557,1
-0.913746,-0.922678,1
1.035540,-0.503973,1
-1.793841,-1.271169,1
-2.246533,-1.268552,1
-1.717368,-1.869010,1
0.223471,-2.579794,1
-2.159330,-1.194967,1
-1.233341,-1.187589,1
-1.461407,-1.922138,1
-1.926352,-1.375765,1
-0.687192,-0.815815,1
-2.923758,-0.509843,1
-0.287549,-2.424617,1
-1.929461,-2.972569,1
-2.326485,-1.920903,1
-0.405837,-1.668697,1
-0.804209,-0.396280,1
-2.054860,-1.834524,1
-1.274376,-0.104413,1
-1.405886,-0.998807,1
-1.453574,-1.980020,1
-0.732879,-0.901410,1
-0.713003,-1.393196,1
-1.692927,-1.049773,1
0.219071,-0.357765,1
-3.206430,-1.471784,1
-1.259958,0.281600,1
-2.250443,-3.580457,1
-0.078665,-1.018065,1
-2.036435,-0.177540,1
-2.985181,-1.298493,1
-1.510023,-2.237047,1
-0.836481,-0.666739,1
-0.896380,-1.396512,1
-1.377080,-1.874767,1
0.988525,-1.497752,1
-1.199780,-1.052070,1
-0.851177,-1.055606,1
0.186380,-2.953766,1
-1.236097,-2.408886,1
0.010836,0.429721,1
-1.616437,-1.657332,1
-1.165222,-0.573944,1
-1.451887,-1.580894,1
-2.852365,-2.175013,1
-0.440298,-0.863217,1
-2.909721,-0.000883,1
-0.936740,0.332209,1
-3.593005,-2.951931,1
-1.747228,-2.977528,1
-1.351367,1.248697,1
-2.291048,-0.841184,1
0.045324,-1.628917,1
-1.869374,-2.229443,1
-1.595738,-2.772346,1
0.993184,-0.230704,1
0.578975,-1.503983,1
0.021108,-1.099749,1
0.265368,-0.960008,1
-0.216550,-2.258279,1
-2.687451,-0.523095,1
-1.016389,-0.689726,1
-0.159432,0.823451,1
-0.716945,-1.041440,1
-0.650750,-0.725907,1
-2.006455,-0.552475,1
-0.832161,0.513710,1
-1.117506,-3.372155,1
-2.009485,-2.510338,1
-0.566434,-3.169842,1
-2.298308,-0.578438,1
-2.140525,-1.370175,1
-0.697694,-2.418733,1
-1.432404,-1.180952,1
-1.735628,-0.462222,1
-1.902940,-0.493071,1
-2.810238,-0.951683,1
-1.769706,-1.482894,1
0.058674,-2.142272,1
-1.591424,-0.021798,1
-1.570422,-1.109485,1
-0.468591,-0.685309,1
-0.514436,-2.203302,1
-0.117068,1.347262,1
-1.356578,-0.477597,1
-0.815991,-2.308244,1
-1.177708,-2.198725,1
-0.056750,-3.183792,1
-1.070914,-2.041622,1
-2.278664,-0.741089,1
0.576579,-1.019586,1
-0.599212,-0.514215,1
-2.605875,-1.770913,1
0.502717,-0.585474,1
-2.052007,-0.682818,1
-1.113270,-0.453453,1
-3.258883,0.752258,1
-1.986900,-2.775297,1
-0.320641,-1.728585,1
-2.208354,-2.230314,1
-0.907772,0.786093,1
-0.422499,-0.586714,1
0.395047,-0.189951,1
-0.661686,-1.494726,1
-0.638169,-1.588039,1
-0.370538,1.006306,1
0.814976,0.513798,1
-1.771605,0.269629,1
-3.158660,-2.485910,1
-3.416009,-2.058008,1
-0.887183,-2.055555,1
0.308221,-1.983751,1
-2.229825,-1.375691,1
-2.528695,0.217956,1
-1.236526,-1.806552,1
0.043733,-1.706475,1
-0.795663,-2.391179,1
-1.982759,-2.809660,1
-1.509303,-1.362194,1
2.544365,-0.850278,1
-2.037112,-3.098883,1
1.022377,-2.037676,1
0.519824,-0.676336,1
-2.433385,-0.819724,1
-1.325346,-2.024564,1
-0.566118,-0.995272,1
-0.699117,-0.751800,1
-0.780562,-0.126047,1
0.120292,-0.361969,1
-2.295048,-2.689488,1
0.164764,0.027983,1
-2.210531,-2.667707,1
-0.915587,-1.276045,1
-1.281582,-0.498867,1
-1.825294,-2.464641,1
-2.768818,0.376451,1
-1.966402,-1.953549,1
-0.934621,-1.772980,1
-1.402965,-1.625269,1
-0.758934,-0.201986,1
-0.690850,-0.461456,1
-2.231697,-1.042866,1
-0.557608,-0.510343,1
-2.927642,-0.960555,1
-2.085311,0.295393,1
-2.233644,0.331089,1
-1.833815,-3.661176,1
-1.115681,-1.182652,1
0.559050,0.553147,1
-2.172090,-0.572557,1
-2.783132,-0.475693,1
0.863163,-1.310609,1
-0.009985,-1.715063,1
-1.997036,-2.512170,1
-2.064207,-1.570986,1
0.073804,-1.324908,1
-0.280169,0.678074,1
-2.795855,-0.963384,1
-2.376476,-0.044492,1
-0.866955,-2.117698,1
-0.997684,-1.450092,1
-0.965795,-0.809234,1
-0.818278,-1.530893,1
0.206036,1.171946,1
-2.646878,0.598867,1
-0.054103,-0.361398,1
0.190376,0.731809,1
-1.287647,-0.776264,1
-0.002915,-1.404288,1
-0.710939,-0.634301,1
-1.598516,-0.972350,1
-2.040734,-0.635982,1
-1.673841,-1.940429,1
0.162687,-0.741494,1
-0.936594,1.463752,1
-1.691664,-2.304911,1
-1.296832,-1.894622,1
-0.041631,-2.688663,1
-0.686175,-2.154038,1
-0.230992,-1.943676,1
-0.659161,-1.398619,1
0.893913,-1.885369,1
-1.204480,-1.055754,1
-1.026624,-2.799218,1
0.497512,-1.623106,1
0.002346,0.987669,1
1.137198,-1.446035,1
-1.333071,-1.629048,1
0.693361,-3.002375,1
-3.096315,0.056909,1
-0.419512,-2.831416,1
-0.942052,-0.632895,1
-2.160305,-1.400581,1
-0.249118,-2.819550,1
-1.511102,-3.857101,1
-2.977978,-0.763100,1
-1.325256,0.385881,1
0.354052,-0.665192,1
-2.975758,-1.330220,1
-0.166974,0.003021,1
1.396721,-1.250624,1
-0.436910,0.053615,1
0.748454,1.219933,1
-0.621156,-0.671398,1
-1.570497,1.390435,1
-1.962678,-0.739208,1
-1.541077,-0.973739,1
0.211254,-0.455884,1
0.253164,-1.917500,1
-0.198982,0.791843,1
-1.896616,-1.154809,1
-1.730443,-4.296465,1
-0.943399,-1.696474,1
0.787623,-1.276097,1
-1.039634,-2.194931,1
-3.507121,-0.852111,1
-1.309176,-1.610564,1
0.825793,-2.710094,1
-0.171108,-1.084233,1
-0.076310,-0.448226,1
-1.055048,-0.145147,1
-0.843236,-0.335537,1
-1.546069,-1.725054,1
0.006109,-0.050553,1
-0.620062,-2.603448,1
-0.676201,-0.924724,1
-1.153856,-1.639084,1
-0.954293,-0.033458,1
-0.530887,-1.195799,1
-2.043393,1.588190,1
-1.645534,-1.920246,1
-0.271843,0.678294,1
-1.059843,0.089153,1
-0.558325,-1.391304,1
-0.253928,0.335092,1
0.438940,-0.620077,1
-1.602611,-2.130169,1
-0.756443,-0.628603,1
-1.222075,-0.650947,1
-0.684204,-0.023905,1
-1.897680,-2.947943,1
-2.422059,-2.745270,1
-1.936920,-2.657296,1
0.034446,-0.862344,1
0.176780,-2.236399,1
-0.929801,0.809931,1
-0.080202,-1.272662,1
-0.451436,-1.653157,1
0.026835,0.649043,1
-0.837756,-0.309963,1
-0.780002,-1.242193,1
-0.583398,-2.727169,1
-0.073305,-1.401122,1
-0.267635,-2.223293,1
-0.884052,-0.944685,1
0.358135,-0.349972,1
-1.311195,-1.813651,1
-1.165085,-0.440428,1
-0.727392,-0.699199,1
-3.039363,0.086775,1
-0.460841,-4.298041,1
0.465923,-0.963326,1
-2.311123,-0.601578,1
-2.322608,-1.375083,1
-0.356773,-1.802997,1
-0.525428,-1.817730,1
0.123809,-2.447713,1
-2.831878,-1.259754,1
-1.365303,-2.259348,1
-1.384797,1.289928,1
-1.585338,-0.332810,1
-2.120561,-0.549604,1
-1.238551,0.542451,1
-0.450476,-0.968362,1
0.167894,-1.789615,1
-0.166534,-3.295735,1
-2.887627,-0.754952,1
-0.823609,-0.500518,1
-2.641386,0.844251,1
-0.304399,-2.459693,1
-1.491878,-0.092872,1
-1.736502,-2.702105,1
-0.556385,-1.297171,1
-1.725507,-0.947845,1
-1.337597,-0.337748,1
-1.123523,2.147253,1
-1.121262,-1.673777,1
0.026889,0.258142,1
-0.575032,0.208366,1
0.251856,0.728820,1
-2.681910,-2.355674,1
-0.898408,-2.250501,1
-2.493547,-1.025842,1
-0.155754,-0.857626,1
-0.817002,-1.818422,1
-0.102742,2.193078,1
-1.636915,-0.102950,1
-0.241565,-2.610634,1
1.352694,-1.507611,1
-1.498746,-0.440048,1
-1.183674,-0.092358,1
-0.288074,-2.040392,1
-1.605324,-1.025417,1
-0.567679,0.079638,1
-0.695159,-2.761503,1
0.593273,-2.025474,1
-0.728098,0.045174,1
-0.245074,-0.249063,1
-2.487602,0.067537,1
0.049726,-2.789142,1
-2.134249,-2.064274,1
0.776831,1.677713,1
-2.789085,-2.479391,1
-0.456112,-1.978759,1
-2.056904,-1.466434,1
-1.483609,-1.605505,1
-2.158251,-0.341609,1
-3.240147,-0.586610,1
-2.180407,-2.999423,1
-0.757546,-1.404605,1
-3.117827,-2.372397,1
-0.536207,-0.600884,1
-1.666769,-1.282940,1
-1.188641,-1.060530,1
-0.727952,-1.954793,1
-1.703582,-1.054760,1
-0.126644,-0.101611,1
0.528407,-1.856783,1
-1.138756,-1.651997,1
-1.869529,1.088720,1
0.992757,-0.419024,1
-0.587369,-0.717432,1
-0.930625,-1.356484,1
0.276758,-1.012505,1
-2.431810,-0.679023,1
-1.445920,-0.758873,1
-0.995338,-1.034146,1
-2.726846,-2.196332,1
-2.263896,-0.912101,1
-1.040083,-0.090159,1
1.167994,-1.348851,1
0.487660,-1.977184,1
-1.388515,-2.700912,1
0.719469,-0.833368,1
-0.481861,-0.504676,1
-2.259025,-0.226901,1
-2.072827,0.243414,1
-1.553573,-1.458259,1
0.973310,-1.550310,1
-2.857384,-1.651897,1
-2.108006,-1.294457,1
-2.858725,-0.516627,1
0.086348,-0.435214,1
-0.345688,-1.256499,1
-1.881687,-1.746545,1
-0.919719,-1.566420,1
-0.909606,0.370036,1
-1.930360,-0.642910,1
-0.138166,1.059196,1
-0.049973,-2.330799,1
-0.679165,-1.018946,1
-0.839285,-1.674739,1
-2.467862,-2.433800,1
-0.259479,-2.547036,1
-0.042327,-1.139825,1
-2.020799,1.064805,1
-2.126159,-0.832350,1
-1.851495,-0.818399,1
-1.768260,-1.783270,1
-0.485518,0.402100,1
-2.836723,-0.955026,1
-4.340741,-1.549157,1
0.649118,-1.883369,1
-0.623534,-0.528163,1
1.349194,-1.555174,1
-0.048082,-0.129254,1
-1.193778,-1.464490,1
-1.960655,-2.022468,1
0.659014,-1.196321,1
-0.793552,-0.027597,1
0.146091,-1.945788,1
-0.956206,0.573805,1
-3.373879,-3.159002,1
-1.747236,-0.723718,1
0.234281,0.696712,1
-1.454492,-0.615919,1
0.683136,-2.837897,1
-1.544582,-2.202034,1
-0.974875,-0.496574,1
-1.899964,-0.416693,1
-1.343454,-1.036542,1
-0.698726,-2.684234,1
-0.821830,0.117223,1
-1.313504,-0.409554,1
-1.714070,-0.975009,1
-0.219409,-0.366592,1
-1.528653,-3.686167,1
-0.613594,-0.983594,1
-2.005622,-0.142010,1
-2.337214,-1.207629,1
-0.143997,-0.981913,1
-0.306195,-0.415882,1
1.286829,-2.449363,1
-0.014995,-0.703667,1
0.611353,-0.802813,1
-0.508436,0.120049,1
-0.462644,-0.923670,1
-0.439436,-1.159827,1
0.045562,-1.232877,1
-2.341403,-1.352853,1
-1.487823,-2.143755,1
-1.048623,-0.685987,1
-1.258487,1.170467,1
-0.327465,1.467390,1
-0.568334,-2.710859,1
-2.482547,0.087571,1
0.224182,0.387861,1
-1.464751,-1.768370,1
0.749646,-0.511278,1
-0.192107,-0.770724,1
-1.757947,-3.585138,1
-1.129180,-0.963378,1
-1.693302,-2.056219,1
-0.444208,-0.868616,1
-1.211009,-2.382536,1
-0.336818,-2.345939,1
-1.272051,-1.668308,1
-0.481691,-0.176917,1
0.032449,-3.584591,1
0.798356,-1.896229,1
-0.803076,-0.055797,1
1.145494,-0.500595,1
-0.816110,-0.892337,1
-0.004820,-1.825705,1
0.560467,-2.407632,1
-1.435784,-0.203304,1
-0.001258,-2.523998,1
-1.515618,0.576544,1
-0.567026,-1.541790,1
-2.248560,-1.780435,1
-3.390106,0.227680,1
-1.800846,0.663544,1
0.517647,0.773897,1
-0.048342,-1.933745,1
-1.574625,-1.395655,1
0.348399,1.153587,1
-3.042444,1.286973,1
-0.271934,-0.430274,1
-1.356810,-0.701779,1
-1.006946,-1.398454,1
1.341526,0.501078,1
-2.487221,-1.386686,1
0.028503,-3.488971,1
0.639186,0.990484,1
-1.275840,-2.175453,1
0.072351,-2.192670,1
-1.313030,-2.288860,1
-1.676971,-0.233254,1
-2.873403,-0.977279,1
-1.376020,0.270772,1
-3.510792,-1.728814,1
-0.967916,-0.289530,1
0.495412,-1.520713,1
-0.812492,-1.410874,1
-2.643478,-0.134078,1
-0.869285,-1.340241,1
-2.640991,-1.118816,1
-1.331994,-1.522317,1
-1.352721,-1.665732,1
0.478773,-1.720760,1
-0.929100,-1.158646,1
0.956418,0.422631,1
0.061404,0.865602,1
0.058215,-2.075184,1
0.487085,-2.298448,1
0.736550,-1.647550,1
-0.532987,-0.988461,1
-0.726037,-2.542056,1
-0.540360,0.694164,1
-2.248876,-3.564760,1
-1.044327,0.949847,1
1.448655,-1.180099,1
-1.856183,-1.644299,1
-0.978553,0.845677,1
-2.975523,0.430849,1
-0.781339,-1.727594,1
-4.234327,-0.317618,1
-2.310997,1.298112,1
-1.187366,-1.982642,1
-1.608412,-1.667893,1
-1.498176,-1.545442,1
-1.527372,-0.437357,1
-0.209305,-1.422789,1
0.390713,-1.052833,1
-2.743811,-0.727954,1
0.876461,-2.476876,1
-2.222792,-0.881490,1
-2.275410,0.080944,1
-0.871605,-2.737752,1
0.349303,0.172870,1
-0.971493,-0.425812,1
-0.464180,-0.111606,1
-0.853304,-1.329382,1
-0.940698,-1.425824,1
1.288353,-2.413972,1
-0.975026,-1.952032,1
-0.692134,-1.070606,1
-0.706316,-0.035201,1
-0.578975,-2.554754,1
-1.123354,-1.458865,1
-0.893626,0.072466,1
-1.899043,-1.194665,1
0.194723,-0.377579,1
0.365418,-0.364546,1
0.655511,-1.196292,1
-0.654660,-2.547212,1
-0.265169,-1.412491,1
0.383478,-3.255103,1
-2.283250,-0.278060,1
-0.700274,-1.320035,1
-1.564884,-1.347618,1
-1.324687,-1.248607,1
-0.906635,-1.523518,1
0.017562,-0.563417,1
-0.137248,-1.343505,1
-1.202554,0.664165,1
0.137887,-1.320028,1
0.978820,-0.636865,1
-1.226172,-1.266787,1
-0.191651,-2.593462,1
-0.801526,-2.757966,1
0.151138,0.085447,1
-1.000136,-1.503746,1
-1.165807,0.008536,1
-2.874643,-1.871646,1
-0.256567,-0.803685,1
-1.818819,-1.210158,1
-0.213860,-2.766287,1
-0.426282,-2.250453,1
-0.785671,-3.002773,1
-3.323665,0.545903,1
-2.998818,-0.503408,1
-0.335901,-0.485778,1
-0.346245,-0.786880,1
-0.543006,-3.075950,1
-0.498656,-0.375009,1
-0.956860,-0.567510,1
-2.743997,-2.140398,1
-0.747194,-2.103731,1
-1.672915,-0.776147,1
-1.903720,0.131619,1
-0.657493,-0.123418,1
-2.073819,-0.399742,1
-2.754130,-2.134917,1
-1.522217,-1.236181,1
-0.087068,-0.243176,1
-1.199306,0.480344,1
0.374278,-2.539302,1
-2.111212,0.936919,1
0.163778,-1.354288,1
-1.313904,-2.219024,1
-0.494343,-1.990774,1
-1.672699,0.515428,1
-1.506635,-2.336306,1
0.357985,-2.262021,1
-2.160844,-0.594084,1
-0.518441,-1.699637,1
-2.387537,-1.737110,1
-1.240852,-2.724663,1
-3.037256,0.685046,1
-0.970091,-0.815162,1
-0.681701,-1.400244,1
-0.874760,0.227216,1
-0.689919,-0.401287,1
-0.466881,-0.787730,1
-0.818121,-1.127304,1
0.901331,-1.461250,1
-0.796801,-0.063870,1
0.089560,-0.819408,1
-0.343464,0.450709,1
0.258286,-0.150233,1
-0.686513,-2.595021,1
-1.184886,0.086760,1
0.972463,-1.263885,1
-0.756021,-0.823971,1
-0.710267,-2.813322,1
-1.721821,-1.450663,1
-0.233916,-0.874857,1
0.914681,-0.672345,1
0.858348,-2.123423,1
-1.629304,-0.146053,1
-1.513198,-0.037742,1
-1.741117,-0.088439,1
-0.455138,-0.386583,1
-2.361010,-3.019675,1
0.933772,-0.808037,1
-0.633631,-1.066850,1
-1.565541,-0.992646,1
-2.090307,-0.459884,1
-0.368519,0.210633,1
0.268426,-2.775271,1
-0.038683,1.323816,1
-2.267707,-0.938432,1
-2.244620,-0.243987,1
-1.859635,-1.382761,1
0.682271,-1.369137,1
0.421216,-0.095106,1
0.907551,-0.227637,1
-1.220374,-1.818705,1
-0.772655,-0.186347,1
-2.538992,-3.202907,1
-1.879944,-0.603023,1
-1.313879,-1.099772,1
-1.685572,-2.066504,1
-0.447032,0.017079,1
0.377298,-1.079024,1
-0.991660,0.366204,1
-1.501999,0.174512,1
-0.762950,-0.494188,1
-0.084385,0.526581,1
-2.101267,-1.918524,1
1.890503,-0.039056,1
-1.138759,-0.598995,1
-0.563171,-0.557618,1
-0.454927,-0.812647,1
0.327912,-0.256266,1
-2.288856,0.113786,1
-0.287600,-0.810544,1
-1.287859,-0.881392,1
-1.339683,-1.211939,1
-1.822139,-1.341864,1
-0.670711,-1.367259,1
-1.127824,-0.467222,1
-1.034647,-0.937419,1
-1.370918,0.016121,1
0.562648,-1.384635,1
-0.533748,-2.494836,1
-1.179072,-0.062424,1
-1.723277,-0.019675,1
-2.409420,-1.134080,1
-1.061522,-0.625642,1
-1.060462,-1.044857,1
-1.935760,-1.375626,1
0.574159,-1.898285,1
-1.284563,-2.569576,1
-1.731036,-1.817803,1
-1.287156,-2.900079,1
-0.610369,-3.209414,1
-0.238729,-0.530400,1
-1.893467,-1.702645,1
-0.535970,0.463117,1
-0.979912,-1.708784,1
-0.492867,-1.845534,1
-0.296856,-1.453176,1
-1.684030,0.282888,1
-1.951244,-1.241526,1
-1.569695,-0.347668,1
-1.865621,-1.274793,1
-0.908803,-1.102728,1
-1.290092,-2.154317,1
-0.524500,-0.628682,1
-0.909394,-1.101403,1
-1.354265,-1.621018,1
-2.520955,-4.056107,1
-0.545053,-0.640122,1
-2.558262,0.756275,1
-0.813005,-1.856426,1
-1.314247,-2.137105,1
1.083379,-0.758852,1
-0.138413,-0.369551,1
-2.499814,-2.716296,1
-0.990967,-2.350243,1
-0.871602,-0.005324,1
-1.662278,-2.747897,1
-1.220512,-2.602641,1
0.011751,-1.083842,1
0.288535,-0.245724,1
-2.146552,-3.512950,1
-0.397582,-2.070633,1
0.263878,-2.122075,1
-3.798347,-1.445626,1
-0.012525,-0.746208,1
-0.467466,-1.314620,1
0.519301,1.184481,1
-2.819853,-2.051787,1
-0.299960,-1.015965,1
-1.013661,-0.428377,1
-2.041261,-2.509544,1
0.192760,-3.383590,1
-2.392947,-0.100583,1
-1.973503,-2.789920,1
-3.385946,-0.407753,1
-2.053645,-0.917172,1
0.242195,-2.296772,1
-1.709654,-0.005356,1
-2.597960,-2.572761,1
-3.400203,0.394240,1
-1.075810,-0.216449,1
-0.687586,-0.786855,1
-0.304968,-1.273013,1
-0.427068,1.174680,1
-0.766438,-1.256203,1
-2.704545,-1.003411,1
-2.160186,-1.342204,1
-2.006914,-1.052357,1
-1.828953,0.234714,1
-1.361647,-1.772921,1
0.706036,-0.785769,1
-0.702962,0.041481,1
-1.168972,-0.662770,1
-0.161296,-1.121242,1
0.025225,1.232345,1
-0.786919,-1.094917,1
-0.921178,-0.648084,1
-1.324208,-1.181402,1
-3.068189,-1.077736,1
-0.364114,0.924016,1
0.553710,-1.253538,1
-0.333730,-0.145507,1
-2.570167,-1.912790,1
0.279576,-0.181745,1
-1.583300,-0.977399,1
-1.013349,-0.643126,1
-1.841917,-0.846887,1
-0.107194,-0.032359,1
0.045924,-1.568133,1
-0.951325,-0.810488,1
0.059570,-0.441833,1
-1.287878,0.055581,1
-0.967064,-0.369883,1
-1.561948,0.282268,1
-1.607786,-0.010878,1
0.013297,-0.463967,1
-1.308772,0.479614,1
-3.865439,-0.764119,1
-2.191898,-1.982881,1
-2.154600,-2.710106,1
-0.651633,-1.185900,1
-1.025823,-0.706653,1
-0.071021,-0.192450,1
-1.765708,-1.865138,1
-0.382265,-0.491127,1
0.139827,-2.508786,1
-1.189694,-2.344942,1
-1.920040,-1.379685,1
0.136524,-0.134520,1
-2.035690,-1.263216,1
-2.913821,-0.367854,1
-1.779136,0.202125,1
1.142191,-1.809760,1
-0.142173,-0.501139,1
0.983796,-1.222952,1
-1.270047,-1.390223,1
-0.761711,-0.671868,1
-2.067672,-4.514975,1
-1.531184,0.546780,1
0.517284,1.310529,1
-0.406447,-0.617753,1
0.283074,-1.515799,1
-1.446547,-1.047535,1
-0.616785,-0.787862,1
1.135729,-0.801665,1
-0.529590,0.665011,1
1.228648,0.653956,1
-1.152658,-2.022837,1
-0.617572,-1.796528,1
0.107366,-1.971421,1
0.165480,-0.170650,1
-0.767418,-1.734413,1
-3.668130,-3.131819,1
-1.271441,1.250625,1
-0.631762,0.006070,1
-1.705549,0.705788,1
-1.566941,-0.574997,1
-0.212496,-1.042340,1
0.291440,-2.372593,1
-2.429178,-1.002343,1
-2.541887,-1.528512,1
0.357532,-3.593997,1
-2.663335,-0.574527,1
0.063066,-1.686972,1
-0.679030,-0.920381,1
-3.636835,-0.988992,1
0.815877,-0.574159,1
-0.989946,-0.075569,1
-1.297580,-0.680245,1
-0.834574,-1.199942,1
-1.555904,-2.611688,1
-3.050584,-1.148104,1
-2.432236,-0.682173,1
-1.182691,-2.227820,1
-0.364564,0.450634,1
-0.217742,-1.557881,1
-0.911205,-0.813707,1
-1.213525,-1.015658,1
-1.661192,-1.410033,1
-1.621286,-1.289923,1
0.558984,-2.486107,1
0.135581,-0.622437,1
-1.578614,-1.187075,1
-0.092769,0.529305,1
0.745753,1.574947,1
0.632617,-1.554776,1
-2.304610,0.074765,1
-2.332755,0.187357,1
-1.421507,-3.147492,1
-0.990427,-3.026986,1
-1.637061,-0.837784,1
-2.567645,-1.518369,1
-2.556985,0.752136,1
-2.284670,0.328861,1
-0.087500,-0.274667,1
-1.407149,-0.845748,1
-1.953719,-1.608305,1
-1.608688,-0.483333,1
-1.553729,-1.030898,1
-1.229933,1.700136,1
-1.013751,0.308188,1
-2.265498,-0.707256,1
-3.345792,-1.092802,1
-1.549436,-1.523541,1
-0.744332,-0.750155,1
-1.317012,-0.202392,1
-1.335864,-0.565430,1
-1.278111,-1.370424,1
0.465199,-2.615807,1
-2.034401,-1.336224,1
0.991980,0.415555,1
-0.918943,-0.696824,1
-0.750268,-1.104446,1
-0.312184,-0.506094,1
-2.898238,0.123858,1
0.471692,0.049714,1
-1.011284,-0.466878,1
-1.498367,-2.497059,1
-1.791412,-2.089493,1
-0.285623,0.080628,1
0.670012,-0.980421,1
-0.972558,-0.163572,1
-0.980502,0.368856,1
-0.965446,-0.947914,1
-0.277740,-1.498033,1
0.566754,0.677899,1
-1.152045,-1.439427,1
-1.783306,-0.129580,1
-0.252773,-1.662563,1
-1.696014,-0.598668,1
-0.219110,-1.225362,1
-2.100971,-2.459996,1
0.548328,-0.558082,1
-0.721422,-0.072748,1
-0.636067,-1.869406,1
-0.920588,0.462133,1
-0.635109,-1.208126,1
0.834990,-1.517991,1
-1.866234,-2.143884,1
-1.173119,-1.417891,1
-2.609140,-1.537174,1
-1.330153,-2.271163,1
1.168094,-0.015294,1
-0.857462,-1.754119,1
-0.828743,-1.488435,1
-0.698842,0.265804,1
-1.371266,-0.502229,1
-1.600585,1.493466,1
-1.370263,-0.891397,1
-1.143996,-0.708426,1
-1.464257,-1.010690,1
0.596347,-1.926012,1
-2.055521,-2.167685,1
-2.242805,-0.699642,1
-1.998781,-0.531317,1
-0.799986,-2.720172,1
-2.050826,0.032921,1
-3.182989,-0.558907,1
-1.080585,0.669196,1
-0.759595,-3.228176,1
-1.625251,-1.126284,1
-1.176563,0.419465,1
-1.380721,-1.150047,1
-0.897403,-0.794580,1
0.459700,-1.041302,1
-1.229948,-0.701180,1
0.104127,-2.246874,1
-1.682165,-2.605164,1
-1.366231,-0.411455,1
-2.435559,-1.416776,1
-1.306482,-0.274158,1
-1.871562,-0.738159,1
0.289419,-0.437524,1
-0.242512,0.409090,1
-1.250930,0.166883,1
-0.718321,-0.761981,1
-2.057244,-0.095035,1
-2.008220,-2.482806,1
-0.075628,-2.481308,1
-0.400535,-1.577796,1
-1.001141,-2.807214,1
-2.505242,0.021557,1
-2.497814,-1.027710,1
-0.756621,-0.746725,1
-0.321166,-1.428744,1
-1.080868,-0.078585,1
-0.826122,-2.709504,1
-0.045741,-1.922482,1
-2.219726,-0.747734,1
0.160836,-0.415605,1
-0.288018,0.036641,1
-1.806047,-0.984731,1
-0.452891,-2.039233,1
-1.609449,-0.823476,1
-0.468285,-2.465151,1
-1.248728,-0.842994,1
-1.674898,1.216404,1
-2.065541,-0.681378,1
-0.542120,0.209699,1
-1.627873,-1.085033,1
-1.694143,-1.148193,1
-2.308530,-0.775310,1
-0.647099,-0.359178,1
-0.902330,-2.128420,1
-0.509564,-0.597579,1
-1.591341,-1.183119,1
0.228594,-0.687221,1
0.491104,-1.547654,1
0.383839,-0.405781,1
-0.378491,-1.472215,1
2.403546,-1.073555,1
-1.626318,-0.602979,1
-1.481123,-1.520707,1
1.811985,-0.814926,1
0.302197,-1.020415,1
-0.616045,-1.555587,1
-2.361565,-0.180610,1
-1.058320,-0.786249,1
-0.421710,-0.411807,1
-1.240171,-2.409681,1
-1.449905,0.363427,1
-0.308828,-0.541342,1
-3.479162,0.500609,1
-0.205275,-2.488698,1
0.258155,-0.874279,1
0.301003,-0.935882,1
-1.033584,1.314438,1
0.430236,-1.645341,1
0.023229,0.385389,1
-1.497992,-2.537434,1
-0.951761,-0.778268,1
0.019595,0.741757,1
-0.896503,-1.787666,1
-1.576638,-1.649905,1
-2.358176,0.349364,1
0.012997,-1.409214,1
-0.635725,-1.136916,1
-1.609560,-0.223695,1
-1.807220,0.770784,1
-1.211229,-0.830529,1
0.742246,1.496164,1
-1.051308,-1.219052,1
0.521240,-0.935096,1
-0.538314,-1.352170,1
-1.829749,-1.660399,1
-2.643693,0.355424,1
-0.035056,-2.989345,1
-0.006500,-0.722532,1
-0.546860,-1.709270,1
-0.524039,-1.012389,1
-1.605031,-1.554594,1
-0.914089,-0.261993,1
-1.122569,-0.857636,1
-0.011915,0.797102,1
-1.194956,-0.441315,1
-0.778880,0.535256,1
-1.013260,-0.586959,1
-1.470731,0.669968,1
-0.561711,-1.903478,1
-1.459474,-1.827756,1
-1.033582,-1.497247,1
-0.930744,-0.518981,1
-0.775873,-1.166584,1
-1.003817,-2.393859,1
-2.908847,-1.651726,1
-2.023488,-0.561858,1
0.217443,-2.774556,1
-1.332856,-3.338024,1
1.952682,-0.737117,1
-2.086183,-0.833365,1
-2.614436,-2.296143,1
-0.815481,-2.238464,1
-1.464264,-2.460660,1
-1.362069,0.073438,1
-0.727326,-2.361143,1
-0.191800,-1.805537,1
-0.894945,-0.498414,1
-0.712008,-0.958508,1
-0.760637,-0.975932,1
-2.056461,-2.221855,1
-0.572736,0.399497,1
-1.524032,0.509552,1
-0.646576,0.494952,1
-2.735546,-2.268152,1
0.198309,-1.039241,1
-1.461602,1.095810,1
-1.990902,0.180274,1
-2.658711,-3.198536,1
-1.213694,-1.010051,1
0.457018,0.552246,1
-1.084494,-2.226573,1
-2.024066,-1.895618,1
-1.021456,-0.397884,1
-3.811972,-2.324085,1
-1.081778,-0.686627,1
-0.261188,-0.847584,1
-0.074165,-1.074182,1
-2.800250,-1.570651,1
0.675403,-1.547485,1
-0.537482,-2.362644,1
-0.663944,-1.159156,1
-0.520254,-1.294634,1
-1.847559,0.177599,1
-3.714305,0.327536,1
-0.134433,-0.146807,1
0.191113,-0.560109,1
0.210470,-2.618810,1
0.085130,-1.850469,1
-0.998489,0.011132,1
-0.280531,-0.929181,1
-0.297048,-1.541914,1
-0.884099,1.837996,1
-2.150030,-0.543581,1
-0.184846,-0.706787,1
-0.420877,-0.151929,1
-0.508959,0.947112,1
-2.199337,-1.091126,1
-2.070561,-1.020688,1
-1.862493,-1.696678,1
0.064302,-0.674220,1
-1.448248,-0.795668,1
-0.243325,-0.976430,1
-1.735617,-0.205268,1
-0.422609,-1.158463,1
0.122393,0.340851,1
-2.031703,-0.438094,1
0.642171,-2.587315,1
-1.245456,0.203764,1
-0.724417,-1.958023,1
-0.736352,-0.460591,1
-1.960381,-1.526658,1
-0.643411,-1.666810,1
-1.706464,-2.037620,1
-0.312536,-2.708402,1
-0.566687,-2.004703,1
-1.162535,-2.427197,1
-0.422444,-1.434257,1
-1.977923,0.601310,1
-0.926887,-1.823320,1
-1.590398,-2.734806,1
-2.028829,-1.604141,1
-2.685014,-1.799407,1
0.667446,-1.004902,1
-2.259759,0.047997,1
0.586336,-0.758132,1
-1.510158,-1.320755,1
-1.388233,0.232214,1
-2.217934,0.012529,1
-0.854250,0.456964,1
-1.270201,-1.876359,1
-1.860157,-1.534660,1
-1.838714,-0.533389,1
-0.674799,0.306594,1
-1.353210,-2.542986,1
-2.083397,-1.145118,1
-2.237368,-2.550840,1
0.037817,-0.387502,1
-2.470607,-2.033293,1
-0.061265,-0.699440,1
-2.017746,-1.597844,1
-2.317962,0.412490,1
-2.796748,-0.311031,1
-1.417101,-1.545105,1
-1.390408,-1.806718,1
-1.933520,-0.868101,1
-1.368612,-1.001092,1
-1.945445,-1.668642,1
-0.204543,0.903836,1
-2.830931,-1.674893,1
-1.408607,-2.374969,1
0.404839,-1.948377,1
-2.599240,-1.223889,1
-0.082611,-2.391474,1
-1.962513,-2.132061,1
-2.365737,-1.170247,1
0.407497,-0.300976,1
1.490973,-0.512221,1
1.292492,-1.309653,1
-0.724765,0.436748,1
-1.164464,-1.277703,1
0.531394,-0.615763,1
0.659475,-1.636180,1
0.665157,-0.721635,1
0.041317,-1.171907,1
-1.619211,-1.834530,1
-0.682951,-0.778203,1
-1.460851,-0.827126,1
0.209129,0.399805,1
-1.068739,-1.290735,1
-0.653485,0.106510,1
-0.217859,-1.601689,1
-1.468535,-1.203468,1
-0.216587,-0.996201,1
-2.458085,0.001777,1
-0.829834,-0.098810,1
0.008465,-0.475807,1
-0.349891,-1.374868,1
-0.380883,0.180569,1
-1.833178,-1.352343,1
-1.932911,-1.506085,1
-1.925407,-2.761162,1
-0.838308,-0.480500,1
-1.166992,-0.239135,1
-1.058122,-1.891689,1
-2.038295,-1.045001,1
-3.058766,-0.759181,1
-1.464307,-1.431712,1
-0.965084,0.233624,1
-2.753060,-0.604241,1
-1.473883,-1.358579,1
0.158653,0.608438,1
-0.331211,-2.925214,1
-1.940976,-0.556930,1
-1.209724,-2.989173,1
-0.159600,-0.277558,1
-1.076447,-2.425610,1
0.469346,-1.373637,1
-1.815438,-1.460354,1
-1.203869,-1.548826,1
0.990057,-0.525184,1
-0.591933,-1.845172,1
-0.739697,0.328387,1
-1.172106,-2.028447,1
-1.772001,-3.187092,1
-2.462480,-1.055604,1
-2.320276,0.056972,1
-2.265919,1.505085,1
-1.634087,-1.076720,1
-0.022187,-0.935683,1
-1.545061,-3.495643,1
-1.764063,-0.739518,1
-0.870993,-0.248361,1
-1.297185,-1.404856,1
-1.507042,-0.582004,1
-2.680502,0.678226,1
-1.023575,-1.135809,1
-0.356792,-3.114455,1
-0.209551,-0.748471,1
-0.758845,-1.292306,1
-1.015730,-2.263195,1
-1.643278,0.072326,1
-0.027133,-2.463512,1
-1.540289,-1.995878,1
0.926168,-1.496158,1
-1.505428,0.055105,1
-0.289499,-0.013022,1
-0.715692,-1.913027,1
-1.980802,-0.297444,1
-1.085267,-1.690929,1
-0.750567,0.437762,1
-0.795420,-0.918012,1
0.408043,-2.066433,1
-0.061534,-2.024766,1
-2.725153,-2.005206,1
0.076979,-2.427817,1
0.275242,-1.291677,1
-1.572914,-0.348985,1
-0.090785,0.616235,1
-0.137301,0.006199,1
-0.128239,-1.106634,1
0.658680,-2.484227,1
-2.383568,-0.756354,1
0.048161,-1.569870,1
1.036500,-0.921812,1
-0.671121,1.030960,1
0.017580,0.034006,1
-1.095338,-1.084648,1
-0.305541,-0.876167,1
-0.790245,-2.287057,1
-0.490870,-1.193860,1
-1.424740,-2.866742,1
0.605553,-0.206944,1
-0.129879,-1.267807,1
-1.611251,-1.746045,1
-0.750419,-0.381411,1
-1.379700,0.643590,1
-1.077399,-0.821620,1
-1.137011,-1.960104,1
-0.855627,1.074093,1
-2.316448,-0.190207,1
-1.400751,-1.374051,1
-2.733530,-2.167432,1
-0.636205,-1.337611,1
-2.436168,0.413050,1
-1.141606,-2.499383,1
-1.846844,0.031418,1
-1.511541,-1.981235,1
-1.120488,-1.406245,1
-2.223863,-0.596487,1
-0.736790,0.571344,1
-1.451549,-2.514850,1
-0.540807,-2.123174,1
-2.860464,0.004238,1
-1.703428,-1.867908,1
-1.252010,-0.981771,1
-0.666175,-0.925037,1
-3.033486,-0.928601,1
1.680896,0.782725,1
-2.031621,-0.648044,1
-0.800977,-0.896172,1
-0.206318,-0.620402,1
-0.482818,-1.080749,1
-0.363007,-0.842520,1
-0.765371,-1.930232,1
-0.517556,0.795820,1
-2.076550,-2.323007,1
0.199484,-1.283877,1
-2.175750,0.001513,1
-0.495773,-3.127960,1
-0.442985,0.918962,1
1.104476,-2.213310,1
-0.180509,-0.839064,1
-1.114679,0.701736,1
-0.097838,-1.032022,1
-1.035685,-0.244971,1
-0.204385,-0.602655,1
-0.078906,0.422893,1
-1.533766,-0.002433,1
-2.531319,-1.186450,1
-1.281719,-1.052152,1
-1.100919,-1.056438,1
0.074498,-0.497916,1
-0.343077,-1.569190,1
-0.417295,-3.455343,1
-0.095922,0.116179,1
-0.123398,-1.480530,1
-2.055707,-1.050460,1
-1.132291,-1.517654,1
-1.335941,-0.121164,1
-2.568637,-1.374569,1
-0.795134,-1.836177,1
-0.467894,-0.122737,1
-0.566544,-1.743801,1
-1.847411,-2.977491,1
1.018095,-2.014993,1
0.182687,-3.174973,1
-1.590392,-2.490230,1
0.175322,-2.275779,1
-0.807902,-0.210174,1
-1.227488,0.692754,1
-0.797045,-1.874257,1
-1.602845,-2.052138,1
-0.382479,-0.391528,1
0.684990,-2.293681,1
-1.752851,-0.423634,1
-1.449499,-2.010915,1
-0.653926,-0.827753,1
-0.742480,-1.979485,1
-2.224497,-0.159556,1
-1.979078,-1.974997,1
0.807814,-0.276469,1
-0.402135,-0.544380,1
-2.743963,-1.140590,1
-2.185787,-1.458209,1
-1.070575,-2.465719,1
-1.699283,-1.789275,1
-1.981066,-0.054219,1
-0.188196,-1.058237,1
-0.287462,-1.065987,1
0.629021,-2.058037,1
-3.057409,0.707775,1
-2.774348,-0.429533,1
0.876761,-0.749387,1
0.577857,-0.100093,1
0.312262,-2.337751,1
-0.825852,-1.274843,1
-2.368690,-1.132393,1
-2.333174,-1.471043,1
-1.978833,0.234145,1
-0.054089,-1.306978,1
0.111753,-0.801153,1
-1.629436,-1.533255,1
-1.219693,-2.276753,1
-2.194179,-1.509655,1
-1.025501,-0.304616,1
-0.625006,-0.525512,1
-2.641682,-1.864152,1
1.325274,-2.275681,1
-0.616347,-1.226660,1
-1.597702,-1.691272,1
-0.607856,-0.639671,1
-1.450913,-1.400447,1
-0.913890,-0.357837,1
-2.016206,-1.334239,1
-1.067897,-1.429214,1
-2.231978,-0.057081,1
-1.383763,-0.867979,1
-0.933781,-0.797231,1
-0.182426,-1.909107,1
0.249004,-1.984993,1
-0.245787,-0.847103,1
-1.614333,-0.052923,1
-1.905397,-1.575147,1
-0.082151,1.024656,1
-0.514979,-0.978564,1
-0.168789,-1.460093,1
-0.386832,-1.516265,1
-1.499996,0.131606,1
-1.288920,-0.952336,1
-0.281709,-0.677493,1
-2.146319,-1.076620,1
-1.664180,-2.465349,1
-0.117599,-0.390186,1
-1.316882,-1.061479,1
-2.953404,-1.717105,1
-0.977348,-2.198675,1
0.361520,1.017289,1
-2.161458,-3.091012,1
-0.615271,-1.291819,1
-1.395777,0.184031,1
-0.548949,-2.052964,1
0.193351,1.183764,1
-0.652000,-2.673560,1
-0.823198,-1.792097,1
0.494467,-0.761530,1
-1.394754,-0.255275,1
0.045182,0.479743,1
-1.778417,-1.541627,1
-0.036502,-1.569469,1
-1.848361,0.084958,1
-3.059490,-0.218952,1
-1.334949,0.451514,1
-2.715001,-0.487686,1
-0.798911,-0.034554,1
0.200270,-1.462023,1
-0.984508,-0.487503,1
-3.347860,-2.320753,1
-1.588695,0.979625,1
0.021997,-0.743692,1
1.031925,0.041564,1
-2.303935,-0.574822,1
-0.306199,-1.558869,1
0.524448,0.972691,1
-1.486173,-1.800526,1
0.738208,-0.828869,1
0.164325,0.029569,1
-1.227638,-1.890196,1
-1.061182,-0.012492,1
0.115805,-1.197243,1
0.691603,-1.029487,1
-0.687091,-1.560390,1
1.042100,-3.041875,1
-2.311964,-1.494674,1
-2.455027,-0.592443,1
-1.249150,0.225379,1
-2.140368,0.505908,1
-2.857132,-0.381145,1
0.173486,0.185425,1
-1.010978,-1.225036,1
-0.581213,0.631426,1
-0.971934,-0.865181,1
0.087865,-2.047998,1
0.659572,-0.421534,1
-0.077825,-0.187965,1
-2.513503,-1.695749,1
-0.962236,-1.271703,1
-1.150634,-0.609130,1
0.567261,-1.394971,1
-2.079277,-1.711709,1
-0.263464,-1.211530,1
-1.468715,-1.784805,1
0.398038,-1.873063,1
-0.400184,-0.041703,1
0.649942,-2.730708,1
-2.220827,-0.438265,1
-2.636041,0.394972,1
-1.291823,-2.712044,1
-1.408999,-1.485727,1
-0.535234,0.439674,1
-1.197138,-1.973492,1
0.551672,-2.234847,1
0.108291,-1.327401,1
-1.084311,-1.433358,1
-1.101621,-0.391071,1
-2.114666,-0.822296,1
-2.126816,-2.484944,1
0.633128,-0.239982,1
-0.783142,-2.797187,1
0.573553,0.088551,1
-3.103879,-1.024180,1
-0.266074,-3.539144,1
-2.638842,-1.143321,1
-1.990491,-1.359437,1
-1.254831,-2.040268,1
-1.065084,-2.383814,1
-1.557355,-2.301131,1
-1.569644,0.069629,1
