0.202486,-0.503061,0.134674,-1.037003,-0.879333,-0.817959,-0.457993,-1.007530,-0.530887,0.065307,0.291706,0.129699,0.905233,-2.236537,1.215181,-0.453254,-0.153874,-1.219949,1.142286,-0.235311,-0.846264,0.209398,0.306044,1.151179,-1.095897,0.468491,-0.604040,-0.807727,0.344866,0.789439,-1.147035,-0.905832,0
0.326483,-0.089070,-0.480578,-0.872387,0.369908,0.276275,0.658111,-0.145563,-0.917254,-0.929364,-0.099351,1.225901,0.489422,-1.218577,-0.145730,0.503367,0.963518,-0.652440,1.017511,0.181791,-0.407699,-0.259603,-1.156195,-0.325051,-1.091602,0.377999,0.247720,-0.989172,-0.765275,0.049159,-0.843297,-0.494475,0
1.164756,0.535156,-0.017089,-0.091012,-0.834323,0.060340,-0.212026,0.099096,0.512019,-0.717241,-0.498126,-0.697127,-0.981108,-0.843199,0.172498,-0.473026,-0.253114,0.095290,0.895163,1.170155,0.100104,1.854312,0.257187,0.256921,0.408101,-0.788496,0.925818,2.284800,0.176662,0.194968,0.219264,0.424512,0
1.730884,1.442381,1.040772,-0.891283,0.251688,-0.274933,0.325244,0.160954,0.807778,0.303055,-0.245470,0.676154,1.259775,0.417711,-0.127887,-0.501584,-0.770966,-0.181188,-0.582691,0.951720,-0.843693,-0.349031,-2.014956,-0.688215,-0.251887,0.632537,1.052694,-0.671323,-0.162709,0.456198,-0.682683,0.349343,0
2.374298,-1.896605,0.542987,0.598427,-0.026030,2.054774,-0.783690,-0.329232,-1.111875,-0.576852,-0.444172,0.611976,-0.438611,-0.467923,0.335045,-0.789924,1.806328,0.922525,0.233029,0.563419,0.014555,-0.471399,0.959741,1.173919,-1.498852,0.896213,0.543891,1.003847,-0.028691,-0.561651,0.449980,-0.100555,0
1.150578,0.277636,0.439371,-0.999720,0.142471,-1.311283,0.947443,0.839781,-0.706336,0.149828,0.525751,-0.173066,-0.547211,1.096420,0.045661,-0.972253,1.819346,-1.602229,0.853834,0.341991,-0.063070,0.159805,-0.040031,-0.501209,-0.102029,-0.079692,-0.806078,0.018313,1.441695,0.290059,-1.595623,1.610286,0
1.393095,0.121874,0.255449,-0.204075,-2.213502,-0.507335,0.351816,0.474159,0.138393,-1.183225,0.305663,0.179585,-0.940004,0.482066,1.622573,0.212161,0.058482,-0.963335,-0.308699,-1.510340,-1.137296,-0.616029,0.665856,-0.331709,-0.006011,-0.088095,-0.460706,0.537483,-0.579485,0.443513,-0.169141,1.158262,0
0.104125,-0.195368,-0.035469,-0.615649,-0.635935,1.904497,0.274089,-0.844371,-0.722644,-0.860141,0.970765,-0.771427,0.913483,-0.240837,0.162329,-0.340960,-0.262637,0.588900,-1.887956,-0.102180,0.527161,-0.053455,0.696754,-0.146289,0.553549,0.887765,0.670219,-0.273099,0.750559,-0.474450,-0.886025,0.628082,0
0.575166,-0.352944,0.419367,0.159810,1.684257,0.193859,0.643921,0.934843,-0.639177,0.523826,0.118129,-0.374860,0.039647,-0.594716,1.044144,-0.301735,0.573105,-2.435597,-1.645317,-0.214378,0.659894,1.058256,-1.672769,-1.859636,0.593851,0.699353,-0.368989,-0.833158,-0.630509,0.518630,-0.372873,0.071735,0
0.324149,-0.600872,0.679998,-2.018240,0.011235,0.069407,-0.047165,-1.244041,0.556983,-1.362069,0.465456,0.677391,-0.521285,-1.277804,-0.114989,0.438383,-2.186359,-0.605569,0.911406,0.330542,-0.188657,-0.216665,-0.472203,0.224115,-0.263850,-1.195147,0.588242,-0.045166,-0.412509,0.327614,-0.656532,1.018648,0
-0.478736,-0.546206,-0.911234,0.840618,-0.433845,0.827880,-1.447309,-1.833001,-0.423573,-0.368277,1.162257,1.308022,0.635837,0.521254,0.263733,-0.648907,-1.462613,1.273569,-0.004700,-0.674154,0.690728,0.023617,-0.423211,0.126359,0.911301,-0.210982,-0.368353,-0.759144,-0.125696,0.038190,-0.591016,0.529260,0
-0.857564,-0.701437,-0.767605,1.328524,-0.057212,0.506596,-1.462570,-0.134887,-0.240640,0.506237,-0.053764,-0.880933,-1.428090,1.161819,-0.603940,-0.255061,0.417887,-0.831486,0.382864,0.028012,0.142979,0.217841,0.265085,0.454651,1.020389,0.408285,0.207560,-0.734428,-0.968331,-1.048671,-1.327230,0.514108,0
1.502796,0.358785,-1.486248,-0.959610,-0.585994,0.582056,-0.491706,0.101961,-0.033363,-1.076484,0.341305,-0.060860,-0.480493,0.011581,0.695796,-1.435955,-0.665069,0.802566,-0.145569,1.195940,-0.189376,-0.301190,-0.670756,-0.387514,-0.209604,-0.483001,0.678921,-0.695586,0.840424,-0.295016,0.834633,-1.243626,0
1.575446,-0.076608,0.563360,-0.485249,-0.442164,0.122046,-0.647792,0.377647,0.475518,-0.637790,1.218381,0.830769,0.845886,-0.553778,0.213275,0.563850,0.094008,-0.575303,0.306741,-0.191717,0.555704,0.022158,0.233447,0.938934,-0.917210,0.282210,-0.014163,-0.942415,-0.695244,-0.837424,0.101779,-0.097888,0
0.411184,-1.701763,-0.507899,-0.541315,0.106815,-1.304841,1.481473,0.597865,1.128336,0.189661,-0.512876,-0.313831,-0.208508,0.223239,1.037273,-0.351693,0.826051,0.900071,1.470081,-0.442948,0.365165,-0.689471,1.362674,-0.400471,-0.541272,0.614183,-0.043579,1.175089,0.086257,0.664171,-1.212666,0.441010,0
0.347963,0.850914,0.525535,0.990863,-1.144192,-0.716519,-0.020691,1.153467,0.822445,-0.728321,0.767088,-0.526746,0.369079,0.413851,-0.989949,-0.719713,-0.042015,-0.385882,0.311286,-1.085916,-0.292669,-0.362284,0.443073,-0.239687,-0.131372,0.454189,-0.121790,0.406262,-1.736330,0.231593,-1.342990,0.268111,0
1.142926,0.755809,1.129591,-0.288064,-0.067028,-0.217619,0.835496,0.135832,-1.239639,0.852927,-1.173685,0.832672,1.194735,0.245156,0.615850,-0.497462,0.882593,-0.537895,0.028189,-1.486248,0.423597,-0.811697,-0.227129,0.252496,1.187515,1.318502,0.133639,-0.062447,0.643832,1.023378,-1.019327,0.128801,0
2.042916,1.470212,0.000530,1.176585,0.307172,1.266193,0.560866,1.775303,0.904073,0.202458,-0.067980,0.173232,-1.245719,-1.056295,-0.883800,-1.139287,-0.135191,0.696173,0.333760,0.870183,-0.349760,-0.164426,-0.425813,0.695836,0.036113,0.708206,0.362185,-0.381667,1.284374,0.937756,0.554006,0.266424,0
0.363965,-0.600350,0.193887,0.232378,-0.119658,0.545347,-0.077319,0.837782,0.714653,-0.537230,-0.004945,-0.809013,-1.176154,-1.287693,0.805346,0.995679,-1.768974,1.208150,-0.026393,-0.609570,-0.559884,0.194009,-0.069976,0.538531,0.039929,-1.022953,-0.532558,1.287547,0.436504,0.637284,0.297782,-0.140699,0
0.043100,0.282582,0.499480,-1.040325,-0.275000,0.336318,0.996684,-0.358275,0.163815,0.982062,-0.479441,0.975946,0.592978,0.117547,0.516314,-0.242094,1.430521,-0.621865,-0.290016,0.909455,-0.244129,-0.426357,0.523607,1.521459,-1.183003,1.089530,-0.674516,0.381182,-0.171826,-1.205784,0.629468,-0.057941,0
0.929214,-0.827061,-1.245663,-1.212630,-0.569880,0.511740,-1.279766,1.059067,0.922673,1.580671,-0.533990,0.247737,-0.302551,-0.731780,-0.766633,0.574652,-0.505554,-0.798247,0.328890,-0.142843,-0.252245,-0.652988,0.329050,0.015572,-1.022231,1.355170,-0.691022,0.652041,0.204188,0.998543,0.219118,-0.562535,0
-0.696978,-0.384392,0.548505,0.193142,-0.996872,0.208965,-0.280377,1.190221,-0.525861,-0.244448,0.035014,-0.401974,-0.107660,0.730984,1.878216,0.585006,2.122424,0.056856,0.251815,-0.495096,0.675638,0.066937,-1.221894,0.726151,0.763654,1.350395,0.818235,0.476822,-0.296923,0.203146,-1.328127,0.793641,0
0.554310,-0.485374,0.570812,-0.499916,1.299075,-1.956488,-0.089109,-0.351936,-0.624191,0.017783,-0.204142,-1.290170,-1.317105,-0.345325,1.066670,0.749439,-0.966441,-0.144058,0.823665,-0.637099,-0.036341,0.815689,-0.484195,0.998214,-0.096326,-1.004607,0.664150,-0.573808,0.815243,-0.306414,0.012800,-0.508325,0
1.298706,-0.088583,0.120330,1.103169,-0.804786,1.204364,-1.046894,0.847865,-0.325993,-0.092459,0.443752,0.974215,-1.719155,0.139035,-0.406705,-0.018002,0.542635,0.237680,-0.995106,-0.338634,-1.835855,-0.802362,-1.005308,0.311196,0.385643,-1.087553,1.707711,-2.166302,0.417623,-0.109999,-0.051300,-0.679702,0
3.095731,0.630439,-0.598281,0.042537,-0.081225,0.506044,1.180856,0.436784,0.554271,0.087586,-0.060332,-0.622539,0.086264,-0.353950,-0.020001,-1.701710,-1.478628,-0.056235,-2.320697,0.312382,0.249931,-0.608769,-0.147919,0.283968,-0.504655,0.007581,1.192446,0.516867,0.997887,0.472248,-0.183356,1.185817,0
0.030539,0.585887,0.628427,-0.072139,-0.780680,1.329939,-0.715440,-1.653950,-0.257294,0.072516,0.892871,0.798110,-2.396031,0.194551,-0.410428,-0.113293,0.372233,0.302656,-0.744458,-0.061391,-0.323444,-1.046829,-0.635050,-0.522316,0.548083,1.037658,-0.106811,0.553131,-0.852453,-0.835979,0.079121,0.602917,0
1.599383,-1.532757,-0.358038,-0.202003,0.360667,0.351185,0.407828,1.391396,0.843474,0.105632,0.437093,0.485631,-0.031012,-0.370782,-0.918432,0.790118,0.178374,1.038112,-0.029526,0.814378,-1.423700,-0.531311,-1.291610,-0.001998,-0.688745,-0.895600,0.037021,1.003466,0.619993,-0.353916,-0.898090,-2.275284,0
0.984302,0.036071,-0.098717,1.001383,-0.727744,0.487957,0.878386,0.602537,0.819187,0.616906,-0.136013,0.768930,-0.337601,0.298358,0.315933,1.979049,1.368259,-0.781403,0.452780,0.715199,0.496655,-0.014691,0.244973,0.595602,0.835045,0.925514,-0.586416,-0.605645,0.308698,0.160146,0.833297,-1.454725,0
0.248963,-0.050237,-1.140968,0.037668,0.479900,-0.018742,-1.168540,0.385849,0.221484,1.098911,-0.762763,-0.063881,-0.762889,-0.307583,0.584173,0.079749,1.119837,0.044865,0.367111,0.471681,-1.390534,-0.345313,0.208276,-0.608908,0.801938,0.276870,0.324426,-0.581820,1.152913,0.077940,0.113376,-0.659524,0
-0.142822,-0.237246,-0.843449,-1.325342,-0.489154,-0.186754,0.527270,1.463356,0.550258,-0.439204,-0.124667,0.490667,0.605940,-0.007382,0.074502,-0.019213,-0.925133,0.541221,-1.048813,0.291918,0.943750,0.377940,1.198371,-0.263745,-0.890206,-0.266400,-0.582786,1.226310,-0.147385,-0.016994,1.153135,1.168028,0
1.227698,-0.852627,0.342117,0.425835,0.189640,1.486844,2.043731,1.045784,-0.502352,-1.799974,-0.442349,0.517329,1.386568,-0.268162,-0.387958,1.055806,-1.733694,0.235066,0.587578,0.230443,0.820734,0.017073,0.350081,0.718645,-0.147098,-1.005792,0.762968,-0.417833,0.468601,0.864908,-0.397379,0.199915,0
1.355727,0.028689,-1.409446,-0.183616,0.817995,0.569955,1.045304,0.663311,-0.179054,0.035942,1.153772,-0.511773,0.191327,-0.015038,0.751109,-0.206613,0.917960,-0.314585,0.038947,-0.220868,0.270951,-0.677772,0.588462,-0.420869,-0.914748,-0.558761,-0.840225,0.502981,0.082153,1.090316,0.761951,-0.604252,0
1.275539,1.021059,1.147722,-1.662541,0.750824,0.602996,0.983201,-0.281022,1.729351,-0.295401,0.363861,-0.533846,0.709564,-1.413652,-0.841886,-0.019150,0.803691,-0.170913,-0.408895,0.688528,0.299454,-0.449797,0.155441,0.393418,0.218137,-0.256208,0.794307,-0.337686,-1.188872,0.004220,0.357363,0.684616,0
1.707349,-0.462857,-0.247710,0.066815,-0.306696,-0.883981,0.686715,-0.457524,0.699413,-0.432872,1.088626,1.364424,0.213502,0.767097,-0.265564,-0.004322,1.697912,-1.386878,0.282408,-0.078459,1.628725,-0.341435,-0.419641,-0.134677,-1.205487,1.177796,1.084827,0.052417,0.929595,-0.435541,0.012296,1.430153,0
1.479812,-0.407323,0.065533,0.642789,-0.648283,-0.357555,1.696225,-0.867322,0.243471,-0.178830,1.291496,-0.477237,0.646257,-0.537891,0.003693,0.780831,-0.221940,1.339826,0.384372,-0.990895,-1.291236,-0.116062,-1.182171,-0.451565,0.444396,-0.840482,-1.299469,0.924021,-0.077677,1.002184,-0.378955,-2.156979,0
1.338742,0.158395,-1.210989,0.679306,0.681577,-0.084329,0.139349,1.736855,-0.385687,0.855581,0.043586,-1.256233,0.179337,0.944080,1.626125,-0.499819,-0.464654,0.435640,0.312633,-0.549136,-0.135872,1.031114,-0.499519,0.867404,-1.351923,-0.309734,0.683832,-0.903442,-0.354686,-0.739966,2.431552,0.819717,0
1.110352,-0.741282,-0.991290,-0.261406,-0.552025,-0.007051,0.197012,0.395848,-0.395189,-0.165544,0.281603,1.010354,0.330673,-0.723081,0.157394,0.370916,-0.017737,-0.992114,0.045949,-0.315092,-0.355196,-0.478900,0.553015,-0.644171,0.789569,0.907295,-0.101242,-1.147524,0.112715,0.621917,0.065579,-0.041670,0
1.618349,-0.552065,2.199218,-0.332610,-0.050407,-0.458325,0.309857,-0.190446,1.402781,-0.050580,-2.585148,-0.260328,-0.523275,0.923292,-1.341395,-2.259592,0.801602,-0.185904,2.055932,-2.208441,-0.291444,-0.740253,0.500498,0.314232,0.624412,0.793851,-0.059723,0.908821,-0.136070,-0.067061,0.377270,0.562832,0
0.410760,1.085764,0.360564,-0.409484,-0.127225,2.018367,0.380465,0.344038,0.119475,0.241527,-1.289104,1.209722,0.665096,1.235387,-0.949946,-0.152050,0.067404,-0.751477,0.271727,-0.488224,0.919305,-0.183632,-0.004588,-0.889027,-0.117945,-1.285367,-0.367530,1.329419,-1.199274,0.434449,1.205955,-0.847727,0
0.925444,-0.509756,1.050099,-0.852859,-0.467660,-0.513501,-0.563030,-0.169163,-1.342053,-0.381825,0.754596,-0.350174,-0.623115,-0.970170,-0.266143,0.477872,1.629061,0.790472,0.370175,0.551621,0.320034,1.210558,0.717942,-2.123615,0.368568,-0.040928,-1.131081,-0.142802,0.093187,-1.372890,-0.210543,0.719465,0
0.602548,-0.574446,-0.868821,-0.156371,-0.415535,-1.839528,0.245411,0.082924,0.633015,0.930410,-0.529117,-0.124328,-1.043993,-1.301643,0.657558,-0.306367,0.938807,-0.067323,0.352070,-0.021622,-0.820568,-0.324052,1.505663,0.235447,-0.615791,-0.853524,-0.454588,-1.759542,0.531442,-0.166190,-0.043771,-0.472965,0
0.941852,-0.628601,1.398532,-0.736270,-0.521429,0.194064,0.299001,-0.841612,-0.352637,-0.620878,-0.269501,-0.050994,-0.294852,0.203084,0.204797,-0.478465,-0.118687,0.924166,0.422884,-0.839831,1.189778,0.926948,-1.446117,1.007890,-0.259992,1.420179,-0.259893,-0.664913,-0.344563,-0.778272,0.585504,0.758962,0
0.234945,-0.444079,-0.099445,0.394975,1.118443,-0.173668,0.719337,0.317863,-0.974573,0.143850,-0.853423,-0.169194,0.210809,-0.552383,0.052998,-0.541747,-2.101371,-0.308836,-0.046877,0.073380,-0.190117,0.397603,0.305670,-0.710412,-0.128506,0.465244,-0.505437,0.022115,1.687523,0.195004,0.471830,1.098984,0
1.471356,0.913984,1.224758,0.009417,0.332417,-0.923508,1.040904,0.332834,0.393760,-1.155206,-1.025329,-0.440929,-0.738166,0.749230,0.526187,0.635820,-0.133853,-0.005175,-0.582278,-0.576272,0.440334,0.041474,0.456471,0.762894,0.122873,-0.749947,0.028463,-1.157869,0.323999,-0.287404,-0.291190,0.289223,0
0.290778,-0.193752,-0.089772,-1.034987,-0.174360,-0.481357,0.392711,0.252804,-0.815386,0.508301,-0.490214,-1.871817,0.181599,-0.004437,-0.289544,0.188518,0.304518,-0.724562,0.905500,-0.335821,-0.313065,1.402794,0.475182,0.303603,-0.592070,-0.462354,-1.845329,-0.899875,0.071855,-0.357019,0.184288,0.318638,0
0.930260,0.455539,-0.714299,0.396312,-0.101482,0.888433,0.917284,-0.517727,-0.305136,0.239320,-0.399110,0.389961,-0.495154,-1.215859,-0.131179,-0.502153,-1.441152,-0.155785,1.044437,0.084580,-0.544959,-0.150955,-1.114691,0.162998,1.340661,0.905725,-0.888983,-0.747712,-0.443947,-0.399645,0.020027,-0.474998,0
0.674357,-0.281784,-0.242190,-0.977880,0.761725,0.154730,-0.014704,-1.303663,-0.285763,0.242110,-1.361323,1.045341,0.412497,-0.827970,-0.412949,-0.532723,-0.739031,0.886741,1.562956,0.429991,0.825835,-0.255343,-0.497627,1.574857,0.552220,0.213266,0.383999,-0.653777,1.189922,0.464684,0.206862,-0.155054,0
0.749204,-0.592989,0.823425,-0.403608,-0.272193,-1.262053,0.290435,0.214902,0.136275,0.270050,-0.304842,-0.476173,-0.015834,1.593572,-0.815900,-0.112767,0.058602,0.550261,-0.302161,0.140960,-0.767645,1.748838,0.274719,-0.066169,-0.243539,0.305958,-0.644341,0.170139,-1.367712,-0.060150,-0.265928,-0.263846,0
0.993855,-0.885656,0.051840,-0.509554,-0.179781,-0.804941,0.343150,1.036402,-0.642696,0.255826,1.431479,0.400928,-0.070243,0.630041,-0.301673,2.324046,0.057106,-0.077371,1.241810,1.601380,0.990462,0.200015,0.261492,0.363759,0.423959,0.021716,1.262947,0.666918,0.066385,0.065471,0.591981,-0.555915,0
0.726306,-0.361502,0.908566,1.847092,-1.054663,-0.787540,-0.471504,-0.021423,0.317124,1.323243,-0.640322,1.477101,-0.079030,-0.231455,-1.389562,-0.140095,1.332551,0.820067,0.525706,1.989410,1.622383,0.270834,-0.360432,0.019020,0.609085,-0.057070,-0.116078,0.298426,0.766344,1.260237,-0.539608,-1.039509,0
1.406311,0.695246,-0.352209,0.036549,0.151119,1.172698,0.446277,0.218822,-0.667935,-0.395774,-0.170127,-0.702906,0.265181,-0.415042,-0.021151,0.703603,0.051467,-0.621272,-2.027197,-1.336819,-1.208351,0.675007,-0.095535,0.934557,-0.225435,-0.758862,1.738117,-0.383684,0.261638,1.185079,0.160043,1.104134,0
1.172779,-1.185956,-0.617468,-0.768393,0.226451,-0.142698,-0.640338,0.757278,-0.420572,1.331409,-0.998502,-0.102607,-0.149316,-0.584208,1.016736,0.033673,0.082775,0.004973,1.508234,-0.229095,-1.204506,-0.599277,1.639209,-0.184927,-0.252905,0.233969,-0.546256,-0.785433,-0.084359,-0.081622,0.682730,0.448848,0
0.268087,-1.290260,1.179244,-0.337274,0.719306,0.839035,0.031672,-0.366797,-1.073441,1.599644,0.134462,-0.439364,0.452643,1.881434,0.438232,-0.371207,0.041713,-0.621340,0.849582,-0.099568,0.844880,0.539397,-0.495924,-0.753809,1.472794,-0.201532,-0.370824,-0.226721,0.857355,0.332276,-0.044484,0.949015,0
1.108772,-0.680517,1.000263,-0.082951,0.833172,0.144744,0.008309,0.532622,-0.388069,0.419845,-0.267638,0.063263,-0.752270,0.797731,0.460381,-0.352209,0.248231,-1.044414,1.740547,0.482301,0.555767,0.401234,-1.652916,1.019754,-0.937787,-0.716043,-0.691332,-0.684621,-0.611094,-0.518387,-0.259972,0.362463,0
2.248250,0.944278,0.396387,-0.781514,0.650253,-0.093410,-0.961691,-0.183652,-1.445742,-1.120094,-0.313275,0.551259,-0.345398,0.062880,0.017039,1.839047,-0.212376,0.224405,-0.144536,-0.339709,-0.177235,-0.158011,-0.508080,0.574177,-0.244960,0.357630,-0.483891,0.434639,0.281534,-0.143173,0.571370,1.016966,0
1.557831,1.842836,0.374521,0.510256,0.895884,-0.565178,-0.688119,-0.285309,-0.127589,0.660338,0.924815,0.109909,-1.342887,0.372216,-0.857343,0.612142,-0.758798,-0.782319,-1.112190,0.766903,-1.532753,-0.576252,0.208673,0.488053,-0.570860,-0.687309,0.138956,0.969229,0.104996,0.015391,-1.258654,-0.027681,0
1.469797,0.015736,0.180691,-0.166675,-0.676675,0.081672,0.248276,0.756720,0.698435,-0.188182,-0.375897,1.065562,0.020699,-0.293032,0.811013,0.609581,0.990531,0.732296,-0.326828,-0.688476,1.134404,0.002121,0.670804,1.891529,0.824448,0.667556,0.608911,-0.738247,-0.516188,-0.203606,0.794392,-0.994254,0
0.227304,-0.033577,0.726295,0.181528,0.291688,0.128139,-0.779819,0.615955,0.494014,0.606964,-2.505164,0.014044,-0.338260,1.299510,1.135327,-0.585338,0.380475,-0.411615,-0.454440,0.872077,-0.348680,0.275544,-0.755985,1.276376,-0.179097,-1.035434,-1.133534,-2.161879,-0.528422,0.139304,0.605234,-0.463637,0
1.952446,1.145374,-1.375120,-0.474900,0.348148,-1.029496,-0.499363,-0.852968,0.655956,0.105425,-1.264716,0.136411,1.091019,0.386785,-0.433865,0.083129,1.808796,-0.410851,0.362166,-0.621452,0.686736,0.863210,0.509753,-0.000741,-0.939909,0.515160,-0.370555,0.037721,0.788057,0.956826,-0.391544,-0.534244,0
1.934301,-0.969348,1.523045,-0.344637,0.351198,-0.024709,0.832875,-0.667243,0.468442,-0.954809,1.104822,-2.128713,0.084043,-0.773438,-0.113333,0.590220,0.406773,0.683112,0.399736,-0.397558,1.134767,0.676953,0.119702,1.280952,1.644632,-0.513955,-1.393702,0.760000,0.388060,-0.867514,0.155719,-0.315028,0
1.600852,1.579404,-0.824196,-0.186642,-1.137114,1.126024,-0.862200,-0.575341,0.398493,0.777696,-0.081758,0.041167,-0.577967,0.289742,0.224820,-0.035332,0.810210,0.346483,0.507608,1.568892,-0.464093,1.396057,0.327626,-0.411978,-0.948453,-0.967111,-0.039734,0.711000,1.366434,0.605844,0.328349,-0.488285,0
0.198340,1.102133,0.017203,1.360132,-0.426161,0.167400,0.714798,1.084602,-0.308092,-0.776562,0.794249,-0.653092,0.444309,0.355062,-0.917032,0.283687,2.108351,-0.267808,1.833525,0.525755,-0.102845,1.117589,0.200782,-0.387793,-0.408063,-1.563906,-0.852190,-0.025179,-0.209927,-0.251536,0.455248,-0.279603,0
1.484484,-0.114703,-1.280766,1.070229,1.301447,0.221749,0.627577,0.291305,0.077370,-0.598401,-0.985309,-1.475037,-1.215974,0.716188,-0.506279,0.497910,-0.131115,0.141909,0.425763,0.625598,1.705783,-0.242931,0.206838,1.547352,0.588487,-0.659741,-2.492457,0.057498,-1.725903,-0.382693,0.737151,-1.003507,0
0.475736,1.576446,-0.809852,-1.076921,0.705505,0.202049,1.286113,1.414512,0.216306,1.122072,-0.797385,1.423093,0.850061,0.702369,-0.048717,0.069956,0.603316,-0.339511,0.560332,-1.532944,-0.512953,-0.885841,0.266543,-0.655723,0.784112,-1.276989,0.709985,-0.242524,1.668359,-0.545863,1.062053,0.399928,0
2.442831,1.008322,0.471530,1.264905,2.060938,1.394993,-0.780579,-0.328460,-0.430501,0.197451,0.818505,-0.887941,0.848895,0.281324,-0.317921,-0.790974,0.289210,-0.492136,0.897105,-0.257793,1.138138,-0.372736,0.756977,0.210898,0.521738,0.479479,1.012192,0.644321,-0.055427,-1.744820,-0.375328,-0.215804,0
0.867733,0.548683,0.539634,-0.832210,0.154438,0.973169,-0.015193,1.757282,0.795899,-0.775757,-0.257168,-0.139541,-0.027989,-0.408207,0.758119,1.303788,0.696632,-0.366777,0.300754,0.109645,-0.468255,-0.029406,-0.852256,0.282111,-0.323312,-0.320717,0.075730,-0.098696,-0.331856,-0.656926,-0.800504,-0.089401,0
1.069876,0.255069,-0.930803,-1.135803,0.292415,0.783319,1.110864,0.626841,1.673395,0.951061,-1.017638,-0.004460,0.973859,0.033511,-0.092346,-0.945951,0.642843,0.816096,1.382773,-0.197262,-0.073678,0.581803,-0.615832,-0.252681,-2.566809,1.842716,0.277648,0.330528,-0.857825,-0.908802,-0.957151,-0.707949,0
-0.121754,-1.489164,0.849665,-0.167623,0.806668,-0.364480,0.355857,-0.539250,-1.013038,0.657403,-0.900680,0.173784,-1.567362,-0.033507,-0.515194,-0.574766,0.867151,0.618935,-1.143015,-1.521217,-0.911340,0.365888,0.359475,1.671557,-0.534645,-1.234154,-0.194951,-1.397438,0.079697,-0.540400,-0.401842,-0.599878,0
1.765336,1.322447,0.923171,-0.221663,1.036940,-0.222609,-0.205395,-0.474190,-1.007325,-1.863642,1.447135,0.357504,-0.086478,-0.883933,0.437510,0.961653,-0.272954,-1.646583,-0.243861,1.571413,0.041241,1.428662,0.018587,1.632462,-0.866343,0.147444,-0.449115,0.010100,-0.746487,0.018491,0.490908,0.147393,0
1.506603,1.095791,0.304478,0.363583,-0.725174,-0.823249,1.043911,0.036419,0.153809,0.386763,0.729687,-0.047856,0.288349,0.442578,0.004186,0.531297,-0.179514,-0.273544,0.769762,0.303855,-0.860516,0.775090,-0.090682,-0.608338,0.319631,0.917989,0.670149,-0.774137,-1.479468,-0.067265,0.803070,1.109514,0
-0.908309,0.177530,-0.596150,-1.849879,0.031447,0.706035,0.376811,-2.004439,0.385241,0.909331,-1.370218,1.597479,-0.696288,1.036378,1.486298,0.406731,-0.784841,0.713275,-0.967958,-1.539081,-0.459947,-0.635466,0.465560,-1.032085,-1.058969,1.308935,0.362049,2.149852,0.255042,-0.127423,-0.311078,1.065612,0
1.572434,0.578846,-1.078875,-0.332789,-0.956546,0.363604,0.576226,0.434402,0.935257,-1.400014,0.376158,-0.090871,0.915743,1.266662,0.709222,0.811452,0.134579,-0.259408,-1.807075,-0.020917,1.167951,-0.289265,-0.604897,1.393450,-0.664725,-0.050253,1.488812,-0.624054,0.195091,-0.324258,0.182158,0.879446,0
-0.079452,-0.554881,1.301360,-0.461924,0.140464,-1.049964,-0.443594,1.186933,-0.400150,1.365541,0.753630,1.342749,0.815140,-2.063283,-0.121458,-0.681468,0.205904,-0.376399,0.055521,-0.043269,-0.620729,1.228181,-0.634839,-0.661691,0.025585,-0.379059,0.191143,0.208886,-0.348560,0.591911,1.283045,0.485990,0
0.418455,-0.090477,-0.129938,-0.205060,1.232750,-1.525197,-0.703834,0.300533,-0.456212,0.605997,-1.084815,-0.659641,0.294817,-2.232364,0.258610,-0.553081,-0.989650,0.236371,-0.948380,0.275208,-0.024781,0.791558,0.479895,0.349270,-1.204483,-0.600852,0.123205,1.142905,-0.354754,1.230030,0.737096,0.152588,0
0.390471,0.187692,1.098068,-0.802053,-0.511454,0.346885,0.941820,-0.062668,-0.269699,0.720659,-0.807204,-0.925941,-1.248420,-0.343063,-1.225576,-0.539223,1.180367,0.748530,-0.326312,0.551680,-0.998940,0.130175,-0.599004,-0.246756,0.114960,0.676167,0.122608,0.333921,0.365366,-0.290354,-0.643055,-0.657936,0
0.380394,-2.224526,0.644145,0.192059,-0.081436,0.382144,-0.437255,-0.692994,-0.596278,-0.592132,0.605965,-1.088734,-0.398577,-0.170268,0.215973,-0.610966,-0.539115,0.729934,-0.545596,0.636768,-1.549683,0.761762,1.175536,0.768782,-0.970789,-0.196061,0.476067,0.195050,-0.842891,1.164774,1.020613,0.226547,0
-0.078716,1.340660,0.531870,0.007934,1.060891,-0.424045,-0.438116,-2.296282,0.558996,-1.465210,0.825773,0.502265,-0.267534,-0.200418,-0.363560,-0.549537,0.439494,1.697681,0.301842,-0.849690,-0.015847,1.068899,0.518408,-0.417308,-1.015888,-0.642664,0.250529,-0.112227,-0.486656,0.138192,-0.139149,-0.052046,0
2.048044,0.478595,-1.426909,1.352093,-0.519771,0.599154,-0.095385,-0.487496,0.012378,0.052318,0.015756,-0.107410,-1.340767,0.548877,0.208695,0.135436,-0.579454,-1.172965,-0.112268,-0.412516,-0.148606,1.077261,0.667434,-0.830350,0.052894,-1.070318,-0.206126,1.541161,0.864121,-0.660118,-0.771019,-0.038380,0
0.507612,-1.519258,0.676971,-0.178199,0.137818,0.755185,-0.092409,1.038712,0.308846,0.007394,-0.373857,0.010401,-0.127622,-0.308262,0.396651,-0.432642,0.571378,-0.249559,0.331253,0.356352,1.518728,-1.087039,0.940468,-0.847137,-0.016349,0.607072,0.646566,-0.764545,0.729943,0.321121,0.498601,-1.032300,0
-0.304585,0.042777,0.300788,-0.037066,-0.889119,-0.236534,0.841199,-0.168882,-1.084765,0.357965,1.044475,-1.033988,0.817408,-0.282057,0.202521,0.569101,-1.470203,-0.026930,0.092136,0.625356,1.476552,1.235373,0.429898,-0.710202,-0.481717,0.447077,-1.627030,-0.104673,1.380701,0.515554,-0.745203,1.294945,0
0.661754,0.876884,0.056298,0.064670,0.517133,1.388044,-1.407365,0.365753,1.168580,0.705979,-0.436871,-0.780227,0.624160,-0.067457,1.290692,-0.492110,1.326810,1.053598,0.692045,0.625694,0.373467,-1.302977,-0.254249,-0.484654,0.084154,0.359015,0.387900,-0.647586,1.048827,0.605984,0.218834,-0.616769,0
1.645350,1.370651,1.485499,-0.350862,0.622468,-0.160358,0.596015,-1.164483,0.989260,0.098581,0.437976,0.830887,-0.902208,-1.802570,-0.857989,1.764268,0.651026,-0.361105,-0.746428,1.433174,-0.726799,0.185200,0.899863,-0.141848,0.517237,1.355163,0.988765,-0.040420,-1.066202,-0.241903,-0.814667,0.019564,0
2.249704,0.488440,1.753807,-1.084018,-0.185372,-1.115744,1.475006,0.987575,0.805979,0.234578,-0.838432,-1.084252,-0.676803,-0.995677,0.209587,0.528212,-1.809834,-0.586268,-0.351760,-0.161696,0.852702,-0.937093,0.557211,0.376502,-2.401469,-0.211931,0.685255,-0.631899,0.390167,-1.399315,0.084195,0.333005,0
1.319430,-0.748982,-1.096885,0.436365,0.324830,-0.676491,-1.027421,-0.170890,0.767853,0.907252,0.843387,0.026277,0.176163,0.501313,-0.235873,-0.149930,-0.393253,0.482644,0.366953,0.736646,-0.502675,0.256844,-0.317384,0.536856,1.734440,0.706943,-0.582380,-0.016031,-1.874539,-0.500003,0.220173,-0.237314,0
0.562157,-0.215891,-2.887599,0.884664,-1.014746,1.358672,0.059890,0.034955,-0.572947,-0.426721,0.960730,-0.165240,1.156573,-1.007897,0.004222,-1.024786,-0.347682,-0.389070,-0.611153,0.289425,-0.336085,-0.836257,0.094878,0.014989,1.437867,-0.328151,-0.398660,0.774238,0.707102,-0.236347,0.705720,0.063316,0
0.710503,-0.339255,-0.717460,0.047254,0.589120,0.421355,0.841247,1.647980,0.234932,0.490829,0.630320,-0.173714,-0.430625,0.369474,-0.239937,0.004462,-0.662395,0.822711,-0.137657,0.166673,1.413239,0.954988,-0.324870,-0.084299,-0.496747,-0.607424,-0.166895,0.607399,-0.260161,0.447729,-0.078394,-0.479191,0
0.912259,-0.007098,-0.126647,-0.868969,-0.601101,-0.464430,-1.047707,0.978945,-0.393720,0.212210,1.412826,-1.671469,0.315425,-0.423935,0.048575,0.672235,0.287555,1.358404,0.495407,0.195586,-0.114322,0.193269,-1.226929,0.030618,1.310374,-1.087394,0.916994,0.220299,0.033464,-0.205963,-0.000834,0.227666,0
-0.148606,-0.550930,0.203991,-0.786809,-0.064172,-1.204329,-0.794829,-0.727750,0.503165,-0.709103,-1.178321,-0.209291,0.386576,-0.214835,-0.196052,-1.107832,-1.071321,-0.898265,0.862461,-1.135376,0.174874,0.220780,-0.311543,0.328713,0.010871,-0.063408,-0.082035,0.323436,-0.136495,0.380048,-0.417932,-0.088452,0
0.094779,-0.377212,-0.062422,-0.341940,0.717106,-0.084718,-0.410320,0.289080,-1.073275,-0.411322,0.384779,1.143171,-1.483633,-0.374858,-0.608516,0.592048,0.376261,0.806869,-0.885053,1.664174,-0.036296,0.796302,1.191775,-0.833680,-0.029252,-1.572005,1.170201,0.153256,-1.142708,-0.963464,0.368273,1.017161,0
1.482367,-1.199314,-0.272157,-0.894911,-0.759830,0.217447,-0.731047,-0.288601,0.294605,0.737242,1.536267,-0.147840,0.693336,0.640928,0.177613,0.938298,0.310536,1.397747,0.046003,-0.221434,0.595213,-0.222037,-1.075378,-0.353960,0.671581,0.232272,-0.545497,-0.729138,-1.316774,-0.259196,0.625792,-0.008837,0
2.047752,-0.754162,0.153682,-0.558863,0.488689,1.209526,0.176923,-0.189933,-0.576574,0.083133,-0.852637,-0.307940,-0.949224,-0.071477,-2.509145,1.758768,-0.142708,-1.251786,-1.074162,-0.377485,-0.159566,-0.997455,-0.187973,0.550666,1.597413,-0.867263,-0.099592,-1.251896,-0.358150,0.443589,1.095643,-0.858779,0
0.761464,0.217093,-0.824348,-1.498283,-0.016583,-0.862747,0.809678,0.872201,0.700881,1.397176,0.808360,1.085465,0.057362,0.694913,-0.108572,-0.012341,-0.751131,0.357851,0.606592,-0.686147,0.747920,1.569896,0.621742,-0.753031,0.174846,1.206440,-1.245702,-0.901297,-0.148517,0.707884,-0.735012,0.670186,0
-0.402668,0.523924,-0.636631,2.546108,-0.931331,-0.367496,-0.120678,1.541620,0.227012,-0.170460,-0.351346,-0.125712,0.686558,-0.418547,-0.459794,-0.357092,0.818276,-0.281499,0.862163,0.924383,-0.403106,0.456825,0.160906,0.240288,-0.194949,-1.261401,-1.064563,0.019103,-0.783545,-0.307988,-0.211660,0.237627,0
0.636585,0.391609,-0.052001,0.729069,-0.279671,1.592175,-0.720042,0.414985,-0.264137,-0.551114,1.023882,-1.597972,-0.662473,-1.256565,-0.605349,1.785810,-0.594574,-0.285787,-0.565989,-0.728123,1.062681,2.126072,-0.660011,1.491017,0.268396,0.508712,-0.319107,-0.119929,0.647376,-0.754233,-0.461053,-0.785843,0
1.745995,-0.523869,-1.350540,-0.563563,0.908273,1.453913,-0.611922,0.202482,0.522529,-0.796117,0.504293,-0.138260,1.019379,-1.711881,-1.233033,-0.093237,0.031145,0.047561,0.733047,-0.988507,-0.117393,0.550325,-0.816443,-1.129030,0.628478,2.021771,-0.640677,0.375986,0.220919,-0.476461,1.102421,0.011056,0
-0.251931,-0.035442,-0.681314,-0.214461,0.354388,-0.605389,0.407603,0.560300,-0.414438,0.541667,0.971549,0.062210,0.319830,-1.638980,0.174900,-0.641011,-0.641489,-0.742120,1.024397,1.417903,-0.066414,0.929329,0.773535,-0.106746,0.736823,-1.153763,1.959611,-0.169742,0.524899,0.394487,0.602276,-0.590058,0
1.078940,-0.611797,-1.061938,-0.521953,-0.546745,-0.903978,-0.155717,0.397478,0.818370,-1.194297,1.086379,-1.249261,0.622189,-0.315261,0.375365,-0.391620,-0.987267,-0.265826,-0.449803,0.999160,-0.235936,0.459551,-1.142647,1.215801,0.275033,0.849739,-0.174764,1.046280,0.413270,-0.676472,2.021692,0.978126,0
1.018306,-0.962203,0.786782,-0.027841,1.256437,-0.062601,-0.680736,-0.927179,0.775122,-0.467192,1.555202,0.055694,-0.289253,1.099628,0.271658,0.571607,0.551523,0.723374,1.933231,0.521374,0.395367,-1.646561,-0.353309,1.860264,-0.744212,0.724542,-0.279511,-0.446610,1.223889,0.634757,-0.396473,-1.074042,0
2.237021,-0.378202,-0.240676,-1.732896,-0.265484,-0.390060,0.662663,1.238262,-0.599567,-1.134678,-0.693510,-0.239551,-0.518080,-0.225116,-0.327368,-1.719867,0.595222,-0.677398,0.527844,-0.470317,0.111398,-0.098305,-0.479949,-1.455036,-0.026379,-0.954827,-1.042207,-0.956965,-1.521477,-0.411689,1.284062,-1.032367,0
1.682762,1.059860,-0.705467,-0.864783,-0.618248,-0.649705,-1.330633,0.117459,-0.143606,1.748596,-0.000041,-1.016708,1.052565,1.295120,1.064452,0.564724,0.719723,0.361484,-0.415970,1.135532,1.545037,0.951947,-0.662547,-0.216608,-0.586910,1.128108,-0.354951,-0.628043,0.120926,-0.378822,-0.269909,0.340958,0
1.286369,0.418570,-0.416401,0.629729,-0.400549,0.475127,-0.395101,1.636542,0.440950,-0.181402,0.132383,-0.211117,0.189862,-0.109816,-0.036067,-0.309531,1.043182,-0.317114,0.969997,0.200187,0.614498,-0.543892,-0.074551,-0.324761,0.429689,-0.246780,0.871547,-0.887326,-0.789928,-1.545712,0.875512,-1.768516,0
-1.176367,0.210399,0.265656,0.780455,-0.641365,-0.154008,-1.352557,-0.083877,-0.571355,0.449701,-1.353358,0.823250,-0.508985,0.091872,-0.955637,1.380271,-0.477297,1.039702,0.653280,0.502059,1.014839,0.795866,1.344045,0.130876,1.029193,-0.120453,-0.679082,0.741903,-0.887039,-1.007824,0.385643,0.376686,0
1.695593,0.035850,-0.504728,-0.027070,-0.242653,1.038309,0.952295,-0.324700,-0.077904,-0.091378,0.964875,-0.487339,0.129861,0.543710,0.069077,0.370901,-0.032446,0.617573,-0.942441,-0.151018,0.063046,1.236386,-0.364435,0.928962,0.345134,0.501528,0.058043,-0.836983,-0.114438,-1.161324,0.948700,-0.076947,0
4.560293,-1.469087,0.208091,0.402536,-1.199422,0.810510,-0.251951,0.151631,0.779318,0.014572,-0.561090,-0.237911,-0.668704,0.678714,0.851001,-1.187510,-0.814165,-0.618406,-0.411636,0.353453,-1.146521,0.462238,-1.084064,-1.982608,-0.455670,-0.277429,0.877699,-0.446212,0.241273,-0.180631,0.980083,-0.448237,0
1.309029,-0.539133,-0.807945,0.943559,1.844825,0.095857,0.264417,0.373018,0.093879,-0.830439,-0.289634,-1.563127,-0.458077,0.154917,-0.895383,0.578907,0.016406,-0.335874,0.335140,-0.530596,0.216603,-0.448280,0.019802,0.715565,0.532274,-0.566901,-0.724520,0.161305,-0.296814,1.442260,-0.374934,0.073480,0
1.739398,-0.242816,0.376567,0.603082,1.103413,-0.184381,-0.140168,1.338212,1.770111,0.369960,-0.519290,-0.879765,-0.302451,1.082970,-0.261078,0.101892,1.257817,-2.007154,-0.301500,-1.384927,-0.017431,1.161237,1.364825,-0.234891,-1.437719,0.460313,-0.392061,-1.395772,-0.018525,0.336429,0.534353,-1.799487,0
1.436848,-2.240816,1.222474,-0.679947,0.274627,-1.242415,-1.168011,-0.449223,-1.320885,-0.266823,-0.457421,-0.440545,-0.343048,-0.465903,0.493022,-1.013664,-0.520515,-0.171112,1.097268,0.643272,0.494384,-0.142088,0.189932,-0.362577,-0.986857,0.694762,-0.357409,-0.183516,0.153727,-1.135976,0.747544,0.103396,0
0.358298,-0.130751,0.048872,-0.537706,0.107655,-0.546112,-0.669250,-0.782227,0.230690,0.209342,0.138544,0.094888,1.095834,1.292917,-0.908751,1.172060,-1.428055,-0.434883,0.669601,0.994224,0.401337,-0.850514,-0.199660,-0.886871,1.862611,0.648925,-0.777415,0.699345,-1.281185,0.769050,-0.693572,-0.253319,0
1.712010,-0.206456,0.276146,-0.062019,1.070852,1.675956,-0.089335,-0.118198,-0.318021,-0.403427,0.782907,-0.618883,0.261674,-0.582873,0.473210,-0.313212,-0.526458,-0.331712,0.409310,-1.522829,-1.317408,0.283580,0.744997,-0.064834,-0.076874,-0.092950,0.532818,1.581543,-0.343449,-0.816963,0.852180,0.546594,0
-0.094320,-1.141031,-0.901974,0.228698,-0.220581,0.074411,0.940749,0.662745,-0.507842,-0.515355,0.355131,-1.984057,0.060261,-1.136150,-0.843973,1.858094,0.320326,-0.734759,-0.191316,1.409927,0.275120,-0.974080,0.561512,0.788881,0.140101,0.008592,-0.144969,-1.537729,1.409729,-0.157911,-0.426211,0.318597,0
1.257951,0.828129,-1.401229,-0.042825,-0.261709,0.394132,1.104473,0.693411,0.203827,0.730861,-0.617195,0.656962,0.700505,-0.085514,-2.205263,0.467647,0.090527,-0.350256,0.380545,0.198879,1.508080,0.050559,-0.049279,0.131495,0.102220,0.120648,1.109162,-0.368184,-0.980947,-0.544078,-1.223009,-0.879647,0
1.322543,-0.192547,-1.231808,1.093415,-0.543931,0.029763,-0.564871,1.184778,-0.194830,-0.570719,0.746892,1.292333,1.232530,-1.123579,-0.288897,-0.092123,-0.807055,0.037153,-0.532104,0.384116,1.152823,-1.326243,-0.915486,1.323085,1.084834,0.153526,-2.356807,0.208616,-0.328832,0.624542,1.424427,0.541030,0
0.897566,0.066710,-1.179658,0.222101,-0.395102,1.174007,0.686911,0.706512,-0.101361,-0.339266,0.313879,-0.919183,1.016281,0.431421,-0.005679,0.711627,0.127983,-0.251199,-0.734908,0.521374,1.130198,-0.819465,0.625712,0.439065,-0.515229,0.876777,-0.219193,-0.135442,-0.649312,0.158744,1.460512,-0.177077,0
2.718035,1.577740,-1.276048,0.678199,-2.110094,-0.956120,-1.832042,-0.220334,1.426545,-0.206870,0.169548,-0.832480,-0.101567,0.264462,-0.400032,0.300090,-0.322564,-0.262820,0.412767,0.246457,-0.700333,0.445443,-0.841285,-0.249054,-1.300306,0.310529,-0.315239,0.114946,-1.185199,-0.033973,-0.207921,0.352436,0
0.352646,-1.699561,-1.348778,0.910561,-0.536808,1.214192,0.024272,0.405368,-0.498575,0.075362,-0.027388,-0.056823,1.169286,1.722006,0.294095,-0.571651,2.431077,0.084652,-1.325278,0.403330,0.594980,0.182006,-1.069682,-0.906863,0.157263,0.317269,-1.266476,-0.887992,-0.182785,0.179939,-0.673834,-0.500111,0
0.280730,-0.296042,0.424985,-0.601175,-0.419554,0.469677,0.370163,-2.290119,-0.111178,-0.796092,1.087828,-0.416279,-1.038399,-0.272094,0.749130,-1.846979,0.851847,-0.397713,0.390161,-0.079636,0.350293,0.488842,-0.199709,-0.408254,-0.453881,-0.397050,1.079132,-0.908510,0.963711,1.135700,1.333308,-0.900115,0
0.906642,0.537764,-1.677684,-0.905152,0.205402,0.613454,0.390363,0.582723,0.966062,0.150076,-0.026414,-1.219060,-0.552865,-0.683496,1.630384,-0.324363,0.946464,-0.776488,0.911420,0.532724,-0.129504,-0.644127,-1.184389,-0.276788,0.595156,0.021447,-0.579245,-1.045486,-1.714799,0.501028,-0.593607,-0.533419,0
0.788144,-0.671789,-0.278524,0.463966,0.321963,0.997578,0.587634,0.926902,0.012727,0.846886,0.159856,-0.517382,-1.609064,-0.216084,-0.372522,0.641196,0.813463,0.346915,0.097077,0.036536,-0.352926,1.109923,-0.438588,0.021210,-0.399748,0.422384,0.355956,-0.801877,-0.970834,1.500479,-0.371802,0.134778,0
1.253328,0.595330,0.210013,-1.036444,-1.899074,-0.438225,0.952640,-0.541902,0.650123,1.501473,0.654141,-0.556583,-0.408810,1.083714,1.251731,-0.214982,-0.267188,0.330880,-0.649682,1.159006,-0.112795,0.052695,-0.556167,1.898744,0.057719,0.529371,0.580839,0.216239,0.563802,0.047425,-0.551936,0.401677,0
3.591910,0.513629,1.140621,0.796627,-0.650023,-1.320543,-0.629614,0.218025,0.460958,0.104248,0.165441,0.263641,-1.735995,0.492401,2.103629,-1.164841,1.485536,-0.064685,-0.347799,-1.710082,0.080039,-0.384695,-0.012811,-0.088551,0.891282,0.062143,-0.887714,-0.469297,1.004174,-0.540421,0.693921,0.150919,0
-0.032729,1.230981,0.598059,-0.487855,0.552598,0.799923,0.130049,0.267105,-0.886691,-0.328283,-0.187537,0.486440,-0.127024,1.735032,-0.274297,0.014229,-0.770182,-0.261597,1.221026,-0.496480,-0.077055,1.006330,1.005031,-0.846074,-1.171369,0.463632,1.963788,-0.121187,-0.376037,-1.361755,-0.155405,-0.784515,0
2.458804,-0.218786,1.767326,0.560530,-0.680490,1.268542,0.126374,0.188613,0.217816,0.271059,0.377337,-0.049983,-0.369738,-2.106536,1.078804,-0.389355,1.569014,0.787320,-0.210082,0.376652,0.986801,0.440171,-1.357877,-0.094125,0.582712,0.292206,-1.085091,-0.663140,0.382817,1.495495,-0.967892,-0.484145,0
1.704932,0.654815,-0.154253,0.688288,-0.252926,-2.182416,-0.337024,-0.407903,-1.433052,0.203619,0.393602,0.421447,1.953632,0.295544,-0.550878,0.257712,-0.091408,-0.959090,0.085010,1.235740,-0.222793,-0.364779,0.505273,0.942502,0.429276,1.202821,0.135193,-0.136520,-0.611003,-0.460027,1.210537,0.827979,0
1.189449,2.863067,0.637479,-0.573567,-0.354941,1.009414,0.267329,-1.069022,-0.849861,1.442978,0.210061,-0.844639,-0.408222,0.878920,0.251088,0.961507,-1.158301,0.134342,-0.938292,-0.404577,0.543576,-0.564082,0.228045,-1.033917,0.654232,-0.431504,0.435068,-1.528160,-0.993082,-1.565777,-0.645933,-0.741947,0
2.102624,-0.662869,-0.579224,-0.264848,-0.639119,0.186085,-0.064377,1.114874,0.396176,-0.687149,0.817447,0.189946,1.226753,1.538558,-0.410267,0.490990,-1.557741,-0.791429,-1.033090,-0.210015,-0.636403,-0.754600,0.095126,-1.267990,-1.215808,0.649768,-0.523302,-0.182268,0.702996,-0.017246,0.230013,0.256491,0
-0.698788,-1.395071,-0.121875,0.125898,-0.335816,-0.944247,0.675358,-0.425254,1.188857,-0.088197,-0.096871,-1.578745,0.182520,0.581607,-1.523768,1.240193,0.054479,0.655417,-1.064051,0.189848,-0.579540,-0.867468,-0.634392,-0.253474,-0.302016,-0.356394,0.284589,-1.258406,0.010429,-0.813800,0.203010,-0.123392,1
-1.129108,-0.744566,-1.162663,0.549912,-0.677889,-0.043527,-0.127503,1.098103,-0.485244,0.536330,-0.256756,0.787178,-2.298271,0.870812,0.046766,-0.162550,0.400620,-0.060512,-1.281780,-0.654733,0.653208,-0.631618,0.227418,1.008942,0.101701,-0.948127,-0.658688,-0.738059,-0.498907,-0.313756,-1.054666,0.519657,1
-0.984396,0.392143,-0.265244,1.329083,-0.879189,-0.425093,-0.619652,-0.347709,-2.545314,0.648656,-0.694498,0.150172,-1.183391,0.995288,-0.853087,-0.307588,-0.719638,-0.567019,-0.311509,-0.353720,0.126639,-0.849381,-0.961909,-0.253976,-0.563764,0.529397,-0.567933,0.530810,-0.884287,0.784145,0.594122,-0.686328,1
-1.211051,-0.907221,0.601626,-0.776909,0.464939,0.215136,-2.713180,0.436505,-0.202265,0.472715,0.678237,-0.289998,0.344742,-1.340323,-0.234344,-0.347804,-0.247741,-2.023763,-0.625149,0.580976,-0.832459,0.497753,0.390825,0.071443,1.267019,-0.186676,-0.013953,-1.727956,-1.098196,-0.111762,-1.521879,0.402894,1
-0.883762,-0.041825,0.215586,1.702220,1.715565,-0.090926,-1.180085,-0.847680,0.648433,-0.592646,-0.185952,1.111360,0.196730,0.732836,-0.494944,1.999110,0.230673,0.485497,1.289684,0.322457,0.435358,0.307759,-0.211683,-1.863836,-1.104702,0.311786,1.240405,-1.158583,-1.087523,-0.479837,0.123413,0.082199,1
-1.553239,0.774240,0.680316,1.298719,0.090058,-0.727815,-1.774392,0.382941,-0.906805,1.338836,0.802621,0.205316,0.111377,-0.058326,-1.101808,0.026774,-0.805903,0.032793,-0.632812,-0.833542,-0.082842,-0.238417,0.427788,0.196427,-0.500370,-1.190079,0.178988,-0.260317,-1.723601,1.435584,1.308657,-0.101073,1
-1.999048,0.141337,0.332602,0.239223,-1.348541,-1.893559,-0.362623,-0.759798,-0.445295,0.444810,0.187450,-0.254236,-0.161068,-1.352592,1.032189,-0.282011,-0.680669,-0.919618,1.281664,0.658062,-0.991814,0.709411,-0.132288,0.363780,-0.973845,1.459338,1.178607,-0.092347,-0.906088,-0.343850,1.374832,0.229598,1
-0.097101,0.446064,-0.486014,-0.607142,0.360274,1.423265,0.921092,-0.998197,0.401201,0.843158,0.273319,0.131678,-0.843803,-0.048901,0.657668,-0.738081,-0.607736,-0.124415,-0.028328,0.565426,-0.727313,0.402346,0.306094,0.852733,0.692650,-0.870016,0.600209,-0.009424,-0.511314,0.477566,-0.680981,0.841679,1
-1.604057,1.173524,0.302267,0.877373,0.115887,-0.110469,-0.654606,-0.580022,0.240330,0.233625,-0.876658,0.282020,-0.222943,-0.188048,-0.432475,1.083350,-1.128301,0.029610,1.215049,0.505232,0.242143,0.771716,0.578618,0.092333,-1.222814,-0.794491,1.386054,0.110662,1.023198,-0.417545,0.386384,-0.240106,1
-0.536974,-1.173219,0.451702,-0.191592,0.035100,-0.825184,-0.033830,-0.253249,0.142771,0.502853,0.377095,-0.839926,0.690197,0.076622,0.231275,-0.994266,-0.106448,0.113772,0.780419,-0.395406,-0.720085,0.848884,0.699114,-1.171194,-0.422826,0.372004,0.617915,0.270388,0.968081,-0.516801,-0.635246,0.018897,1
-0.805789,0.885493,0.051830,-0.706070,-1.035635,-0.866765,0.714713,-0.818316,2.106395,-0.870243,-0.215030,-0.065997,0.281266,-0.931934,0.060499,-0.354820,-0.077526,1.200147,-0.763713,-0.797462,0.019196,-0.189263,-1.702118,1.261704,1.124911,-1.150774,0.816160,-0.052220,0.147259,0.677107,-0.573450,-0.039954,1
-1.502649,-0.870527,-1.188323,0.569836,0.627590,-0.869187,-0.618715,-0.117191,0.599407,-0.423633,-0.147009,-0.768506,-1.208058,-1.152798,0.239321,-0.447552,0.228057,-1.040627,1.213518,-1.197861,0.076304,0.086041,-0.425694,0.406970,0.308944,1.028826,0.941567,-0.321516,0.751424,0.623731,0.756561,0.600392,1
-0.664049,-0.042321,-0.022535,-0.817707,-0.133070,0.621636,0.364345,0.984015,0.182974,0.109221,-1.366591,0.522698,-0.007436,-0.261210,-0.029740,0.810280,0.221932,0.399020,0.582626,-0.208236,-0.831427,-0.290755,-0.291747,-0.671596,0.527554,-0.825290,0.035991,-0.115392,0.684166,-0.363775,-0.005776,-0.065072,1
-0.952751,-0.212989,0.166515,-0.706915,0.231129,0.555204,0.426244,0.500712,-0.225872,0.779585,0.445705,-1.377431,-0.761691,0.467959,1.420329,0.352937,-1.424400,-2.170773,-0.037377,-1.079703,0.784856,0.161597,0.108710,0.462262,0.428002,2.865802,-1.046800,-0.593581,-0.106646,0.523953,-0.582060,0.719020,1
-1.269095,-0.754195,-0.274206,0.879100,0.106090,-1.243324,0.961918,0.978275,-0.402158,-0.835809,-0.023874,0.982868,0.885686,0.362907,0.988056,0.327764,-0.844524,-1.091986,-0.653725,1.642486,0.062074,-0.649244,-0.924069,-0.693534,-0.669993,-0.523269,-0.077296,-1.083266,-0.138431,-1.139659,0.905148,0.114511,1
-0.506886,0.467304,-0.210653,0.762289,1.386672,0.555999,0.874243,1.232580,-0.403448,1.438247,-0.133885,0.242362,0.327627,-1.069698,-0.063706,0.496800,-0.564451,-0.013361,-0.807626,-1.014674,0.570956,-0.348917,0.552564,-1.839483,-0.072987,-0.333179,0.496155,0.852667,0.459820,-0.195824,0.227601,0.418332,1
-1.249046,1.742834,-0.483247,0.111626,0.194647,0.198646,-0.372148,1.013661,0.784170,-0.664114,0.793946,0.627184,-0.798740,0.279656,-0.065629,-0.550889,1.399621,-0.485712,-0.493351,-0.350999,-0.916991,0.644572,-0.490360,-0.235532,0.181349,-0.381024,-0.594497,0.288619,-0.711153,-0.265757,-0.537677,-0.135396,1
-0.178282,-0.340648,-0.176614,-0.997007,0.921774,0.059690,0.173934,1.312802,0.863673,0.263007,-0.584749,-0.919007,0.498583,-0.869560,-0.470847,0.759897,0.885650,-0.703264,-0.471351,-0.647542,0.343463,0.320893,0.808984,-1.378244,-0.405480,-0.461304,-0.785006,-2.633730,-0.165667,-0.362244,0.398925,1.238438,1
-0.895288,0.404214,-0.717249,-1.157238,0.644827,-0.200045,-1.107968,-0.633357,-0.291273,0.770583,0.100648,-0.082425,0.010161,-0.943090,0.468940,0.512293,0.619096,-0.012004,1.216561,-0.872149,-0.413029,-0.628226,-0.745054,-1.130520,1.101002,0.615371,-0.687565,-0.874249,0.407633,-0.473976,-0.601151,0.066207,1
-0.816771,0.744002,1.631637,0.937293,0.557865,-0.219979,-0.130531,-0.015421,1.017995,-1.144028,-0.093709,-0.984222,-1.104718,-0.500473,0.179676,-0.483639,-0.180375,-0.320938,-0.470435,-1.034611,1.231128,0.059057,-0.249175,0.198758,0.129525,0.604713,0.054456,-0.625613,-0.275620,0.701066,0.786110,-0.136607,1
-0.636486,-0.935421,1.166291,0.487242,0.867037,-0.282449,-0.611887,-0.632869,-0.052518,-0.817052,0.920844,0.600923,-0.045122,0.019512,0.055777,0.595759,-1.415307,1.292371,1.337219,-0.569290,0.769717,0.237909,0.582688,-0.580640,-0.609078,0.738860,0.225404,0.888505,0.523181,0.451231,0.233052,0.211787,1
-1.923603,0.049837,1.274514,0.462255,-0.924477,0.730251,0.344867,0.122319,-0.002041,0.120038,-0.136764,0.570658,0.531304,-0.098498,-0.431811,0.670518,-0.009914,-1.170877,0.469307,-0.064796,0.338226,0.527635,-0.560872,0.919056,-1.084989,-0.684609,0.428664,-0.901607,-0.681541,-0.342651,0.156608,1.362299,1
-1.686256,0.144034,-0.257935,0.479847,-1.546773,-0.872054,0.046348,0.508553,0.793239,0.813170,1.552853,0.087048,0.492093,0.991195,0.837578,0.212553,-1.439887,0.391131,-0.052219,0.280507,-1.319513,0.539170,-1.394544,1.404977,-0.739004,-0.732887,-0.239361,0.628660,-1.239774,-0.225205,0.456244,0.755121,1
-1.559545,0.175983,-1.476053,0.577252,-0.962086,-0.156954,-1.899538,-0.222513,0.805717,-0.626033,0.485764,0.423874,-1.426524,0.725287,-0.217075,0.518422,0.288391,-0.147849,-1.388518,-1.332929,0.789952,-0.049044,-0.584691,0.541029,0.580636,0.810293,0.415523,0.481309,0.164644,0.295649,1.168185,0.173505,1
-0.832681,0.310806,-0.535206,-0.719121,-0.795584,0.458219,0.808423,0.657091,0.153697,0.320994,-0.673270,0.333902,1.305343,-1.337788,-0.017090,-0.311143,0.067169,0.142011,-0.352752,-0.897727,-0.429001,-0.640412,0.354174,0.376186,1.072030,-0.010439,-0.706071,1.587278,-0.437401,0.529229,0.933317,-2.198312,1
-1.008359,0.068139,-1.611053,-0.896575,-0.026005,-0.628086,1.100835,0.022484,0.171923,-0.595870,0.977082,-0.306553,-0.979417,-0.884543,0.071849,-0.319270,1.234198,-0.277202,0.608742,0.874541,-0.675381,0.146775,-1.974846,0.487560,-1.254312,0.359445,-0.510631,0.495029,-0.250376,0.723703,0.473693,-0.937949,1
-1.574522,1.462003,-0.529474,1.392398,0.890795,-0.087339,-0.095292,-0.937256,-0.483489,0.377794,0.706057,0.375985,1.037178,1.151734,0.370658,0.433826,0.051344,1.292763,0.595709,0.388440,-1.045800,0.400903,0.076997,0.002924,-0.513045,-0.665522,-0.684384,-0.218020,-0.515661,0.019233,0.651517,0.639033,1
-1.172853,0.744120,-1.564113,-0.032653,-0.348656,-0.349668,-0.268219,-0.680806,0.185516,-1.988244,0.929070,-0.932227,1.325534,-0.968272,0.369092,-0.260738,0.024384,-1.635894,1.133873,-0.825899,-0.462295,-2.618116,0.539126,0.687612,1.187285,-0.861822,0.209181,-0.127949,0.440741,0.300345,-0.048672,-1.970764,1
-0.801347,0.692877,-0.929178,-1.081322,1.443203,-0.863483,-0.180997,0.156230,-0.035405,1.179653,1.259645,-0.335502,-0.822161,0.743153,-1.343546,0.010373,-1.307998,0.853296,1.175910,-0.118830,-0.321525,1.148874,0.687421,1.081983,-0.610210,0.346681,-0.621654,0.149748,-0.279787,-1.083236,1.025051,0.302063,1
-1.294284,-0.199518,-0.221175,0.194179,0.075504,0.635597,-0.921397,-1.309446,0.754028,0.458065,-0.906339,-0.006192,0.070634,0.127958,0.108789,-0.027852,-1.060414,0.497421,1.516016,0.308295,0.639311,-0.547004,0.174018,1.843452,0.746622,0.879160,0.292573,2.129956,0.128037,0.769748,0.155092,-0.085542,1
-0.231903,-0.893353,-0.003107,-0.739614,0.617286,0.470553,0.403929,0.510736,0.297464,0.335998,0.350580,-0.095647,-1.177038,-0.408088,-0.807363,-0.821078,1.044004,0.093894,-0.751856,-0.452306,0.703369,1.070496,-0.284885,1.393959,1.114547,0.213996,-1.151221,0.235563,1.149379,-0.700576,0.064201,0.342381,1
-1.566577,-0.347445,-0.541614,-1.442422,-0.405727,0.792860,-0.170232,0.034725,0.399985,0.405535,0.874548,-0.692225,-0.038924,-0.323895,1.003413,0.216658,-0.776547,-0.516513,0.227139,0.752506,-1.154824,-0.754103,0.848163,-1.321284,-1.721719,-0.398380,-0.802826,0.781766,-0.995045,-1.210012,-0.194909,0.406892,1
-0.277119,-0.776740,1.058362,-0.632539,0.042836,1.282768,-1.196420,1.773694,-0.133785,-0.985696,0.298723,-0.065564,0.367076,-0.105622,-0.353906,0.637860,-1.320750,-0.229638,0.617561,-0.448090,0.871869,0.184975,0.990206,0.296808,-1.075728,0.795106,0.870590,0.622897,0.097914,-0.660549,0.701524,0.420137,1
-1.941466,0.048965,0.078976,0.917703,0.019326,0.235079,-0.513248,0.541825,0.829921,-1.210175,-0.078326,-0.037749,-0.814658,-0.069791,0.255358,0.964051,-0.799069,1.309163,0.513026,0.234583,0.351167,-1.059189,-0.785514,-0.103557,-0.944194,-0.588922,0.995790,0.401206,-0.225431,-0.374001,0.159509,-1.321757,1
-0.701527,-0.642603,-0.066527,-0.343897,0.496308,-0.512211,0.266071,-0.345896,-1.230317,0.892481,-0.290184,0.614836,-0.372533,0.049918,0.438959,0.485727,-0.431237,0.962041,-1.321244,0.764901,0.035537,-0.238611,0.331468,-0.047551,0.750508,-2.137501,1.626111,-0.720652,-0.084832,0.311312,0.137999,-0.732588,1
-2.281236,0.179991,0.095930,-0.317084,-0.396088,0.235498,1.126751,-0.292549,0.379703,0.250928,-0.842339,-0.551608,-0.638735,-0.188899,-0.754554,1.184181,-1.013993,-0.600911,0.542280,0.481987,1.295247,-0.461358,-1.567366,0.305747,0.164146,1.181230,0.574206,-1.534117,-1.248238,0.073255,-0.587720,-0.668677,1
-0.696059,0.454312,0.881780,-1.315564,-0.221558,0.227186,-0.576601,-0.317941,-0.256268,-0.519424,0.038531,-0.749066,0.529204,-0.248775,0.510722,-0.675152,0.462376,-1.194371,0.437414,-0.792654,0.082095,0.988182,-1.000667,-0.673658,0.619608,-0.885043,-0.819947,0.242638,0.322150,0.241169,-0.451842,0.861799,1
-2.024318,-0.836746,-0.558882,0.178159,-0.132819,1.495389,-0.491348,1.527392,-0.518288,0.833323,0.292866,0.764871,-1.161842,-1.907563,0.686340,-0.384420,0.886397,-0.406600,0.804763,0.228819,-0.583652,-0.428745,-0.007386,0.679929,-0.016561,-1.309649,-1.248764,0.161060,-0.046838,0.106632,1.153845,0.581087,1
-2.849151,2.180916,0.465608,-0.534249,0.215715,-0.068874,-0.103104,0.070740,-0.285509,0.383738,-0.012605,1.296353,0.399712,0.285799,0.293895,1.539172,0.623064,0.849254,0.895667,1.125974,-0.423949,0.008192,0.289507,0.714876,-0.586338,0.202811,-0.026673,-0.177958,0.162302,-1.139834,-0.716010,-0.975547,1
-0.905806,0.814166,0.809002,1.037819,0.673794,-0.075319,-0.254170,-0.343592,-0.290648,0.316966,-0.575792,-0.691296,0.633809,-0.718773,-0.066246,-0.033423,-0.473373,-0.088707,-0.109486,-0.423495,-0.956328,-1.742220,-0.404553,-1.032488,-0.415492,-1.595913,-0.412638,-0.432851,0.544008,0.383265,-0.495919,0.064413,1
-1.592547,-1.121496,-0.855159,0.131481,0.439839,-0.195546,0.669841,-0.138176,0.239183,0.658832,0.292135,-0.819077,-1.283956,0.258546,0.265897,-0.327081,-0.417725,-0.747251,1.282693,-0.180166,0.094224,-1.284168,-0.945302,-1.794311,0.217363,0.457992,0.069383,-0.004451,0.355487,0.410544,1.035966,0.797395,1
-0.900788,0.549217,0.875717,0.842318,-0.812124,-0.090979,1.997352,-0.039059,0.625096,-1.171640,0.984505,-0.379029,-0.349219,-1.131719,-0.649045,0.573521,-0.240790,0.054659,-0.147953,-0.631862,-0.086563,0.703668,-0.308303,1.141355,-0.517579,0.656014,-0.752780,0.332680,0.544483,-0.343679,1.139828,0.513742,1
-1.996776,-0.871381,0.855317,1.211576,2.037134,0.404729,0.417430,0.357714,0.024443,0.833118,0.637412,-0.206568,-0.110121,0.701627,0.677057,0.012113,-1.079831,1.404128,-0.405505,0.017541,-0.442453,1.196460,-0.747652,-0.420037,-1.360359,0.421455,-0.777233,0.260298,-1.184542,0.109590,-0.438488,-1.549387,1
-1.345665,0.396881,0.053265,-1.209220,-0.442872,0.880320,-0.729723,-0.374181,2.929921,0.614653,-0.597422,-0.582376,-0.828070,-1.444451,0.266045,0.861415,-1.087575,0.612286,-0.745262,-0.855422,-0.751719,0.486810,-0.719791,0.426512,1.414642,0.029709,-1.039615,2.134522,0.312406,0.940331,-0.247264,-0.657219,1
-1.154553,0.322911,-0.135236,-0.124108,0.534506,0.460073,-0.755958,0.267204,-0.662174,-0.162511,-0.723259,-1.574524,1.845543,-0.613943,0.375488,0.849129,-0.463847,-1.306475,0.056637,0.249773,-0.052935,0.738083,0.708237,-0.810095,-0.432749,0.532130,0.369815,-0.109390,1.067223,-0.825294,-0.485990,-1.213675,1
-1.528014,0.166264,-0.588746,-0.114873,-1.020418,0.812817,1.345731,-0.893465,-0.520484,-0.262599,0.214257,-0.954567,-0.608283,-0.153756,0.392869,-0.680108,0.528957,-0.088807,-0.136086,0.113776,0.064531,-1.384681,-0.411747,1.570960,-0.569662,0.065979,0.204244,0.066466,-0.850844,-0.259304,0.054447,-0.228437,1
-0.736949,1.016855,0.223150,1.009112,-1.317928,-0.460534,-0.291100,-0.906469,-1.266765,-1.275852,-0.329770,-0.603597,-0.822592,-0.696499,-0.159822,0.254210,-1.774406,-1.159980,-0.345247,-0.866364,0.300318,-0.207954,0.491684,-0.235875,0.640571,0.844895,0.204884,0.850405,0.409931,1.267733,-0.580718,0.746014,1
-1.954202,-0.762162,0.556174,-1.135007,-0.444008,0.106811,-0.007552,-0.399438,0.259099,-0.419344,-0.418243,0.274944,-0.244486,-0.632032,0.317064,0.169652,-0.039856,0.197990,0.149730,-0.594478,-0.732743,-0.002047,-0.279159,0.278974,-1.454913,0.755372,-0.813201,-0.803564,0.001885,-0.821917,-0.574965,-0.254294,1
0.047241,1.397573,0.816545,-0.844471,2.051225,0.152750,-0.106833,0.564163,-0.914848,-0.154547,-0.660627,-0.797574,0.295732,0.187385,-0.681487,-0.276462,1.323554,-0.068293,-0.240401,-1.215241,1.601373,-0.895036,-1.385156,-1.143692,-0.786591,-0.181893,-0.595093,0.541443,-1.638185,0.583613,1.160020,0.242656,1
-0.949856,0.497710,-0.969498,0.701443,-1.258367,-0.033237,0.029277,0.341091,-0.271702,0.079998,-0.062685,1.113445,-0.502623,0.119797,0.570427,-0.905885,-0.009080,-0.684479,0.480012,-0.341416,0.750991,-0.052427,0.968128,-0.755297,-0.102371,-0.884531,0.047521,-1.204703,-1.093137,1.419329,0.026280,-1.012997,1
0.117907,-0.360139,0.265684,0.908870,-0.283212,0.386523,0.142706,0.256094,0.196588,-0.454860,-0.307433,0.821838,-0.355078,0.097841,-0.444856,0.274833,-0.791107,0.218063,-0.622659,1.609343,-1.011476,1.059733,-0.512963,-1.167220,0.819776,0.413296,0.394391,-0.122316,0.157162,-0.182391,0.316918,0.855446,1
-1.393457,-0.079930,-0.363462,-0.788929,-0.380478,-0.199149,-0.242732,0.070052,0.444175,-1.342256,-0.991348,0.578727,0.692594,1.363298,0.031266,0.009628,-0.682130,0.352897,-0.735266,-0.206062,-1.264447,0.443568,-0.475035,-0.893352,0.536404,-0.589808,0.735965,-0.507648,-0.326571,-0.279101,-0.352073,1.243351,1
-0.679889,0.346461,-0.734094,-0.794374,-0.387595,-0.442711,0.612371,-0.561049,-1.126219,-2.263109,0.663896,0.921314,0.583740,0.323761,-0.814357,-1.539035,0.664954,-0.564232,-1.188942,0.539547,-0.237761,-0.544297,-2.003216,0.761440,0.037434,0.232889,1.077337,0.303706,-1.447676,0.333733,0.440520,-0.054953,1
0.232621,-0.812663,0.081369,0.447536,-0.473854,0.072744,-0.398054,0.569680,0.556045,-1.116433,0.256973,0.307609,-0.249287,0.344579,-0.190116,0.804231,0.235163,0.231911,-0.193539,0.306009,-0.563187,-0.305778,0.554637,0.718004,0.357974,1.060144,-0.534012,-0.475936,-0.351431,-0.507042,-0.814871,0.479215,1
-2.563246,-0.648575,0.317006,0.506208,0.273373,-0.156814,1.139633,-0.663085,0.411176,0.325368,0.209773,-0.431127,1.533140,-0.281053,0.224989,0.301913,-0.481075,-0.040895,0.378340,-0.571820,-0.940961,0.230516,0.107882,0.015746,-0.031243,-1.153847,-0.689331,-0.853307,1.207432,-1.372598,0.451237,-1.363641,1
-1.391981,-0.346506,-0.691150,0.864265,-0.961590,0.195306,0.832585,-0.819933,-1.886945,-0.067293,-0.714303,-1.721592,0.968686,-1.207683,0.227515,-0.196343,-0.192277,1.380139,0.126706,0.713832,-0.567222,0.355655,-0.567720,-0.366735,-1.161949,-0.292596,-1.075565,-0.102869,-0.764500,0.645184,-2.400966,-0.945415,1
-3.047207,-0.182702,0.143762,-1.605037,0.017993,1.244844,0.219815,0.060930,0.823055,0.210690,-0.630579,0.449190,0.894103,1.032156,-0.252329,-0.686121,-0.478079,-1.427648,0.104657,-0.474997,0.422807,1.099549,0.400000,0.222719,-1.691766,-0.775604,-0.856816,-0.044298,0.511953,-0.778315,-1.691630,0.908282,1
-0.694297,0.726435,-0.599057,0.410492,-2.482910,-0.252268,1.252892,-0.478082,-0.758924,0.120365,-0.008314,-0.676095,-0.230004,0.234708,-0.631312,0.705413,1.128715,0.098358,0.432367,0.219424,0.873071,-0.054207,1.642256,-1.015657,0.177754,0.850916,0.331390,0.793146,-0.262616,-0.099561,0.011118,0.220601,1
-1.010158,-0.064560,-0.681608,-0.943709,-0.297808,0.685201,-0.318763,0.377831,0.461029,-0.516093,0.518648,-0.012436,-0.147985,-0.887061,0.894696,0.448198,0.789392,-0.833694,0.314467,0.780370,0.109030,0.569181,0.157569,0.138481,-0.990482,1.369210,0.352986,0.533667,-0.628340,0.182532,-0.742270,-0.815386,1
-1.220104,0.023956,0.066685,-0.503521,-0.281436,0.072663,0.638765,0.651705,-0.659834,0.435032,0.311588,0.642774,-0.735563,0.148994,-0.726537,-0.667928,-0.117206,-0.555928,0.314174,-0.281946,0.163892,-0.533293,0.723937,1.035091,-0.515035,0.992730,-0.055280,0.839804,-0.342046,-0.187498,-0.644340,0.662205,1
-0.356525,1.755796,-0.764619,0.567730,-0.836853,0.523530,-1.443192,0.208424,1.066019,-0.554302,1.128704,0.929147,-0.529186,-0.238753,-0.013440,0.952902,-1.062516,0.774929,1.163541,-0.267884,-0.189071,1.190110,-0.476740,0.211818,-0.314681,-0.337869,-0.719667,-1.322615,-0.347688,1.261596,-0.447233,-0.243065,1
-0.706691,0.474089,-1.008742,0.655044,0.477862,0.247809,0.528320,0.719841,0.222076,1.115685,-0.542472,-2.144890,0.572060,-0.383191,0.038092,-0.592293,0.309232,0.107949,-0.916517,0.962339,-0.362277,-0.097832,-0.838713,-0.050448,-0.129433,0.045222,0.800628,0.141221,0.729223,0.797035,-0.251641,-0.645866,1
-1.796431,1.112575,-0.293403,0.611750,-1.443449,1.142413,-0.215577,-0.577876,-0.109938,0.381277,0.372567,0.014822,-0.199625,0.332301,0.354383,-0.500032,-0.206598,0.536958,0.245929,0.569062,-0.749719,-0.680628,-0.281944,-1.100697,0.486483,0.393028,-0.084328,0.515207,-1.163368,0.207297,0.963101,-0.571887,1
-1.965282,1.152817,0.367279,-0.826561,0.323640,0.364401,0.143009,0.294319,-1.904589,-0.661012,-0.329083,0.201860,0.771988,-0.337235,0.683004,0.660938,-0.459321,-1.178334,1.601786,1.579450,-0.711495,0.456242,0.057876,-0.948523,-0.430845,-0.314299,1.272561,1.204194,1.622113,0.332745,-1.163529,0.933668,1
0.158287,-0.395185,-0.736127,-0.147861,0.553296,0.462994,-0.075529,-1.412950,-0.148310,0.851990,-0.102589,0.375329,1.177118,-0.957495,-0.618817,0.332618,-0.557138,0.980343,-0.780426,-0.463226,-0.004320,0.809148,-1.767694,-0.935079,0.228599,-0.125607,1.092063,0.996787,-0.388458,0.524845,-0.807451,-0.192843,1
-2.523138,2.138440,0.888636,-0.228158,-0.208642,0.202158,-0.531205,0.122043,0.446075,-0.719900,-0.295402,-0.001436,1.857958,-1.075074,0.259729,0.172646,0.972830,1.358245,-0.421661,0.130027,-0.694086,-0.007642,-0.558022,1.286571,0.536803,1.310910,-0.103659,0.569263,0.577777,-0.643571,0.126592,0.943817,1
-0.548497,-0.260866,-0.467794,-0.608687,0.009591,-0.245387,0.408334,-0.850486,-0.236666,0.149340,1.040669,-0.466206,1.428879,-0.366643,0.401738,0.657556,0.032762,0.263300,0.565905,0.444005,-0.377520,0.794559,-0.912407,-0.315327,-1.225204,0.394697,1.027519,-1.012070,0.402996,-0.014529,-0.968044,-0.986632,1
-1.304404,0.891855,-0.634604,0.480388,-0.121048,0.125464,-0.007950,0.394509,-0.166227,-1.637796,0.319915,-0.548706,-0.739649,0.001788,-0.051054,-0.912701,0.384897,-0.306333,0.188999,-0.268871,0.031807,0.632651,-0.555537,-0.617523,-0.277526,-0.742096,-0.605356,-1.778158,1.848189,-0.278176,-0.988956,1.243467,1
-3.098902,0.224740,0.607987,-0.566173,0.585748,0.200830,-0.158489,-1.367141,-0.738385,-0.210973,2.146171,-1.044867,0.871539,-0.915817,0.053272,0.899128,0.792305,-0.255740,0.165359,0.540019,0.992507,0.595531,1.490750,-1.691285,-1.123109,0.145655,-0.255470,0.044265,-1.052922,-0.011053,1.357293,0.121151,1
-0.447888,-0.641651,0.962259,0.044928,0.118523,1.814506,0.248405,-0.530545,-0.680341,0.108656,0.571542,-0.129229,-0.446587,-2.181326,0.598284,0.164956,0.732835,-0.695233,-1.427443,-0.077349,-0.098451,-0.242357,-0.139423,-0.917033,0.302634,0.140127,0.718453,0.316301,-0.058945,0.246924,0.297631,0.981539,1
0.363849,-0.315270,-0.133331,-0.467089,-0.240764,-2.017365,-0.840902,-0.217675,1.463488,0.318253,2.291436,-2.212861,1.574507,0.010460,0.802478,-0.475447,1.014477,0.629243,-0.390656,0.203555,1.495407,0.368249,-0.069383,-0.655423,-0.451103,0.631567,-1.550238,0.150114,-1.340087,0.318211,-0.162197,-0.828839,1
-0.954890,-0.664322,-0.850070,0.605550,-1.104687,-0.928852,-0.061480,-0.797970,-0.522923,0.829428,0.566722,-1.094525,0.209237,-0.812311,0.063955,-0.598292,0.579124,-1.164506,-0.291709,0.550051,0.772875,1.209120,0.537931,-1.323394,-0.595639,-1.481210,1.138111,-0.816208,0.988978,-0.082518,-0.905329,-0.290228,1
-0.592595,-0.388276,0.373861,1.368160,-1.440794,-1.052769,-2.032786,1.208201,0.586885,1.410330,0.802893,0.255462,-0.176654,0.743729,-0.468275,0.867293,-0.421678,0.167618,-0.378835,0.387347,-1.132117,-0.379999,0.101521,-1.099646,-0.915920,0.741149,0.620841,0.405443,-0.107942,-0.513064,-0.115529,-0.306306,1
-1.397530,-0.227551,-0.205207,-0.908759,-0.302585,0.094529,-0.411807,0.514807,-0.414100,0.507575,2.158556,1.244010,-0.425918,-0.786744,-0.753589,-0.366423,-0.184917,-1.436369,-0.412258,-0.334487,0.321881,-0.134495,0.152724,0.397673,-0.323367,-0.998461,-0.111973,1.174181,-1.702105,1.370487,-0.431941,0.355089,1
-1.206418,1.484848,0.038298,2.023581,-0.062222,-0.192298,-1.386053,0.044549,0.352500,-0.798701,0.421913,-0.160164,-0.343452,-0.367777,0.369432,-0.381737,0.700287,0.428329,0.398489,0.666410,-0.086873,0.606832,-1.320713,0.164492,-0.369763,0.042481,0.751578,0.216359,0.052386,0.641965,2.087134,0.619148,1
-2.256768,-0.766141,-0.322088,1.719022,0.375557,0.400328,-1.432084,0.037855,-0.375582,0.704426,-0.105725,0.498736,-0.189112,0.433408,0.048172,0.747818,-0.091540,0.254402,-0.223614,0.224335,-0.837303,-0.026868,0.444736,-0.234483,0.106067,0.913143,-0.641362,-1.376485,0.653175,-0.140433,0.078055,0.725782,1
-1.135183,0.339012,0.434681,-1.181865,1.193797,0.945041,0.547317,0.549263,-0.008448,1.081904,0.133607,-0.906417,-1.132044,0.388219,0.088890,-0.279252,-0.575659,0.574279,-0.150745,0.075382,-0.992330,0.986981,-1.509099,0.543040,0.228306,0.115932,0.335734,-0.243176,-0.256654,0.581434,-1.596143,-0.096612,1
-0.855521,0.403364,-0.035128,-0.695714,0.709542,-0.719999,0.044138,-1.201020,0.239672,-0.417845,-0.168619,-0.535813,0.998023,0.948923,0.320982,0.156876,0.493127,-1.324143,-0.650968,1.018859,0.705041,0.324151,-0.105983,-0.603591,1.112043,1.098057,0.057061,0.255342,0.255260,0.021575,-0.428123,-0.925214,1
-0.901532,0.679384,-0.409405,0.113532,-1.224708,-0.341048,0.617321,-0.895521,-0.573892,1.366817,-0.412777,0.746576,1.294789,0.251671,0.269167,0.802452,-0.493765,-0.457406,-0.029052,0.209656,-0.551727,-0.876531,0.737478,0.622888,-0.397428,-0.439610,1.406901,1.028167,0.602163,0.409450,-0.611888,-0.224376,1
-1.019806,0.151159,1.375673,1.460309,0.537406,-0.689464,0.786484,-0.566925,0.156071,-0.394048,0.187463,0.916548,-0.007122,0.841625,0.002959,-0.511552,0.132101,-0.791114,0.879932,0.221336,1.288979,-1.059085,-0.855943,-1.317935,-0.694291,0.215631,-0.751986,1.108115,0.627697,0.806758,0.481506,-1.426795,1
-1.007308,0.738189,-2.164569,0.111829,0.492717,-0.624888,-0.562011,0.890106,-1.224577,-0.778710,-0.475691,-1.157306,-0.167301,-0.407816,-0.931092,-1.225883,0.663810,0.070046,-0.403927,0.588870,-0.207241,0.138561,-0.186384,0.673698,-0.183780,-0.559206,0.796162,0.424407,0.822348,0.480713,-0.064256,-0.526737,1
-1.962348,0.602337,-1.248765,0.449949,-0.692282,-0.344129,-0.130284,-1.095523,-0.405265,-0.776685,0.359186,0.192122,-0.751787,-0.004281,0.927109,-0.096363,-0.400495,0.365289,0.703659,0.084706,-0.402312,0.263219,-0.052062,-0.022484,1.018966,0.966648,-1.443250,0.490871,-0.199444,0.292744,-1.001613,-1.229477,1
-1.573327,0.483824,0.906710,0.351102,1.149338,-0.741068,-0.694098,-1.479931,-0.431247,0.297847,0.917495,-1.054028,-0.559949,0.372644,0.558511,0.684599,0.063720,-0.180450,-0.609750,0.319279,0.369662,0.561469,-0.097000,0.668650,-0.141869,0.071626,0.794898,0.779189,0.384185,0.368241,1.721136,-0.199928,1
-0.112734,1.072692,0.408340,0.333241,-0.025833,-0.098251,0.177300,0.760210,0.385092,0.400057,-0.094720,0.176091,-0.147206,-0.489280,0.137057,-0.714102,0.727199,-1.113169,0.019988,0.781370,0.595686,-1.548829,0.055029,-1.040056,-0.593936,-0.629379,0.212212,-0.564636,-1.199858,0.014688,-1.289972,0.169777,1
-1.175165,-0.489486,-0.620325,1.125599,0.009583,-0.189078,-0.428540,0.082885,-0.283840,-0.494409,-1.447959,-0.061709,0.914950,1.205965,-1.971576,0.044837,-1.025749,1.005988,1.250036,-0.166652,1.280296,0.578472,0.887419,0.693457,-1.471004,-0.395769,1.299456,0.213638,0.724328,-1.094525,0.842197,-1.264230,1
-0.630530,-0.058971,-0.587828,1.632425,0.341076,-0.502794,-0.331701,-0.555570,-0.231855,-0.103225,-1.207272,0.143027,-0.811324,-0.257472,1.066092,0.454623,0.912198,0.364784,-0.167187,0.700579,-1.004889,0.408568,0.638752,0.776288,-0.567008,-0.304438,1.208008,-0.882718,-1.273727,1.561241,-0.879048,0.101914,1
-0.212862,-0.938014,-0.962760,-0.230500,1.289376,1.875461,-0.476130,-0.383347,-0.357516,0.046074,-0.309120,-0.561944,0.365011,-0.050919,0.479184,-0.738110,0.872796,0.396534,-1.183274,-1.009200,-1.250200,0.241850,-1.354421,0.127209,1.128064,-0.410899,0.148599,0.077256,-0.544372,-0.174875,1.510769,0.107486,1
-0.022592,-0.813633,-1.430405,0.015074,1.333738,0.777858,1.138917,0.446752,-0.948080,-0.466829,0.978079,0.161208,0.294921,0.220239,1.102221,-1.059018,-0.286833,-1.632491,0.760051,0.587711,1.028228,0.627859,0.113208,0.371102,-0.278108,0.598530,0.078418,-0.320878,-0.172782,-0.375057,0.556398,-0.177899,1
-0.294612,0.181934,1.083623,0.480132,-0.285659,0.069379,0.548800,0.375861,0.907033,-0.948515,-0.798165,-0.418501,0.717181,0.987723,-0.106018,0.423079,-1.114160,-0.690151,-1.174030,-1.896098,-2.092675,-0.030859,0.089481,-0.246144,-1.121616,-0.619622,2.493141,0.926599,-0.001841,0.380899,0.450375,0.086181,1
-1.147865,-0.123289,0.716599,1.495565,-0.093536,0.704227,0.784775,0.148379,-0.698691,-0.343553,-0.975309,-0.905616,-0.543907,0.019105,-0.648986,0.353986,-0.159089,0.317658,-1.327822,-0.431138,-0.208807,0.401575,-0.355098,-0.926558,-0.518329,0.351981,0.331222,-1.172517,0.482551,1.181531,-0.672917,-0.094163,1
-1.046724,1.155599,-0.833185,0.639188,-1.004224,0.326780,-0.027736,0.790832,-0.188411,-1.402539,-0.129246,-1.469119,-0.357328,0.015320,0.307734,0.873256,0.641878,0.543351,-0.894090,1.131366,-0.511298,-0.549962,0.232327,-0.986736,-1.065341,-0.049408,-0.641658,0.852506,0.484100,1.594855,2.113535,0.851601,1
-0.764802,0.849672,-0.659031,-0.183298,0.906281,0.666635,-0.696311,0.559794,0.134823,0.583365,0.083634,-0.862147,-1.366495,1.614874,-0.699245,-1.142158,-0.303980,0.608217,-1.162737,-0.117568,0.006268,-0.243538,0.784193,-0.379480,0.817944,-0.133916,-0.711717,-0.478236,0.465459,0.480628,-2.186765,-0.360832,1
-0.171628,0.739911,0.353585,-0.692214,0.178312,-1.163560,0.199002,0.281111,-0.311016,-0.807245,0.919339,-0.209230,0.328926,0.772183,-0.550566,-0.000112,-0.259484,0.969314,-1.225413,0.217119,-0.708135,-0.958593,0.030420,-2.091966,-1.095643,0.191207,1.145549,0.539759,0.129361,-0.526591,-1.023551,0.163904,1
-1.808466,0.811114,-0.640835,-1.017477,0.588386,-0.449293,-0.325162,1.766577,0.144259,0.433755,-1.339789,-0.232124,0.417962,0.168269,1.711387,0.222723,0.731826,0.137104,-0.145560,0.557941,-0.206224,-0.049434,-0.116799,0.377812,-1.207496,-0.013556,0.138543,-1.256634,0.085030,-0.451494,-0.428214,-0.173961,1
-0.600262,0.121893,0.096299,-1.152561,1.088083,-0.071237,0.070874,-0.503725,0.214405,-1.268841,-1.287219,-0.489374,1.340873,0.553739,-0.068413,-0.951423,-0.810728,-0.345033,-0.281692,0.136248,-0.569543,0.935142,-0.453897,1.342674,-0.438463,0.947870,0.426337,-0.293096,0.290614,0.119943,0.655388,-0.660046,1
-1.323637,0.516291,-0.717022,-0.405287,0.049215,1.131357,0.591614,0.202570,-0.608197,0.130053,0.203951,-0.931237,-0.056603,-0.645370,0.024789,-1.118034,0.253059,0.840655,0.665944,0.334797,1.320596,-0.077121,-0.326313,-0.158617,0.886048,-0.439007,1.373097,-0.831000,-0.805517,-0.101415,-0.946338,0.152734,1
1.761193,0.434807,0.800566,0.568913,-0.995979,-0.059626,0.839710,-0.173819,0.013792,0.031260,-1.269978,1.186716,-0.095108,0.822212,-2.128934,0.225791,0.444166,0.528211,-0.793967,0.343361,0.941141,0.298121,-0.449207,-2.246598,0.677088,1.252185,-0.339561,0.508122,-0.681818,0.201337,0.882595,-1.624887,1
-1.953246,0.463550,0.168348,0.538594,1.100551,0.438065,-0.489383,0.495746,0.725205,0.520650,1.929326,0.740007,-0.859658,-0.693856,2.188007,-0.413777,0.208844,-0.310771,0.059813,0.615873,0.956365,0.727770,0.432651,-0.022710,0.195204,-0.239436,1.068963,-0.096059,-0.614988,0.926892,0.416456,-0.641858,1
-0.742708,-0.917157,0.014871,0.913072,0.136113,-0.926226,-0.331190,-0.501741,1.067889,-0.819259,-0.451467,-0.270773,-1.071530,0.227385,-0.125568,0.148148,1.129359,-2.013891,-0.827288,0.339650,0.095574,0.581817,-0.721682,-1.182198,-1.534271,-0.509651,-0.019227,0.608816,-0.586598,0.217460,-1.303258,1.537109,1
0.224952,0.223874,-0.274872,-0.805843,-0.375816,1.763503,0.493400,-1.271793,0.856602,0.684467,0.672477,0.639124,0.172172,-0.243016,-0.240600,1.148243,0.088960,-0.765315,0.789067,0.682292,-0.026606,-0.337638,0.197925,1.068005,0.588888,-1.189959,-0.032302,-0.281666,0.499146,0.116700,0.691080,0.226013,1
-0.386567,-0.545112,-0.558282,-1.092455,-0.465330,0.205441,-0.014479,0.788668,-0.176528,-0.447296,-0.161892,-0.091779,-1.239507,0.473867,0.059494,0.858140,-1.251336,-0.507970,0.157474,0.401709,-0.243963,-0.893336,-1.554992,0.361305,-0.088685,0.007504,-0.962100,-0.268232,-0.228749,0.074705,-0.237313,-1.345295,1
-1.471820,0.401938,0.920698,-1.202102,0.851806,0.544631,-1.176038,0.095089,1.256380,-0.159005,-0.002579,1.452322,-0.228071,-0.496886,0.038326,0.346275,-0.931695,-0.645919,1.278322,0.497722,0.781161,0.089979,-0.233114,-0.857295,-0.259057,-0.269880,-0.760421,-1.107693,-0.450469,-0.504304,0.538226,-0.749418,1
-1.353804,1.923865,-0.520418,2.380267,-0.319473,0.380415,-0.855391,0.299319,0.637598,0.692036,0.762519,1.880471,0.135007,0.194900,0.723842,-0.630053,0.205091,-1.665578,0.850133,0.513844,-0.285448,-0.833077,-1.045882,0.435176,0.755763,-1.362712,-0.139586,-0.082624,-0.582323,-0.104704,-1.558206,-0.077724,1
-1.134468,0.066870,-2.154049,0.045381,0.724560,0.031592,-0.297041,0.150605,2.148307,-0.879764,-1.158301,-0.676906,2.317239,0.478860,-0.068541,-0.408731,0.747911,-0.239879,-0.238359,-1.315705,1.266170,0.835274,0.942283,0.483885,-0.880389,0.449907,-0.181181,0.611748,-0.802319,-1.801137,0.585548,-0.265041,1
-0.852324,0.424121,-0.287546,1.151953,-0.989194,0.138951,-1.489334,-1.574796,-0.723934,-0.118306,-0.009024,0.065362,0.108308,-0.775740,-0.151986,0.180859,-0.113771,1.162778,1.351496,0.962563,-1.015661,-0.927637,0.458740,0.550859,-1.929925,-0.449068,0.112776,-0.041572,1.481499,0.467769,0.234747,-0.043812,1
-0.450822,-0.423514,1.576755,-0.771845,-1.738699,0.113324,0.070822,0.325932,0.644197,-1.337512,-0.146104,0.170263,0.799794,-0.298523,0.503435,-0.707822,0.426708,-0.349039,0.527735,0.309293,-0.270869,-1.000848,-0.368779,0.686502,-0.427767,-0.127708,0.281294,0.846365,-0.766649,-0.422447,0.956359,-0.550146,1
-0.386014,-0.457004,-1.037986,0.831719,0.607590,-0.745060,0.375496,0.089760,-0.717770,1.302660,-0.134837,0.293717,0.422360,0.321094,0.634449,-0.728827,0.887437,-0.864636,0.129004,1.494274,-1.215091,-0.712186,-2.022953,0.208863,0.534000,0.767518,0.719112,-1.843336,0.803555,0.972092,0.369865,-0.125998,1
-1.098564,0.829787,-1.291643,0.417823,0.465556,-1.228144,-0.439397,-0.187375,0.368892,-0.197429,-0.694117,1.314853,1.286354,-0.748011,-1.430430,1.274652,0.329390,0.799673,-0.584619,-0.070208,-0.440068,-0.252874,-1.079679,-1.132685,0.493363,2.194123,0.508275,0.416206,1.825176,0.851988,-1.311148,2.000990,1
-1.296997,-0.024359,0.495882,-0.268708,0.080755,0.341314,0.572110,1.007461,1.967640,-0.430450,-1.091546,0.457499,-0.991872,0.049267,0.615068,0.516551,-0.665700,0.051546,1.115007,0.713756,-0.934525,0.565651,-0.310068,1.496158,-0.539262,0.894690,0.759773,-1.229081,0.119590,1.551939,-0.993864,0.402826,1
-0.651219,-1.006851,-0.419175,-0.137455,0.473493,0.222141,0.489001,0.993488,-1.303292,-0.788278,-0.611797,0.641674,-0.526569,0.202738,0.018813,1.007826,-0.296881,1.430264,-0.167384,0.507658,2.004431,0.510646,-1.089013,-0.150130,0.200165,-0.132034,-0.816782,0.551666,0.925288,-1.342830,-0.518641,0.015019,1
0.280857,-0.184023,-1.222443,-0.498705,0.182408,-0.131750,-0.573547,-0.914215,-0.344114,0.050895,0.395461,0.271067,0.281279,-0.585194,0.368313,1.465187,0.030583,0.103704,-0.351359,-0.057534,-0.537766,1.761471,0.102390,0.405874,1.727681,0.452067,0.430001,-0.449297,-0.019156,0.264342,-0.809674,0.571792,1
-2.062966,1.063342,1.073747,-0.005420,1.470430,0.856389,-0.177921,-0.306509,-1.024602,0.833629,-0.526456,1.646875,1.065297,0.057673,-0.233932,0.615990,1.165164,1.651464,-0.014962,-0.968085,0.567554,0.023812,-1.769727,-0.161283,-1.486154,-0.249356,-1.242118,0.474241,0.130713,-1.264226,0.185015,0.405752,1
-0.905163,1.290617,-1.038931,-1.032223,0.404687,-0.035933,-0.127161,-1.314329,-0.835831,-0.481266,0.294482,-0.241149,-0.326458,0.313286,-0.529751,-0.965656,-0.663408,1.140122,0.852841,-0.355944,0.386820,-0.569811,-0.025301,0.832356,0.287944,-0.626219,-0.014739,-0.634276,-0.638098,-0.909756,0.402048,-0.378301,1
-1.205448,1.212719,-0.157768,0.327444,-0.386634,0.127227,-0.711440,-0.012140,0.365066,-0.334270,-0.219025,-0.829796,0.212914,-1.391800,-0.191436,-0.624886,0.612378,-1.166496,1.069864,-0.595090,0.255122,0.636660,0.789741,-1.756106,0.111470,1.060544,0.710726,-0.976884,0.247823,0.694334,-0.308329,-0.094191,1
-0.830709,-0.438799,0.849893,0.315399,-0.223740,-0.000237,-0.378531,0.399108,-1.716591,-1.209024,0.930186,0.424344,0.154380,-0.084215,0.663392,0.482435,-0.572934,1.886819,0.093798,1.613338,0.280454,-0.306576,0.483214,0.768492,0.789929,0.160195,-0.343366,0.076190,0.518414,0.755169,1.115450,0.546066,1
-2.350331,-0.772629,0.295235,0.120471,-0.183946,-1.209435,1.063253,-0.346721,0.405002,0.934668,0.526981,-0.710149,-1.372461,0.678954,-0.606824,-1.259482,-0.491104,-0.191918,0.188359,0.287300,-0.995929,-1.167749,-0.116356,-1.000285,0.064859,0.519873,0.217880,0.420181,-0.000958,0.955611,-1.872512,-0.491528,1
-0.312032,0.997409,0.303733,-0.036867,0.024770,0.498544,0.499992,-1.394720,-0.501750,-0.172449,0.428332,-1.364793,-0.796026,0.815927,-0.454365,0.426656,-0.562088,2.413474,1.743997,-0.319597,0.086666,0.904119,-1.501367,2.158661,-0.507885,0.045973,-0.278775,-0.443424,0.535601,-0.399713,1.075454,0.253873,1
-1.515212,-1.126318,0.283427,-1.306038,-1.185232,0.420075,-0.103523,-0.567243,0.526682,0.010537,0.077604,-1.448093,-0.278008,-0.201949,0.782671,1.362788,-0.629179,1.031311,-1.150296,-0.154376,0.688447,-0.663313,-0.403987,-0.461900,1.272178,-0.028834,0.565714,-0.457165,-0.285281,-1.070238,-0.877042,-0.464173,1
-1.812016,0.105349,0.536477,-1.798593,0.493705,-1.120661,1.785480,-0.846228,-0.092562,1.808030,0.979834,0.276084,-0.750972,0.976940,-0.131167,1.153217,-0.631399,-0.128588,-0.751345,-0.523537,0.006441,-1.103317,-1.313210,-0.667392,-0.161588,-1.339938,-0.058001,1.155284,0.360465,1.214677,-1.455373,-0.253076,1
-1.234358,-0.813182,-0.402536,-1.101930,-0.699347,-1.686426,0.620353,1.072674,0.177141,-0.699635,1.479032,-0.511008,0.538961,-0.402973,0.544074,0.434615,-0.419371,-1.155017,-0.705114,1.221417,-0.061653,0.889502,-0.806110,1.004096,-0.771610,0.140800,0.504751,0.824085,-0.164953,-0.251254,-1.196072,-0.825454,1
-2.158244,0.113347,-0.695797,-0.239929,0.004369,-0.806076,1.472527,0.159859,-1.252169,0.294981,-0.485486,-0.549975,-0.211814,0.165356,-0.042099,0.526629,0.383610,0.508686,-0.186254,-0.786905,-0.422796,-0.618034,-0.241119,0.698726,0.506643,-0.771205,-0.844620,-0.808351,-0.247600,1.000199,0.877945,0.803841,1
1.435929,-1.123851,-0.089470,-0.473486,0.267256,0.459317,0.069325,-0.893192,-1.160927,0.597361,0.874225,-0.520627,-0.090843,0.222933,-0.042503,0.729062,0.315026,0.673595,-0.038336,0.157898,0.906955,0.574645,0.250453,0.186676,0.401345,-0.877183,1.074200,2.018224,-0.431443,0.460198,1.686936,-0.130785,1
-1.905506,-0.892279,1.167197,0.235853,-0.630837,-0.100360,0.631270,0.694976,-0.164426,-0.258392,-0.719743,0.174392,-0.854900,-0.573521,0.945071,-1.678964,0.266433,0.296931,0.422287,1.040692,1.361450,0.636771,-0.320834,1.285197,0.481132,-0.065427,-1.127903,0.671274,-0.771049,0.531895,-1.078770,-0.741040,1
-1.258711,0.273689,0.602914,0.116424,1.446534,0.584366,0.826879,-0.918444,0.387988,1.302358,-1.241027,-0.301566,0.025729,0.970224,-0.265938,-0.249445,0.803509,-0.491825,0.487595,1.081082,0.615247,-0.269981,-0.701007,-0.624131,1.152291,-0.834989,-0.319438,1.099560,-1.240930,-0.852308,-0.101085,-0.085616,1
0.660470,-0.976011,-0.058395,1.148900,-0.380614,0.326434,-0.193537,-0.096831,-1.159466,-1.339091,-0.402269,0.823669,-0.314534,-0.929082,-0.829043,-0.060125,0.295231,0.688989,-0.176784,1.099483,-1.806449,-0.693340,0.984198,0.290224,-0.811145,0.742231,0.450795,-0.885167,-0.404896,-1.304623,-0.073570,0.423206,1
