3.456033,1.217763,0.963311,-0.361062,0.341947,0.121822,-0.506769,0.883757,1.123530,-0.511816,-1.063427,0.684833,1.406238,-1.346819,0.163049,-0.651740,0
1.019853,-1.052666,-0.169838,-1.208823,-0.266363,-0.277568,-0.631195,-0.460818,0.193480,-1.924731,-0.143113,1.168296,-1.195024,-0.789243,0.702599,0.367992,0
1.081679,-1.052026,-0.628756,-1.165120,-0.072343,0.191138,-0.115364,-0.328947,2.105839,-1.133200,0.418898,-0.007957,-1.051691,-0.065522,-0.051770,0.573808,0
2.235046,-0.617243,0.593525,0.454662,0.024852,-0.005573,0.423762,-0.401696,-0.245485,-0.274114,0.164839,0.224584,1.149655,-0.506676,0.079378,0.145626,0
1.329865,1.551225,-0.596927,1.297476,-0.187772,-1.040994,1.147133,-0.469223,0.521005,0.167327,1.034395,0.099876,-0.335835,0.389699,0.348325,-0.304757,0
2.778010,-0.502759,0.591484,0.432446,-0.436802,1.315135,-0.409673,-0.004730,0.100124,0.134392,-0.858573,-0.724193,0.071909,-1.187658,1.105371,0.503351,0
0.461986,0.040864,-0.930886,-0.419093,-1.475153,-1.358835,-1.512419,-0.523425,-0.702657,-1.006474,-0.062799,-0.847448,-0.122930,1.563660,-0.478126,-0.940203,0
0.137877,0.106342,-0.548008,0.087357,1.166503,-1.139643,-0.478049,0.533942,0.813361,0.327509,-1.052160,0.811843,-0.563602,1.781026,-0.309611,-0.374687,0
0.878025,0.235106,-0.518378,-0.570056,0.123399,0.069450,-0.738265,-0.467444,-0.191177,0.113897,0.407026,0.596004,0.154660,0.113351,1.191111,0.968814,0
0.949691,-0.024739,-0.440245,-0.299916,0.459122,-0.862482,-0.320734,1.281894,0.712412,-0.230432,-0.058382,1.521410,0.725230,-0.646201,1.147943,0.087696,0
0.838466,1.148956,-0.450314,-0.718591,0.079505,-0.716326,-0.148518,-0.175472,-0.294645,0.441154,0.464892,-0.456393,-1.732011,0.855364,0.103578,-1.433102,0
1.156066,-0.006698,-0.701379,-0.897583,-0.489594,0.381939,1.004890,-0.371847,1.155519,-0.812921,-0.219943,-1.843839,-0.691956,-0.758424,0.829335,-1.268862,0
0.132497,0.288034,-0.223702,-0.977190,-0.270017,0.099695,1.069854,-0.589301,-0.634361,-0.188335,-1.356267,-0.623382,-0.220376,-0.457664,0.160572,0.279373,0
1.403519,0.155634,-1.199006,-0.998450,0.423804,1.023679,-1.091564,-0.048184,-1.159656,0.586507,0.029436,0.669612,1.532099,0.000504,-0.298065,0.292137,0
0.400492,0.362600,-0.500171,-0.630714,0.149210,-0.452725,0.502163,-1.153613,-0.332490,0.146242,-1.444214,-1.508116,-0.121509,1.536813,-1.568541,0.547286,0
0.892425,0.712182,0.331024,-1.196100,-0.648452,0.073620,0.206317,0.884974,0.455125,-0.007962,0.035717,-1.111361,1.394988,0.080499,-0.492232,-0.684346,0
0.325898,0.697954,-0.211556,-1.045144,1.179587,-1.087131,-0.934994,0.010717,-1.517673,-1.018454,0.526644,-0.519563,-0.624812,-0.866570,-1.146732,-0.351566,0
1.080256,0.945220,0.078977,0.510689,-0.488245,-1.191553,-0.103004,-0.193840,1.298117,0.917510,-0.174343,0.030462,0.071164,0.888373,0.975651,-0.956527,0
0.865993,0.047435,1.575616,-0.495632,-0.668597,-2.019284,-0.471174,0.256446,0.689678,-0.634553,0.513995,0.477908,0.126251,-0.694311,-0.503716,0.346744,0
0.294587,-0.258765,-0.834767,0.172857,1.223543,-0.531687,0.143257,-0.792833,-0.988896,-0.321729,-0.094884,-0.424419,0.428281,0.040125,0.059930,-0.227926,0
1.943804,-0.079035,0.895042,-0.470360,1.719161,0.699363,0.225950,0.712394,-0.370591,-0.267401,-0.029543,0.394910,-0.728100,1.876854,-0.289545,1.684197,0
1.091437,0.471388,0.722251,1.727081,0.597224,-1.849757,-0.626873,-0.522793,1.199097,-1.663142,-0.517015,0.093027,0.706951,0.643508,-0.591507,0.893058,0
2.508227,-1.063062,0.552574,0.604292,0.177797,1.128118,-0.268037,0.136398,1.041566,1.580292,0.492746,-0.253067,0.990900,0.010206,-1.194437,-0.120819,0
1.155634,0.379698,-0.799448,-0.238178,-0.389339,-1.457286,-0.144397,-0.692147,-0.525710,1.038248,2.032827,-0.450537,-0.084884,-0.598609,0.581620,0.105947,0
0.146676,-0.964957,-1.857115,0.271342,-0.172628,-0.030419,-0.629192,-0.539249,-0.946542,0.290043,1.657970,-0.520919,-0.052864,0.787814,-0.669206,0.009026,0
2.748522,-0.047379,0.392670,0.885702,-0.095633,-0.819980,-0.056407,0.373071,0.312708,-0.042388,0.458375,0.719149,0.080933,0.671732,0.872373,0.131428,0
2.195397,0.871679,0.421547,-0.916437,-0.692209,1.079008,-0.762196,-1.126058,0.601722,-0.728604,0.010074,0.429429,0.914908,0.231148,1.586681,-0.163860,0
0.049428,0.208889,0.316355,-1.016887,-0.813156,-0.376427,-0.500100,1.582993,1.438292,-0.370505,-0.052830,-0.134714,-1.163659,-0.515234,-0.776590,0.342235,0
0.220362,0.294516,-1.051923,-0.289594,0.233834,0.029736,1.199096,-1.170795,-1.148091,0.249948,-0.871533,0.100888,-0.606880,0.879905,2.251387,-0.186858,0
-0.126774,-0.084415,0.650753,0.289117,-0.917313,1.013904,-0.229422,-0.079381,0.176429,1.221500,0.227480,0.563006,0.067779,-0.196580,-0.211100,-0.342739,0
0.962269,-0.763690,-0.977054,-0.170924,0.170990,-0.254871,0.009560,-0.757746,0.882506,0.009248,-0.451934,-0.373790,-0.138305,0.107720,-0.462640,-1.277689,0
1.291250,-0.322354,-0.693905,0.219941,0.674411,-0.324539,1.819436,-0.046048,0.260897,-1.105600,0.236291,-0.573271,-0.428048,1.239807,0.568241,1.066615,0
1.551169,0.729577,-0.323724,-1.135246,-0.444960,-0.368896,0.997449,1.137606,1.420785,-0.502821,-0.009773,-1.318202,-1.739300,-0.224870,1.131883,-0.389338,0
1.425694,-0.684318,0.771949,-0.634276,-0.617056,-0.944703,-0.498842,0.980461,-0.090666,-0.509820,-0.329019,-0.910482,-0.210138,1.025263,0.179487,0.212728,0
1.941498,0.933786,-0.121311,-1.018654,0.588412,0.520967,0.897570,-1.422739,-1.089117,-1.926804,0.129734,-0.403919,1.022910,0.153678,0.189545,0.499042,0
2.047932,0.696901,0.681014,-0.201896,0.134930,0.521652,0.752050,0.680860,0.533835,-0.069377,-0.397348,-0.574535,0.242537,1.269247,-0.261317,1.391083,0
0.848220,0.557400,1.549507,-0.705805,0.411994,-0.472543,0.518647,0.628567,1.568522,-0.804820,0.800645,-0.660935,0.475889,-1.209359,0.049271,-0.327238,0
-0.202940,-0.324095,1.063435,-0.518140,-0.660194,-0.672499,1.183866,-0.227502,-0.422289,-0.847692,0.930259,-0.577903,1.159712,-0.587799,-1.417449,-0.053733,0
0.514313,-0.854815,1.521752,-0.528182,-0.927032,1.158648,-0.128196,-0.117374,-1.417077,-0.926809,-0.621914,-0.261865,-0.617432,0.398900,0.470572,-0.212273,0
0.840707,-0.173391,0.862359,-0.272898,0.770094,-0.865490,-1.627445,1.074518,-0.301012,-0.516671,0.872201,0.616573,0.584765,-1.624286,0.350399,-0.634923,0
1.107185,-0.505644,0.154769,-0.370886,-0.748135,-1.747986,0.303635,-0.330166,0.247733,-0.887029,-1.543286,0.034503,0.195908,0.262259,0.881945,-0.521920,0
1.433851,1.671057,0.059712,0.050870,0.067688,-0.615694,-1.469571,-1.507611,0.905367,0.467899,-0.396537,-0.090057,-1.661031,0.854751,0.469998,1.599197,0
1.279129,0.695590,0.555163,-0.785277,0.227531,1.232847,-0.178573,-1.654982,-1.190692,0.146319,-1.423978,-1.149549,0.243104,1.123800,-0.880729,-0.188525,0
1.872240,0.849890,-0.583984,-0.600227,-0.511527,0.063553,-1.312514,-0.087511,-0.300700,0.141604,0.021492,-0.317888,1.079142,-1.166847,1.445152,-0.419990,0
0.482645,0.657974,-2.038322,-0.354005,-0.397911,0.991787,-1.912146,0.984552,0.617652,1.130131,-0.519157,0.231086,-0.082905,1.016121,-1.956866,0.072829,0
2.201237,1.635753,-0.012915,-0.120137,-0.768883,2.191120,-1.155378,0.713883,-0.303318,-0.803179,-0.099685,1.479363,-0.562367,0.595719,-1.102209,0.346247,0
2.332422,-1.143051,-1.473762,-1.002491,-1.110023,-0.041671,-0.013627,0.606508,0.695379,1.359370,0.117674,-0.367162,-1.805310,1.188265,0.230098,-0.726440,0
0.921881,0.594428,1.059938,0.242337,0.401908,-0.350949,0.896231,-2.043551,-0.296751,0.002334,0.357211,-2.116043,-0.969469,1.004338,0.363459,0.770785,0
1.550765,-0.582083,1.136341,1.371990,-0.948817,-1.036332,-0.687090,-0.728861,-0.883453,0.906499,0.146659,-0.094081,0.858074,-0.437870,-0.140779,1.076117,0
0.353197,-0.153078,-0.258539,-0.276807,-1.110286,-0.548556,-1.097398,2.164259,-0.800252,1.187390,-0.407322,-1.602627,0.251371,0.274052,-0.161198,0.636218,0
0.155689,-0.852774,-0.860936,0.357167,0.965426,-0.712281,0.093189,0.693205,-0.325851,0.184051,1.198900,1.002497,-0.983227,-0.134030,-0.451931,1.798667,0
-0.085943,0.476340,0.547904,-0.542831,0.941068,1.573234,1.998049,0.826498,-0.027910,0.669484,0.337872,-0.306873,-0.130366,0.380709,-0.484533,0.183496,0
-0.325091,0.147609,0.845347,0.233324,0.363285,0.055459,0.769644,-0.752438,0.600021,0.433434,-0.119690,0.660530,0.887902,0.508162,-0.316110,1.193850,0
1.128589,0.951854,0.521979,-0.435866,-0.758157,0.402386,0.140783,-1.389399,0.010279,-0.003091,1.574016,0.070340,1.171194,-0.083636,-0.754641,-0.605266,0
1.028498,1.799040,0.956537,-1.471504,0.079970,0.095055,-0.209956,-0.275834,0.551571,-0.401471,0.603355,-0.027026,0.619717,0.130621,-0.320651,-0.327227,0
-0.432436,-1.187620,-0.692341,0.625046,0.743966,-0.135464,-0.405715,0.104884,0.658397,-0.105403,1.187227,-0.355953,-0.398867,1.464246,0.309474,-1.289356,0
1.063270,0.791584,-0.412381,0.730882,-0.440569,0.038261,1.163889,0.470123,0.997977,-0.107338,0.543047,-0.298248,0.032753,0.577062,0.619669,-0.510237,0
1.145303,-0.131315,-0.368857,0.423742,-0.236490,1.341830,-0.304847,-1.243923,1.139415,-1.195624,0.743760,1.488152,-0.469010,-0.681032,-0.064759,0.179864,0
1.193074,0.150961,-1.405887,-0.935835,1.720059,1.755296,-0.643699,0.107355,-0.311929,1.466044,0.380685,-0.212892,-0.862325,-0.369644,-0.337801,-0.044429,0
0.387662,1.019602,0.863076,1.034075,-0.671663,0.248035,-0.689305,-0.518604,-0.249873,0.083265,-1.456554,-0.513861,0.127663,0.844905,1.096348,1.581388,0
0.529415,1.291517,0.612727,-0.584767,-0.058845,0.828097,-0.368217,-0.687709,-0.258128,1.158205,-1.026027,0.561449,1.596738,0.540535,-1.038934,-0.178589,0
1.742271,0.351043,0.138175,0.293497,-0.574441,-1.127378,-0.474428,-0.211307,0.764519,-0.120290,-0.956497,0.553929,0.603874,0.130506,0.641652,-0.183141,0
2.008831,0.304455,0.496291,0.079170,-0.170007,0.762250,1.516272,-0.634214,-0.257332,-0.305822,-1.025472,1.385600,0.372242,-0.638623,-1.279914,0.609635,0
0.999077,-0.933808,0.869622,0.803247,-0.314830,-0.194505,1.361727,0.486806,1.351603,1.208902,-0.243927,0.222970,-0.814597,0.339982,-0.193464,-1.301195,0
1.367405,-0.810500,0.274049,-0.608187,-0.433029,0.117621,1.757435,2.070963,0.164525,-0.930790,1.260000,-1.055513,-1.112292,0.113224,0.214143,-0.703161,0
1.027019,-0.244797,0.771145,-0.303738,-0.320747,0.364463,-0.260878,0.126137,-0.875037,-1.170876,-1.134459,0.921038,0.428768,-0.001846,0.209051,-1.124722,0
0.939217,-0.449153,-0.226702,0.437124,0.651641,-1.089360,-0.640071,-0.151720,0.501661,0.713082,-0.067547,-0.937321,-0.608549,-0.676001,1.020579,0.452291,0
1.734168,0.060383,-1.275386,-0.434029,0.839868,0.458571,0.058249,0.440075,-0.183226,-0.427733,-0.243233,0.057613,-0.787234,-0.098656,1.139831,0.396461,0
0.703417,0.454839,0.678671,-0.903077,-0.690450,-0.941909,-1.394462,-0.397197,0.817294,-0.235146,0.881401,0.314444,0.720901,0.410990,0.819907,-0.801256,0
2.634094,1.106009,-1.195301,-1.070902,-0.819617,1.411052,-1.008528,0.577444,-0.793879,-0.016526,-0.168157,0.352278,-0.470259,-1.144787,0.572633,0.509790,0
0.445854,-0.750660,-1.334998,-0.328163,0.576501,-1.217498,-0.800986,0.655972,0.495991,0.132577,0.891352,-0.313720,0.187858,-0.301865,0.389801,1.246295,0
1.361560,-0.010983,-0.267919,-0.322208,-0.063998,0.787716,0.562667,0.829633,-0.744701,0.004721,-0.405920,0.465856,0.600641,-0.732623,-0.974767,0.432347,0
1.835357,0.352968,-0.584129,-0.079323,-0.171216,1.253616,-0.381018,-0.199914,-0.199504,-0.453822,-0.788961,0.152935,-0.381261,-0.686462,-0.708002,-0.321903,0
1.052102,0.618855,0.614167,-0.475187,-1.010527,-1.266459,0.130899,-0.831296,0.260254,0.407229,-0.428987,0.626846,-0.541482,-0.315732,-0.573732,1.114469,0
0.290540,0.114957,-0.460806,0.439897,1.104469,0.615501,-0.152795,0.448602,-0.964311,-0.699891,-1.273641,-1.129450,0.807331,-0.875547,-0.434627,-0.303159,0
1.367455,0.733343,0.921090,0.097295,0.462257,-0.395218,-1.296118,-0.213810,0.975795,-0.798915,0.819153,-0.172591,0.147365,1.121348,2.216785,0.817673,0
0.968641,1.080865,-2.063527,-0.115235,-0.198929,-0.229657,-0.065692,-1.272975,-1.110672,0.015849,-0.688817,-1.234119,-0.480823,0.416539,-0.349992,0.201616,0
2.343639,1.128397,-0.019980,-1.007279,-0.004255,0.473818,0.292478,-0.742566,-0.777780,-0.541957,-2.413372,0.818051,0.087497,0.523787,0.413012,-0.706039,0
1.521308,0.093162,0.333292,-0.120818,0.156016,0.856137,-0.302871,1.037973,0.089121,-0.790651,-0.002277,0.945659,-0.612859,0.369500,1.151080,1.510213,0
1.629962,-0.353082,-1.047088,-0.326837,0.029010,0.300546,1.020652,-0.117716,1.399711,0.064149,-0.375133,0.063372,-0.218169,0.187790,-0.941956,-0.117516,0
0.565256,1.478428,-0.504538,1.086024,0.398384,-0.181529,0.279993,-0.216085,0.642867,-1.483322,-0.201910,-1.151331,1.848124,-0.059347,0.388452,0.035733,0
0.849899,-0.177823,0.968614,0.854853,-0.103126,-0.253794,-0.749641,0.462452,-0.169297,-0.063189,-0.291926,0.973709,0.034333,0.239095,1.054546,-0.262600,0
1.267999,1.492236,0.121633,-0.394395,-0.075107,-0.242707,0.040060,0.062042,0.237221,-0.850407,0.918896,0.086296,0.352530,-0.217556,-0.900942,0.162588,0
2.049912,-0.403877,-0.212430,-0.142797,-0.238610,0.002254,-0.172156,1.249765,0.496002,-0.369868,-0.111742,-0.240007,-1.091671,-0.626628,-0.996250,-0.717325,0
1.567881,-0.837088,0.865989,0.933580,0.360321,-0.246913,0.824057,-0.156485,-0.839832,-0.009545,0.427992,0.849908,-0.044658,0.224855,0.488005,-1.138127,0
0.719076,-1.470142,-0.085338,0.165850,0.195842,-0.105188,-0.338257,-0.134926,0.067941,0.792311,0.440832,-1.264675,0.844038,0.227542,0.859175,-1.180553,0
1.793944,1.273978,1.631686,0.035917,-1.385123,-0.371948,-0.287069,0.774378,0.637557,0.277050,1.763410,1.485284,-1.232375,-0.745584,-0.111194,-0.044835,0
-0.181391,-1.338360,-0.396703,-0.083426,1.359501,-0.067438,0.580867,0.530032,-0.289144,-0.112274,0.273441,0.187266,-1.589426,-0.058689,-0.017816,0.386411,0
1.059884,0.669355,0.891783,0.806561,0.132764,0.624659,0.423374,0.844874,0.194188,-1.187510,0.042685,0.664762,-0.135522,-0.540256,0.255965,-1.439630,0
1.185666,0.090122,1.182995,0.051855,0.481083,0.298299,-0.917812,-0.058249,-0.187679,1.707587,1.248510,1.063460,0.145612,0.833650,-0.059948,-0.817793,0
0.358854,0.510959,-1.216555,0.165845,0.675380,0.225864,0.896351,-0.130284,-2.236444,-0.014790,1.397764,0.527944,0.338601,1.069019,0.318667,0.548423,0
-0.321771,0.807394,-0.265688,0.734656,-0.487023,-0.112171,0.243817,-0.435165,-0.112475,1.444629,0.437761,0.684123,0.260582,-0.293663,0.301893,-0.440224,0
0.815174,0.560244,-0.058116,-1.754880,2.243486,0.154145,-0.647067,-0.663523,1.170823,1.331771,0.516883,-0.167454,-0.142133,-0.230358,-0.226958,1.462465,0
1.021462,0.829083,-0.639879,0.618435,-0.564446,0.355231,0.240942,0.146767,0.728477,0.666729,0.059954,-0.975753,0.516135,-0.141652,0.120922,0.945706,0
1.094505,-0.813179,0.115718,-0.181947,-1.129754,0.401721,-1.814558,0.733885,0.247986,0.280529,-0.010041,0.224425,-1.114373,0.443058,-0.099875,0.153470,0
0.483270,-0.308319,0.477610,0.158648,-0.871456,-0.697882,-0.082912,0.244551,-1.920946,-0.188597,1.067497,0.148697,0.540928,-1.267170,0.279990,-0.000732,0
2.142202,0.705962,-0.597198,1.038621,0.690519,-1.151686,1.646869,0.043496,-0.418155,0.610405,-0.135262,-0.421480,0.476337,0.764421,-0.153500,0.364511,0
1.178393,-1.510422,-1.120847,1.173447,-0.009982,0.396699,-1.268844,0.060493,1.620435,0.218869,-1.225312,1.572031,-1.892183,1.886765,-0.324906,0.060989,0
1.628994,-1.824284,0.014334,0.979349,1.729771,1.141536,-1.105836,-0.317914,-0.040768,-0.998044,0.121339,0.550061,-0.118338,0.624278,0.607187,-1.069359,0
1.556391,-0.270431,-0.501103,0.699730,0.874939,1.291018,-0.450510,-0.878364,0.924846,-0.044806,-0.338769,1.177274,-2.903308,-0.092326,0.069832,0.053358,0
1.584750,-0.511905,0.261712,1.076146,-0.848555,0.197589,0.293151,1.037306,-0.133293,0.230399,0.476763,-0.333544,0.734387,0.140329,-0.164863,-0.893411,0
0.974598,1.253567,-1.872164,-0.498953,0.759094,-0.390895,-0.361633,-0.360360,0.988468,0.369174,-0.506565,0.173459,-0.665689,0.325370,-1.050118,0.411448,0
0.531577,0.589265,-0.410417,-0.857532,-0.180022,0.314666,-0.956482,-0.696745,0.632135,1.360025,-0.013743,-0.213274,0.300285,-0.897978,-0.014308,0.351905,0
2.283906,-0.889576,0.931765,0.457533,-0.804860,0.844761,0.649789,0.190914,0.588630,-0.205367,-0.785591,-0.250893,-0.837567,1.891389,-0.788458,1.107659,0
1.620111,0.259272,-0.238159,-0.705534,-0.194122,0.290853,0.607617,-0.667191,-0.602981,-1.468631,-0.094539,0.728885,-0.095397,1.230653,-0.333204,-1.047705,0
0.626107,0.042421,0.087994,0.105668,0.036876,1.530453,1.043549,-0.779663,-0.284719,-0.656305,-0.557972,-1.020829,0.094656,-0.667481,-0.661116,-0.357077,0
1.862411,-0.540659,-0.894776,1.009933,-0.138079,0.949845,-0.627635,-0.282712,0.791362,-0.160675,-0.362628,-0.395653,1.222200,0.451400,0.953493,-0.282257,0
1.130614,1.053879,-1.334788,-1.173655,0.035437,0.203989,0.893657,1.326813,-0.389213,-0.043003,0.190427,-0.055637,-0.022261,0.215760,0.077366,0.395124,0
0.991447,-0.741227,-0.586019,0.142195,0.216112,-1.547651,-0.517344,0.791176,0.440754,-1.079293,-0.221521,0.568861,-0.637189,0.287243,0.309705,0.051361,0
0.514139,-0.559764,0.023994,0.237577,-0.733266,-0.831876,0.097783,-0.183561,0.070278,-0.995109,-0.063698,0.038033,0.560294,-0.617748,-0.251622,0.728291,0
1.061941,-0.981378,1.128908,-0.090986,-0.771497,-0.966301,-0.497612,-1.201131,0.186493,-1.442295,-0.549312,0.554821,0.648729,0.058421,0.655765,0.540098,0
0.729379,-0.478643,-0.491411,0.794624,0.244950,0.995930,-0.891471,-0.713027,0.723501,-0.203033,-0.613570,-0.132314,0.625832,-0.841237,1.386600,0.720831,0
-0.639234,-0.431511,-0.272001,1.037037,0.662871,-0.887797,-1.079499,-1.008791,0.717442,0.057781,-1.142312,0.544340,0.910495,1.999163,0.257344,-1.239433,0
0.949667,-0.538281,1.047112,-0.936420,0.149822,-1.441955,0.512594,-0.257316,-1.432492,-0.865184,-0.785514,0.313186,0.782232,-0.553785,-1.130488,0.520749,0
0.208222,1.345467,-0.700249,-0.326413,0.590840,0.881640,-0.265523,-0.266557,0.878786,2.186140,0.907377,-0.036547,-0.714512,1.729755,-1.164000,-0.741727,0
2.112983,-0.376224,0.318751,0.610877,0.637611,-0.338175,1.277812,-0.792510,0.515772,-0.716942,-1.264035,0.591456,0.046419,0.473038,-0.068588,0.870539,0
0.977863,-0.290754,0.923791,-0.863792,0.562600,-0.641298,-1.297027,0.413862,-0.334631,-0.952797,0.639068,0.588680,-0.118569,-0.336411,1.072213,0.643891,0
1.626194,0.208055,0.357789,-0.839278,0.100882,0.919151,0.099098,-0.530155,0.649598,-0.943179,-0.299380,0.550375,0.077630,0.403678,-0.014727,0.601005,0
0.521763,0.196660,-0.448423,0.767351,0.541981,0.189353,0.722185,0.547632,-0.909657,-0.296762,0.233328,-0.049190,1.572338,1.215887,-0.262529,1.345803,0
-0.521094,0.228644,-0.498390,-1.370975,0.408812,0.096208,0.667439,-0.722008,0.044296,-0.780672,-0.046105,0.202132,0.218790,-0.267783,-0.027993,0.105554,0
-0.187446,-0.224965,1.057015,0.589100,-0.554784,0.637293,1.169289,0.252336,0.752923,-0.387635,-0.574930,-0.458270,0.430418,1.688173,1.132200,0.868442,0
1.971151,-0.084066,-0.276054,0.761185,0.635426,0.463324,0.241413,-0.286033,-0.840240,0.287799,-0.580533,-0.691518,0.388457,0.442533,0.100931,0.220793,0
1.074310,-0.006869,0.547072,-0.687629,-0.854220,-0.369052,0.507048,-0.496279,1.064139,-0.546263,-0.682797,0.737903,-0.615631,-0.424609,0.084749,0.326859,0
0.637446,-0.631664,-0.073396,0.005550,0.992498,0.354044,-0.195546,0.189433,0.780848,0.056357,-0.135592,-0.042808,-0.416035,0.233256,-0.138790,0.031579,0
1.565013,-0.044901,0.243363,-0.195083,0.848102,-1.444486,-0.071534,-0.183088,-0.380291,0.779618,0.231742,1.033904,-0.327148,0.532113,-0.736367,0.749908,0
-0.077860,0.310345,0.389467,0.715650,-0.483175,0.179033,-0.932878,1.305646,-0.417952,0.310841,-0.351160,0.047071,-1.331000,0.220070,-0.513547,0.386679,1
-1.109743,-0.501398,1.034673,0.614124,0.165665,0.365840,-0.121982,-0.131145,-0.774291,0.676620,0.820359,0.168346,-0.254821,0.042504,1.517683,0.089788,1
-1.879561,0.240021,-0.608069,0.526428,0.482153,0.002778,-0.128612,0.901975,-1.026209,0.080751,0.549964,-1.406138,-1.024910,-1.300095,0.462549,0.923537,1
-1.415605,-1.739809,0.228598,-0.916460,-0.271706,0.126077,-0.678151,-0.388516,0.294283,-1.283261,-1.064525,-1.258909,0.249059,1.206441,1.533029,0.463022,1
-0.892478,1.325567,0.309863,0.018157,0.431740,-0.409428,0.849544,-2.046775,0.493809,0.838821,-0.411354,-1.255498,0.766799,-0.115232,-0.057502,-0.158094,1
-0.186750,1.156127,-1.177056,1.669813,0.722182,-1.246079,0.274262,0.377199,-0.750398,-1.209376,-0.661871,-0.461090,0.142155,-0.022228,-0.172377,1.252739,1
-1.212054,-0.191922,-1.044512,-0.170983,0.645240,-0.847886,0.175766,1.199239,-0.052456,-0.094286,-0.247938,-0.431195,0.059092,0.098985,-1.936806,0.083813,1
0.013347,-0.771218,-0.130843,-0.149622,-0.303171,0.611661,0.272213,-0.240028,0.034050,-0.132449,0.225505,-1.752869,-0.052917,0.658424,0.018695,-0.591535,1
0.211511,-0.153895,0.307216,1.040174,-0.854113,0.033123,-0.756524,1.411600,0.930800,-0.806987,0.791345,0.528114,-0.517542,-0.470110,0.362891,-0.470631,1
-0.962632,0.798274,0.400629,1.003266,0.954863,0.367208,-1.465823,-0.074189,-0.078718,-1.007166,0.444178,0.525789,0.322025,0.401557,-1.979289,-0.087192,1
-0.658163,0.109827,0.543363,-0.386156,0.678939,-0.025944,0.516848,-0.701285,-0.325447,-0.489823,1.721667,1.846645,-0.153021,0.439505,-0.568665,0.526950,1
-2.476911,-0.205871,0.597521,0.588912,1.744292,0.628203,0.899627,-0.006150,-0.573425,-0.344407,-0.457890,1.630868,0.044128,-0.737606,0.645383,-1.011270,1
-1.073492,0.518458,-0.713597,1.443983,1.105355,-0.775801,0.109494,0.589346,1.162124,0.368337,0.198484,-0.548188,1.188829,0.173774,-0.777278,-0.445890,1
0.514829,0.262017,1.711065,0.201011,0.929383,0.984575,-0.406575,-0.557719,0.499453,-1.912725,0.175929,1.475114,0.093735,0.524692,-0.779386,-0.191502,1
-1.368079,1.002703,-1.163209,0.920830,0.401046,0.479904,-1.300569,0.294617,-1.042997,0.299599,-0.803933,1.051285,0.319115,0.038583,-2.168078,-1.129407,1
-3.172549,0.195507,-0.242566,-1.001538,0.355623,0.677964,0.929325,1.927161,-1.224787,-0.770819,-0.154955,-0.230700,0.083295,0.549377,-0.081221,0.836428,1
-1.357422,-0.010989,-0.315705,0.000919,0.180882,-0.525328,0.894892,0.216778,-1.013628,-0.369513,1.064263,-0.878086,-0.341296,-0.088945,-1.557774,0.223845,1
-1.742408,0.529671,-0.405178,0.156920,1.947082,0.250885,0.580183,-0.081981,0.136028,0.624327,-0.613573,-1.644583,0.262211,-0.197318,-0.260631,0.055140,1
-1.491930,0.450131,-0.314581,0.209975,0.420563,0.180001,-0.505771,-1.106420,0.116520,1.280462,0.563562,0.570384,0.048285,-1.203353,-0.762684,-0.384282,1
-1.348275,-1.035732,-0.599467,-0.746153,-0.100441,0.524743,0.111242,0.195628,0.238825,0.629331,0.782039,-0.119806,-0.768640,-1.371018,1.154255,0.194021,1
-0.806364,0.497189,-0.166409,0.491269,-0.009102,-0.140088,0.600785,-0.706665,-0.102479,0.685291,0.103891,-0.154403,0.382209,-0.891849,0.455750,0.439165,1
-1.264411,-0.232636,-1.206954,-0.065035,0.773270,1.243184,0.962206,0.333344,1.045632,0.421776,0.156560,0.314687,-1.021679,-0.815206,0.774224,-0.058009,1
-0.645935,0.536987,0.387789,-1.234838,1.010210,0.211989,-0.705666,0.674183,0.593407,0.711473,0.184067,0.479118,-0.453142,-0.432317,-0.731271,-0.119942,1
-1.962623,0.633437,0.494017,0.090667,-0.955414,-0.652403,-0.681118,0.035972,1.255948,-0.459473,0.779930,-0.859879,-1.556977,-0.563939,0.080421,0.513076,1
-1.159590,0.188595,-0.413372,0.129801,0.299102,0.309946,-0.382174,-1.822459,-0.756018,-0.285013,-1.296346,0.335411,0.581089,1.905506,1.196901,-0.569890,1
-1.138974,-0.430978,1.756522,0.586253,1.817877,0.643130,-0.151600,-1.874737,0.042722,0.722167,-0.221916,0.969700,-1.030327,-1.185412,1.599235,-0.145239,1
-0.791492,1.274377,0.211604,-0.806022,-0.546306,-0.868457,-0.764714,0.666780,-0.134567,1.346548,-1.138225,-0.949011,0.118971,0.124434,0.185045,-0.612469,1
-0.398901,-1.260509,-1.271388,1.003856,0.271409,-0.263521,0.170956,0.354527,0.705004,0.665684,-0.362166,1.206326,1.462441,-0.000703,0.033873,0.177550,1
0.525605,-0.587747,-0.495358,-0.557865,0.512061,-0.095635,0.861307,0.847148,-0.695689,-0.469605,0.989259,-0.715843,-0.669824,0.266958,0.154505,0.302503,1
-0.646590,-0.510313,0.176293,1.838717,0.600960,-0.889988,0.657343,-1.157447,0.441255,0.447729,0.738567,-0.386633,0.815306,-0.360336,0.948486,-0.077829,1
-0.614565,0.091787,0.079168,-0.115423,2.007149,-0.952917,-0.628450,0.326822,0.352925,0.370795,0.546391,1.054010,0.015947,-0.448717,0.276733,0.309408,1
-1.297853,1.921346,0.734345,0.402791,0.634932,0.146069,-1.714169,1.116395,-0.117680,0.517530,-0.759313,-0.149498,0.507457,-0.183990,0.169822,-0.093954,1
-0.668372,-1.326159,1.324185,-0.431183,0.027109,0.382672,0.850148,-0.249964,-0.366327,-0.386567,2.412360,-0.468359,0.072100,-0.414057,-0.232113,-0.963144,1
0.203368,1.401695,-0.787800,1.258012,-2.023047,0.380105,-0.256638,1.173593,-0.545556,-0.348303,0.896000,-0.578735,0.841723,0.107975,-0.245885,-0.293051,1
-1.822013,0.826067,-1.534331,0.974769,-1.101700,1.547470,0.677649,0.834699,-0.359236,2.051497,0.333592,0.339793,0.354600,0.944942,-1.089244,-0.661635,1
-0.432502,0.953991,-0.665747,-0.675671,-0.987486,-0.946460,-0.695796,-0.566455,-0.619867,1.051917,-0.156213,0.720889,-0.543435,-0.773348,0.858223,-0.089987,1
-1.189498,-0.253917,-0.096286,1.659881,-0.792510,-0.869377,-0.400581,0.938699,-0.673806,0.494922,-1.399410,0.991189,0.406259,-1.137742,0.298870,0.664841,1
-0.300006,-1.522125,-0.343124,-0.364048,0.236331,-0.279212,-0.399906,-0.663795,-0.281234,0.339716,0.042305,-1.135633,-1.092197,0.696527,-0.401268,0.798712,1
-0.560785,0.399381,-0.362291,-0.834341,-0.278382,0.674948,-0.342698,-0.237638,-0.300905,0.111824,-0.434452,0.347059,0.447332,1.800427,0.593277,0.222255,1
0.071353,0.023432,-0.160796,-0.493087,0.273885,-0.731746,-0.726741,0.784048,0.222501,-0.769228,1.139807,0.370594,1.123560,-1.875266,-0.760000,-0.258444,1
-1.137888,-0.048574,-0.308213,-0.663056,0.884562,1.175107,0.405652,-0.115392,-0.348792,-0.269999,0.424620,-0.088279,-0.100172,1.522221,-0.037839,-0.690825,1
-1.399849,0.223337,1.869921,-0.180212,0.459294,-0.287235,-0.052454,-0.974411,0.219712,0.067438,-0.256591,-0.077785,-1.443857,1.238061,-0.318737,-1.260557,1
-1.054835,0.825672,-1.449328,-0.677552,-1.448743,0.065859,0.013062,-0.399599,1.995255,0.870795,0.519749,-0.186355,-0.633646,-0.228082,-1.251996,0.627456,1
-1.335593,1.122402,0.030123,-1.204234,0.732092,0.051826,-0.405061,0.501712,1.650227,0.041431,-0.226477,-1.036292,-0.742187,-0.109913,-1.283225,0.246430,1
-1.796369,-1.519075,0.457803,-0.220189,0.156471,-0.227504,0.765665,-0.553220,0.063630,-0.106785,1.075544,-0.218889,-0.311423,-1.460113,-0.167302,-0.881191,1
-2.141494,-0.481927,0.415350,-0.498093,-1.574437,0.351660,1.359985,-0.196740,0.559776,-0.338280,0.626329,-0.000411,-0.013641,-0.333332,0.082783,-1.087246,1
-1.427203,0.475654,-0.248303,0.259162,-0.218041,0.200655,0.356235,-0.533830,0.787031,0.632548,0.535145,0.182553,0.682012,0.254483,-1.161909,-0.145441,1
-1.574015,0.258535,-0.372235,-1.088216,-0.957101,0.168195,0.366070,-0.086667,-0.808067,1.353082,0.200548,0.475469,-0.158064,-0.396224,1.343425,1.302075,1
-0.427296,-0.514310,0.565502,-0.516253,-0.801300,-1.045313,-0.298849,-0.260074,-0.429219,1.063825,0.094092,0.559596,-1.656962,-0.890682,-0.455117,0.087003,1
-2.126701,-0.437058,-0.812001,-0.197139,0.527365,0.449557,-1.232262,-0.339110,-0.257418,-0.372081,0.380594,2.085332,0.795973,0.202560,-0.746427,0.061956,1
-1.532332,0.152089,0.132931,1.368834,0.181873,1.339398,-2.217110,-0.281539,1.528313,0.105407,0.914068,1.113556,1.339338,-0.434992,-0.641484,-0.032825,1
-0.633869,0.202219,-0.452316,-0.193451,0.502591,-0.836668,-1.463801,-1.105348,-0.095305,0.752097,-0.619802,0.101044,-0.628677,0.662832,0.366952,-0.034977,1
-0.779637,1.583924,0.077684,0.332350,0.205374,0.601941,-0.351017,0.883454,0.604273,0.831106,-0.717525,-0.860146,0.885810,-1.357934,-0.657562,-0.107093,1
-1.313958,0.696054,1.455429,0.028927,0.192459,-0.071687,-0.013937,0.170603,1.950114,-0.951864,0.372565,0.060262,0.258678,-0.326170,0.297062,0.843326,1
-0.747408,-0.344904,-0.377333,0.781727,-0.002723,0.955945,0.298967,-0.556023,0.413328,0.180726,-1.919686,0.100122,-0.569448,1.782144,-0.683217,1.006846,1
-1.398201,-0.489482,-1.509239,-1.856026,0.520380,-0.684306,2.119258,-1.548027,1.144841,0.216070,-0.703376,0.620950,0.195836,-0.163500,-0.395675,0.549547,1
-2.455439,0.840846,-0.098464,-0.134943,1.453067,-0.559567,-0.069758,-0.579120,-0.727069,1.483896,-0.627476,-0.474975,0.486965,-0.317297,-0.872307,0.158019,1
-0.491791,0.125928,0.024029,0.876943,-0.350781,0.629550,0.306052,-0.166692,0.219312,0.157733,1.055401,-0.048580,0.841497,0.240723,-0.042349,0.151729,1
0.281609,0.777109,0.646458,0.856423,0.735515,-0.336716,-1.353532,1.437130,-0.066959,0.476181,-1.289966,-0.891001,-0.244290,-1.163753,0.965038,0.947275,1
-0.241885,0.627874,0.848380,0.086020,0.135663,1.167935,0.286045,1.010089,-1.088111,-0.899597,-0.325554,0.373468,0.809613,-0.782011,-0.482831,-0.500690,1
-1.673525,2.453369,-0.648967,0.395229,0.166073,0.630873,-0.502783,-1.436203,0.254848,0.202233,-0.506129,0.075611,-0.234006,-0.578711,0.155650,-0.927236,1
-1.598599,-0.367590,-0.772071,-0.335364,0.574616,0.498446,-0.565663,0.159488,0.530839,1.111727,0.547339,0.243411,-1.410956,0.318641,-0.730756,-0.841487,1
-0.374634,-0.371834,-0.752962,0.627985,0.270520,0.160528,-1.190899,0.318469,-0.563389,1.243436,0.436522,-1.380896,-0.514708,0.066379,-0.142562,-0.027940,1
-1.906577,-0.731378,-0.179697,0.222932,0.097158,-1.691440,-0.574085,0.134111,0.208558,-1.163239,0.207983,0.259845,-0.702361,1.097541,0.213864,0.017602,1
-0.471562,-0.890268,-1.248689,-0.837116,1.015234,-0.690353,-0.814081,0.599288,-0.558292,0.798894,1.502665,-0.881534,1.328305,1.038434,1.125178,1.564528,1
-0.320724,-0.526989,-0.324756,-0.856280,-0.952192,0.989282,-1.028507,-0.139547,0.887480,-0.089160,0.567585,0.013949,0.340863,-0.536627,0.638127,0.546789,1
-1.189558,-0.868431,-0.662234,-1.049920,-0.830503,-0.571523,0.305396,-0.725523,-0.408916,0.060983,0.211408,0.163728,-1.486978,0.216128,0.911566,0.842308,1
-0.999022,0.370405,-0.304295,1.672335,0.434909,-0.006301,-1.019186,-0.555120,0.702016,0.504044,1.935669,0.770017,0.436727,0.138364,-0.597105,0.300614,1
-0.625216,-0.593121,-0.477980,-0.135993,-0.118083,1.251238,0.060499,-0.126323,-0.861894,0.869580,0.228358,0.633796,0.343025,0.379306,0.079838,0.232596,1
-1.692183,0.151239,0.897249,0.325313,-0.107888,1.251071,-0.114937,0.897924,0.617284,-0.510980,-0.584860,-0.313803,0.297930,0.350886,-1.290326,-0.312971,1
-0.748119,0.008010,1.075658,0.045885,0.536297,-1.062514,0.173543,0.826028,-0.228806,0.215110,-1.599170,0.028622,-1.004655,-0.141798,0.179057,0.418941,1
-0.122447,0.511203,0.420578,-1.172590,0.384413,-0.091277,0.010386,-0.223438,0.384640,-1.208920,0.540492,0.162922,-0.303846,0.404543,0.067475,-0.724670,1
-0.444825,0.203030,-0.496686,0.650811,0.320050,-0.157663,-1.689256,-0.236732,-0.130804,0.336550,-1.760040,-0.030853,0.243566,1.405347,-1.132473,-0.322073,1
-1.277553,-2.387174,0.536394,0.724167,1.456911,0.653402,1.036624,0.464016,-0.920008,1.849627,-0.451875,-1.258649,-1.320046,0.184715,0.182160,0.327182,1
-0.887052,-0.539130,-1.667331,0.330805,0.345442,0.840523,-1.108499,-0.656915,-0.767398,0.426015,-1.029028,-0.714975,-1.390793,0.200942,0.196835,-0.453522,1
-0.724500,-0.433211,0.244127,0.092554,-0.900478,-0.055955,-1.294891,-0.221581,-1.121099,-0.816299,-0.107223,0.092042,0.468126,0.164565,1.840399,-0.230138,1
-1.190993,-0.863734,1.468669,1.197890,-0.410175,0.993500,-0.578543,0.064003,-0.576950,0.344946,0.536416,-0.152868,-0.145273,0.629603,0.710639,-0.362031,1
-1.209039,0.635298,-0.193746,0.489409,-0.571477,-0.345433,0.826660,-0.120852,-0.147637,-0.707155,0.416713,-0.073153,1.101568,0.211641,-1.265850,0.695424,1
-1.035844,0.331001,-0.722148,0.752116,-0.147372,0.125339,0.015172,-0.796174,-0.487480,-0.002019,-0.276854,-0.002705,0.470737,0.270821,0.009133,1.017216,1
-1.705701,1.484751,0.765347,-0.663106,0.674921,0.204483,-0.660901,-0.365680,0.390539,-0.908157,-0.561723,0.318644,-0.327883,-1.031112,1.099859,0.680850,1
-0.906447,-0.557410,0.575311,-1.288443,1.268793,-1.591795,-0.368303,-0.084273,0.570693,-0.861460,0.973860,-0.435750,-0.258040,-1.572034,-0.882616,0.964908,1
-0.747319,0.135507,-0.682788,-0.563475,1.541026,-0.053847,-0.389803,0.124100,-0.058388,0.435746,-0.235614,0.958211,-0.207662,-0.555784,0.334004,-0.953403,1
-0.480157,1.152478,-1.404165,1.417205,1.166719,-0.929343,-0.364532,0.811950,1.121836,-0.881231,-0.670389,0.733618,-0.747885,-0.999915,-0.373648,-0.469167,1
-0.903203,-0.911288,0.050275,-0.024099,-0.844263,0.691097,0.061847,0.043812,1.498270,-1.738436,-0.096216,0.785874,-1.170089,0.382663,0.631375,-0.602875,1
-1.180763,-0.577290,0.149033,-0.458227,-0.465252,0.829185,-0.562247,0.078828,0.007661,0.941247,-0.390627,0.109520,0.049286,-0.928185,-0.458787,-0.604377,1
-1.507652,0.973730,0.852733,0.020770,-0.045967,1.260010,1.082918,0.425521,-1.701927,-1.254589,0.588232,-0.531775,0.049623,-0.453110,0.268646,1.542671,1
-0.548529,-0.132092,0.265550,-0.206896,-0.934471,0.281337,0.268390,0.208067,-0.616024,-0.251046,0.315107,-1.090752,0.117312,0.040469,-0.019289,0.135124,1
-0.398934,0.578610,0.025833,-0.297596,-0.581223,1.077883,-0.698345,1.105669,-0.377801,0.806160,0.802046,0.284967,0.328927,0.518232,-0.095265,-1.392927,1
-1.380095,1.344583,0.630423,-0.171752,0.605900,0.247966,0.099776,0.356802,0.101166,-0.334556,-1.134850,0.323475,1.049439,-0.060905,0.745574,0.535807,1
-2.453349,0.675837,-0.466168,0.823557,-0.518014,0.662819,0.380924,-1.589414,-0.541260,-0.790725,-1.869048,0.943928,0.225732,-0.415905,0.750924,0.068084,1
-0.945745,-1.099340,-1.002656,-0.720743,-2.115750,-0.182096,0.299859,1.245177,1.219299,0.200668,0.206163,-0.146904,-0.135773,0.382060,0.119540,-0.243866,1
-1.567163,0.481783,-1.437266,1.123032,0.431041,0.680820,0.784992,1.262275,0.068712,-0.798385,0.602280,1.441570,-0.189689,0.125926,0.281493,0.574739,1
-0.145839,-0.442991,-1.180809,0.656325,0.473555,-0.379231,-0.078363,-0.054225,-2.226869,0.440519,-0.943577,-0.178822,-0.459694,-0.976423,0.133114,-0.586531,1
-0.998312,-0.827874,1.104213,-0.307912,-0.356549,0.009364,-0.135857,-0.301033,-1.021830,-1.023572,1.225350,-1.169494,0.825016,0.433908,1.206890,1.034941,1
-0.151402,0.951200,0.633049,1.425205,-0.529685,1.475430,0.360224,-0.782154,0.890945,-0.390806,-1.934697,-1.927129,0.105758,-0.325753,0.672993,-1.140224,1
-1.288033,0.299789,0.714867,-0.594190,0.160506,-0.767032,0.372576,0.106690,-1.087738,-1.331995,0.456314,-0.393059,-0.503785,0.575423,-0.897732,-0.073699,1
-0.716788,-1.079187,0.444280,0.371540,0.358061,0.087694,0.165680,0.883096,0.418350,0.593826,0.123510,0.428522,0.097189,-1.317220,-0.125618,0.362628,1
0.259233,0.151914,1.127394,0.365244,-0.445433,0.351375,1.249809,0.138370,-0.117124,0.734436,0.698067,1.314142,0.185594,0.836209,1.479508,0.394339,1
-1.910795,0.117744,-1.292060,1.020702,0.056130,1.227913,-0.158042,0.395448,-1.291846,1.556792,1.900947,-0.235166,-0.818820,1.899542,0.383296,0.899968,1
-1.082771,-0.929716,0.166841,-0.611951,-0.406967,-0.265006,-0.863707,0.376710,0.566676,1.027708,-0.013496,0.735479,-1.264655,0.405462,0.732925,0.411369,1
-1.121513,-1.154103,-0.154674,-1.864931,0.006145,-0.794650,0.044857,0.923625,-0.090951,0.979994,-0.613313,0.100686,0.218983,-0.506894,-0.520645,-0.109608,1
-0.468196,-0.231662,-0.627461,0.326439,0.812324,-0.294873,-0.035038,0.897234,0.308407,0.125283,1.700487,0.888366,0.113366,-0.298364,-0.402084,0.642615,1
-1.108869,0.595474,-1.466272,-1.021880,0.735559,-1.128886,-0.300228,-0.632076,0.612882,-0.596621,-0.076201,-0.408133,-0.095430,-1.563264,0.308202,1.689630,1
0.533323,0.650007,0.332001,-0.481359,0.698384,-0.627841,0.299467,0.314304,-0.350750,0.381099,-1.207856,-0.322736,-0.181123,0.472669,0.295036,0.609394,1
-0.615068,-1.383332,1.103275,-0.728813,-0.819047,0.534546,0.792764,0.547590,0.279245,0.050389,-0.034864,0.264542,0.424034,0.770715,-0.190760,1.169007,1
-1.745965,-0.464417,0.229032,0.568926,0.228918,-0.015687,0.343012,-0.558002,1.450761,0.650563,0.772872,0.167347,-0.823676,-0.010141,0.393419,-0.412950,1
-1.211715,-1.092483,-1.485562,0.300592,0.816037,-0.612758,-2.109245,-0.320150,-0.186557,-1.014339,1.072655,0.526977,-0.444017,0.692713,-0.582922,1.692154,1
-1.746682,-1.013095,0.534428,-0.210453,0.527691,-1.436520,-1.394582,1.118094,-1.082019,-0.341939,-0.729738,0.296599,0.915583,-1.252648,0.355012,-0.557108,1
-1.461476,-0.371075,-0.549315,2.089196,-0.652972,-0.052286,-0.148894,0.338680,1.235725,0.978062,-0.349632,0.037741,-0.542372,-0.064317,-1.375109,0.035282,1
-0.608444,-0.834618,0.329328,0.124343,0.400798,-0.340694,-1.149657,-1.349299,0.433597,0.638370,0.156712,1.149513,1.482458,-0.904036,-1.631177,-0.397172,1
-0.758181,0.288083,0.080220,-1.035744,-1.036288,0.148942,-0.498643,-0.635124,-1.008062,0.082891,-0.354788,0.308933,0.252105,-0.821568,0.641399,-0.105110,1
-1.061932,-0.317502,-0.087534,-0.160207,-0.348338,-0.306664,-0.933666,0.023576,0.259615,-0.660177,-0.206556,-0.091243,-0.719278,1.157989,0.522489,-0.985500,1
-1.581804,-0.668773,-0.321379,0.639380,0.913641,-0.261966,0.915176,0.273837,0.847610,0.409305,-1.203496,-0.011201,-0.219632,0.957847,1.343199,-0.846018,1
-0.679811,-0.090913,1.046795,-0.584751,1.463499,0.093583,-0.552070,-0.148383,-0.450571,0.288266,-0.079761,0.360041,0.066203,0.217870,-0.336748,-0.297814,1
-1.619797,1.349499,0.919275,0.749083,0.888129,0.066051,0.647723,-1.279690,0.156429,-0.293057,-0.894000,1.082772,-0.441281,-0.692579,0.150120,1.011089,1
-0.971116,0.114949,1.478541,-0.474681,0.292511,-0.253760,-0.078808,0.035830,0.563432,-0.484267,0.766823,0.025848,-0.150352,-1.229052,-0.006572,-1.297328,1
-1.424863,-1.830353,0.600014,-0.660982,-1.193519,0.413546,0.781018,-0.786487,0.595209,0.532803,-1.711236,0.605145,0.548025,-0.167966,0.359714,-1.485973,1
-0.963156,-0.143549,-0.041867,-1.053168,0.996904,0.128868,-0.024123,0.327418,0.461401,-0.402787,-0.506812,0.277763,-0.999702,0.920440,0.257082,-0.535304,1
-0.788992,1.592207,-0.506653,-0.147335,0.347794,-1.194053,-0.810015,0.571625,-0.530913,-0.620957,0.724800,-0.044690,-0.088245,0.401462,-0.171165,0.774595,1
-1.375347,0.789772,0.663966,-0.406287,1.362334,0.046863,-0.422545,0.244871,0.253195,0.195293,1.199781,0.052091,0.544701,1.270986,0.026997,-0.539585,1
-0.214325,0.744818,-1.067106,1.122839,0.065805,0.075321,0.992049,-0.336522,1.985572,0.514559,-0.184461,-0.108135,-2.110251,0.874987,-0.001460,0.914409,1
-0.475597,0.808433,-0.337354,-0.583814,-1.001846,-0.737668,-1.957313,0.413518,-0.122400,0.370178,-0.462290,0.515185,0.166345,0.816396,0.619408,1.736829,1
-0.230895,-1.028027,-0.140937,0.654327,0.221550,-2.285163,0.074467,-0.141911,1.213565,0.311321,1.146776,0.616887,-0.042422,0.321213,0.264227,0.183261,1
-1.259007,0.227381,-1.103945,-0.071378,0.427257,0.678073,0.739321,-0.974144,0.292187,0.065666,-0.004963,-1.225663,-0.145263,-0.054076,-0.761672,-0.050335,1
-0.747365,0.407466,1.143178,0.376860,0.272475,1.256525,0.699008,0.861875,-0.145676,0.336766,0.317891,0.092993,0.747854,1.095775,0.001339,-0.148080,1
