0.469802,-0.174723,0
2.110174,-0.070451,0
1.500885,1.127722,0
2.071003,-1.143511,0
-1.079354,-0.063815,0
1.468969,-0.667322,0
0.980004,-0.196586,0
0.902115,-0.169296,0
0.336617,-0.372883,0
1.266608,-1.103721,0
0.995314,0.638516,0
1.349826,0.812171,0
-1.162277,-0.155050,0
0.010582,-0.929341,0
1.159050,0.779701,0
2.945989,0.624216,0
0.436362,0.035776,0
0.954896,-0.341052,0
1.765825,0.009403,0
1.568016,-0.313831,0
-0.008984,0.842487,0
-0.242724,-0.828449,0
0.107291,-0.047923,0
1.124504,-0.132548,0
0.340191,-0.707890,0
0.762226,0.733588,0
1.756793,-0.848285,0
0.611772,-1.430692,0
0.540439,0.587071,0
0.087061,-0.469708,0
2.115956,-0.316192,0
1.777851,-0.680749,0
0.885398,0.574417,0
1.783623,0.545858,0
1.445451,-0.637597,0
0.841809,-0.535668,0
0.995695,0.871883,0
0.753436,-0.273574,0
-0.535063,1.375659,0
0.796768,-0.501286,0
0.351485,-0.785698,0
0.539081,-0.603825,0
1.835868,-1.178231,0
0.792576,0.377687,0
0.284266,0.096000,0
1.418673,0.778216,0
0.469050,0.239014,0
1.371632,-0.933685,0
1.795764,0.934730,0
2.151090,-0.341654,0
0.202675,-0.389728,0
0.613579,0.249367,0
0.011387,0.214338,0
1.998222,1.195703,0
0.698298,-0.872159,0
1.142366,-0.370699,0
0.144736,0.613232,0
0.154145,1.252131,0
0.945910,0.393452,0
1.175924,-0.608965,0
0.211843,-0.059733,0
3.190184,-0.331784,0
0.046832,0.004895,0
1.063226,2.995112,0
1.740461,-0.505441,0
0.033597,0.131741,0
0.161879,1.060626,0
2.501454,-0.269029,0
0.070037,0.779166,0
2.157341,-0.017369,0
0.492666,-0.459972,0
1.443826,0.263315,0
1.671321,-0.360460,0
-0.260201,1.452478,0
0.202196,-0.054816,0
1.447195,0.280867,0
-0.064208,-0.745435,0
1.363360,-0.006978,0
2.663021,-1.761724,0
2.348441,1.914661,0
0.566926,-0.288388,0
1.140060,1.015717,0
1.193961,-0.531618,0
0.387570,0.306094,0
1.952018,-0.401354,0
0.838677,-0.025443,0
0.636901,1.267022,0
0.197329,1.074458,0
1.807133,0.630651,0
2.009834,0.625224,0
1.009816,0.540928,0
0.532881,0.429224,0
0.759215,-0.216975,0
0.902035,0.811612,0
0.783357,-1.207215,0
1.648201,-0.905024,0
1.856759,-0.116876,0
1.873004,-1.064584,0
0.834858,-1.458889,0
-0.790926,-1.236098,0
1.599935,-0.437618,0
0.449944,0.123702,0
0.739387,0.630248,0
0.583908,0.239268,0
1.315807,0.862589,0
-0.340147,1.196179,0
1.948936,0.062834,0
0.193697,-1.425233,0
0.271899,-1.909958,0
1.311208,0.228221,0
1.181290,-0.352162,0
1.352752,0.151679,0
0.248530,0.759755,0
1.034588,-0.458045,0
0.478460,0.884884,0
1.515052,-0.661334,0
0.797782,0.944580,0
1.001898,0.773011,0
2.384544,1.970814,0
1.442663,0.230612,0
0.462455,-0.100384,0
1.737935,-0.047277,0
1.921810,-0.046421,0
0.667883,1.749038,0
-0.676856,-0.674404,0
1.715649,-0.448339,0
2.435905,-0.635155,0
0.296516,-0.736747,0
1.145254,1.141171,0
0.958321,0.280254,0
0.056168,-0.208445,0
1.474761,-0.976414,0
1.861653,-1.096687,0
0.032604,-0.565372,0
1.243865,-1.177519,0
1.471225,0.562855,0
0.955228,-1.079792,0
0.760990,0.330362,0
2.592457,1.021963,0
1.926431,1.192144,0
1.494471,0.227036,0
-0.417587,0.876442,0
0.382356,-0.788259,0
0.613575,0.364634,0
-0.631232,-1.467435,0
0.383758,1.205115,0
0.717880,0.932331,0
0.855935,0.184910,0
0.731629,-0.111125,0
0.937737,-0.520406,0
1.091008,1.263489,0
1.382169,0.054114,0
-0.167244,-2.355356,0
0.585853,-1.978935,0
1.850067,-0.962461,0
2.293632,1.023141,0
0.219145,0.846531,0
0.644636,0.748421,0
0.358033,0.156121,0
1.912322,0.513933,0
1.055650,-0.177041,0
1.101054,-0.184318,0
0.789060,-0.132322,0
1.954131,0.712006,0
0.460927,0.579527,0
1.127423,-1.176215,0
0.974986,-0.660689,0
-0.057252,0.163813,0
0.884133,-0.003589,0
0.570986,0.240055,0
1.454487,-0.188364,0
0.856539,-0.220459,0
0.745957,1.226180,0
1.198991,-0.988436,0
2.935445,0.703460,0
0.134654,0.406845,0
0.328866,1.345672,0
-0.232795,1.252369,0
1.220329,-0.769459,0
1.490858,0.608308,0
-0.031634,-0.749419,0
1.773274,-0.884334,0
-0.349750,-1.492165,0
1.422199,0.325661,0
1.286945,0.901220,0
0.161783,-0.282809,0
0.042943,-0.739022,0
1.399851,1.810204,0
0.470516,-0.146273,0
1.323347,1.654624,0
0.124880,0.104388,0
1.332074,-0.182897,0
1.327996,0.608728,0
0.754603,-1.759684,0
1.514647,-1.031476,0
0.486727,0.393638,0
2.000174,-0.043112,0
0.928688,-0.225940,0
0.744266,-0.957589,0
1.322740,0.557807,0
1.937611,0.200107,0
1.296764,0.188949,0
0.640859,0.326488,0
-0.348424,0.881947,0
0.946367,0.610409,0
1.551834,0.663436,0
0.354645,-0.966477,0
0.406212,-0.585511,0
1.607117,-0.455193,0
1.141957,1.351083,0
2.482108,1.190868,0
2.692846,0.250644,0
-0.390036,-1.270842,0
2.168004,0.096841,0
1.329129,-0.899976,0
2.268821,0.850560,0
1.320150,-0.721494,0
1.875128,-0.184963,0
0.513077,0.139575,0
0.947001,-0.057160,0
1.446430,0.025592,0
1.698516,1.174079,0
1.523656,-1.193629,0
1.813485,0.617214,0
0.177961,0.526245,0
1.567896,0.225431,0
1.729618,1.116506,0
0.960747,0.729919,0
1.507323,-0.431446,0
1.329627,0.967968,0
0.905709,-0.368536,0
-0.323932,0.440301,0
0.717192,-0.245488,0
0.844907,0.108488,0
1.414677,1.989778,0
0.908587,-0.262027,0
0.509922,-0.854734,0
0.684999,-0.500154,0
2.044065,0.915978,0
2.165104,-0.976109,0
0.342109,0.116493,0
2.165155,0.313274,0
2.690257,0.687248,0
1.387503,0.427791,0
0.543405,1.655818,0
0.888346,-0.428289,0
1.812952,-0.295240,0
1.137583,-0.807723,0
1.394521,0.973017,0
2.000638,0.881856,0
0.746749,-0.400709,0
0.448443,0.353863,0
2.255480,-0.953152,0
-0.032127,0.420275,0
0.771079,0.344186,0
0.695210,0.592795,0
2.599356,-1.104532,0
1.554511,-2.592371,0
1.237563,1.141889,0
1.653706,-1.068700,0
1.712948,0.033056,0
1.537749,-0.346516,0
0.769619,-0.155228,0
1.319909,-1.208014,0
1.019829,0.314068,0
0.774211,0.513119,0
1.395005,0.282674,0
1.490849,0.499384,0
1.157985,-0.576574,0
0.760809,-1.499452,0
-0.140036,0.778466,0
0.220596,-0.596189,0
1.569629,-0.957094,0
0.854085,-0.791921,0
0.975110,0.289063,0
1.243777,0.267111,0
1.831648,0.523580,0
0.387990,-1.014280,0
0.989898,-0.046799,0
1.217685,0.405898,0
0.395246,1.247092,0
1.495623,-0.362335,0
1.643948,0.865707,0
1.110260,-0.349930,0
-0.486323,0.711165,0
-0.234820,-0.975201,0
0.984456,-1.821112,0
0.695812,0.042196,0
2.056525,0.161219,0
0.988048,-0.780056,0
-0.206624,0.689626,0
1.579786,-0.641438,0
0.068483,-0.760941,0
1.002140,0.737891,0
1.439178,0.948039,0
0.713275,0.261566,0
1.739055,0.799803,0
1.297630,0.363562,0
0.980940,-1.061055,0
1.801220,0.562514,0
1.002318,0.054244,0
0.638068,0.128218,0
-0.195769,0.064646,0
-0.135367,0.333854,0
1.004590,-1.413451,0
0.660107,0.616533,0
0.401718,-0.106225,0
1.641543,0.474643,0
2.154974,-0.034758,0
0.579429,-1.080306,0
0.180146,0.706762,0
0.354680,-0.794810,0
-0.113844,0.821951,0
1.544821,0.323357,0
2.014024,-0.558309,0
1.272058,0.327791,0
1.662472,-0.301643,0
-0.088580,-0.604451,0
0.390014,-0.242019,0
0.668728,-0.571722,0
1.157808,0.531613,0
1.500799,0.081872,0
1.751463,0.313735,0
1.502619,0.468895,0
1.123245,0.162048,0
-1.045860,-0.386967,0
1.074547,-0.750996,0
0.077201,0.854315,0
0.823012,-0.529027,0
0.509201,-0.221667,0
2.061321,-0.808144,0
0.265060,0.028181,0
1.938269,-0.003069,0
-0.561273,-0.114686,0
2.086883,-0.441430,0
1.212134,-0.195064,0
0.972562,-0.075927,0
0.438572,0.480531,0
0.286998,-0.223625,0
0.660373,-0.368276,0
0.128632,-0.449603,0
2.509835,-0.985576,0
0.406285,0.647489,0
0.146744,1.723672,0
0.506030,-0.414955,0
0.638692,-0.561645,0
3.072532,-2.252094,0
1.142464,-2.101515,0
2.483624,-0.625101,0
0.658070,1.267172,0
0.311331,-1.565820,0
1.246200,1.467943,0
1.700079,2.790515,0
1.795186,-0.359586,0
1.467471,1.030650,0
0.398463,0.191337,0
0.765159,-1.453680,0
2.007630,0.563539,0
1.598331,0.507684,0
0.924729,-1.417071,0
1.719781,-0.274944,0
0.624782,0.117823,0
0.135795,-0.619072,0
1.325979,-0.101431,0
0.967314,0.130862,0
2.026062,-0.378069,0
0.796858,-0.917421,0
-1.233024,0.532668,0
0.314951,0.232431,0
2.429776,-1.007184,0
2.105292,-1.041728,0
1.059258,-0.307039,0
0.219849,0.272264,0
0.597333,1.171866,0
1.806523,0.137663,0
1.520010,-0.045786,0
0.863308,-0.336528,0
1.518643,0.624161,0
2.214209,0.639992,0
1.032308,-0.732504,0
0.489973,-0.208853,0
1.467737,0.036600,0
0.720860,-0.818562,0
-0.471915,0.026874,0
1.149934,-0.480598,0
1.851326,0.738609,0
1.437943,0.505960,0
1.382323,-1.152717,0
1.165656,-0.103882,0
0.876284,-0.251923,0
1.324382,-0.906249,0
1.390041,0.468982,0
1.763049,0.433192,0
0.672993,0.431446,0
1.093978,-0.240905,0
2.503276,-1.268770,0
1.170888,0.485039,0
0.569727,0.502697,0
1.969334,1.130546,0
0.681627,-0.104607,0
0.385504,1.015780,0
1.996200,-0.690454,0
1.261055,0.135255,0
1.202834,1.216375,0
1.004959,0.556788,0
2.407315,0.253883,0
0.537160,-0.031239,0
1.386807,0.554858,0
0.747277,-0.476212,0
0.871676,-0.463700,0
0.624332,-1.263916,0
0.876479,0.478290,0
-0.231900,0.746983,0
0.979666,-0.562908,0
0.121739,-0.970649,0
1.014573,-0.359094,0
1.009514,0.905693,0
0.787970,0.170434,0
1.474118,0.432015,0
0.434624,-0.466513,0
1.617311,1.522628,0
0.845673,-0.601283,0
1.280652,-0.884120,0
1.360522,-0.130026,0
2.039167,-0.689889,0
0.481916,-0.190543,0
3.764415,-0.103207,0
0.559070,-0.497000,0
0.309741,-0.780158,0
-0.010627,1.470771,0
1.493404,-0.170209,0
0.570092,-0.038565,0
0.405539,-0.671286,0
0.329551,0.395751,0
0.804064,0.307702,0
0.339144,0.261540,0
0.389709,-0.818798,0
2.625507,-1.265704,0
-0.098961,0.331442,0
1.048835,-0.239084,0
0.968111,-0.366379,0
0.294106,0.410362,0
1.521383,0.112969,0
2.164860,-0.169329,0
0.984371,-0.149972,0
2.485147,-0.455997,0
-0.792045,-0.396524,0
-0.591526,-1.169378,0
2.138583,-0.577886,0
1.297452,-0.026654,0
0.735300,1.376147,0
0.016576,0.088720,0
0.363770,-0.278301,0
0.624248,-0.254844,0
2.187804,-0.684410,0
1.194245,1.509865,0
1.274295,2.072087,0
1.393805,-1.175543,0
-0.656217,0.834579,0
0.280486,0.586243,0
1.728557,-0.841034,0
2.490334,0.293555,0
3.116764,0.371083,0
1.885620,-1.158450,0
1.234646,0.578893,0
1.104036,-0.471449,0
1.515535,0.588810,0
2.086117,-1.351563,0
-0.135390,-0.031798,0
0.597816,1.215131,0
0.661504,0.920787,0
-0.414015,0.865090,0
-0.259148,0.401501,0
-0.334537,0.356311,0
0.559595,0.216434,0
1.793669,0.535113,0
1.533431,-0.751139,0
0.692289,-0.052398,0
0.552224,0.651557,0
1.178879,-0.381365,0
0.504224,1.219834,0
0.854057,-0.392159,0
0.237195,-0.170301,0
0.236163,0.332042,0
1.831603,0.448832,0
1.442228,-0.358296,0
1.651818,0.006393,0
2.118495,-0.051338,0
1.113326,-2.232633,0
1.600363,-0.488254,0
0.579425,-1.180273,0
0.308666,-0.972702,0
0.259488,0.037469,0
1.170230,0.077058,0
0.732935,0.200275,0
1.152201,-0.333263,0
0.190499,1.040371,0
0.780562,-0.935912,0
0.783265,1.542482,0
0.839209,-0.431327,0
1.135649,1.263855,0
0.025332,0.486192,0
-0.343463,0.513447,0
1.340142,-0.248252,0
1.488553,0.058870,0
0.673285,0.005545,0
-0.431626,-0.040940,0
1.497746,-1.159920,0
0.651128,-0.770305,0
2.156378,0.357188,0
1.772798,-0.411737,0
1.704282,0.759667,0
0.405464,-0.510828,0
-0.882985,0.453270,0
0.111920,0.970807,0
1.970990,-0.053190,0
0.632541,-0.141033,0
0.530586,-0.408258,0
0.345017,0.103423,0
0.235612,2.199320,0
0.640294,0.467426,0
0.309494,0.387632,0
0.259500,1.427644,0
1.650696,0.729604,0
1.899419,0.394664,0
1.219757,-0.164559,0
2.340261,0.425050,0
1.131502,-0.221502,0
-0.171252,0.504263,0
1.304873,-0.057026,0
-0.274806,0.018830,0
1.119690,2.441874,0
1.557117,0.279135,0
2.352043,-1.383978,0
1.618532,-0.215536,0
-0.252611,0.125588,0
1.858469,-0.311987,0
3.281154,0.288634,0
-0.080739,0.007253,0
1.395393,-0.696434,0
0.915308,-0.056448,0
0.493912,-0.781330,0
0.784285,0.366954,0
2.285960,-1.010325,0
1.525415,-0.574978,0
0.850689,0.237745,0
1.991329,0.009604,0
1.431106,-0.150888,0
3.152279,0.630354,0
-0.197575,0.248136,0
1.817276,-1.189706,0
1.686197,-0.571654,0
1.438072,1.895834,0
0.925517,1.117564,0
0.330742,-0.596723,0
0.672664,-0.121418,0
0.683903,0.126903,0
2.030024,0.141808,0
1.177461,0.162431,0
0.708907,0.166267,0
0.445522,0.974446,0
0.020876,-0.755033,0
0.697803,0.146075,0
1.360989,-0.774051,0
0.676914,-1.477837,0
-1.304143,0.356488,0
0.005235,-0.139598,0
0.309026,0.086514,0
0.553378,-0.993021,0
0.328435,0.671080,0
1.599475,0.983714,0
0.604140,0.360217,0
2.339980,-0.128063,0
0.884395,0.267868,0
0.210078,-0.926853,0
1.192943,-0.301220,0
0.795127,1.149189,0
0.756598,0.183480,0
0.272363,0.096650,0
-1.241000,0.726094,0
1.267276,1.150120,0
-0.044292,-0.317426,0
1.228405,0.100335,0
0.933103,1.551860,0
0.907130,0.006476,0
3.055460,1.009432,0
-0.156856,-1.029022,0
0.914834,0.506873,0
1.198458,-0.919759,0
0.563918,-0.890919,0
0.756490,-1.504252,0
0.903967,-0.423124,0
1.195336,-0.170894,0
0.198762,-0.943634,0
-0.014219,-0.558381,0
0.276074,0.648713,0
1.555953,-0.345618,0
2.427122,0.101628,0
0.923373,0.356747,0
1.060353,1.620451,0
1.593858,-0.921366,0
-1.024805,0.677413,0
1.608105,0.655850,0
2.080903,-0.230827,0
0.904225,-1.294166,0
1.144806,0.954182,0
1.808093,-0.865329,0
0.557477,-0.146944,0
-0.055115,0.648650,0
0.559922,-0.656196,0
2.376782,0.921619,0
0.473539,-0.850802,0
0.786195,-0.474869,0
0.498752,0.820157,0
1.523372,0.226688,0
1.285982,0.891583,0
0.393602,-1.806811,0
2.018498,0.511932,0
2.392778,-0.387388,0
1.535985,-0.366322,0
0.585588,-0.264728,0
0.309448,-0.118656,0
0.615758,1.114648,0
-0.121426,-0.174360,0
0.549139,-0.964895,0
0.136730,-1.011322,0
2.228903,0.947652,0
2.014224,-0.392864,0
1.645189,-0.561201,0
1.310871,-1.592680,0
2.336473,0.608095,0
0.285561,-0.180220,0
1.312159,-1.185439,0
0.353892,-0.332085,0
1.089082,1.356332,0
-0.628979,-0.331387,0
1.337898,0.714958,0
1.542429,0.251609,0
0.694899,0.550379,0
1.618178,0.421967,0
0.521229,-0.669152,0
1.739244,-0.378767,0
0.497682,-0.913508,0
0.181736,-0.416800,0
1.650512,-0.379586,0
1.405545,-1.086175,0
1.827142,-0.702293,0
0.764230,0.304463,0
0.236172,1.362556,0
0.355088,-0.915128,0
1.536052,0.220995,0
0.870869,0.487880,0
1.520645,0.025082,0
1.055283,-0.130849,0
1.776708,-2.489573,0
1.871224,0.699592,0
1.866232,-0.395432,0
2.364346,0.111503,0
0.006303,-0.616084,0
1.880636,1.089462,0
1.548046,0.469204,0
-0.322087,0.942487,0
3.081058,0.000102,0
1.040063,-1.756544,0
0.707435,1.390907,0
0.095912,0.517357,0
1.478276,1.001889,0
0.782476,-1.494306,0
1.286293,-0.254652,0
0.483264,0.066686,0
0.051298,0.766936,0
1.486772,0.450957,0
1.002770,-0.267870,0
1.587620,-0.239429,0
-0.251919,0.653963,0
1.752375,-0.125737,0
-1.083561,0.221120,0
1.490630,-1.508754,0
-0.152828,1.714212,0
1.696815,1.505527,0
1.304457,-0.292290,0
0.819599,-0.915106,0
2.567120,-0.166946,0
1.537524,-0.480832,0
0.881695,-0.487908,0
1.123978,0.158836,0
0.618187,0.835615,0
2.205703,0.304803,0
2.687248,-1.259567,0
0.717823,2.148911,0
-0.536469,0.144330,0
1.713326,-0.569187,0
1.788520,0.098149,0
1.974274,0.303169,0
0.643835,-1.241992,0
1.316792,0.164767,0
1.597402,0.333671,0
0.061038,-0.545490,0
2.127276,-0.976185,0
2.891417,0.267737,0
1.097709,0.166022,0
0.320286,-0.449621,0
1.461153,-1.186302,0
1.786721,-1.193864,0
1.521762,0.282567,0
0.356335,0.778626,0
1.715416,-0.888029,0
0.234445,-0.249811,0
0.118889,0.053853,0
0.567266,-0.159226,0
0.418618,0.209645,0
1.284730,0.498583,0
0.549170,-0.490258,0
2.810414,-0.126069,0
0.886743,-0.958009,0
1.107667,-2.076805,0
0.943927,0.025904,0
-0.456628,0.209486,0
0.889145,0.482256,0
1.266460,-0.867442,0
-0.888884,-0.997503,0
0.923904,-0.142928,0
0.610899,-0.466597,0
1.259420,0.114949,0
0.565671,-0.363996,0
0.108244,-0.068953,0
1.745528,-0.082190,0
-0.068988,-0.665274,0
1.068416,-1.231349,0
2.392246,0.057481,0
0.620008,-0.369359,0
-0.393305,1.145090,0
1.808595,-2.181423,0
1.098390,-0.769669,0
0.362255,1.183842,0
0.902032,0.067172,0
1.692520,-0.542376,0
2.360722,-0.805703,0
0.345343,-0.947404,0
1.572877,-0.221376,0
2.142806,0.310167,0
0.338278,0.329782,0
0.529411,-0.139225,0
0.678043,-1.702081,0
1.653098,0.269120,0
-0.610795,-1.639149,0
1.232213,-0.574093,0
0.455575,-1.150135,0
0.536226,0.374662,0
1.198175,-0.280234,0
1.342401,0.633222,0
1.636285,-0.123595,0
-0.028263,-0.104160,0
1.448041,-0.569855,0
2.616019,0.806771,0
-0.005167,2.035516,0
1.531575,-0.466841,0
0.299404,2.101067,0
-0.238961,-1.464517,0
0.769569,0.664660,0
1.729812,0.126994,0
1.059970,-0.691510,0
1.301682,-0.801270,0
0.212617,0.269413,0
0.642250,-0.058166,0
1.442407,0.701081,0
0.495322,0.470443,0
2.863369,-0.911548,0
1.600522,1.697795,0
0.088682,-0.105646,0
1.489269,0.113741,0
1.156928,-0.451045,0
1.145102,0.249920,0
0.403582,-0.428943,0
1.334942,0.593879,0
1.262045,-0.151459,0
1.170684,-0.716487,0
1.365580,-0.518022,0
0.833438,0.390359,0
0.576627,0.011265,0
0.047398,-0.015125,0
0.549858,1.034785,0
1.826982,-0.189667,0
0.050694,-0.463311,0
0.645010,0.038357,0
0.808559,0.761244,0
0.831769,-0.634582,0
1.720067,0.308661,0
1.308157,0.423751,0
1.373338,-1.420108,0
-0.329264,0.389597,0
1.391671,0.457077,0
1.310963,-1.546094,0
1.286053,-0.918297,0
2.005887,0.007093,0
0.391178,-1.107714,0
1.197706,-1.118326,0
1.692958,0.424611,0
1.578588,-0.055951,0
0.283055,0.399411,0
1.932523,0.868477,0
0.492102,-1.664543,0
0.351956,-0.194471,0
0.354413,1.695258,0
0.991515,-0.525650,0
-0.645548,-0.829334,0
0.933496,-0.735317,0
1.559764,0.857967,0
0.483075,1.012134,0
2.078819,-0.847605,0
0.774953,1.250810,0
2.119449,0.754842,0
0.938255,-0.236919,0
1.051482,0.372880,0
0.557041,0.806100,0
1.065435,-0.352569,0
0.534148,-0.124575,0
0.239042,1.389086,0
1.586272,1.209990,0
0.856030,-0.675976,0
0.831334,1.244650,0
1.050018,0.047068,0
1.378147,0.304322,0
0.920562,0.028277,0
0.778546,-0.139418,0
1.360954,-0.302212,0
1.471380,-1.007941,0
1.954525,-1.572965,0
1.565828,0.202162,0
1.039382,-1.365966,0
0.060812,-1.104276,0
-0.063493,-0.347838,0
1.698608,0.540735,0
1.344137,0.305019,0
0.936806,-1.066992,0
0.267718,0.846543,0
1.761606,-0.515787,0
1.411941,1.506478,0
-0.424736,0.783538,0
-0.821383,0.711987,0
0.092537,0.137833,0
1.019854,-0.128941,0
0.066263,0.711442,0
0.496332,0.962860,0
3.135495,1.464550,0
1.612534,0.192342,0
-0.203138,-1.487992,0
1.401593,-0.154526,0
0.470029,-0.673082,0
0.576688,-0.405722,0
0.017707,-0.295746,0
1.258235,0.683949,0
-0.456805,0.689258,0
1.427398,0.319997,0
2.181072,-0.108628,0
0.773598,0.568117,0
0.466198,-0.687913,0
1.459119,1.045111,0
1.365050,0.218303,0
-0.091566,0.353565,0
0.872962,0.506962,0
0.190798,1.133274,0
0.492699,-0.176785,0
1.023540,-0.749273,0
0.366167,0.345577,0
1.764607,0.043642,0
0.828728,-1.061287,0
0.777621,0.580281,0
0.305622,0.735543,0
1.987443,0.022034,0
1.697556,-2.234560,0
1.473826,0.067015,0
0.428435,-0.590157,0
1.178499,-1.344184,0
-0.631827,0.036304,0
2.702171,1.004858,0
0.411181,0.507341,0
0.318431,0.699598,0
0.878834,-0.130601,0
1.433635,0.363652,0
0.205686,-1.362676,0
1.547152,0.664021,0
1.129729,1.195245,0
0.082557,-0.738949,0
-0.011950,-0.239593,0
0.345589,-0.766388,0
0.704338,-0.190554,0
2.078196,0.334606,0
0.926338,-1.668169,0
1.606718,0.038348,0
1.842176,-1.514452,0
1.405234,0.612170,0
2.509703,0.305598,0
0.200042,1.810359,0
0.664590,-1.182861,0
0.643162,0.989158,0
0.807726,-0.615440,0
1.037397,-0.625625,0
1.417074,0.409473,0
0.070427,0.265911,0
0.254282,-0.531550,0
0.868896,0.833196,0
0.086638,-1.637770,0
1.984068,-0.178081,0
0.902123,0.237876,0
0.139207,0.676549,0
0.842755,0.397428,0
0.606771,0.829365,0
1.239929,-1.292418,0
0.743128,0.370082,0
-0.683730,0.389692,0
-0.413464,1.732116,0
2.022708,0.259767,0
1.275895,-0.231308,0
0.788481,-0.521165,0
1.736637,0.250968,0
1.463912,0.962086,0
0.378881,0.676508,0
0.676283,0.460439,0
0.420335,1.129924,0
1.009386,-1.250676,0
1.639187,-0.099414,0
1.121314,-0.786301,0
2.132902,0.642606,0
1.513233,-0.108487,0
0.197515,-0.053794,0
0.285714,0.274237,0
0.676495,-0.241814,0
1.784075,-0.066445,0
0.936264,-1.252244,0
0.652890,1.139662,0
0.662781,-0.472871,0
2.691336,-0.384604,0
0.653010,1.029609,0
2.423653,0.455577,0
-0.150443,-0.971520,0
-1.251033,1.110795,0
0.359719,0.366117,0
0.528392,0.537833,0
0.126979,0.623993,0
0.013094,-0.208093,0
0.001823,-0.418159,0
1.176247,0.575319,0
2.122864,-0.571172,0
1.141039,0.745646,0
0.401189,-0.314641,0
2.186452,-0.448423,0
1.667850,0.042182,0
0.262820,0.445537,0
0.432897,0.269905,0
2.183223,0.361648,0
1.029838,1.094187,0
1.756282,0.090313,0
1.252788,0.292496,0
-0.027361,-0.741554,0
0.914498,0.186067,0
0.444246,0.702345,0
0.937805,-1.202846,0
1.150032,-1.235242,0
2.183729,0.184838,0
0.867133,0.550909,0
2.340274,0.288733,0
0.709733,-1.538096,0
1.009550,0.652373,0
-0.829477,0.489630,0
0.324295,-1.312216,0
0.082614,0.770474,0
1.015895,-0.517349,0
0.008212,0.021036,0
0.893077,1.026491,0
1.278735,0.185256,0
0.933620,0.328026,0
0.590170,0.622094,0
1.714689,0.166507,0
1.796647,-0.024448,0
0.300102,0.956072,0
-0.499804,-0.548185,0
0.047576,-0.600892,0
1.523350,-0.059711,0
0.017989,0.184731,0
0.428252,-0.689531,0
1.402441,-0.250572,0
1.533879,0.098740,0
2.517433,1.322280,0
1.309737,-0.450455,0
0.941638,-0.615033,0
1.849341,-0.375556,0
0.509835,-0.972533,0
1.647852,-1.476931,0
1.644095,0.307207,0
1.144131,-1.166733,0
0.820363,-0.171478,0
1.375571,0.060614,0
0.680103,-0.194188,0
0.052943,-1.731351,0
-0.193233,-0.924530,0
0.447523,1.129748,0
0.030547,-1.323188,0
-0.292248,0.024877,0
0.061830,1.060002,0
-1.399527,-0.650201,1
-0.494112,0.469163,1
-1.279020,0.271343,1
-1.744602,0.694338,1
-0.348217,0.554112,1
-2.213882,0.754821,1
0.352479,-0.087557,1
-0.518236,-0.309669,1
-1.731006,0.483604,1
-0.485923,0.262965,1
-0.738521,0.624592,1
-0.302989,-0.713168,1
-1.413741,0.641207,1
-2.513178,-0.419028,1
-0.145604,-0.289356,1
-2.262882,1.103653,1
-1.522495,0.687694,1
-2.037517,0.606200,1
-0.973283,0.653247,1
-1.426531,-0.301488,1
-0.654827,-0.770593,1
-1.606290,-1.406647,1
-0.874709,0.085459,1
-0.587805,1.385623,1
-0.034847,-0.293864,1
-1.421496,0.186550,1
-1.267498,0.163691,1
-1.729066,1.278362,1
-0.551280,0.928914,1
-1.993991,0.575758,1
-1.935928,1.429601,1
-0.316792,-0.397776,1
-1.212585,0.092700,1
-1.605350,-0.266881,1
-2.245578,0.130633,1
-1.312792,0.192350,1
-0.576147,-0.704106,1
-0.441488,0.741564,1
-2.067173,-1.231332,1
-1.018338,-1.282596,1
-2.807143,-0.380547,1
-0.195122,-0.211938,1
-1.731105,0.354132,1
-1.050461,-1.498372,1
-0.073443,0.022236,1
-1.059613,-0.779540,1
-0.261045,0.431725,1
-1.356859,1.504520,1
0.426998,-1.698040,1
-1.032121,-0.012367,1
-0.341113,0.985173,1
-1.386262,0.195122,1
-0.002132,0.979669,1
0.268966,0.425831,1
-0.853436,1.116129,1
-0.372725,0.654310,1
-0.287021,0.581940,1
-1.249689,0.133451,1
-0.404962,-0.615357,1
1.185877,0.609940,1
-2.100126,0.438842,1
-1.076131,-1.083827,1
-0.672431,0.239783,1
-1.899518,0.277210,1
-1.190460,0.096480,1
-0.619375,-0.467264,1
-2.545290,-0.532094,1
-0.502408,0.054980,1
-0.888707,0.965575,1
0.201726,-0.300908,1
-0.976378,-0.891263,1
-0.800270,-0.213641,1
-0.606349,0.409310,1
-1.213978,0.150905,1
-0.861536,-0.742656,1
-1.639388,0.933545,1
-1.432911,-0.266019,1
-0.809768,-0.119671,1
1.211936,0.564970,1
0.399054,1.171119,1
-1.968132,0.583631,1
-0.486618,1.768799,1
-1.344172,1.681643,1
-1.389705,0.059510,1
-1.085598,-0.195852,1
-1.430372,-0.051767,1
-0.667612,-0.651714,1
-0.651418,0.388954,1
-1.899035,-0.862572,1
-0.657759,0.144653,1
-1.513937,0.846764,1
-0.618841,0.360655,1
-1.906841,1.384428,1
-1.076734,0.277189,1
-0.886110,0.202366,1
-1.943205,-0.054857,1
-1.263376,-0.466955,1
-1.271263,-0.516392,1
-2.104566,-2.351221,1
-1.186855,-0.221212,1
-2.007239,1.103034,1
-1.108231,1.446599,1
-1.326704,0.818287,1
-0.163548,-0.078943,1
-1.134875,-0.663740,1
-1.120414,0.252013,1
-0.957746,-0.379950,1
-1.269114,-0.008924,1
-1.413615,0.923628,1
-0.848346,0.192516,1
-0.112578,1.823043,1
-1.045401,-0.350115,1
-1.253353,0.759440,1
-2.564787,-1.264123,1
-0.780702,-2.337089,1
-0.878752,-0.356226,1
-0.732266,1.002844,1
-0.610143,-1.566200,1
-0.715849,1.610083,1
-2.280889,0.200413,1
-0.537002,0.754926,1
0.106145,0.346470,1
0.259493,-0.894526,1
-1.142531,-1.102594,1
-0.585844,-0.412553,1
-1.356289,0.100902,1
-0.924981,-1.308528,1
-1.179986,-0.782137,1
-0.934678,-0.022694,1
-0.943594,0.702860,1
-1.151479,0.309029,1
-0.860073,1.118083,1
-0.769727,-1.319406,1
-0.341700,-0.383163,1
-1.054567,-0.885683,1
-0.162267,0.628458,1
-1.123583,0.878069,1
-0.393734,-0.543893,1
-2.806546,-0.691671,1
-1.208623,-0.538934,1
-1.165476,-0.374118,1
-0.816074,0.761419,1
-2.293810,-1.082102,1
-0.831780,-1.138339,1
-0.900050,-0.090839,1
-2.038040,0.264987,1
-0.428750,1.216010,1
-1.558959,-0.713905,1
-0.714508,-0.005134,1
-1.276582,-0.180253,1
-1.694747,-0.693923,1
-0.528925,-0.091668,1
-2.040836,0.384534,1
-0.890297,-0.927142,1
-1.132241,-0.459343,1
-3.156449,-1.064058,1
-0.915679,-1.012983,1
-1.307582,-0.504800,1
-0.258239,-0.257823,1
-0.323853,-0.692240,1
-1.889571,0.814942,1
-0.993129,0.224023,1
-0.739334,0.171903,1
-1.144795,1.233264,1
-1.451370,0.129733,1
-0.226677,0.910828,1
-1.298621,0.471499,1
-0.755204,-0.600284,1
-1.405787,1.582454,1
0.389738,0.262821,1
-0.542693,0.156515,1
-0.211952,-0.370770,1
-0.843567,0.578974,1
-1.055996,0.263263,1
-0.772009,0.304105,1
-0.182465,-0.189960,1
-0.740273,1.029860,1
-0.624207,-0.571332,1
-1.349156,0.471143,1
-1.166835,0.098870,1
-0.908648,-0.280639,1
0.086575,0.250323,1
-1.441916,-0.907858,1
-0.770787,0.031248,1
-0.807971,-0.538481,1
-0.389264,0.244666,1
-0.250213,-0.556020,1
-0.312338,-0.606423,1
-1.351653,-0.655620,1
-0.124774,0.559793,1
-0.714396,-0.371616,1
-1.915830,-0.246246,1
-0.783784,1.224708,1
-1.654952,1.319294,1
-1.380969,-1.221478,1
0.688662,-0.451797,1
-2.231005,-0.559611,1
-0.601456,-0.189822,1
-0.715996,-0.438256,1
-1.968099,0.629840,1
-1.073377,0.400760,1
-0.910179,-0.827932,1
-0.736091,-0.548648,1
-0.201007,0.104319,1
0.185505,-0.568809,1
-0.237621,0.458743,1
-1.218885,1.394914,1
-0.667557,-0.139722,1
-1.280771,-2.026673,1
-1.694094,-1.113913,1
0.403824,-0.093391,1
-1.122679,-0.700278,1
-1.283210,-1.067163,1
0.181877,1.152474,1
0.119966,-1.227961,1
-1.979949,0.586428,1
-0.324815,-0.127980,1
-1.599330,-0.574534,1
-2.975227,-0.042941,1
-1.889136,0.692306,1
-1.495156,-0.954165,1
-0.452793,0.687975,1
0.090476,0.357830,1
-1.239982,0.280826,1
-0.498127,-0.109837,1
-2.804826,-0.858620,1
-2.036475,-0.428216,1
0.228607,1.170428,1
-2.238319,-0.234916,1
-0.265556,-0.794727,1
-0.166201,0.098999,1
-1.522555,0.391046,1
0.189416,0.963961,1
-0.546107,0.084771,1
-2.728465,1.058033,1
-0.562603,1.170190,1
-1.706424,-0.880839,1
0.202935,-0.553950,1
-1.482223,0.908560,1
-1.978044,-0.109185,1
-0.166301,2.070442,1
-1.854130,-0.207857,1
-1.039505,0.128769,1
-0.753015,0.846277,1
-1.516222,0.441821,1
1.627626,0.253122,1
-0.113557,-0.353523,1
-2.126127,-0.114982,1
-1.156357,0.561201,1
-1.625226,0.860261,1
-1.815679,0.647356,1
-2.018881,0.213923,1
-0.444863,0.975453,1
-1.461091,-1.334892,1
-0.751235,0.571627,1
-1.352987,0.243963,1
-2.160781,0.628188,1
-1.337526,1.002382,1
-0.195828,1.337758,1
0.198001,-0.161177,1
-0.907432,0.034071,1
-0.868246,-0.328864,1
-0.261544,0.001067,1
-1.401652,1.349627,1
-1.991784,-0.484626,1
-0.262397,0.020081,1
-0.578515,0.576754,1
-0.759659,-0.769660,1
-1.955538,-0.542246,1
-1.788477,0.570035,1
-1.614477,0.089990,1
-1.896332,-0.048298,1
-2.029093,-0.586513,1
0.367311,-0.439873,1
-0.471555,-0.736926,1
-1.038458,0.844236,1
-1.289979,0.938988,1
0.651627,-1.778929,1
-1.617141,-0.126716,1
-0.334035,0.379579,1
-1.023870,1.166822,1
-0.884173,-0.819488,1
-2.167136,-0.259079,1
-1.671669,-1.804355,1
-0.423195,0.163442,1
-1.117522,0.028164,1
-1.158241,0.834746,1
-0.673891,0.374129,1
-0.383446,0.865749,1
-1.338368,-0.317135,1
-0.322649,-0.745928,1
-0.169078,0.841313,1
-0.983325,0.051085,1
0.229561,-1.514713,1
-1.074023,0.706108,1
-1.389830,0.132211,1
-1.694796,-1.191685,1
-2.023625,2.031305,1
-1.313870,-0.473486,1
1.686032,-0.951078,1
-1.608493,-1.083779,1
-1.207955,0.412529,1
-0.541386,-0.520439,1
-0.925844,1.030218,1
-1.271474,0.136274,1
-0.443034,-0.437402,1
0.464420,-1.027465,1
-1.667811,-0.120952,1
-0.495781,0.417678,1
-0.604728,-0.299142,1
-1.311472,0.396354,1
-0.297863,0.356425,1
-1.452678,1.119578,1
-0.256174,0.230713,1
-1.089591,-0.683589,1
-1.172863,0.882158,1
-0.726358,0.049760,1
-1.376220,0.038522,1
-0.406702,-0.360093,1
-1.148969,0.515308,1
-0.865303,-0.846817,1
-1.244264,-0.581695,1
-0.933925,0.875179,1
-1.164261,-0.342997,1
-1.231407,-1.368276,1
-1.108901,0.047003,1
-1.437827,-0.201449,1
-1.473503,-0.874102,1
-0.278073,-0.271122,1
0.211685,0.700578,1
0.594323,0.171464,1
-0.175846,0.503012,1
-0.338913,-0.272040,1
-1.191403,0.220071,1
0.178841,-0.248011,1
-1.179282,0.901296,1
0.449566,-0.680499,1
-1.074373,0.323563,1
-0.851639,0.123162,1
-1.168205,-0.766902,1
-1.617124,-0.490661,1
-0.926172,-0.654029,1
-2.104953,-0.330982,1
0.059933,1.154098,1
-0.894022,-0.567991,1
-0.866765,-0.300802,1
-0.445551,-0.306502,1
1.328334,-0.100981,1
-1.048857,-1.327986,1
-1.587124,0.043916,1
-2.468303,-0.007669,1
-0.920345,0.067617,1
-0.317914,0.356535,1
-0.525760,0.561656,1
-1.629616,0.101311,1
-1.605691,-0.447722,1
0.017656,-0.872448,1
0.608433,-0.357914,1
-0.881420,0.009487,1
-0.347422,-0.395534,1
-1.867837,1.363402,1
-1.735613,0.467786,1
-1.589199,0.603744,1
-1.791205,-1.530814,1
-1.768463,0.296827,1
0.644557,0.852801,1
-0.924538,1.151450,1
-1.533195,0.859425,1
-0.488770,-0.137563,1
-0.191017,-0.343736,1
0.405931,0.057317,1
-1.479275,1.017636,1
-0.687045,0.451681,1
-0.430256,0.355710,1
-2.179546,-0.029146,1
-1.840982,0.460688,1
-1.890234,-0.008181,1
-0.502276,-0.141925,1
-1.244285,0.000481,1
-1.426960,-0.065244,1
-0.886669,0.254742,1
0.719984,1.033524,1
-1.038246,0.688912,1
-0.815149,0.179843,1
-1.524475,2.038801,1
-0.287284,0.068671,1
-1.612012,0.640417,1
-0.209183,-0.327595,1
0.510637,-0.167557,1
0.041918,-0.402336,1
-2.394376,-0.413801,1
-2.100957,2.094482,1
-0.326111,-0.010913,1
-2.300693,-0.568009,1
-0.939321,0.510209,1
-0.432856,-0.991834,1
-0.601145,0.797476,1
-1.352441,-0.848638,1
-1.241942,0.321936,1
-0.865025,0.575963,1
-1.021014,-0.240984,1
-0.966783,0.317116,1
-1.108059,0.839985,1
-0.135297,-0.177402,1
-1.910616,-0.378652,1
-2.735426,0.374601,1
-0.151348,-0.240826,1
0.162518,0.641962,1
-1.345824,1.350518,1
-0.653055,-0.036998,1
-1.565545,-0.890337,1
-0.586169,-0.976607,1
-0.341799,0.316501,1
-1.468688,0.524023,1
-0.586580,0.141587,1
0.426559,-0.067604,1
-0.559230,-0.382732,1
-0.280409,-0.668015,1
-0.988612,0.987345,1
-2.148582,0.828972,1
0.687343,0.845985,1
-1.385280,-0.637386,1
-0.132255,-0.528562,1
-1.903640,0.692487,1
-1.668993,-0.173904,1
-0.225149,0.298314,1
-0.055647,-0.203825,1
-0.248057,0.102832,1
-0.529189,0.542339,1
-1.055572,0.420141,1
-0.690733,-0.512777,1
-0.530263,0.583556,1
-0.912206,0.069292,1
-1.311388,-0.716615,1
-1.093602,0.278243,1
-1.668954,-0.739417,1
-0.831134,1.104729,1
-1.656799,0.119786,1
-1.278014,1.137727,1
-2.014356,-0.157993,1
-1.415402,-0.759219,1
-0.990459,1.379223,1
-0.778598,0.990618,1
-2.739495,-0.252373,1
-1.161330,-0.570904,1
-0.316429,-0.606453,1
0.145364,-0.500616,1
-1.430157,0.210819,1
-1.118408,1.511695,1
-0.859842,0.274495,1
-0.716864,-0.699236,1
-0.622716,-0.935724,1
-2.309657,0.450428,1
-0.226207,-0.763050,1
-1.634316,0.502338,1
0.557017,1.147216,1
-0.527548,-0.890428,1
-1.882452,-1.029460,1
-0.853364,-0.354472,1
-0.867705,0.335190,1
0.266910,0.806657,1
0.710834,-0.582065,1
-0.153584,0.947353,1
-0.336355,-0.472914,1
-0.782598,-1.318822,1
-1.780868,-0.675283,1
-2.333238,-0.390504,1
-0.583891,-0.328441,1
-0.843750,0.559361,1
-1.414212,-0.010074,1
-1.001381,-0.211341,1
-1.915691,0.345667,1
-0.623752,-0.288592,1
-1.687790,0.239534,1
-1.876722,0.693343,1
-0.324801,-0.182276,1
-0.026338,0.889737,1
-0.839797,0.029308,1
-0.356164,-0.698614,1
-2.194445,0.306036,1
-0.161954,-1.068574,1
-1.659339,-1.397031,1
-1.345698,-0.091078,1
-1.529564,-1.037327,1
-1.787447,-1.187323,1
-0.420381,0.826836,1
-2.228078,-0.341603,1
-2.948243,0.903303,1
-1.260367,0.068769,1
-0.209099,0.260022,1
-1.547974,-0.813495,1
-0.342072,-0.418233,1
-1.382358,0.053133,1
-0.607158,-0.482234,1
-0.256821,-1.009356,1
-1.832898,0.150388,1
-1.736827,1.843765,1
-0.299221,-0.578208,1
-0.658177,-2.089604,1
0.141743,0.333323,1
-1.028646,0.513952,1
-0.244777,-0.495339,1
-1.788785,0.367347,1
-2.280599,0.004555,1
-0.185658,-0.423123,1
-0.753000,0.191043,1
-1.651161,0.420236,1
-0.872043,1.219349,1
-0.973360,-0.440010,1
0.544928,0.009052,1
-1.288260,0.211500,1
-0.340289,1.032270,1
-0.956496,-0.610080,1
-0.813536,0.830650,1
-1.214320,-0.393072,1
-1.129189,0.000146,1
-1.103204,0.962907,1
-1.427466,0.163397,1
-1.716429,0.933553,1
-0.215544,0.760927,1
-0.857338,-0.092853,1
-0.850399,0.019578,1
-2.461416,-0.044309,1
0.111213,0.441085,1
-1.062426,0.751621,1
-0.192192,-0.198241,1
-2.669509,0.546868,1
-0.596469,-0.569442,1
-0.574583,0.154845,1
-1.644210,-0.026593,1
-0.704663,0.874907,1
-0.296003,-0.460002,1
-0.945008,-0.669745,1
0.844246,0.311822,1
-0.360789,0.146565,1
-0.439430,0.068513,1
-1.923874,0.549546,1
-1.151613,0.718376,1
-1.246604,0.678222,1
-1.063694,1.194284,1
-1.913171,-0.942422,1
-2.182494,-0.406280,1
-1.026992,-0.004246,1
-1.916827,-0.172106,1
-1.372729,0.554490,1
0.310862,0.395280,1
-1.723644,1.021509,1
-1.458859,0.802264,1
0.299793,-0.597734,1
-1.493174,1.141189,1
0.009448,-0.867584,1
-1.442030,-0.172728,1
-0.184021,0.451662,1
0.034215,-0.641455,1
-1.792554,0.697912,1
-1.393996,-0.852058,1
-0.605088,-0.608247,1
-0.932484,1.535502,1
-0.912084,0.214463,1
0.763103,0.207799,1
-1.104687,0.055777,1
-1.237576,-0.575092,1
-1.725648,-0.470946,1
-0.043546,-1.378244,1
-2.108340,-0.128096,1
-0.493822,-1.217304,1
-1.109076,0.045522,1
0.435709,-0.976653,1
-1.785397,0.684777,1
-0.372985,0.161132,1
-0.673159,0.687150,1
-1.799666,0.295421,1
-2.307124,-1.079231,1
-0.081095,0.363891,1
-0.600308,0.663925,1
-1.132185,0.177200,1
-0.911374,1.290623,1
-1.552682,0.830524,1
-1.337391,-0.343089,1
-1.729192,0.246601,1
-1.314678,0.491083,1
-1.343769,0.326411,1
-0.773327,0.463731,1
-1.973690,-0.171084,1
-0.272983,-0.196353,1
-0.726815,0.742765,1
-0.839209,0.450904,1
-0.614453,1.498751,1
-1.432040,-0.468156,1
-1.534845,-1.319898,1
-1.664165,0.798046,1
-1.677728,-0.533960,1
-1.178593,-0.063955,1
-1.503843,-0.385971,1
-0.663811,1.491487,1
-1.426692,-1.438751,1
-0.551465,0.923553,1
-0.070353,-0.870412,1
-0.364213,1.324849,1
-1.120375,0.775634,1
-0.754259,1.145660,1
-1.074913,0.226700,1
-0.617429,0.109077,1
-0.818581,-1.109021,1
-1.681118,-0.692394,1
-0.794210,0.875879,1
-0.532387,-1.402566,1
-1.606644,-0.046930,1
-0.318644,-0.908900,1
0.102270,-0.238970,1
-0.936996,-0.318937,1
-0.231396,-0.485930,1
-0.692840,0.833830,1
-2.414316,-0.693676,1
-1.508533,0.170763,1
-0.241717,-0.325519,1
-1.795859,0.447451,1
-0.529290,-0.663159,1
-2.227757,0.569623,1
0.225219,-0.022260,1
-1.434539,1.009317,1
0.074838,0.201962,1
-1.811532,1.101933,1
-0.754080,-0.093122,1
-2.562216,0.349155,1
-0.679954,1.324159,1
-0.783560,-0.208928,1
-0.725672,-0.810163,1
0.383431,0.163060,1
-1.529082,1.012301,1
-0.437419,-0.397622,1
1.374025,0.069023,1
-0.647142,1.629064,1
-0.286939,-0.523965,1
-3.088821,-0.804710,1
0.791549,1.396451,1
-0.674413,-0.739779,1
-1.570978,-1.272661,1
0.294303,0.890648,1
-0.432412,0.731852,1
-0.487885,0.252988,1
0.198310,-1.286108,1
-0.511668,1.038929,1
-1.265303,-0.052246,1
-1.007049,-1.589400,1
-0.717193,-0.189645,1
-0.865750,-0.703851,1
-0.443448,1.905166,1
-1.785535,1.201780,1
-1.087819,-0.479397,1
-1.168013,1.145039,1
-0.541787,-0.346472,1
0.499774,-1.206200,1
-0.622631,-1.096620,1
-1.778434,-0.333367,1
-1.937024,0.581774,1
-0.916073,0.304154,1
-2.333538,0.605407,1
-0.255504,-0.695386,1
0.302576,-0.176314,1
-0.707193,-1.345097,1
-0.880058,0.340737,1
-1.246623,0.740048,1
0.551602,0.456708,1
-2.138395,-0.596996,1
-0.554665,-0.297183,1
-0.301274,-1.400544,1
-1.151763,0.375395,1
-0.383357,0.214537,1
0.077648,0.541274,1
-0.433448,-0.241232,1
-1.607597,0.764707,1
-1.886204,-0.710168,1
-0.775034,-1.302757,1
-1.686093,0.632273,1
-0.787554,-1.187929,1
-0.748170,-0.283390,1
-0.616664,0.743366,1
-1.473025,0.255659,1
-0.495992,0.073041,1
0.345157,0.675215,1
-0.249291,-0.977913,1
-0.177577,-0.467816,1
-0.881381,-1.047979,1
-1.654362,-0.459292,1
-1.286071,-0.403177,1
-1.203061,0.003462,1
-1.899769,0.257823,1
-3.202081,0.258414,1
-1.350774,-0.470379,1
-1.480494,1.114587,1
-0.637868,-0.170830,1
-2.077518,-0.615804,1
-0.921608,-0.001697,1
-1.881450,-0.594796,1
-1.686154,-1.877684,1
-0.076798,0.873306,1
-0.919760,0.506984,1
0.526624,0.047870,1
-1.667541,-0.379539,1
-0.464272,1.593868,1
-0.599223,-0.160114,1
-1.036984,1.129833,1
-1.290787,-0.983459,1
-0.347069,-0.539666,1
-1.079289,0.186962,1
-0.625188,0.067608,1
-0.171315,-0.247139,1
-2.375721,0.147602,1
-1.061903,-0.738924,1
-0.686238,-0.247515,1
-2.592234,-0.329521,1
-0.030144,-0.935204,1
-1.018909,0.126041,1
-0.804119,-0.229365,1
-0.231543,-0.667170,1
0.255994,-0.240896,1
-0.777711,-0.111858,1
-1.071718,1.580109,1
0.079336,-1.084210,1
-0.340956,0.412038,1
-0.236629,-1.491733,1
-0.654034,-0.943936,1
-0.324214,-0.262855,1
-0.446123,0.156773,1
-2.339042,0.881861,1
-1.260058,-0.620051,1
-0.989155,-0.133871,1
-0.401032,-0.801465,1
-0.826749,-1.187358,1
-0.977820,-1.094341,1
-0.837308,-0.221883,1
-0.664040,-0.185078,1
-1.063290,0.352294,1
-1.274904,1.338840,1
-1.203248,0.646800,1
-0.386787,0.130653,1
-2.089266,-0.055223,1
-1.981702,-0.881397,1
-0.888442,0.718917,1
-0.516580,-0.122392,1
-0.298292,1.330329,1
-0.532835,-0.586017,1
-1.468756,1.274557,1
-0.896867,-0.235157,1
0.615622,-0.371255,1
-0.759510,1.179457,1
-0.096748,-0.363044,1
-0.285174,-0.416691,1
-1.200426,-1.230341,1
-0.698492,0.244690,1
-1.314610,0.893193,1
-0.818991,-0.943867,1
-1.497981,-0.772603,1
-0.986516,0.013087,1
-1.000299,0.733862,1
-1.606815,-1.015625,1
-1.254349,-0.287992,1
-0.880052,1.005628,1
-1.566988,0.502865,1
-2.095918,0.246784,1
-1.533824,-0.590047,1
-1.727716,-0.463064,1
-0.564585,-0.332167,1
-2.466676,-1.231101,1
-0.833857,-0.763162,1
-0.245992,0.111870,1
-1.441394,-0.562814,1
-0.496983,-0.937180,1
-1.145022,1.312434,1
-1.481208,-1.153560,1
-1.155258,0.022384,1
-1.427639,0.464409,1
-1.091809,1.797785,1
-0.509233,-0.174110,1
-1.065907,-0.246014,1
-0.087865,0.028015,1
-0.332541,-0.952912,1
-1.632321,0.159558,1
-2.325879,0.231318,1
-1.144961,-0.161239,1
-1.449409,-0.505485,1
-1.498144,-1.092350,1
-2.135727,0.565444,1
0.165891,-0.954577,1
0.002226,0.042860,1
-0.485237,0.513738,1
-1.247296,0.390039,1
-0.547592,-1.138483,1
-1.042943,-1.271563,1
-0.813149,0.394331,1
-0.602724,0.690216,1
-0.693541,0.076503,1
-0.507052,0.295830,1
-0.314016,0.814033,1
-1.452491,0.309606,1
-1.452613,-0.276583,1
-1.515202,0.480349,1
-0.444465,0.625650,1
-0.283991,1.011917,1
-1.373298,0.253687,1
-1.924073,-0.955829,1
-0.594981,2.270815,1
-1.155226,-0.271862,1
-1.349170,0.543614,1
-1.974305,-0.085492,1
-1.379631,-0.949088,1
-1.326396,0.527834,1
-1.540139,0.779302,1
-2.674226,-0.623344,1
-0.017964,-0.089277,1
-0.823998,-0.315278,1
-1.763226,-0.627302,1
-1.202775,-0.173594,1
-0.949288,-1.286736,1
-2.384022,-0.136225,1
-1.059252,0.325563,1
0.132329,-0.716165,1
-1.879996,0.039810,1
-1.569519,0.017845,1
-1.738395,0.286591,1
-1.328355,-0.548973,1
-0.345523,0.157322,1
-2.259558,0.402349,1
-2.145583,1.231670,1
0.718065,-0.345891,1
-1.952641,0.620332,1
0.262821,0.198148,1
-0.049739,1.107030,1
-1.261175,-0.471707,1
-0.741896,-0.454248,1
-1.199052,0.197571,1
-1.156727,0.551761,1
-2.309027,0.765623,1
-0.687715,-0.375333,1
-2.373185,0.106333,1
-0.492589,0.420100,1
-1.174117,-0.329514,1
-1.090888,0.016959,1
-2.265999,0.248985,1
-2.377866,0.198700,1
-1.599145,-1.115788,1
-1.475194,0.366729,1
-2.288835,1.076267,1
-2.199305,-0.073002,1
-0.828809,-0.527117,1
-1.748095,-0.440385,1
-0.518326,-0.770379,1
0.412162,1.564909,1
-2.458120,-0.152477,1
-2.157725,0.078583,1
-2.289459,0.278597,1
-0.428090,-0.298607,1
-1.421521,0.238719,1
-0.510642,0.877531,1
-1.739544,-0.609968,1
-2.245679,-0.705719,1
-1.605973,-0.573743,1
0.022126,-1.216827,1
-1.295058,1.048156,1
-1.761934,1.310768,1
-0.611224,1.841607,1
-1.875432,1.125015,1
-1.359288,0.563130,1
-0.583618,0.106095,1
-0.678303,1.367649,1
-0.814385,1.205416,1
-1.733244,0.670926,1
-0.581132,-0.756911,1
-1.841520,-0.676896,1
-0.724352,0.125116,1
-0.810639,0.126976,1
-0.978720,-0.509439,1
-1.573771,-0.712529,1
-1.841682,0.292485,1
-0.479744,0.126677,1
-2.137332,0.181754,1
-1.263335,0.192324,1
-0.298297,-0.297410,1
0.286929,1.079047,1
-0.165781,-1.125380,1
-1.706754,-0.541576,1
-2.174918,-0.497473,1
-0.716650,-0.712069,1
-1.162461,-0.405492,1
-1.202364,-1.271713,1
-0.009492,-0.394876,1
-0.853103,0.571891,1
0.159186,0.418301,1
-0.946267,0.304035,1
-0.330169,1.225265,1
-1.978106,0.928378,1
-2.516186,-0.016968,1
-1.587546,1.533721,1
-1.988698,-0.023488,1
-0.593657,1.928270,1
-1.252998,0.421164,1
-2.248528,0.882343,1
-0.248257,-1.132128,1
-1.377658,0.885572,1
-1.537024,0.806498,1
-0.346670,0.606692,1
-0.749869,0.825314,1
-0.921439,-0.091417,1
-2.225510,-0.114070,1
-0.955836,-1.087979,1
-0.367886,0.176538,1
-1.414050,-0.061635,1
-1.441505,-0.480227,1
-0.756912,-0.064111,1
-1.406770,1.208763,1
-0.258568,0.926377,1
-2.023664,0.631439,1
-1.402612,0.668155,1
0.249801,0.030068,1
-0.625233,-0.245784,1
-2.884475,-1.198019,1
-0.342556,-0.458891,1
-1.525731,-0.707265,1
-2.747877,0.845396,1
-0.525761,-0.308311,1
-1.077912,-1.152796,1
-0.908504,1.044014,1
-0.027444,-0.154051,1
-2.491633,-0.577414,1
-1.771100,-0.560165,1
-1.894184,0.613866,1
-0.425478,-0.088893,1
-0.700433,0.215503,1
0.514148,-0.299398,1
0.286359,0.510068,1
-1.106268,-1.159250,1
-0.419346,0.570458,1
-2.182435,-0.974506,1
-0.577437,-0.300603,1
-0.339828,0.584150,1
-1.462888,0.344749,1
0.040267,0.209620,1
-0.673899,-1.450150,1
-2.141702,-0.775473,1
0.153574,-0.047190,1
-1.902129,-0.055005,1
-0.073163,0.389146,1
-0.640780,-0.162861,1
-0.929745,-0.636195,1
-0.618233,-0.538250,1
-0.072829,0.283009,1
-0.115863,-0.503676,1
-1.888124,-0.183184,1
-1.784923,0.927069,1
-1.121685,-0.178997,1
1.162350,-0.313196,1
0.239965,-0.497149,1
-0.858295,1.264654,1
-1.470334,-1.869987,1
-1.599616,-1.021877,1
-1.934230,0.730453,1
0.776265,-1.325400,1
-0.260996,-0.194468,1
-1.797896,0.616502,1
-1.651162,-0.650585,1
-2.780245,-1.074670,1
-0.691430,0.480108,1
-1.293333,-0.449026,1
-0.757120,-0.656477,1
0.318785,-0.500772,1
-1.193504,-0.079003,1
-0.337068,2.261923,1
-1.425146,1.693736,1
-0.797077,0.322255,1
-1.626641,-1.922161,1
-2.105957,-0.574404,1
0.067371,-0.772118,1
-1.380591,-0.214643,1
-0.721818,-0.831692,1
-0.855495,-0.454468,1
-2.278555,-0.241617,1
-2.125324,0.942312,1
-1.499060,0.134532,1
0.461246,-0.398367,1
-0.970038,-0.565659,1
-1.213012,0.122645,1
-1.720936,-0.524121,1
-1.067550,0.593685,1
-1.030534,-0.502860,1
-1.646961,-1.784444,1
-0.733657,0.715010,1
-0.296171,0.583155,1
-0.562898,-0.275953,1
-0.447366,0.845839,1
-2.153422,0.391439,1
-2.111062,1.241128,1
-1.295904,0.321581,1
-0.854249,-1.225525,1
-2.607477,1.098632,1
-1.793236,-1.121788,1
-0.636508,0.947912,1
-1.456198,-0.178544,1
-1.278935,0.519598,1
-1.317302,0.333390,1
