2.088411,0.324428,0
-0.356180,1.175243,0
0.948314,-0.280009,0
3.103097,-0.732493,0
2.553634,3.072352,0
1.992716,1.017235,0
0.460845,0.653957,0
-0.985018,-0.816180,0
1.292148,0.187936,0
3.141486,3.022961,0
0.729824,4.097927,0
2.299420,2.031694,0
1.888586,0.847863,0
2.433206,0.828089,0
0.403814,2.189150,0
1.069890,0.219542,0
1.254187,2.362953,0
1.418471,0.279785,0
1.625885,1.438712,0
-0.699813,2.207631,0
3.628619,1.840169,0
1.531603,1.352994,0
1.489171,1.560963,0
2.393564,1.942234,0
0.749127,0.131835,0
1.449965,1.204095,0
0.144785,0.829512,0
0.746386,1.097626,0
2.079167,0.679003,0
1.486454,1.054393,0
2.830103,-0.104004,0
-0.059339,1.219356,0
-0.541702,1.437419,0
0.713284,-0.139934,0
0.912427,1.976415,0
1.148128,0.937642,0
1.782214,2.936981,0
2.847719,0.698737,0
2.022480,0.141307,0
2.723878,1.224825,0
1.833148,0.480155,0
2.248978,0.832817,0
0.844693,-1.664646,0
0.565372,2.491014,0
0.648143,0.560300,0
0.555612,0.679296,0
3.862820,1.914829,0
-0.198199,1.148409,0
2.444559,1.505404,0
0.964591,2.436180,0
0.207551,0.741928,0
-0.206911,1.237452,0
0.982124,1.427955,0
0.485799,1.452323,0
0.135143,-0.478814,0
0.246434,0.598339,0
1.788353,2.420323,0
0.964471,0.457169,0
-0.686047,-1.030180,0
2.124262,0.663665,0
1.752926,1.500852,0
0.824085,0.562570,0
-0.419898,-1.793428,0
1.552258,0.065532,0
1.743901,0.826968,0
1.864983,1.556083,0
3.001682,-0.742461,0
-0.038686,1.351282,0
1.329765,1.044674,0
0.317635,1.228079,0
0.233540,-0.320557,0
2.205938,1.736868,0
1.634139,0.388333,0
0.533772,-0.391754,0
0.763180,0.489392,0
2.003108,-0.839899,0
2.099132,0.830240,0
-0.378547,1.063215,0
0.152879,0.123310,0
0.055888,0.188962,0
1.592892,1.775669,0
3.260797,1.306936,0
0.227349,1.032066,0
-1.247048,1.599183,0
-0.119558,1.103995,0
1.773884,-0.544860,0
2.095489,0.679582,0
1.124287,-0.304219,0
-1.232239,0.054458,0
0.080726,0.733155,0
1.280923,0.576362,0
1.700381,0.564292,0
1.027922,2.399276,0
1.957863,1.107080,0
3.736430,1.123888,0
0.646951,0.213701,0
-0.098129,0.465573,0
0.292405,0.635327,0
0.883083,-0.130813,0
2.448442,0.894915,0
1.334727,0.854552,0
1.765928,-1.797077,0
0.356851,0.398761,0
1.586560,0.138347,0
0.089671,0.847732,0
0.641434,1.061288,0
2.321854,1.173944,0
-0.209620,1.207675,0
1.245849,0.405035,0
0.649932,0.392336,0
2.492651,0.032965,0
0.251563,0.773058,0
0.276390,1.974157,0
-0.155922,0.106620,0
0.225257,0.429655,0
0.405418,0.651589,0
1.630656,1.418796,0
1.785180,2.113616,0
1.886370,0.145689,0
1.254789,0.465801,0
0.882427,0.245273,0
0.204922,-0.087592,0
0.487905,0.887980,0
0.134132,0.065587,0
-0.333143,0.469659,0
-0.404855,-1.547803,1
-0.440751,-1.362180,1
-0.581237,-1.395650,1
-3.046075,-1.082419,1
-1.480589,0.466679,1
-1.235313,-0.920532,1
-0.430934,-1.870112,1
-0.239027,-0.569001,1
-1.080706,-0.445853,1
-0.905019,-0.143684,1
-1.872012,-1.888078,1
-1.227747,-1.761150,1
-2.025263,-0.364566,1
-2.310161,-1.806818,1
0.114180,-0.999188,1
-0.859609,-1.627161,1
-0.072399,-0.001813,1
-1.917427,-0.913946,1
-1.526382,-1.819707,1
-0.244569,-0.320242,1
-1.379162,-0.821341,1
-0.254269,-1.658332,1
-1.615816,-0.222651,1
-0.703949,-1.334206,1
0.382128,-2.628230,1
0.078548,-1.826827,1
-0.896416,-1.407774,1
-2.924378,-0.998323,1
0.246494,-1.267220,1
-1.274567,-0.901226,1
0.070545,0.643659,1
-1.883443,-0.716483,1
0.693834,-0.294784,1
-1.833997,-1.061783,1
0.129105,-2.542818,1
-0.997355,-0.338707,1
-1.741425,-0.438132,1
-0.346799,-1.719152,1
-0.302627,0.790464,1
0.038784,-1.069337,1
-1.988512,-0.691348,1
-0.279519,-1.402485,1
-1.286179,-1.736498,1
-2.063796,-0.701279,1
-2.834955,0.933110,1
-0.648362,-0.332215,1
-0.569751,-0.578586,1
-1.955628,-1.660850,1
-1.079127,-3.023704,1
-0.216230,-1.121217,1
-0.204244,-0.304751,1
-1.607589,-1.269216,1
-0.789071,-1.357653,1
-0.063168,-2.055438,1
-1.228275,0.089048,1
-2.849676,-1.613756,1
-1.919755,-1.371440,1
-0.430868,-1.467236,1
-1.933815,-0.469380,1
-2.079922,-2.510134,1
-1.473263,-1.786615,1
-0.947242,1.376606,1
-0.571681,-2.506876,1
-0.056445,0.110094,1
-0.664279,0.883486,1
-1.455213,0.156488,1
-1.033405,-1.666553,1
-1.018187,-0.097664,1
-1.341084,-2.965029,1
-1.009275,-2.336402,1
-2.033838,0.350260,1
-0.577528,-1.692806,1
-3.024437,-0.896276,1
-0.713611,-0.969263,1
-0.263486,-1.575211,1
0.486581,-1.863066,1
-2.892543,-3.188329,1
-2.508211,-0.930995,1
-1.677390,-2.071429,1
-3.315619,0.888163,1
-1.115474,0.615886,1
-1.338955,-0.728455,1
-2.111531,0.247392,1
-0.365381,-0.734053,1
-0.514309,-0.936660,1
-0.068022,-0.585775,1
-2.154261,-0.277596,1
0.050819,-1.002440,1
-1.126862,0.025725,1
0.478815,-0.769974,1
-1.734071,-0.707226,1
-0.699440,-0.222572,1
-0.143315,0.186080,1
-2.983774,-1.088762,1
0.612383,-0.442912,1
-0.521314,-2.946447,1
-1.255765,-0.473437,1
-1.755009,-0.441971,1
-2.452684,0.421817,1
-2.225275,-1.569057,1
-2.183310,-2.947686,1
-1.717360,-0.543211,1
-0.476853,-1.156156,1
-2.019474,0.014120,1
-0.838506,-2.466040,1
-1.555498,-1.603482,1
-2.423475,-2.565179,1
-1.672226,0.710541,1
1.039186,-0.610861,1
-1.031023,-1.518330,1
-0.760619,-1.699189,1
0.060413,-0.804295,1
-1.994973,0.241677,1
0.908831,-0.081958,1
1.078038,-0.817577,1
0.192210,-2.789097,1
-1.148694,-1.880517,1
-0.637468,-0.586479,1
0.559970,-1.955550,1
-2.804129,-1.909672,1
-2.587245,-1.414527,1
-1.072985,-0.551056,1
-1.348082,-1.410621,1
-1.249239,-1.157763,1
-3.559325,-1.683822,1
