1.247067,1.073391,0
1.608762,-0.063677,0
1.969743,3.360775,0
0.132048,1.563226,0
1.392075,1.983831,0
2.826264,0.692398,0
1.924788,1.078576,0
0.766427,1.132691,0
-1.760683,0.756107,0
-0.167009,2.796185,0
-0.905659,0.393111,0
1.304087,0.763650,0
1.347357,-0.126645,0
2.327931,1.910710,0
-0.205167,-0.278092,0
1.093453,0.984003,0
0.173607,0.222177,0
-0.965827,-0.292643,0
0.146090,0.489213,0
-0.219726,0.973867,0
1.440339,0.149497,0
1.053617,0.196943,0
2.652574,0.304452,0
1.141584,0.476967,0
4.031274,3.256969,0
-0.587026,0.116116,0
1.174953,0.935147,0
0.828693,2.645276,0
0.307025,-0.177391,0
2.561951,1.232508,0
1.026057,2.063004,0
2.374021,1.555789,0
1.463422,2.269365,0
-0.048181,-0.028854,0
1.221402,-1.034485,0
-0.075749,1.512075,0
2.553619,1.013813,0
1.448841,1.602413,0
1.567321,1.458906,0
2.853271,-1.244193,0
2.976703,-0.580903,0
1.091682,1.771631,0
0.329333,1.174234,0
-0.642249,0.847598,0
0.295903,1.102392,0
1.352850,-0.533236,0
0.215458,0.899013,0
2.743801,0.977278,0
0.408889,0.614170,0
2.551528,-0.147714,0
0.699068,-0.163101,0
1.426610,1.526356,0
1.914942,-0.093459,0
1.559836,1.981907,0
-1.245787,0.319542,0
1.193449,1.557583,0
1.768971,2.511052,0
2.262467,1.442370,0
1.674203,1.997483,0
0.356597,2.050536,0
1.111196,0.981198,0
0.018349,2.609517,0
0.499150,0.330180,0
1.655280,1.501154,0
-0.172391,0.936179,0
1.135458,1.249381,0
2.684247,2.972150,0
1.220320,0.678808,0
0.650162,0.639752,0
1.644310,0.642209,0
1.693310,2.126504,0
2.334154,2.204011,0
0.959124,1.168515,0
0.608364,2.683764,0
0.371699,2.593937,0
0.819411,1.041636,0
1.238842,1.895418,0
1.614214,1.345323,0
0.883293,0.122586,0
-1.157282,1.123344,0
0.459799,1.159914,0
2.206927,0.426346,0
-1.538746,1.524700,0
0.923263,0.531615,0
1.712961,0.255815,0
1.154152,2.400455,0
-0.218594,0.281338,0
-0.494717,0.261046,0
1.451706,1.969491,0
1.573212,0.625865,0
1.082582,1.575926,0
0.624004,0.732858,0
-1.363091,-0.771980,0
0.699550,2.352761,0
-0.156209,-0.153828,0
0.497138,1.487244,0
1.438714,1.969472,0
-0.422333,0.561539,0
1.206987,2.963935,0
0.282272,0.291021,0
0.606773,0.272400,0
1.602545,1.125472,0
4.333629,2.799243,0
1.541504,0.933181,0
-0.146708,2.849422,0
1.040483,2.260839,0
0.129110,2.129644,0
0.815181,1.179491,0
1.011238,0.887236,0
1.280183,0.843555,0
0.606610,0.916890,0
2.846980,1.213322,0
2.425066,1.775784,0
0.744794,1.489031,0
2.234019,0.973619,0
3.892569,0.991095,0
0.373896,1.570056,0
0.519681,0.980342,0
0.922004,0.303221,0
1.557789,-0.085278,0
0.265277,1.721409,0
2.045680,-0.643051,0
1.617906,1.716320,0
0.568189,2.551946,0
0.992546,1.207854,0
0.463503,0.153854,0
0.389672,1.289595,0
3.177990,-1.474130,0
2.549156,1.465845,0
0.596962,0.127655,0
1.074565,3.409981,0
2.019801,2.505043,0
1.441292,1.590868,0
0.997265,1.706924,0
-0.528418,0.543298,0
2.592273,2.857743,0
2.972980,-1.659928,0
0.579354,-2.017530,0
1.273540,0.527320,0
0.798090,0.462994,0
-0.565720,2.438569,0
-0.279161,-0.168171,0
-0.668610,-0.751811,0
1.097667,3.186053,0
1.828235,1.437718,0
2.007354,-0.518548,0
1.269232,0.593154,0
2.309109,2.201194,0
0.086870,1.517779,0
-0.228887,1.054233,0
2.658898,0.593359,0
-0.629565,0.420998,0
1.320145,1.424929,0
1.298819,-0.462299,0
2.524976,0.805513,0
2.133039,0.503748,0
1.018971,2.164274,0
1.439471,0.972398,0
-0.991706,0.549062,0
-0.590075,1.908217,0
0.615759,0.019118,0
0.816104,1.311216,0
2.100950,0.077676,0
2.211854,2.492559,0
1.754232,-0.770819,0
2.073395,-0.530465,0
0.732812,-0.001995,0
1.832302,1.950249,0
0.023153,0.972055,0
0.533796,2.284857,0
2.894849,-0.506996,0
1.302393,1.026842,0
0.018455,0.268999,0
-0.909588,1.894999,0
-0.068537,0.768476,0
0.488749,1.194408,0
2.972945,2.023916,0
2.458963,2.502823,0
0.166614,1.168878,0
2.682556,1.326615,0
2.225981,1.018938,0
0.590054,-0.320626,0
0.100766,2.699274,0
0.659404,0.561255,0
0.613252,1.995470,0
1.264340,0.048685,0
1.398528,0.415967,0
1.598764,0.347288,0
2.151830,1.684982,0
-1.173418,0.807390,0
3.093063,1.082321,0
0.313758,0.155508,0
0.297607,3.349544,0
2.423946,0.121512,0
2.502108,2.426260,0
-1.627987,1.663074,0
2.250226,2.021208,0
1.275296,-0.303153,0
1.847883,1.422561,0
1.660002,0.423959,0
0.689571,-0.061470,0
2.682865,1.497160,0
-0.163682,0.323214,0
1.894515,1.539280,0
0.684884,1.630992,0
1.339326,0.213406,0
2.310468,1.279055,0
1.799240,1.131167,0
2.249659,-1.136951,0
0.228796,-0.384058,0
0.359143,2.946068,0
0.963099,1.434077,0
1.747334,2.177072,0
2.077534,1.943252,0
1.740896,0.857212,0
2.001571,1.486644,0
1.037221,0.579514,0
0.203737,3.562645,0
0.988057,-0.820028,0
1.518396,2.880634,0
0.774389,-0.443959,0
1.893911,0.212528,0
1.183427,2.805683,0
-0.007191,1.673138,0
0.173227,-0.083471,0
0.859709,2.272603,0
0.763773,-1.031809,0
2.766361,-0.495696,0
1.646315,0.055469,0
0.316914,-0.557411,0
1.843549,1.648910,0
1.598187,-0.592473,0
1.260538,3.096510,0
0.232922,0.741961,0
1.097874,1.268878,0
2.565576,1.741164,0
0.165520,-0.679703,0
-0.620095,0.954230,0
1.176658,0.819321,0
2.885692,-0.302747,0
1.475556,1.818453,0
1.264100,-0.667531,0
-0.802402,1.102442,0
0.876652,1.575364,0
0.579233,0.078268,0
1.937591,0.915176,0
1.260156,0.241452,0
1.215779,1.288172,0
-0.215729,0.703843,0
0.695042,2.421108,0
1.386518,2.255112,0
2.053679,1.240188,0
0.333208,0.282838,0
2.955700,3.473096,0
1.516453,0.659268,0
1.866405,0.237198,0
-0.632618,1.824801,0
2.086789,-0.100969,0
-0.180120,-0.027171,0
-0.412503,0.212088,0
1.286973,2.914452,0
-0.873625,3.002099,0
0.230176,0.980937,0
0.731706,1.618878,0
1.690659,0.458443,0
0.230433,-0.507049,0
0.444871,1.538037,0
-0.116340,-0.451421,0
0.940088,-0.162103,0
2.369332,1.442570,0
1.323686,1.159445,0
1.939140,0.449697,0
0.481739,1.934708,0
0.169233,-0.563770,0
1.103024,0.879797,0
1.682079,-1.059685,0
2.130375,1.620553,0
2.930359,1.759680,0
1.610876,0.314222,0
-0.345674,2.090743,0
0.430059,0.292124,0
0.983252,2.151747,0
1.885958,1.783967,0
1.487679,0.100419,0
-1.547643,0.054001,0
1.862480,1.682166,0
0.417806,1.408906,0
1.887358,0.686285,0
0.613120,2.104867,0
1.414586,0.820579,0
0.112766,-3.350972,0
2.322482,-0.261766,0
-0.070889,0.204038,0
0.683558,0.914923,0
2.011723,-1.941149,0
0.395786,0.800796,0
2.228278,1.867037,0
0.899622,0.342360,0
2.362159,1.474157,0
1.141690,1.706828,0
0.944840,3.600502,0
1.916200,2.841703,0
2.324891,1.640522,0
1.858295,1.328380,0
0.343464,0.522741,0
-1.254831,0.540513,0
0.675558,2.515725,0
2.335847,2.373512,0
1.573489,2.491392,0
2.686832,0.959285,0
1.854926,-0.426165,0
-2.096051,1.989623,0
1.430738,-1.008782,0
1.281197,0.547115,0
-1.479173,0.581085,0
2.301700,1.627360,0
2.576909,2.015692,0
1.098161,0.246515,0
0.441983,1.638557,0
0.645958,2.107265,0
0.586569,1.971591,0
-0.080051,2.476185,0
0.468597,0.000938,0
0.336645,-0.136723,0
2.078826,1.545932,0
2.041744,2.712704,0
1.661175,1.119035,0
2.809426,0.640044,0
0.448744,0.813077,0
1.557237,1.059855,0
1.427396,1.023504,0
2.706341,0.746956,0
0.017766,0.498482,0
1.162704,1.251976,0
1.408860,1.443523,0
1.286731,2.093473,0
1.190083,1.775335,0
-1.601069,1.298800,0
3.368116,0.672287,0
-0.132835,1.294213,0
2.150901,1.626060,0
1.215904,2.398519,0
-0.641614,-0.721232,0
0.526408,0.246413,0
3.446003,-1.143437,0
2.274160,0.557477,0
0.703238,0.103415,0
2.237268,3.223603,0
0.755201,0.199949,0
0.134368,1.246089,0
0.682308,-0.602340,0
1.662286,0.792134,0
1.335296,1.487692,0
0.381626,1.866713,0
0.911902,-0.039595,0
2.015738,-0.212280,0
0.398568,-0.295637,0
1.573148,1.673721,0
0.805581,2.847514,0
0.834308,1.256045,0
1.095322,-0.279854,0
2.889880,1.621279,0
1.456952,1.300190,0
0.189100,3.114829,0
2.436161,1.388414,0
1.959256,1.477146,0
1.604975,0.330893,0
-0.020158,-0.077678,0
2.914278,-1.762726,0
0.977115,1.017893,0
0.598185,-0.230169,0
1.123409,1.197793,0
1.731148,1.020796,0
1.598416,1.133567,0
2.964907,2.023248,0
2.291332,1.897509,0
1.515537,1.834725,0
1.572250,1.713003,0
0.572767,0.382510,0
1.724422,0.315318,0
0.871211,0.848751,0
0.626745,1.673514,0
1.684663,0.574514,0
0.352915,-0.527098,0
2.470543,-0.350945,0
1.524218,-0.568170,0
0.437990,1.010938,0
0.648189,2.038960,0
1.391996,1.444627,0
0.968587,-0.453110,0
0.762660,0.706999,0
-0.173340,1.254361,0
1.395052,1.019850,0
-0.281767,0.413588,0
1.040837,-0.326942,0
1.770890,-0.200166,0
-0.367058,1.079958,0
0.500082,1.016894,0
1.377658,0.196883,0
1.351644,-0.066803,0
2.691896,1.505523,0
0.583488,1.483937,0
2.041440,2.609704,0
0.731792,1.727578,0
0.715918,1.862528,0
0.057909,2.623901,0
1.581117,-0.270382,0
0.873640,0.103909,0
2.487646,2.548364,0
2.546761,2.903136,0
1.094382,-0.997218,0
2.044528,-0.631772,0
2.587445,2.901112,0
-1.666313,1.088313,0
0.220361,0.200440,0
3.192002,0.147444,0
-0.053259,1.157362,0
0.574584,1.438540,0
1.504064,0.886846,0
-0.933325,0.465194,0
1.882337,0.705103,0
0.571195,0.376125,0
2.113303,0.358658,0
0.855308,0.622980,0
-0.328845,-0.270438,0
-0.957093,0.993247,0
-0.199165,2.881987,0
0.144396,0.349454,0
2.186024,0.800690,0
-0.837216,1.107178,0
0.879951,-0.438641,0
-0.507107,2.179996,0
3.185223,-0.229743,0
3.816083,-0.387459,0
0.535200,1.780170,0
-0.187958,0.116315,0
1.664834,0.655782,0
0.323049,2.367713,0
0.555323,0.820186,0
0.291301,1.317113,0
0.168243,-0.152431,0
1.493692,0.162850,0
-0.323372,0.089545,0
0.394204,1.420937,0
0.457442,1.722770,0
-0.062307,0.036844,0
1.577573,2.461597,0
-0.166451,0.362334,0
0.509635,0.308903,0
0.504529,1.539986,0
-0.768410,1.379805,0
-0.376105,2.097975,0
0.984675,0.838593,0
1.210663,1.608755,0
1.557425,2.182865,0
0.783894,-0.446191,0
0.328178,0.685362,0
2.978915,1.240200,0
-0.317199,-0.772759,0
0.768284,2.401745,0
2.688359,3.182316,0
0.199226,0.612311,0
0.255177,0.951287,0
2.668664,1.487359,0
1.299934,0.810307,0
2.242582,-0.392379,0
2.203608,2.694290,0
0.690645,1.486436,0
1.286469,0.625509,0
3.210443,2.611777,0
1.139205,0.698409,0
0.525299,0.685547,0
0.236744,1.778842,0
1.214071,2.520928,0
0.904164,1.171519,0
2.153449,-0.172995,0
0.736119,1.028466,0
1.197490,1.063026,0
1.385469,0.639275,0
-0.632349,-0.313254,0
-0.853468,1.354507,0
0.075984,0.946188,0
1.843858,1.246620,0
0.432768,1.395612,0
0.094568,2.462829,0
0.680048,-0.172709,0
1.200369,1.049054,0
3.227416,1.392831,0
0.775354,-0.197138,0
-0.584258,2.229495,0
0.995909,2.376615,0
0.529472,2.189023,0
1.095534,-0.547259,0
0.689918,-0.504350,0
0.345626,-0.217959,0
-1.244730,2.356021,0
0.712273,0.845510,0
0.396024,0.051574,0
0.421836,2.085702,0
0.470885,-0.238567,0
1.797452,2.197516,0
-0.127201,1.170632,0
2.037925,1.896392,0
1.404923,2.146365,0
0.989443,0.453224,0
-0.683807,0.401367,0
-0.772647,1.760566,0
2.049286,1.091180,0
1.918818,2.383481,0
1.057981,-0.115585,0
1.895333,-1.184380,0
0.419425,1.762083,0
1.303386,0.281839,0
-1.007790,1.839674,0
0.160540,1.210066,0
0.833971,3.012309,0
1.602387,2.659181,0
0.366461,0.213110,0
1.954471,-0.270386,0
1.736183,0.984685,0
1.480939,1.560252,0
1.231789,2.116616,0
2.675157,-0.143877,0
1.501215,2.525488,0
0.971949,1.197304,0
2.001492,0.334863,0
-0.424852,-0.238109,0
1.738096,-0.642444,0
3.360231,1.181828,0
0.927701,1.704915,0
0.179929,0.963460,0
1.048448,0.994706,0
2.470278,1.510514,0
2.073984,0.331298,0
0.014308,0.234759,0
1.157248,2.652569,0
0.476171,1.614910,0
0.722279,0.483236,0
0.695336,-0.527052,0
1.196674,1.979137,0
1.675773,2.813317,0
0.097939,1.471917,0
-0.962152,-0.454797,0
-0.112116,-0.813925,0
-0.008271,0.556004,0
0.977843,0.409667,0
1.235646,1.249873,0
0.949459,0.985885,0
1.397313,1.251887,0
-1.232304,1.753741,0
0.769666,-0.645808,0
1.144328,1.115646,0
4.012473,0.848123,0
1.582391,0.796544,0
1.008974,1.534451,0
0.253103,2.040741,0
-0.639836,2.157667,0
0.557868,2.316320,0
1.395662,1.434031,0
0.370533,0.633735,0
0.112969,1.791089,0
0.937777,1.060981,0
3.281344,-0.605017,0
0.039580,1.832960,0
2.267184,1.482655,0
1.199715,-0.214770,0
1.051276,-0.211542,0
2.989070,0.870941,0
-0.485401,2.143533,0
1.920412,0.257798,0
3.015358,0.872170,0
0.090729,-0.638715,0
0.990257,1.802652,0
1.006102,0.968094,0
0.935652,0.458050,0
0.720224,-0.595424,0
-0.460538,2.210054,0
1.329980,1.978397,0
2.719518,1.165775,0
0.551303,0.643379,0
-0.001258,2.408377,0
0.292498,-0.432837,0
0.941650,-0.554062,0
1.257021,2.254252,0
0.207417,0.945030,0
3.018842,0.984534,0
-0.609003,1.042528,0
0.777753,0.770045,0
1.171799,-0.334126,0
0.297306,1.223155,0
0.141922,0.533785,0
2.643497,2.167492,0
1.737406,0.839578,0
-0.003753,1.474180,0
1.328910,0.515416,0
0.864468,0.771546,0
0.052767,2.418931,0
1.386452,1.156634,0
1.767967,2.098866,0
0.950423,-0.424655,0
0.903667,1.100435,0
1.476131,1.252278,0
-0.128044,0.961175,0
0.360046,0.501072,0
0.880278,0.631686,0
0.647982,2.195641,0
1.073742,2.528615,0
1.751223,0.888515,0
-2.394135,0.516960,0
1.686168,1.546488,0
-1.255821,1.040681,0
0.704051,0.976647,0
1.137702,0.345625,0
0.662268,1.479119,0
0.379763,3.102740,0
2.302223,2.076620,0
1.485785,-0.036477,0
2.698641,2.548814,0
0.920327,1.693259,0
0.803343,2.499316,0
1.590836,0.675076,0
-0.938425,-0.248055,0
-0.486532,0.970867,0
0.311560,0.623215,0
0.164181,1.751258,0
-0.581382,-0.393819,0
0.733971,1.633233,0
3.489829,1.841898,0
1.778090,1.088646,0
-0.960538,3.122333,0
2.129037,2.326927,0
1.834299,1.144106,0
-0.333542,-0.381705,0
1.391270,-0.215014,0
1.375783,-0.284299,0
1.710635,0.725380,0
1.907072,0.780563,0
0.969955,-0.353801,0
0.824867,2.514823,0
1.940114,1.854796,0
0.549949,0.629752,0
0.046807,0.892756,0
1.023868,1.367074,0
0.324176,0.668251,0
-2.530740,-0.146393,0
2.373730,-0.473702,0
2.005727,1.704065,0
-0.235893,1.643903,0
0.876579,-0.261504,0
1.763928,-0.054512,0
0.133899,1.724431,0
1.711711,3.076750,0
1.241858,0.013876,0
-1.869983,0.379705,0
0.327378,-0.100954,0
1.596436,0.057383,0
-0.571633,0.468075,0
-0.207383,-0.110278,0
3.122745,1.087382,0
1.863190,-0.655308,0
1.167569,2.179770,0
-0.271297,0.345902,0
1.614689,1.501638,0
-0.311889,1.982880,0
1.220009,1.811318,0
-0.110571,0.428431,0
0.491480,1.357813,0
-0.034741,1.161702,0
1.075077,0.193104,0
0.801830,0.999207,0
2.354689,1.205084,0
0.361367,1.331171,0
1.421091,2.815534,0
0.737996,0.434454,0
2.395425,-0.507383,0
1.447036,1.744462,0
1.271677,1.761348,0
0.944637,-0.717098,0
1.701079,1.367182,0
0.904993,-0.282553,0
0.049722,-0.785459,0
1.489180,2.237171,0
-0.449253,-2.159568,0
2.107175,2.340641,0
2.122496,1.667799,0
1.331106,1.559177,0
2.820811,1.664946,0
1.860363,0.894627,0
-0.038091,0.745652,0
2.011756,0.693360,0
1.953687,0.269235,0
0.498570,0.467375,0
1.151994,1.573500,0
0.208459,1.066202,0
0.256587,0.855070,0
2.045753,1.720977,0
-0.644362,0.521020,0
-0.368781,0.613254,0
-0.754227,0.845218,0
-0.045870,1.014874,0
2.032279,2.237667,0
0.753684,0.384174,0
1.501216,0.593853,0
0.981200,-1.147028,0
3.122492,0.372114,0
2.292711,2.117228,0
1.747274,3.655491,0
1.474784,0.327532,0
0.592224,0.000789,0
1.523183,1.020779,0
0.964288,1.298361,0
0.503351,2.040535,0
-0.274698,0.585629,0
1.818838,2.305377,0
1.433112,1.231113,0
1.662937,1.650290,0
0.239772,1.235027,0
2.258202,1.058164,0
-0.315833,0.409417,0
1.987391,3.055717,0
2.019924,1.572276,0
2.830630,1.220449,0
0.721825,0.623223,0
1.638161,2.164940,0
2.149506,0.158451,0
1.425251,1.961981,0
0.120048,1.380414,0
-0.775074,1.259314,0
2.571161,0.867207,0
0.978347,0.058809,0
1.696805,0.925227,0
0.841235,-0.067097,0
0.614471,1.252823,0
-1.537000,1.878452,0
2.260356,-1.638573,0
1.095495,2.049215,0
0.334249,1.209219,0
2.211329,0.747013,0
0.194881,1.622148,0
0.438638,0.751952,0
1.042230,0.628541,0
1.261231,-0.153597,0
0.779472,0.002069,0
1.286011,1.969511,0
1.237859,1.077598,0
1.179111,-0.070828,0
0.079363,1.835655,0
1.731252,0.181819,0
0.309789,0.202093,0
3.690547,1.573556,0
1.529137,0.290756,0
1.389348,0.305880,0
-0.255731,1.443543,0
2.981260,0.165726,0
1.108977,0.175317,0
0.781208,1.001999,0
2.457985,0.056088,0
0.922948,0.813969,0
1.636318,3.424225,0
2.142090,1.006791,0
1.564047,1.456633,0
1.068405,0.934608,0
-0.478457,-0.548128,0
0.958523,0.135138,0
0.476283,0.798676,0
-0.594532,2.369386,0
1.190098,2.585964,0
0.263563,-0.582618,0
0.001923,2.215206,0
0.711828,0.335528,0
1.460497,1.669007,0
-0.382941,1.169621,0
0.980721,-0.786996,0
1.243703,1.350746,0
2.203140,2.257129,0
-0.098486,2.294836,0
0.937334,0.421875,0
1.517434,1.757307,0
0.216893,0.588015,0
1.633395,1.032567,0
2.975759,-0.134554,0
2.416858,0.122338,0
0.200280,1.486958,0
2.087101,-0.098884,0
1.304657,1.962473,0
0.938958,-0.082607,0
-1.419017,0.768651,0
3.557053,0.678336,0
1.768572,0.874428,0
0.953478,0.351083,0
1.620638,0.886736,0
0.284754,-0.778312,0
2.203567,0.531583,0
0.774644,1.511610,0
1.776620,1.070776,0
0.795751,1.666029,0
0.991646,1.280752,0
1.393106,-0.187088,0
3.220331,1.127154,0
1.859153,0.293273,0
2.300063,1.524928,0
0.274350,0.693522,0
0.539379,3.171288,0
2.053284,1.104803,0
0.624750,1.974820,0
1.716343,-0.284593,0
-0.781780,2.635559,0
1.596717,0.827105,0
1.554559,1.763127,0
0.978711,0.829173,0
2.014436,1.396188,0
0.655629,0.042446,0
1.213048,4.312050,0
0.379470,0.552128,0
1.631470,1.424501,0
0.792022,2.123346,0
-0.372113,0.120743,0
-0.351981,-0.007528,0
-0.035583,1.351074,0
0.865619,2.043246,0
0.070877,0.912253,0
1.265780,3.245415,0
2.240412,1.790052,0
1.620905,2.482434,0
-1.237416,3.028191,0
0.156703,1.279012,0
0.836894,1.892204,0
-0.196651,2.308981,0
1.886570,-1.002773,0
2.074214,0.877825,0
1.646786,1.807209,0
0.756602,0.607701,0
2.147603,1.218318,0
0.706151,-0.635168,0
-0.016389,1.239300,0
1.106006,-1.505624,0
1.576362,0.970416,0
2.867525,-0.872196,0
-0.764989,1.881118,0
1.527023,0.215197,0
1.636604,2.771367,0
1.145482,-0.504991,0
-0.099075,0.673680,0
2.158151,1.832953,0
0.577737,1.488883,0
1.959526,0.165182,0
1.415489,0.902137,0
-1.092771,0.285866,0
0.415732,3.830282,0
1.229214,2.641051,0
2.786211,0.700757,0
0.315026,0.221449,0
-0.358291,0.602974,0
-0.972732,1.191715,0
-0.245795,-0.059808,0
2.579595,1.193162,0
0.845342,1.016490,0
2.995261,0.159779,0
0.995039,1.771299,0
2.657752,0.440779,0
3.547782,0.970344,0
1.558154,1.274510,0
-0.427357,1.585907,0
1.622311,0.920199,0
-1.580842,1.632246,0
0.342685,0.858152,0
1.186158,0.649436,0
0.290926,0.906106,0
0.911211,-0.878848,0
3.565356,0.047061,0
0.929374,0.199556,0
3.407643,1.048321,0
0.687025,0.800774,0
0.119395,0.270276,0
1.593573,0.446967,0
2.274399,1.440611,0
1.042937,1.573002,0
1.667138,1.151433,0
1.006042,1.591162,0
1.165316,2.609353,0
-1.169942,-0.882726,0
-0.278424,1.416341,0
1.847824,0.758844,0
1.159743,0.999582,0
1.420136,1.680383,0
-0.308527,1.098904,0
0.689672,1.387701,0
0.609015,-0.291646,0
-0.236601,0.333322,0
0.829551,0.695317,0
1.419126,-0.992565,0
1.174510,2.408186,0
0.166972,2.226962,0
2.929030,0.706864,0
0.914253,-1.372882,0
2.338796,1.624617,0
0.047987,-0.902049,0
2.047778,2.029347,0
1.391468,1.459019,0
2.238266,0.137791,0
3.846615,0.084857,0
1.361237,-0.758474,0
2.166513,1.096795,0
-0.216053,-1.627779,0
1.732097,-1.114540,0
1.011125,2.432886,0
0.723979,-0.357887,0
-0.013929,-0.307533,0
-0.312029,0.673834,0
1.005360,1.971490,0
-0.718036,1.288174,0
2.367885,1.021220,0
1.919466,-0.379857,0
1.795110,0.042026,0
0.853187,2.084817,0
1.850104,0.964761,0
0.184983,0.958858,0
0.196846,-0.091400,0
2.077070,-0.015620,0
-0.109507,2.111577,0
0.980774,-0.441815,0
2.333398,1.185297,0
1.425872,1.668198,0
1.095641,-0.309914,0
0.732226,0.341784,0
0.879770,2.268289,0
1.070101,2.312680,0
0.415417,0.002331,0
0.918706,-0.525695,0
1.492438,2.086859,0
0.995563,0.289310,0
2.274478,-0.119468,0
1.562771,0.443776,0
-1.226817,2.122134,0
0.289801,3.088092,0
1.189764,0.206698,0
3.495563,0.914525,0
2.204647,1.010120,0
0.262886,1.116659,0
-1.102617,-0.340106,0
0.915072,0.325668,0
0.832185,0.155616,0
1.718262,-0.235462,0
1.518858,1.664195,0
1.740075,-0.638923,0
2.161594,2.039290,0
-0.205078,1.452004,0
2.079303,1.147286,0
0.955099,1.167013,0
-1.639412,-0.719555,0
0.328823,0.676240,0
1.090621,0.885279,0
1.512801,0.729423,0
0.823853,-0.492332,0
0.811416,-1.147441,0
-0.079628,1.227864,0
1.543044,2.008231,0
0.556168,-0.997759,0
1.968384,1.737139,0
-0.792464,1.210043,0
0.007775,1.448701,0
-0.592534,1.751167,0
0.993331,1.173618,0
-0.200171,1.046937,0
0.862640,0.360050,0
0.334404,0.780155,0
1.503267,1.720188,0
1.469762,2.158947,0
1.513589,2.117924,0
1.906962,0.834897,0
-0.535446,0.851240,0
1.430648,2.355079,0
1.935635,2.055292,0
0.875501,-0.228085,0
0.992772,1.127833,0
1.874798,1.129367,0
0.331804,-2.272467,0
-1.907452,2.271806,0
0.883941,0.860101,0
0.798111,-0.350368,0
-0.371374,1.032382,0
1.030460,1.050820,0
1.894191,0.019462,0
0.952440,2.082431,0
0.792744,0.280148,0
1.508919,2.017531,0
-0.488101,3.403773,0
2.069836,1.563159,0
-0.461710,1.464799,0
1.601171,1.940580,0
2.377574,2.533591,0
1.136763,0.441420,0
2.541785,0.930002,0
1.341734,0.929797,0
0.661955,1.295213,0
0.270861,1.530281,0
1.016772,2.039257,0
0.639417,1.300478,0
-0.769796,0.869881,0
0.436300,1.072200,0
1.322253,0.338457,0
-0.130576,2.395447,0
-0.036710,0.998071,0
1.725920,1.005009,0
1.100027,1.781912,0
-0.920457,0.383496,0
2.290694,0.223649,0
2.881667,2.176289,0
0.302369,2.009429,0
-0.477602,-0.342260,0
0.906477,1.317271,0
-0.536720,0.090829,0
-0.481770,2.199696,0
0.925955,1.211607,0
1.631941,0.397266,0
1.979544,2.740642,0
0.778935,0.433319,0
0.888142,-0.185984,0
-0.622291,1.505648,0
2.614259,0.583272,0
1.699304,1.378555,0
2.481854,1.953055,0
0.701233,3.568412,0
0.956661,0.449457,0
0.630980,0.721876,0
0.853817,0.115089,0
0.666657,-1.659589,0
0.504695,0.873242,0
0.770946,1.997450,0
-0.381320,1.478922,0
1.773729,0.121859,0
0.291026,0.379336,0
2.110229,0.085545,0
2.019817,-0.189456,0
2.456259,1.919164,0
2.499711,1.071002,0
0.534341,0.196761,0
1.349252,0.352296,0
1.505676,1.775389,0
2.267248,2.480191,0
2.044845,-0.011514,0
3.176702,-0.288345,0
0.622236,0.671050,0
-0.002446,0.379508,0
1.523143,0.982223,0
1.569128,0.464345,0
1.214572,0.487016,0
1.441687,1.987541,0
2.154453,-0.247601,0
0.784047,1.399642,0
0.560045,-0.262635,0
1.648702,3.023342,0
0.295424,-0.038151,0
2.560410,-1.548131,0
-0.043831,0.560189,0
1.477042,0.621274,0
2.178991,2.394963,0
1.252154,0.870644,0
1.668662,2.131395,0
1.554695,-1.493752,0
1.957351,0.552107,0
0.310495,0.981847,0
0.238372,0.655094,0
1.148843,1.667834,0
2.324608,0.009523,0
-0.413958,1.807508,0
1.336339,0.822956,0
0.353674,1.422461,0
0.284193,0.933585,0
-0.313520,0.707702,0
1.456333,2.136095,0
-1.099008,0.809540,0
2.366970,1.461224,0
-1.397381,1.685111,0
0.731327,1.424971,0
0.849778,0.424139,0
3.586856,1.636017,0
0.439386,1.693903,0
1.541301,0.338836,0
1.880632,0.298694,0
0.745790,2.453146,0
1.814850,2.727535,0
1.843636,2.175241,0
0.795392,1.370466,0
0.402534,0.610019,0
0.545978,-1.281723,0
1.151540,0.333138,0
1.337648,1.425879,0
3.159682,3.124190,0
0.960314,-0.290816,0
1.498239,1.590933,0
-1.387635,1.254771,0
-0.573348,2.523373,0
1.256528,0.292920,0
3.881219,0.197046,0
2.411630,-0.724819,0
1.747167,0.924163,0
-1.523554,1.458761,0
0.261514,1.377631,0
0.606427,1.953223,0
2.597657,3.139363,0
0.311921,1.090670,0
0.649882,0.817189,0
2.318274,0.960793,0
0.545741,0.726997,0
0.453458,2.514056,0
2.791394,-0.234940,0
1.135479,1.012126,0
0.673818,-0.929485,0
1.238861,2.122601,0
0.944367,2.524155,0
1.137200,0.957465,0
1.328246,3.734825,0
0.170743,1.160045,0
1.098698,1.578373,0
2.313696,-0.230660,0
0.458708,-0.274992,0
2.244686,1.863711,0
2.810441,0.658500,0
0.765445,0.096113,0
0.075396,-0.421575,0
1.517244,1.330449,0
2.938940,2.106412,0
-0.567170,0.736873,0
-0.203946,-0.744473,0
0.689385,0.014585,0
0.993512,1.094954,0
1.443199,0.030557,0
1.690636,0.375456,0
0.946035,-0.588582,0
1.198324,-0.716983,0
1.451819,-0.699493,0
1.032672,2.225974,0
2.494497,0.824065,0
1.787752,1.426918,0
1.736271,1.346391,0
1.077704,3.097969,0
0.459843,2.476544,0
1.413878,1.666453,0
2.425622,-0.159978,0
0.921836,-0.278604,0
0.685842,1.382208,0
0.171114,0.792163,0
-0.098054,1.714197,0
-0.771395,1.622518,0
0.990341,0.329648,0
-0.383982,0.967897,0
1.625912,1.758166,0
-0.670140,3.312302,0
1.690832,0.266374,0
0.522902,0.593195,0
-0.055985,0.790353,0
2.388766,-0.613040,0
2.253705,1.801400,0
-0.082952,0.757283,0
3.074146,1.476058,0
1.378174,3.336428,0
0.425866,-1.350055,0
-0.348045,0.575440,0
0.764415,0.822623,0
1.852015,-0.674530,0
3.368769,-0.238567,0
0.687001,1.946137,0
0.711092,1.772357,0
2.529944,0.620911,0
1.173429,2.647118,0
3.399792,-0.162389,0
2.243004,-0.055985,0
1.970312,1.731519,0
1.852308,1.179670,0
-0.206911,0.359692,0
0.181683,0.526802,0
-0.822896,-0.558020,0
1.835356,0.936092,0
1.594725,2.653262,0
1.159412,0.424057,0
1.372388,-0.023772,0
1.773662,0.604363,0
2.494671,1.442004,0
0.422115,3.841578,0
2.446433,0.016437,0
1.237686,-0.692963,0
1.559510,1.726204,0
1.548762,1.160553,0
-0.088107,-0.103977,0
0.301765,1.806187,0
0.825838,0.825999,0
-0.186459,2.403658,0
0.512683,1.238601,0
0.250909,1.732715,0
2.531183,0.006088,0
1.846076,2.648273,0
0.986940,0.664181,0
2.572061,2.009629,0
1.769979,0.753955,0
0.884211,-0.358727,0
-1.008108,0.797511,0
1.242716,0.615410,0
-0.199838,1.502079,0
0.478635,1.998666,0
0.298636,-0.456515,0
0.660899,0.023982,0
0.711791,1.221227,0
3.026319,1.918794,0
1.740453,1.302643,0
0.069669,0.448205,0
0.357670,1.625563,0
0.375965,-0.632238,0
2.256025,1.099030,0
0.180155,2.598497,0
1.310656,1.064553,0
3.651475,0.085451,0
0.985810,1.124890,0
1.166973,2.264161,0
0.348364,0.284570,0
1.356476,1.730462,0
0.608667,1.351651,0
1.557083,2.636253,0
1.416310,1.774654,0
0.823760,0.150740,0
0.889853,0.684023,0
-0.659478,1.980094,0
0.446142,0.475569,0
1.157372,-0.192968,0
2.658490,2.591592,0
2.012344,0.379056,0
-0.300115,1.220998,0
0.343082,1.356384,0
-0.313448,1.975479,0
0.113240,2.283889,0
0.248487,0.905911,0
0.523433,-0.392604,0
1.299968,1.677157,0
2.857638,-0.794959,0
0.630344,0.820160,0
0.763397,0.826623,0
0.503553,2.241339,0
-0.644009,0.051289,0
1.061035,0.927992,0
0.907380,0.602901,0
3.273420,2.975793,0
0.469182,1.183184,0
1.291337,1.183414,0
0.410252,1.242009,0
-0.003113,0.445539,0
0.814975,3.883990,0
1.812099,0.270451,0
-0.466026,1.495980,0
-0.356909,0.084950,0
1.372687,0.764064,0
-0.379900,2.303913,0
0.538280,2.258853,0
1.274048,-0.592336,0
0.951142,3.593326,0
1.479644,2.622404,0
1.383475,0.061470,0
0.805285,0.716156,0
0.150206,1.255691,0
0.032181,1.695714,0
0.981541,3.121148,0
2.196816,2.431184,0
1.638708,1.095616,0
0.128741,-0.032165,0
-0.730236,2.372636,0
-1.144850,-0.354062,0
1.117308,1.600734,0
-0.128858,2.171815,0
4.127908,1.248225,0
1.084717,0.735075,0
1.384277,-0.775239,0
2.781739,1.046579,0
2.787787,-1.888800,0
0.762189,1.748870,0
1.103852,0.519051,0
1.189219,-0.334392,0
-0.240517,1.721186,0
0.989922,1.214787,0
-0.256656,-0.210317,0
1.695389,0.282259,0
-0.191480,-1.241890,0
2.110851,0.884614,0
3.534751,2.117864,0
-0.232416,0.665133,0
0.313718,0.366727,0
0.323981,0.995236,0
1.071874,0.011871,0
-0.019587,2.523480,0
0.494764,1.349363,0
1.052568,-0.120222,0
-0.947375,0.953170,0
1.239940,-0.547105,0
-0.630780,1.603017,0
0.929916,3.343495,0
-0.290744,1.097535,0
1.317695,-0.145423,0
1.008107,1.017661,0
-0.344834,0.317137,0
-1.031674,-0.181551,0
1.284081,-0.403558,0
1.607691,0.320419,0
-0.605976,1.823495,0
2.485256,2.802493,0
1.305891,-1.059105,0
-0.272773,-1.671941,0
0.800376,0.873529,0
0.360530,0.095870,0
1.336307,0.537461,0
0.764636,0.296434,0
0.180862,0.531014,0
0.576529,1.719063,0
-2.618145,2.047530,0
-0.161166,1.811957,0
1.515955,3.964217,0
0.512177,3.878717,0
1.789363,0.327772,0
0.867908,1.761428,0
0.930991,0.963814,0
1.159785,1.206550,0
-0.093172,1.099853,0
2.774807,1.486414,0
1.272165,-0.747843,0
2.176248,0.249156,0
1.753207,2.725883,0
1.495254,1.999104,0
0.346914,1.963156,0
1.611834,2.349007,0
2.027905,2.088794,0
-0.075830,0.002323,0
0.483252,0.477943,0
1.707433,-0.341471,0
2.306300,0.641683,0
-1.232426,-0.822939,0
1.117738,-0.027023,0
-0.640800,1.058442,0
1.693401,0.257636,0
2.068853,2.203660,0
1.804014,-0.168437,0
3.177714,-0.467080,0
2.168085,1.709839,0
0.621052,0.914122,0
-0.236071,1.645703,0
1.701553,0.340816,0
0.061036,1.065407,0
0.072778,2.473088,0
0.953709,1.473694,0
1.828043,2.912491,0
0.117143,0.275490,0
-0.331215,-1.492418,0
1.124443,-0.447687,0
0.346793,0.726183,0
0.099583,0.098450,0
1.006584,0.884180,0
2.314678,-0.267606,0
1.075325,1.878745,0
-0.210384,1.018950,0
2.013211,0.900563,0
1.828943,1.465821,0
0.416743,1.133003,0
0.122719,1.126598,0
0.344684,1.517205,0
0.483735,0.301710,0
1.287777,0.709362,0
2.243706,-0.759720,0
1.035884,1.935068,0
0.720829,2.005508,0
1.186841,-0.603631,0
1.469012,0.874407,0
0.889386,0.596762,0
2.308383,0.829674,0
1.162943,2.289591,0
0.745417,0.557161,0
2.743019,1.505788,0
0.840012,-0.931280,0
-0.207661,0.534143,0
-1.011472,0.576700,0
1.992775,0.916009,0
0.341929,0.433482,0
1.935602,1.389576,0
-0.633212,0.150219,0
-0.331839,0.254209,0
0.579413,3.377805,0
-0.293287,0.154078,0
0.686335,0.932476,0
1.919282,0.018298,0
1.500134,-0.005659,0
1.423124,3.752306,0
0.267872,1.984152,0
2.555091,2.722063,0
0.151033,0.994422,0
1.543193,0.506551,0
2.104589,-0.096554,0
2.594064,1.110646,0
-0.223699,0.373835,0
2.801030,1.768614,0
1.879532,-1.052186,0
-0.199296,1.476824,0
1.522166,0.458463,0
1.205142,0.514285,0
1.147719,2.972751,0
1.692860,0.621396,0
1.220426,-0.805923,0
0.963603,3.244821,0
1.719255,0.057499,0
-0.158178,0.899215,0
0.823008,1.644486,0
-0.436602,2.044411,0
1.929720,0.615257,0
0.173507,0.368454,0
-0.239963,-0.109209,0
1.500475,4.222268,0
2.621858,1.881696,0
1.264499,-0.999915,0
2.046158,1.266237,0
1.452058,0.715657,0
0.720084,0.911690,0
-0.619058,1.461782,0
-0.859697,-0.534896,0
2.046803,-0.051589,0
0.609625,2.565969,0
0.819312,1.038065,0
0.069317,-1.112806,0
1.080423,1.703913,0
0.785941,1.022957,0
0.518548,1.269509,0
2.201404,0.862855,0
-0.179837,0.535139,0
1.159830,0.768535,0
0.786149,1.845982,0
1.349065,1.701062,0
0.219524,2.468931,0
1.219042,0.775038,0
0.394258,0.739029,0
3.155984,0.828733,0
0.081036,-0.811347,0
0.289458,-0.581149,0
1.267959,0.810427,0
1.403740,0.744576,0
1.786977,1.298659,0
-0.072718,-1.535012,0
1.879162,1.851276,0
0.336568,0.634314,0
0.294162,-0.065393,0
1.031816,0.393143,0
0.482779,-0.168481,0
1.142590,0.777262,0
3.157649,0.685494,0
0.667758,-0.042929,0
0.842200,0.807679,0
1.228476,-0.915017,0
0.258928,0.834385,0
0.861012,1.837532,0
1.069691,1.607608,0
0.109238,2.236485,0
1.259580,0.460159,0
1.532618,0.352471,0
0.666366,1.961793,0
-0.403294,1.328084,0
1.464335,1.817854,0
-1.206941,0.448065,0
1.093943,0.392617,0
0.499663,0.849383,0
0.616388,1.272212,0
-0.650329,0.885031,0
-0.939712,2.205106,0
-0.082453,0.766915,0
0.274610,1.260902,0
0.307184,2.365488,0
-0.273656,0.596951,0
0.333511,-0.643196,0
0.245119,1.415427,0
2.332335,3.416864,0
-0.968642,0.252151,0
1.477495,0.473264,0
3.380327,1.168309,0
2.531526,1.348000,0
0.031177,2.096779,0
2.119641,1.109800,0
0.789124,0.832144,0
-0.071374,0.974463,0
2.101933,0.739297,0
1.332650,3.261074,0
-0.570159,0.638020,0
0.388880,0.541697,0
2.333015,2.059536,0
0.630361,0.694574,0
0.818564,-0.311727,0
0.623806,1.638657,0
2.606546,1.521586,0
2.189468,1.726882,0
1.280230,0.309236,0
2.502895,-0.112091,0
0.496301,1.208026,0
0.258861,2.264803,0
0.678345,0.812509,0
-1.373124,2.666129,0
0.892614,0.912137,0
1.483913,2.095097,0
2.826455,0.892770,0
-0.327377,2.364423,0
0.159408,-0.462749,0
2.117457,1.909867,0
1.940014,1.687269,0
0.614180,2.571685,0
-0.132779,0.846740,0
0.747532,1.781365,0
1.928978,1.834732,0
1.264161,1.425884,0
0.675107,1.710799,0
2.253497,2.577621,0
0.412403,2.756336,0
1.401278,1.083733,0
-0.240594,0.208891,0
0.089288,0.130517,0
2.663352,1.848691,0
1.846210,-0.067896,0
2.993448,1.403186,0
1.934891,0.111312,0
0.579552,0.939784,0
2.340807,2.493806,0
-0.287866,3.042434,0
-0.025839,2.841587,0
-0.607816,1.963858,0
1.793494,1.186155,0
0.736267,-0.444781,0
1.309254,2.842741,0
1.156045,2.117799,0
2.842093,1.899636,0
0.210186,2.597427,0
1.595738,1.534437,0
0.807089,2.069048,0
1.986153,1.064911,0
0.818237,0.904497,0
3.271685,2.019116,0
3.408412,0.871006,0
0.767342,-1.039400,0
2.285129,2.268575,0
0.207352,2.937731,0
-0.486469,1.499795,0
0.746219,1.566605,0
0.333789,-1.394434,0
1.714308,0.912071,0
-0.331225,0.956625,0
1.362942,1.233252,0
-0.024714,1.911496,0
-0.837749,1.571876,0
0.215696,0.648133,0
1.267550,1.809676,0
2.102887,0.586749,0
2.101607,1.826264,0
1.117379,0.562972,0
1.506290,1.842124,0
1.138380,-0.265738,0
0.581297,0.753376,0
2.000837,-1.261636,0
1.301162,1.377328,0
0.808955,2.958773,0
0.153343,1.962016,0
1.251040,1.602188,0
1.146428,1.183103,0
0.709866,1.440749,0
-0.239403,1.608106,0
1.184928,0.032078,0
0.411152,0.279130,0
3.030657,0.773952,0
3.157398,1.260928,0
1.213549,0.701223,0
0.760908,1.470270,0
0.864088,0.678008,0
0.793845,0.094178,0
1.731658,0.338573,0
0.780089,0.933175,0
0.601280,1.444387,0
0.422943,-1.671568,0
2.371356,0.230063,0
0.503677,1.779780,0
0.749230,-0.092427,0
0.824508,3.089130,0
0.155093,1.435225,0
1.063738,-0.382872,0
1.776544,1.301434,0
1.246655,0.831206,0
-2.186857,1.280335,0
1.369687,1.807280,0
0.681821,1.842208,0
-1.141560,1.980926,0
1.345158,-0.040544,0
0.815763,0.431692,0
0.294555,2.110139,0
1.640344,0.050279,0
1.617390,1.355102,0
0.872400,1.674037,0
2.133869,1.540359,0
-0.300161,1.888357,0
1.282970,1.357893,0
1.083352,1.050058,0
1.763252,-0.152196,0
-0.202700,2.203475,0
1.252051,0.910663,0
1.460958,1.126040,0
0.576375,0.238737,0
1.373802,1.770225,0
0.538297,1.436073,0
0.630710,0.060766,0
1.984969,1.248809,0
-0.518213,0.979086,0
1.371542,-0.063993,0
-0.156479,0.863657,0
0.647004,-1.081618,0
1.233395,0.255814,0
-0.515061,0.718921,0
2.137111,1.641801,0
1.204265,1.095128,0
0.192783,0.368144,0
0.814746,1.235525,0
1.622691,0.814134,0
1.519498,1.932923,0
3.144606,-0.921088,0
1.411599,0.595695,0
-0.224473,0.827670,0
1.654294,1.453743,0
2.128174,1.467352,0
0.136152,1.151073,0
1.900678,-0.093354,0
1.476415,1.311618,0
0.988185,1.996599,0
1.104093,2.034122,0
-0.539523,2.082214,0
0.793542,1.924597,0
1.021449,2.794740,0
1.399828,1.380004,0
2.475460,0.565918,0
2.394836,0.963943,0
-0.043707,-0.365608,0
-0.565417,2.078976,0
-0.211967,1.997620,0
1.748533,0.402965,0
0.392388,0.062331,0
0.438313,-0.343158,0
0.268281,1.474677,0
-0.506620,0.885590,0
0.316101,1.413357,0
2.038336,1.916264,0
0.309381,-0.496717,0
1.240486,0.518924,0
1.277929,0.848174,0
2.347653,1.109777,0
-0.289940,3.494091,0
-0.396117,1.879766,0
-1.648848,1.984941,0
-0.128268,1.383870,0
1.694950,2.254796,0
2.170007,2.470867,0
1.019999,-0.866870,0
1.913643,0.489177,0
1.526278,0.791934,0
1.378186,0.723848,0
1.305091,-0.683476,0
2.387635,2.380719,0
0.470264,1.735093,0
-0.017003,0.725987,0
0.647817,1.656011,0
0.905709,1.773540,0
2.435229,2.234998,0
-0.425002,0.901597,0
0.124592,1.298990,0
1.832233,0.772100,0
1.747083,0.594943,0
2.217447,2.192972,0
2.596294,0.026962,0
-0.497059,2.514353,0
2.338415,-0.353595,0
1.384369,-0.052328,0
0.518532,1.073123,0
0.506602,0.911963,0
2.437693,1.738702,0
1.431404,2.342729,0
-0.493595,2.048497,0
4.016005,1.339701,0
3.094839,0.088645,0
0.336905,2.063800,0
-0.318406,2.894698,0
1.009814,-0.297856,0
1.621223,1.198121,0
2.162215,1.038636,0
3.820025,0.453965,0
0.734545,0.060593,0
-0.420509,0.824230,0
0.804079,1.029543,0
-0.020534,2.065873,0
1.137405,0.948963,0
3.380403,1.866426,0
3.456733,0.278673,0
2.200586,1.643471,0
0.572504,0.651910,0
-0.638382,0.918177,0
1.400424,2.474989,0
0.192145,-0.588892,0
0.835591,0.075537,0
-0.659895,0.702703,0
0.408450,-1.150111,0
-0.254029,1.255069,0
2.911593,2.940539,0
-0.636814,0.479905,0
2.416992,2.200503,0
1.779409,2.214792,0
0.882607,0.428143,0
1.695320,1.177394,0
0.725339,1.579392,0
-1.206790,0.264276,0
-0.226825,0.115283,0
1.534778,-0.584390,0
1.797560,0.000882,0
-0.635954,2.949326,0
1.850165,2.030992,0
1.270443,1.317819,0
3.998706,-0.832897,0
1.752500,-0.011877,0
1.990966,0.725047,0
3.132575,0.286473,0
0.200384,2.280339,0
0.350325,0.701616,0
3.019637,0.778828,0
1.247817,0.712185,0
1.455958,0.404444,0
1.653967,1.482443,0
0.411848,1.109523,0
1.825636,0.949781,0
0.077816,1.356206,0
1.214067,2.262918,0
-0.242102,1.622866,0
0.877802,1.159967,0
0.834692,1.061551,0
1.281613,2.897925,0
1.366870,1.984627,0
2.459529,-0.671460,0
0.790947,-0.609572,0
2.032626,1.154241,0
0.388469,1.260547,0
0.587395,2.460524,0
1.743701,1.933959,0
1.665063,2.021793,0
-0.968140,0.671070,0
1.581089,-0.900645,0
1.365928,0.233209,0
2.144304,1.380805,0
-1.044978,0.453726,0
2.597541,0.447741,0
0.997779,1.274143,0
3.056710,2.144177,0
-0.056448,1.325945,0
1.079208,1.727647,0
-0.763909,2.248305,0
1.576036,1.672613,0
0.414063,1.219949,0
0.588682,-1.075845,0
1.346074,0.117939,0
0.153389,1.149442,0
-0.460413,1.831596,0
1.311906,0.912530,0
-0.268993,1.201422,0
-0.552127,1.423992,0
-0.386488,0.781407,0
0.570193,1.218964,0
-0.969565,-0.102623,0
2.145756,0.464955,0
0.501491,0.166142,0
0.533239,-1.446042,0
2.157377,0.032331,0
2.039488,0.635377,0
-0.728983,0.053539,0
1.438362,0.780107,0
2.347768,1.225586,0
2.725478,1.538211,0
1.514134,-0.015770,0
0.212421,0.571138,0
3.270709,0.173400,0
-0.590851,0.848635,0
1.353231,0.159801,0
0.543285,0.860686,0
1.507702,1.279090,0
-0.021453,1.727362,0
1.585508,1.253941,0
-0.663899,2.092370,0
2.814084,1.286943,0
2.816350,1.071725,0
3.637332,2.621105,0
0.047431,0.469658,0
1.851099,0.191476,0
0.175723,0.454845,0
0.494287,1.328034,0
0.437871,1.034853,0
1.414670,1.530262,0
0.719114,1.281081,0
2.723937,-0.345062,0
0.772454,-0.246195,0
-1.046923,-0.765480,0
2.317446,1.483511,0
1.037168,2.551198,0
2.128989,0.656696,0
1.916100,0.662878,0
0.242465,1.268962,0
1.017491,0.248721,0
0.241605,1.693629,0
1.334998,-0.130193,0
0.370900,0.955409,0
1.578739,1.349361,0
-0.515553,1.033063,0
0.380812,0.962142,0
1.413169,1.625471,0
1.639940,1.047298,0
-0.808823,0.217018,0
1.572390,0.447260,0
0.110991,2.024579,0
0.765939,2.907376,0
-0.458016,0.227544,0
0.317183,0.587841,0
0.737075,-0.366290,0
0.609079,0.960515,0
0.904856,1.413039,0
0.453478,0.339599,0
1.681524,-0.219416,0
2.127323,2.815459,0
1.952008,0.069076,0
2.138166,1.266069,0
0.451519,2.059139,0
2.475871,0.263282,0
1.634803,-0.370902,0
1.550971,2.699503,0
-0.048825,1.257272,0
1.193167,-0.197532,0
1.881332,3.783286,0
2.190473,2.669738,0
0.202343,0.705750,0
-0.012521,1.648839,0
2.235620,1.849033,0
0.631007,-0.296204,0
0.572971,0.415385,0
0.973796,1.072044,0
2.024313,1.210053,0
-0.295012,-0.224376,0
1.867564,2.538289,0
-0.328294,3.028908,0
0.455662,1.787999,0
1.554929,-0.368065,0
0.913732,0.526843,0
0.470868,2.030324,0
1.386746,0.524030,0
2.331190,1.166168,0
1.784785,-0.051354,0
-0.323647,0.889404,0
0.934960,2.068861,0
-0.292945,1.841064,0
1.306065,0.278483,0
1.513256,2.019080,0
0.341124,-0.125897,0
1.070572,1.507845,0
1.260094,1.613581,0
0.573876,0.646722,0
-0.887208,-0.731691,0
1.288940,2.327532,0
1.591412,1.578606,0
-0.539331,-0.762245,0
2.484926,0.857207,0
-1.261796,0.930824,0
-0.409182,2.050696,0
-0.345572,-0.815333,0
-1.158187,2.415495,0
1.123995,0.741503,0
-1.502786,-0.219745,0
2.011744,0.388962,0
0.917570,1.202555,0
2.238923,1.166747,0
1.534033,0.919067,0
1.534550,-0.086408,0
2.302296,2.011564,0
1.372822,1.535928,0
2.438385,0.740203,0
1.279411,0.256927,0
-0.690756,0.711702,0
1.498942,-0.799502,0
0.173135,1.516533,0
-0.060915,-0.714571,0
0.624716,0.943768,0
0.835340,-0.253309,0
2.079030,2.184670,0
1.052212,0.442586,0
0.328907,1.375219,0
1.542707,1.581861,0
0.822245,1.067039,0
0.829335,-0.008834,0
-0.263086,1.327122,0
1.811953,-0.709855,0
0.301472,1.327378,0
1.653603,0.682974,0
1.303854,1.118263,0
0.376058,0.978708,0
2.604074,0.983066,0
-0.080667,0.277685,0
2.950397,-0.501817,0
1.028841,1.736193,0
0.500208,0.888829,0
1.381613,0.886262,0
1.863035,0.860493,0
-1.453273,1.990094,0
-0.138235,1.594132,0
1.994688,1.259679,0
1.847571,1.457136,0
0.561419,1.617155,0
1.407438,0.957954,0
2.154268,0.373094,0
1.314885,2.399753,0
1.775964,0.415378,0
0.118125,0.420508,0
1.453580,2.448177,0
1.447389,1.321181,0
-0.036503,1.280921,0
0.110753,1.319818,0
3.678162,2.151946,0
0.365425,1.515645,0
0.303952,0.836866,0
2.224329,1.835675,0
0.391551,0.730065,0
0.079127,0.097968,0
0.787251,2.682118,0
0.740119,2.221452,0
0.940223,0.564260,0
1.055017,1.171176,0
0.204727,0.076905,0
3.895750,2.722731,0
0.449698,1.375155,0
0.213736,1.517955,0
0.587078,-0.155066,0
0.721087,0.880943,0
2.265253,0.971489,0
2.605857,0.565305,0
1.905937,1.539138,0
-0.167599,0.880172,0
0.472734,1.213923,0
0.015193,0.585191,0
-0.660806,-0.336804,0
0.775696,2.352392,0
0.275588,1.667611,0
-0.152083,2.281414,0
0.459693,1.934025,0
0.586075,1.265547,0
1.163855,-0.044992,0
2.658296,1.205304,0
-0.498794,-0.142868,0
1.173499,1.482354,0
0.864554,-2.061337,0
1.443661,-0.255076,0
1.146222,1.477955,0
1.705211,2.120063,0
1.005588,-0.129946,0
-0.142934,-1.848730,0
1.848546,2.421256,0
0.518527,3.356907,0
0.693378,0.375465,0
-0.904001,0.697457,0
0.215779,0.681231,0
1.681619,-1.295213,0
0.931808,0.480493,0
0.335821,1.982759,0
0.552193,0.913260,0
2.053580,2.798417,0
1.903880,0.789490,0
0.622867,-0.822789,0
0.185057,1.503815,0
1.670564,-1.716949,0
1.083359,1.758577,0
1.590498,1.480075,0
1.098643,-0.243397,0
2.502523,2.519858,0
0.293728,-0.269077,0
1.333228,0.406323,0
-0.615060,0.367517,0
1.547989,0.873523,0
-0.561487,1.047184,0
-1.523300,2.370008,0
1.838225,-0.691092,0
0.596686,0.796399,0
0.011141,0.001216,0
0.121937,0.555483,0
2.363977,-0.495819,0
1.456050,0.273897,0
2.868486,-0.117550,0
1.292408,0.652092,0
0.885334,0.443167,0
1.432773,0.489404,0
1.064578,1.073975,0
-0.127120,2.181081,0
-0.082270,1.720935,0
-0.753485,0.863405,0
1.307164,0.790918,0
1.406966,0.104647,0
-0.923390,0.657646,0
2.013642,-0.672688,0
2.017775,1.921847,0
0.192758,0.403565,0
0.883518,0.490004,0
0.817705,-1.031914,1
-0.809636,-0.114094,1
-1.065993,-1.711953,1
-3.773475,-0.008606,1
0.221864,-0.970174,1
0.305468,0.094631,1
0.781220,-1.877507,1
-2.517132,-0.155614,1
-1.812649,0.877823,1
-2.056162,-0.839946,1
1.287554,-1.218750,1
-0.166342,-1.263280,1
-1.390442,0.551687,1
-2.568864,-2.167567,1
-2.525159,0.946536,1
-1.726598,0.878580,1
0.242865,-0.449989,1
-2.572469,1.048217,1
-1.439154,-0.642173,1
-0.046195,-2.761870,1
-3.630817,-3.161041,1
-1.885017,-1.211898,1
1.057162,-0.884822,1
-0.938617,-2.245158,1
-1.811233,0.486637,1
-1.031658,-1.340208,1
-1.821088,-0.790964,1
-2.390709,-1.521633,1
0.416726,-1.154897,1
-1.052055,-0.914285,1
-0.164305,-2.954519,1
-1.330891,-0.058363,1
-1.792420,-2.324185,1
-0.564725,-1.647139,1
-0.873854,-1.235515,1
-0.877500,-1.019792,1
-0.695369,-0.118634,1
-1.165263,-0.592594,1
-0.352933,-0.931939,1
-2.753350,-0.450333,1
-1.558889,-1.231102,1
-2.292077,-2.020354,1
0.204390,-1.962944,1
-0.710799,-1.728319,1
-1.335581,-0.340625,1
-0.895208,-1.266114,1
-1.099989,-0.748781,1
-0.977341,-0.154509,1
-2.379101,-3.833121,1
-0.892419,-2.704093,1
-2.336567,-0.416062,1
-0.109488,0.316402,1
-1.051661,-0.392677,1
0.827553,0.804661,1
-1.087261,-1.636594,1
-2.128857,-1.991785,1
1.071928,0.186684,1
-3.159957,-0.722834,1
-2.540511,0.642303,1
-1.394492,-1.572311,1
1.721525,-0.319754,1
-1.374721,-0.548717,1
-0.595495,0.073638,1
-0.915020,-1.411874,1
2.026355,-0.828438,1
-0.712723,-0.657138,1
-1.056651,0.866183,1
-1.774970,-0.607540,1
0.798164,-2.486191,1
-0.879795,-4.064754,1
-1.359816,0.272907,1
-1.152092,-0.900346,1
-1.429523,-1.648432,1
-1.235368,-1.425929,1
0.079721,-1.360904,1
-2.446983,-2.288126,1
-1.962691,-1.927748,1
-0.334161,-0.028478,1
-1.869317,0.046821,1
-2.751487,-0.443734,1
1.309663,-0.901236,1
-0.643189,-1.332183,1
-0.596656,-1.217044,1
-1.306618,-1.856699,1
-0.138165,-0.838996,1
-2.342094,0.174943,1
-1.639587,-2.145626,1
-0.713897,-2.636932,1
-0.474874,-0.347738,1
-2.670666,-1.370113,1
-1.879621,-0.837601,1
-1.183982,-0.385675,1
-1.004875,-0.605782,1
0.685378,-2.349666,1
-2.279711,-2.442117,1
0.621445,0.357677,1
-2.962012,0.344287,1
-0.876378,-0.870967,1
-2.466662,-0.630940,1
-0.996026,-0.499298,1
-1.236536,-0.719771,1
-2.078678,0.850204,1
-2.971678,0.687045,1
-0.676455,-0.707315,1
-1.303742,-1.876005,1
-2.990521,-0.332397,1
-0.660188,-1.771239,1
-2.282027,-2.460430,1
-2.148231,-1.889272,1
-1.281985,0.924430,1
-1.467283,-1.824226,1
-1.327405,-1.234217,1
-1.041286,-3.001748,1
-2.513370,-2.261164,1
-1.638619,-1.454589,1
-2.631557,0.351715,1
-2.490839,-0.927509,1
-1.764287,-1.108244,1
-0.237198,-0.280004,1
0.954470,-0.812837,1
-1.284370,-0.546868,1
-0.750309,-1.451736,1
-1.544051,-1.775716,1
-1.905376,-2.115610,1
-1.063933,-1.237506,1
0.398815,-1.915233,1
-0.424438,-0.905395,1
-1.390840,-0.039165,1
0.452016,-2.808363,1
-0.152886,-1.012397,1
-1.290121,-1.111118,1
-1.984104,-1.417372,1
-2.065806,-1.181201,1
-2.681675,-1.030374,1
0.460953,-0.768814,1
0.064461,-0.806528,1
0.716662,-2.111098,1
-2.348328,-0.364276,1
-1.337381,-0.914668,1
-0.825332,0.109600,1
0.288290,-2.397181,1
-1.795211,-1.972448,1
-1.129204,-1.570210,1
-2.302202,-1.496294,1
-3.670232,-0.431886,1
-1.486825,-0.361392,1
-1.872288,-0.398646,1
-0.484007,-2.979445,1
0.596550,-0.772953,1
-1.421915,0.464013,1
-2.818346,-0.546887,1
0.237211,-1.623237,1
-1.002835,-0.989840,1
-1.367575,-1.198105,1
-4.125682,1.231995,1
-0.033270,-2.374546,1
0.300017,-0.246839,1
0.322914,-1.678543,1
-1.022919,0.027002,1
1.418617,-2.039445,1
-1.059136,-2.492462,1
-2.075635,-0.321782,1
-0.507377,-1.399444,1
-0.359657,0.907935,1
-0.109223,-1.200440,1
-0.754752,-2.255739,1
-1.964568,-2.151093,1
0.254543,-2.770155,1
-1.262354,-1.708035,1
0.560936,-2.742226,1
-2.414700,-0.381384,1
0.681119,-2.412972,1
-0.598691,-2.658361,1
-1.197178,-0.794637,1
-1.604445,-1.264955,1
-0.912189,-2.130599,1
-0.246463,-0.762350,1
1.044895,-1.854321,1
-1.841265,-2.441495,1
-2.244765,-0.172690,1
-1.002213,-0.200943,1
-0.696480,-1.234236,1
-1.065131,-1.164288,1
-1.219178,-1.448947,1
0.035532,-1.744801,1
-1.891721,-0.393162,1
-0.867877,-0.575214,1
-0.802410,-0.588838,1
-2.866651,-0.339287,1
-0.046740,-2.725213,1
-0.075778,-1.391603,1
-0.662449,-1.073486,1
-1.419411,-1.108538,1
-1.999363,0.354285,1
-4.399626,0.112306,1
-0.883065,-0.294217,1
-1.514424,-2.629515,1
-1.822001,-0.688072,1
-0.841032,-0.310875,1
-0.634077,0.361388,1
-1.121123,-0.523485,1
-1.034898,-1.895234,1
-1.162908,0.679535,1
-0.187635,-1.265340,1
-0.358627,-1.484835,1
-1.561549,-1.140399,1
0.685762,-1.396378,1
-2.046372,-1.586503,1
0.753524,0.157840,1
-0.643695,-0.614182,1
-0.277955,-0.265254,1
0.015923,-1.522900,1
-0.552040,-2.453956,1
-2.622931,-1.769821,1
0.390312,-0.276177,1
-1.759680,-1.279740,1
-1.866693,-0.770716,1
-0.503609,0.528131,1
-1.276987,-1.979539,1
-1.313116,-2.096092,1
-1.215841,0.942110,1
-0.918554,-1.757787,1
0.547483,-3.351283,1
-1.768561,-2.634697,1
-1.233848,-1.941925,1
-0.789132,-0.200226,1
-0.983681,-1.773484,1
-2.443213,-1.769137,1
0.368122,-0.487669,1
-2.171800,-1.337201,1
-1.090789,-0.879659,1
0.490915,-0.005555,1
0.073981,-0.197045,1
-2.780649,-2.992507,1
-0.998080,-1.684649,1
-2.281302,0.924692,1
0.827579,-1.464170,1
-2.209567,-1.885047,1
-1.668480,-0.790843,1
-1.389900,-1.557587,1
-1.036280,-0.231121,1
-1.037474,-0.516839,1
0.279140,-1.224487,1
-1.385468,-1.019904,1
-1.301127,-1.117670,1
0.020033,-0.603114,1
0.947102,-0.055906,1
-1.691019,-2.369692,1
0.507536,-1.521646,1
-2.418006,-0.267164,1
-1.794306,-0.155183,1
-0.783156,-0.046979,1
-0.790312,-2.776651,1
0.411512,0.066562,1
-2.579706,-0.527553,1
-1.670874,-0.869514,1
-1.599072,-1.865871,1
0.293779,-1.740868,1
-0.980918,-1.921621,1
-2.279488,-1.573815,1
-3.065385,-1.975528,1
-2.126482,-0.508917,1
-1.038533,-1.075601,1
-1.891669,-0.080290,1
-1.130343,-2.826128,1
-0.389655,-1.885300,1
-0.583461,-1.498333,1
-0.727110,-2.164423,1
-1.043272,-0.387681,1
-1.474310,1.142052,1
-1.467391,0.407156,1
-0.667592,0.049101,1
0.130147,-2.886542,1
-0.714721,-1.046953,1
-0.827419,-3.344270,1
-1.063550,-0.009846,1
-3.089877,0.121732,1
-1.624342,-0.806930,1
-1.302761,-2.899562,1
-1.312531,-1.179714,1
0.269211,-1.733547,1
-2.221354,-1.035521,1
-0.366605,-1.428144,1
-1.164135,-2.439222,1
0.888310,-1.614866,1
0.230307,-0.345598,1
-2.678154,-1.315396,1
0.758095,-2.166045,1
-1.505692,0.445194,1
-0.716370,-0.741137,1
-0.968545,-1.904053,1
-2.776106,-1.156827,1
-0.072198,-3.616642,1
0.255288,-0.503018,1
-1.272542,-2.607080,1
-0.298789,-2.277632,1
-0.936722,-0.627429,1
-0.418538,-1.375124,1
-0.353393,-0.104174,1
-0.974172,-1.283916,1
-2.313144,-2.657165,1
-1.365394,-0.276045,1
-1.588195,-1.585187,1
-1.330653,-1.032169,1
-0.976912,-1.661451,1
-0.420537,-0.437263,1
-1.092188,-0.561168,1
-2.720381,-1.095299,1
-3.543470,-3.315500,1
-1.408660,-0.860073,1
-1.687405,-0.713335,1
-1.887452,0.299712,1
-0.826077,-2.777222,1
-1.366829,-0.231235,1
-1.896948,-0.197589,1
-0.255319,-1.570760,1
-0.658300,0.341186,1
-0.745634,-0.138586,1
-1.060335,-1.063348,1
0.213179,1.256807,1
-1.918435,-0.924071,1
0.158105,-0.190013,1
-0.808365,1.342910,1
-1.462606,-0.289455,1
-0.647259,-0.707278,1
-2.021875,-1.947179,1
0.049356,-1.038848,1
-1.125485,-0.737960,1
0.351777,-1.674795,1
-2.045121,-0.531906,1
-1.487627,0.168622,1
-0.266161,0.254406,1
-2.916880,-1.024452,1
-1.001365,-0.312780,1
-1.036888,-0.699862,1
0.103095,-0.610753,1
-0.666422,0.190000,1
-1.973759,-0.958929,1
-0.126783,-1.586514,1
-2.122496,-1.748700,1
-0.953166,-2.637327,1
-1.320097,-1.567575,1
0.077648,1.055522,1
-1.662209,-0.872315,1
-0.726794,-0.907745,1
-2.374560,-1.351398,1
-0.667812,-1.414721,1
-1.114513,-2.897088,1
-1.086411,-0.319505,1
-1.212178,0.258794,1
-1.292135,-2.117610,1
-1.131167,-1.000994,1
-1.095021,-1.207155,1
-1.049012,-1.779327,1
-0.443079,-3.687749,1
-0.644341,0.313979,1
-0.365164,-2.014620,1
-1.136501,-1.849919,1
0.674282,-1.839615,1
-1.938231,0.205936,1
-1.802882,-2.463499,1
0.168126,-1.644106,1
-1.929071,-2.451108,1
-2.048001,-1.096155,1
-1.815168,-0.855784,1
-1.620759,-0.465595,1
-2.195041,-2.485326,1
-0.918108,-0.244739,1
-0.455383,-1.069511,1
-1.949490,-2.815142,1
-0.504585,-0.952498,1
0.245840,0.048750,1
-1.681942,-1.136525,1
1.349712,0.181914,1
-1.951249,-0.965174,1
-1.999420,-1.801396,1
-0.125511,-1.970195,1
-1.216481,-3.586610,1
-2.450306,-0.276231,1
0.316467,-1.000570,1
-2.151222,0.684653,1
-1.234784,-0.017486,1
-1.477890,-3.256966,1
-0.713623,-0.786494,1
-0.985973,-0.249080,1
-0.507950,-0.472677,1
-0.227912,-2.267599,1
-1.110926,-2.461416,1
-0.244389,-2.131561,1
-2.086071,-2.177237,1
-1.094323,-1.396252,1
-0.340976,-0.596360,1
-1.009459,0.200359,1
-1.368559,-0.581546,1
-2.540648,-1.278881,1
1.355354,-1.125669,1
-0.921219,0.153176,1
-1.585663,-0.423186,1
0.521101,-0.428500,1
0.550322,-2.194143,1
-0.356430,-0.135824,1
-0.059559,-2.187325,1
-2.280443,-1.726014,1
0.324362,-1.923571,1
-2.650973,-0.281643,1
-2.063335,-0.464830,1
-1.400590,-1.520629,1
-0.853198,0.779356,1
-2.544414,1.342545,1
-0.181540,-1.778167,1
-1.354418,0.556701,1
-1.375699,-1.300127,1
0.067424,0.581453,1
0.374462,-2.087223,1
-3.053125,-0.877258,1
0.672251,-2.311786,1
-1.782420,-0.556662,1
-0.629693,0.662988,1
-1.083437,0.734314,1
-2.059497,-1.631065,1
-1.502386,-2.937715,1
-1.808905,-1.520091,1
-2.470439,-0.936860,1
-0.474026,-0.656487,1
-1.927834,-0.627273,1
-1.941607,-0.217459,1
-1.548694,-1.403872,1
-3.607121,-1.880168,1
0.381976,-1.709862,1
-1.132244,-1.712771,1
0.255042,-0.770481,1
-1.101779,-1.449862,1
-1.297034,-2.887941,1
-2.495722,-1.722666,1
0.341641,-0.167751,1
-0.775764,-2.141377,1
-0.235008,-1.620083,1
-0.032273,-2.752214,1
-1.191263,0.878314,1
-2.468515,-0.731334,1
-1.402942,-2.387347,1
-0.066706,-1.901229,1
-0.796482,-0.206944,1
-0.526807,-0.512473,1
-2.088950,-2.210285,1
-1.772268,-0.308508,1
-1.135190,-1.944636,1
-2.308963,-2.650630,1
0.941511,-0.773626,1
-1.748549,0.004027,1
-2.631958,-1.087437,1
-0.198020,-0.232731,1
-0.847445,0.349537,1
-2.028853,-0.644311,1
-0.481678,-2.307707,1
-3.155463,-1.397859,1
-1.948088,-1.226775,1
0.660134,-0.999028,1
-1.925683,-0.102675,1
-1.925954,-4.332443,1
-1.309485,-0.590870,1
0.621533,-0.386625,1
-0.700305,-1.622494,1
-2.383646,-0.894109,1
-0.416871,-1.032844,1
-0.748341,-1.219375,1
0.382938,-3.051480,1
-0.767250,-2.795635,1
-1.288803,-0.939231,1
-1.021289,-2.351388,1
-1.920113,-0.874726,1
-0.966171,1.476164,1
-2.357950,0.046560,1
-0.970344,0.416970,1
-1.818975,1.037464,1
-1.577485,0.830892,1
-3.299031,-2.480066,1
-0.910653,-2.244693,1
-1.464252,-2.254716,1
-1.068391,-0.428297,1
-2.671168,-0.910669,1
-1.087337,-0.245724,1
-3.576675,-2.490279,1
-1.774531,-1.039239,1
-2.214473,-1.480895,1
0.416464,-1.762674,1
-1.450714,-1.701077,1
-2.229932,-0.696797,1
-2.512770,-0.405913,1
-1.877995,-0.576744,1
-2.827951,-0.739670,1
0.245509,-0.382481,1
-0.986269,-0.379835,1
-1.296268,-0.239613,1
-1.963320,-1.299556,1
-0.953582,-1.398240,1
-3.594959,-2.145826,1
-1.419580,-0.908353,1
-1.472402,-1.884620,1
-1.086616,-0.491093,1
-0.825345,0.469749,1
-1.055121,-1.971998,1
-1.007740,0.818244,1
-3.081519,-1.044590,1
0.380727,-0.289636,1
0.993980,-0.409321,1
-1.337677,-1.052887,1
-0.733880,-0.593698,1
-1.898400,-2.096791,1
-1.182977,-0.350443,1
-1.830807,-0.922479,1
-1.453321,-1.470791,1
-0.135162,-2.559595,1
-0.975204,-0.723909,1
-0.620678,-2.510052,1
-1.866567,0.200184,1
-2.756548,-2.172301,1
-1.878132,1.628020,1
-2.667059,-1.865766,1
-1.862617,-1.911928,1
-0.732296,-0.173493,1
0.978882,-0.189334,1
-0.362193,-2.134806,1
-3.429833,-2.215770,1
-0.388726,-0.617789,1
-2.001371,-1.602350,1
-0.223790,-1.581017,1
0.004272,-0.425963,1
-0.356532,-2.344032,1
-2.673674,1.448280,1
-1.556853,-0.640953,1
1.444480,-0.168747,1
-1.586018,-2.336262,1
-0.564536,-0.171784,1
-2.473819,0.557583,1
-0.700112,-0.445222,1
-4.629977,0.537716,1
-0.749137,-2.921670,1
0.137753,-0.784681,1
-0.422259,-0.452950,1
0.629380,-0.532918,1
0.848438,-1.813670,1
-1.635216,-1.739388,1
0.595682,0.327311,1
-3.194175,-0.577070,1
-1.452419,0.412950,1
0.102277,0.219379,1
-3.155313,-1.162115,1
0.651876,-1.520928,1
-0.619381,-2.060928,1
-0.938478,-0.158254,1
-1.919775,-2.186399,1
-0.199230,-0.291884,1
-0.382155,-0.790382,1
-2.218149,-0.926725,1
-0.986364,-2.629086,1
0.662116,-2.576066,1
0.195399,-2.311108,1
-1.777460,-1.623274,1
-0.832968,0.038720,1
-2.532104,-0.845579,1
-1.446983,-0.306264,1
-2.910960,-0.114262,1
-0.597699,-0.914899,1
-2.661919,-3.103442,1
-1.382160,-1.397241,1
-0.781970,-1.210975,1
-0.189341,-1.066987,1
-2.036384,-0.648823,1
-2.146344,-1.409673,1
-0.260704,-1.590465,1
-1.163745,0.050858,1
0.594960,-0.164223,1
-1.208834,-0.296856,1
0.086365,-1.328710,1
-0.208477,-0.241889,1
-1.043236,-1.341091,1
-0.488935,-2.742194,1
0.447555,-0.723866,1
-2.582104,-1.028849,1
0.364942,0.248907,1
-1.072088,1.588356,1
-2.299396,-0.952096,1
-2.501428,-1.015217,1
-0.847705,0.504894,1
-0.579533,-0.774366,1
-0.632604,0.164038,1
-0.020564,-0.390068,1
-0.789322,-2.388414,1
-2.051405,-0.782894,1
-2.043616,-1.195919,1
-1.678607,0.871876,1
-0.332081,-0.216206,1
-1.959639,-1.062168,1
-2.676501,-0.933882,1
1.116561,-3.016689,1
-0.113121,-1.879145,1
-0.927695,-1.319207,1
-2.210108,-1.678952,1
-1.318746,-1.432626,1
-2.410027,-0.457991,1
-0.098732,-2.788199,1
-2.433594,-1.945513,1
-2.713157,-0.034057,1
1.374280,-0.183180,1
-1.801487,0.385440,1
-0.499024,-1.971744,1
-1.508637,-0.960052,1
0.077998,0.120536,1
-2.580697,-2.161863,1
-2.143818,-1.358811,1
-2.881827,0.231870,1
-0.932472,-2.358306,1
-1.467290,-1.949290,1
-0.593683,-0.445260,1
-1.644545,-1.095728,1
-2.049510,0.386617,1
-0.853910,-1.668940,1
-0.879393,-0.482552,1
-1.002865,-3.330990,1
-2.410351,0.821901,1
-0.864311,-1.612107,1
-0.806400,-1.632140,1
-1.567011,-1.847075,1
-0.651531,-0.437935,1
0.724648,-1.187356,1
-2.030181,-1.112582,1
0.196888,-2.853682,1
-2.629597,-0.720891,1
-1.413391,-0.795614,1
-2.948883,-1.013712,1
-1.395595,-1.690372,1
-0.025081,0.696404,1
-0.446740,-0.365383,1
-0.351732,-1.287475,1
-2.822602,0.329306,1
0.600795,-1.539438,1
-2.437327,-0.040484,1
0.506629,-0.989777,1
0.849735,-2.004109,1
-1.256180,-0.077895,1
-1.946578,-2.891328,1
-0.773795,-2.236581,1
-0.288045,-1.895872,1
-0.225210,-1.047670,1
-1.205645,-3.014652,1
0.809583,-0.445940,1
-0.717567,0.028943,1
-1.882720,-0.659426,1
-0.449666,-0.282404,1
0.813266,-1.872642,1
-1.308950,-1.647989,1
0.791135,-1.525352,1
-3.171759,-1.799431,1
-1.177941,-0.976732,1
-1.489282,-0.601110,1
0.461288,-2.876031,1
-0.368502,-0.182015,1
-1.244892,-0.686913,1
2.990726,0.106683,1
-2.382752,-1.531823,1
-0.960300,-3.058117,1
-0.506845,-0.071898,1
-0.745678,-0.893756,1
-2.691778,0.048978,1
-1.305733,-2.667918,1
-1.437721,-1.692733,1
-0.618539,-0.501572,1
0.612451,-1.653711,1
-2.260714,-0.229915,1
0.046769,-2.153763,1
-0.640124,-0.243633,1
-3.121588,-2.039362,1
-2.269065,-1.321133,1
-1.114382,-1.502903,1
-1.751346,-0.499331,1
-2.822204,-3.499257,1
-0.929772,-0.022964,1
-2.294290,-1.556897,1
-1.179680,-1.594286,1
-1.477028,-1.120403,1
-1.355423,-1.540421,1
-1.965809,-1.332407,1
0.461430,-2.959721,1
-3.506316,-0.545681,1
-1.480864,-1.574506,1
-1.337095,-0.657026,1
-1.592344,-1.748886,1
-1.747275,-0.345197,1
-2.405545,-0.569988,1
-1.131756,-2.076849,1
-2.964845,0.119865,1
-1.328383,-0.195707,1
-1.686992,-0.411119,1
-2.059699,-0.138976,1
-2.107148,0.793117,1
0.112473,-0.956642,1
-2.267240,-2.445229,1
-1.757456,0.008834,1
-1.493435,-0.588842,1
-1.462673,-0.782326,1
-1.784472,0.582094,1
-0.530462,-0.249240,1
-4.098205,-0.346656,1
-1.723012,-0.072549,1
-1.287755,-2.281462,1
-1.338711,-1.175295,1
-0.765495,0.425664,1
-0.171228,0.097610,1
-3.529306,-1.501142,1
0.601730,0.797630,1
-1.354290,-0.959810,1
-0.181526,0.185153,1
0.485840,-1.186675,1
2.074119,-1.908123,1
1.343977,-2.991583,1
0.740923,-0.921577,1
-0.761699,-2.033933,1
-0.948010,0.102450,1
-1.355136,-0.071395,1
-0.554134,-1.631369,1
0.003569,-2.293040,1
-0.504539,-1.959074,1
-2.276211,-0.621118,1
-1.910430,-1.662227,1
1.843307,-2.585461,1
-1.814065,0.207330,1
-2.425367,-0.543103,1
-1.566117,0.590690,1
-2.368748,-2.318324,1
-1.826149,1.063627,1
-1.295856,0.563608,1
-1.084492,-1.430338,1
-0.866106,-1.458230,1
-2.053316,-3.366605,1
-0.868193,-0.571373,1
-0.941981,-0.317363,1
-0.474419,-0.062797,1
-1.738113,0.259737,1
-2.530610,0.186297,1
-0.973468,-0.832444,1
-0.627587,-0.610434,1
-1.403096,-0.806554,1
-0.174909,-1.695253,1
-2.392119,-1.372972,1
-1.434751,-0.782970,1
-1.075524,0.119759,1
0.156142,-1.812604,1
-0.199079,0.542969,1
0.475774,0.182355,1
-1.407831,0.276688,1
-0.324588,-1.744482,1
-1.771963,-3.191172,1
-0.940654,-1.099638,1
-1.185503,-0.314855,1
-0.859316,-2.447805,1
-2.239878,-0.382205,1
-0.854200,-0.060662,1
-2.825375,0.037178,1
-3.023264,-0.997341,1
0.763147,-1.518144,1
-0.663744,1.105889,1
-0.992826,-3.149420,1
-0.440642,-1.484987,1
-0.287426,-2.236807,1
-1.913481,-0.419686,1
0.473801,-1.660355,1
-0.803546,-2.114505,1
-2.082851,-0.939196,1
-1.701075,-1.251608,1
-0.856942,-1.680973,1
1.276775,-2.507098,1
-0.081737,0.319604,1
-0.898394,-1.718848,1
0.006664,-0.315513,1
0.764073,-1.641631,1
-1.445030,-1.263811,1
-1.658859,0.201295,1
0.472026,-0.604102,1
-0.322905,0.533821,1
-2.501770,0.073696,1
0.225119,-2.012475,1
-0.908208,-1.310397,1
-2.154025,-0.954256,1
-0.009165,-1.008064,1
-0.972653,-0.738092,1
-1.435402,-2.179262,1
-0.735128,-1.194286,1
-0.563279,-0.485852,1
-1.955921,-1.577239,1
0.396040,-1.654654,1
-1.552151,-1.094754,1
-1.382675,-1.980268,1
-1.569372,-0.120306,1
-0.298765,-0.033600,1
-2.540138,0.091897,1
-1.741767,-1.608255,1
1.371557,0.727151,1
-1.203491,1.075419,1
-0.020440,0.565631,1
-0.735554,0.636171,1
-1.269676,1.715151,1
-1.680276,-1.185624,1
-1.499815,-0.696372,1
-2.292807,-0.771430,1
-2.293498,-0.285465,1
-2.136535,-4.092958,1
0.423091,-0.297631,1
-0.436494,-0.509697,1
-2.060242,-1.376258,1
-0.078057,-0.633085,1
-0.174735,-0.298041,1
-1.194624,-0.187154,1
-1.177965,-1.747154,1
-3.018533,-1.017798,1
-2.491797,0.327280,1
0.075425,-0.004551,1
-0.933183,-0.901746,1
-0.553135,0.881957,1
0.274890,-2.624181,1
-1.733271,-0.794014,1
-1.846636,0.925765,1
-1.378350,-1.891684,1
-1.703337,-0.550753,1
-1.167124,-1.807203,1
-4.850039,-1.019689,1
-1.711226,-0.676386,1
-3.732812,-2.290239,1
-1.052714,-0.870519,1
-0.835519,-0.346346,1
-0.747936,-0.089229,1
0.821663,-0.684764,1
-1.269007,0.168162,1
0.704343,0.692331,1
0.308707,-0.744841,1
-1.513439,-2.240640,1
-1.031952,-0.492542,1
0.737620,-3.169861,1
-1.673053,-1.501079,1
-2.138947,-2.002521,1
-1.393606,1.097360,1
-1.464420,0.311026,1
-0.143824,0.553159,1
-1.890304,-1.102195,1
-1.190411,0.107324,1
-2.035256,-0.408464,1
-1.821058,0.092215,1
0.503645,0.794909,1
-4.746244,-1.412992,1
-0.881216,0.241517,1
-1.208889,-1.980541,1
-1.579641,0.200469,1
-0.620899,-0.122293,1
-1.172620,-0.051153,1
-1.296993,-1.981220,1
-2.323600,-1.504653,1
-0.169929,0.363144,1
0.079125,1.295319,1
0.778783,-0.425003,1
0.873053,-2.572604,1
-0.089853,-3.589398,1
-1.235331,-1.539489,1
-0.232059,-2.137902,1
-2.662513,-1.690844,1
-1.205590,-1.613748,1
0.941043,-0.337186,1
-1.364927,-1.827631,1
-1.101835,-1.051246,1
-1.376949,-0.036056,1
-1.035851,-0.198946,1
-0.517329,-0.612065,1
-1.183895,-0.885540,1
-0.584542,-1.714020,1
-2.117857,-1.619542,1
0.234505,-0.450571,1
-2.684398,-0.393581,1
-2.098164,0.248913,1
1.089187,0.532887,1
-0.067936,-1.077991,1
-2.323491,-0.186166,1
-1.661823,-3.274608,1
-1.645477,-1.773166,1
-1.710281,-1.968239,1
-0.299528,-2.006002,1
-0.595254,-1.557361,1
2.092269,-1.865067,1
-0.974081,0.800913,1
-2.335512,-0.853745,1
-1.385164,0.357911,1
0.091619,-1.739798,1
1.170289,-0.316718,1
-1.690479,-3.441561,1
-0.169881,-0.565134,1
-0.199303,-1.378233,1
-1.632521,-0.156943,1
-0.838632,-1.547201,1
-0.191008,-2.068267,1
-1.360880,-0.702759,1
-1.004445,-3.363844,1
-2.016278,-0.640728,1
0.391912,-1.362471,1
0.540336,-0.548277,1
-2.717811,-0.814454,1
-1.378343,-0.496065,1
-2.313092,-0.233988,1
-1.157724,-0.537279,1
-2.969898,0.209383,1
0.270031,-1.970819,1
-1.261630,-0.963998,1
-0.038734,0.427603,1
-1.542816,0.443557,1
-2.269962,-1.487936,1
0.209208,-1.411714,1
-1.596169,-0.511553,1
-1.493395,-2.181697,1
-2.143114,0.734543,1
-2.732849,-0.547189,1
-0.500527,-2.003668,1
0.283960,-2.282475,1
-2.025166,1.021412,1
-1.614233,-0.520634,1
-1.816508,-1.718989,1
-0.745325,-1.961684,1
1.128250,0.082575,1
-0.999282,-0.607608,1
-2.859698,-1.461413,1
0.163774,-0.211102,1
-1.905157,-1.542930,1
0.842572,-0.704386,1
-0.636177,-2.529672,1
-0.182356,-1.420887,1
-1.417747,-0.170371,1
0.411565,0.227214,1
-0.534522,-0.451280,1
-2.336318,-0.633653,1
-2.779401,-1.424943,1
-0.036990,-0.436263,1
-1.331261,-3.030310,1
-1.575819,-1.355649,1
-3.368814,-0.566622,1
-1.259045,-0.365175,1
-0.163066,-2.198446,1
-2.285683,-4.139778,1
-0.612694,-2.201559,1
-0.573047,-2.245158,1
-0.149955,-2.700343,1
1.264866,0.512304,1
-1.682297,-0.735628,1
-1.323829,-1.296566,1
-0.413684,0.027002,1
-2.313591,-0.071856,1
-1.392538,-1.578232,1
-2.341848,-1.608946,1
-1.215591,0.223206,1
-1.306353,0.090357,1
-0.704015,-2.323084,1
2.355697,-2.196681,1
-1.665623,-0.483189,1
-0.996285,-0.549498,1
0.197004,-1.500239,1
-2.735180,-0.374691,1
-0.522248,-0.741035,1
0.359807,-1.348022,1
0.061636,-2.034109,1
-2.078571,0.378944,1
-1.214532,-1.351839,1
-1.505015,-0.123667,1
-0.089991,-1.501621,1
-0.047159,-2.460948,1
0.002899,0.930107,1
-0.377372,0.863025,1
1.253352,-0.446675,1
-0.390828,1.230875,1
-0.110318,0.578691,1
-0.034595,-0.554179,1
-0.364007,-0.210711,1
-0.673647,0.676085,1
-0.792701,-0.905107,1
0.242487,0.608353,1
-1.287026,0.188865,1
-1.966714,-0.907876,1
-1.642519,-1.665686,1
-0.441352,-0.023049,1
-1.493676,-0.455534,1
-1.467864,-1.380314,1
-2.273189,-1.433892,1
-2.453150,-1.869446,1
-1.485159,1.082983,1
0.467462,-1.315341,1
-2.342524,-0.879175,1
-1.492078,-1.869714,1
-0.311873,-2.933593,1
-0.955098,-0.373214,1
0.438017,-0.444844,1
-0.746515,-1.492580,1
-1.292383,-1.130227,1
-0.670459,-0.033543,1
-1.513613,-0.310062,1
-0.971538,-2.462620,1
-1.013502,-0.498570,1
-0.587647,0.348230,1
-2.100154,0.105870,1
0.977341,-2.650341,1
-2.062028,-2.028867,1
-0.982307,-1.728374,1
-2.798436,-2.326917,1
0.304503,-1.070137,1
-1.235535,-1.111242,1
-0.378223,-1.621421,1
0.792724,-0.238662,1
-2.080501,-0.657881,1
-0.770810,-0.834041,1
-0.590421,-1.573208,1
-3.106986,0.287867,1
1.054443,-0.710463,1
-0.301786,-0.176136,1
-1.806001,-0.287545,1
0.167996,-1.387013,1
-0.955855,-0.098205,1
-2.121765,-0.199878,1
0.585632,-0.894347,1
0.428228,0.377008,1
-0.924039,-0.680732,1
-0.341104,0.280638,1
-0.349533,-1.175171,1
-2.434072,-0.448822,1
-0.108696,-1.308282,1
-1.306709,-0.608594,1
-0.144836,-1.103613,1
-0.793563,0.382350,1
-2.613180,-3.073641,1
0.228196,0.211670,1
1.211937,-0.349188,1
0.750074,-2.337537,1
0.904799,-2.966255,1
0.200748,-2.376094,1
-2.842018,-1.123810,1
-2.546595,-0.800177,1
-0.839464,-2.034130,1
-1.198492,-0.909384,1
1.318936,-0.674472,1
-0.935040,0.475607,1
-1.235846,0.057912,1
-0.245512,1.066151,1
-2.266322,-2.595148,1
-1.121718,-1.511135,1
-2.197750,-0.579782,1
-1.092316,0.525556,1
-1.069220,-2.468599,1
0.542761,-0.423501,1
-0.003841,0.127275,1
-0.970324,-0.868280,1
-1.866609,-1.859775,1
-3.335373,-2.477019,1
0.980884,-1.142607,1
-1.237155,0.232718,1
-1.204537,0.365699,1
-0.508825,-0.062695,1
-0.706515,-1.334496,1
-1.395367,-0.831226,1
-0.540606,-2.295160,1
0.292602,-0.353022,1
-2.887912,-1.806777,1
-0.565298,-0.985802,1
0.388723,-1.177078,1
-2.228971,-0.439340,1
-2.472991,-0.452668,1
-1.641843,-1.724287,1
-2.142892,-1.826300,1
-0.409729,-0.822733,1
0.207676,-0.543794,1
-2.956731,-1.810227,1
-2.800609,-0.625651,1
-0.989071,-0.230046,1
1.319913,-0.579005,1
-0.263544,0.532160,1
0.081910,-1.454682,1
-0.128142,-1.115922,1
-0.571869,-1.040542,1
-0.085812,-1.709633,1
-0.926233,0.278708,1
0.233673,0.288099,1
-1.152259,-2.928770,1
1.242498,-1.256015,1
-1.113315,-2.155341,1
-1.213591,-1.157707,1
0.511312,-1.043829,1
-1.329487,1.119460,1
-0.280948,0.234127,1
-2.559447,-2.400182,1
-0.184925,0.265556,1
-2.719966,0.138056,1
-0.623742,-1.170450,1
-1.648535,-1.772257,1
-1.006423,-2.149858,1
-1.775514,-1.645914,1
0.364847,-3.378312,1
-2.208711,0.968176,1
1.184233,1.099812,1
0.063431,0.041525,1
-1.415712,-0.667100,1
-1.998793,-1.284823,1
-0.922846,-0.938305,1
-1.825198,0.515608,1
-0.633478,-1.933370,1
-0.813663,0.442491,1
-1.486820,0.040614,1
-2.232661,-1.372416,1
-0.888653,-2.132576,1
-0.925480,-2.279097,1
-0.664232,-1.213717,1
-0.171750,0.052387,1
0.532728,0.006908,1
-0.543840,-0.729265,1
-1.426059,0.425580,1
-1.273870,0.337594,1
-0.591120,-1.813291,1
-0.634721,-1.989683,1
-0.559551,-1.209838,1
0.580386,-2.406727,1
0.128181,-0.495898,1
-1.291750,-1.373021,1
-0.274036,-0.758436,1
-1.885900,-3.490924,1
-1.459874,-0.201551,1
-0.893638,-1.376807,1
-1.641121,0.643528,1
1.063266,0.577090,1
-0.577260,-1.087503,1
-0.219577,0.104614,1
-0.417203,-1.779446,1
-5.209901,0.563924,1
-1.150738,0.195383,1
-1.184627,-0.829640,1
-0.455694,-1.460485,1
-2.291428,-1.325302,1
-1.187987,-0.322823,1
-1.739016,-0.665895,1
0.305093,-1.359675,1
-0.458998,-1.483217,1
-0.393818,-0.759817,1
-0.221716,-1.218360,1
-1.953871,-0.641078,1
-0.536952,-0.733211,1
-3.747159,-2.801226,1
-0.270431,1.864166,1
-1.476010,-1.417278,1
-1.362241,-0.768160,1
-1.210529,-1.153735,1
-1.581416,-1.883805,1
-0.714860,0.309794,1
-0.699829,-1.609913,1
-2.615618,-0.196847,1
-2.242728,0.230896,1
-0.956600,-0.457509,1
-1.322355,-0.832603,1
-1.960183,-0.577771,1
-1.262881,0.449216,1
-1.722520,-0.268911,1
-1.937535,-2.371228,1
-0.753229,-0.848282,1
-1.410543,0.407042,1
-0.046765,0.856377,1
-1.506391,-1.764842,1
0.136652,-2.513784,1
0.063439,-0.817816,1
0.431334,-2.077068,1
-0.430367,-1.541055,1
-2.525892,-2.946954,1
-1.928617,-0.403130,1
-0.713973,-2.334475,1
-0.260032,-0.508030,1
-1.331090,-2.156327,1
-2.208304,0.212050,1
-2.177479,-0.321849,1
0.313644,-2.585583,1
-1.620268,-2.699654,1
-0.220225,-1.138165,1
-1.649231,-1.219309,1
-1.416656,-0.707537,1
-0.100416,-0.504467,1
0.235382,-1.830393,1
-0.072741,-1.589478,1
-2.787387,-2.208161,1
-0.726546,-2.644368,1
0.521090,-3.076679,1
-2.577628,-1.648396,1
-0.911977,-1.600284,1
-1.060759,-2.085420,1
-0.869273,-1.493758,1
-1.260657,0.659573,1
0.714862,-1.312049,1
-0.408547,0.074422,1
-1.907577,-2.487873,1
-0.032296,0.190916,1
-1.909286,-0.616812,1
0.304317,0.036876,1
-1.398424,-0.742487,1
-1.041918,-1.866843,1
-1.470142,-1.886967,1
0.290297,0.894022,1
0.380345,-2.067253,1
-1.911648,-1.554024,1
-0.591212,-0.221660,1
-0.558322,0.275833,1
-2.790701,-1.595876,1
-0.559563,0.269346,1
-0.945457,-0.350410,1
-1.815831,0.070518,1
0.342180,1.038848,1
-1.879110,-1.119705,1
-0.636281,-1.366580,1
-3.047302,-0.355031,1
-1.277798,-2.294155,1
0.521888,-2.018535,1
-0.077215,-2.489572,1
1.866348,-0.084342,1
-2.561361,0.570037,1
0.306265,-0.126499,1
-2.356206,-1.848350,1
-0.671289,-0.702643,1
-2.662222,-0.887371,1
-2.221814,0.346568,1
-0.598279,-1.798486,1
-4.435849,-0.163965,1
0.406781,-1.598300,1
0.157082,-1.101335,1
-0.002177,-0.994164,1
-1.754822,-0.983339,1
-1.584656,-3.005611,1
-4.238778,-0.133783,1
0.190920,-1.526536,1
-1.347633,-1.905731,1
-2.343517,-0.205015,1
0.676982,-2.104118,1
-0.959658,-0.906520,1
-1.604436,-1.327174,1
-0.905199,-0.919620,1
-1.466255,-0.673839,1
-2.938950,1.782959,1
-2.809060,-1.215080,1
-0.868382,-2.524818,1
-1.732406,0.008355,1
-2.149738,-1.533694,1
-3.125654,-0.915874,1
1.619612,0.255464,1
-0.930107,-0.498354,1
0.374616,-1.444166,1
-0.749445,-0.640858,1
-3.338420,-0.616821,1
-0.586844,-1.664046,1
0.791528,-0.790525,1
-2.054117,-0.686347,1
-0.369281,-0.536537,1
-1.443380,-2.208146,1
0.710751,0.066461,1
-2.226750,0.343461,1
-1.950005,-0.006505,1
0.389121,0.067238,1
-1.664822,0.965767,1
-2.141035,-2.346462,1
-2.333923,-1.471239,1
-3.265590,-1.862392,1
-2.838627,-0.860456,1
-1.004190,-1.204329,1
-3.063205,-0.022961,1
-0.216450,-0.158282,1
-1.090617,0.491023,1
-0.363028,-2.039059,1
-0.037439,-2.348377,1
-2.163532,-1.311887,1
-0.590487,-1.555590,1
-0.029528,0.406500,1
-0.603364,0.481952,1
-1.084209,-0.608380,1
-0.593703,-0.042927,1
-0.542466,-1.327794,1
-0.472218,-0.504487,1
-0.372916,0.182231,1
-1.269040,-0.878024,1
0.945313,-2.719412,1
-1.034201,-1.598291,1
-0.234202,-0.673326,1
0.272329,1.897589,1
-1.517233,-1.518546,1
-1.058747,-0.671070,1
0.373232,-2.779273,1
0.572613,-1.814013,1
0.482679,-1.517586,1
0.166284,0.315909,1
-1.168046,-0.301096,1
1.912776,-2.384983,1
-0.404887,-1.042531,1
-0.692648,-3.697182,1
-2.021461,0.128935,1
-1.652884,-0.189032,1
-1.839055,-1.730104,1
-0.899781,-0.698194,1
-1.156833,-2.852385,1
-3.342436,-1.848042,1
-0.726019,0.271364,1
0.060294,-1.720422,1
-1.622193,-0.244764,1
-0.743757,-1.369749,1
-0.069974,-0.947288,1
-1.698119,-1.716690,1
-1.015226,-0.394586,1
-1.464484,0.534221,1
-0.857275,0.682291,1
-0.861887,-0.857460,1
-0.527119,-0.165281,1
-4.763912,-1.748374,1
-0.046859,0.991023,1
-3.021363,-1.608722,1
-0.785110,-1.054624,1
-0.373347,-0.807634,1
-0.890923,-0.022449,1
-0.354465,-0.643105,1
-1.020538,0.687386,1
-0.168065,-0.451056,1
0.603737,-0.267959,1
-0.235991,-1.474340,1
-3.490302,-0.518501,1
-1.581659,-0.580546,1
-1.195293,-1.274563,1
0.385236,-0.295596,1
-1.623027,-0.779802,1
-2.274589,-2.239184,1
0.213222,-0.732141,1
-2.868915,-1.607705,1
0.067685,-1.341361,1
-0.341267,-1.451139,1
-0.430761,-0.156379,1
-0.184300,-2.163190,1
-1.272913,-1.153183,1
-1.764956,-0.277764,1
-1.479288,-1.121770,1
-0.593520,1.497997,1
-0.815319,0.422801,1
-0.977562,-0.895962,1
0.354716,-0.699150,1
-1.579037,-1.943888,1
-0.343979,1.017274,1
0.778725,-1.334484,1
-0.900537,-0.877262,1
-0.882905,-3.037243,1
0.015496,-0.664753,1
-1.247377,-0.182894,1
-1.497043,-0.705762,1
-1.523030,-2.486824,1
1.894351,-1.589960,1
-0.139314,-0.725009,1
0.287100,-0.090209,1
-0.423278,-1.136027,1
-2.081499,-0.594433,1
-0.039393,-1.275269,1
-1.351815,-1.005843,1
-1.089992,-1.709921,1
-2.038784,-2.258556,1
-0.712979,-0.696939,1
-0.988274,-3.428036,1
0.796435,-0.239942,1
-2.007217,-1.313271,1
-0.035111,-0.851747,1
-0.505931,-0.325410,1
-1.733548,-2.741184,1
-2.157605,-0.063848,1
-3.418401,-1.884217,1
-1.200291,0.067687,1
-1.899736,-0.883459,1
-2.669876,0.176455,1
-2.416405,-0.819204,1
0.936715,-0.665996,1
-1.028264,0.053301,1
0.892862,-0.794104,1
-1.880966,-1.132748,1
-1.401515,-3.470777,1
-0.954422,0.538271,1
-2.223718,-2.072667,1
-2.058128,-1.669046,1
-0.585256,-0.009915,1
-1.049543,-0.416846,1
-1.905035,0.537468,1
-0.910329,-2.172285,1
-0.571719,-1.480875,1
-1.354147,-0.653515,1
-1.598811,0.597577,1
2.181160,-1.371360,1
0.727004,-1.612688,1
-0.010794,-0.777763,1
-1.753105,0.094516,1
-2.361078,-1.883955,1
-0.518157,-1.507170,1
-0.923689,-1.098405,1
-0.436067,-0.208356,1
-2.450252,-1.475672,1
-2.316592,-1.464720,1
-0.641973,0.906121,1
-1.575553,-1.760866,1
-2.585626,-0.805226,1
-1.251775,-0.659694,1
-2.625209,-0.744633,1
-0.439290,-0.544119,1
-2.787421,-0.953718,1
-2.171945,-0.428685,1
-1.661138,-0.251326,1
-1.857061,-1.728941,1
-0.741199,-0.774920,1
-1.123847,-1.350228,1
-1.688916,-2.449620,1
-0.741238,-1.997874,1
-2.078008,-1.724150,1
-0.435234,-3.348631,1
-0.413086,-1.229664,1
-0.302210,-0.039072,1
-1.865234,-1.390686,1
-0.679760,-1.297233,1
-0.737867,-2.626781,1
-0.551663,-2.083076,1
-0.158083,-0.652155,1
0.568595,-1.007171,1
-2.558208,-0.460433,1
-1.400060,-0.551549,1
-0.790444,0.385956,1
-0.780622,0.710381,1
-1.482495,-1.831999,1
-1.839371,-2.182897,1
-0.965052,1.327639,1
-2.671747,-2.109657,1
-1.321803,-2.817003,1
-1.322950,-1.377394,1
-0.709520,-2.180662,1
-1.654036,-1.233124,1
-1.674825,-1.210211,1
-2.118901,0.006544,1
-0.728018,-0.291559,1
-2.141712,-0.667625,1
-0.888815,-1.307141,1
-0.524875,-0.880124,1
-1.373864,-0.963733,1
-2.163778,-2.886984,1
-0.851234,-2.183561,1
0.749701,-2.054506,1
1.025292,0.843562,1
0.560053,-1.335046,1
-0.158144,-1.840789,1
-1.083671,-1.497227,1
-0.457861,-1.075861,1
-0.720047,-0.758570,1
-0.081419,-0.894679,1
2.072526,-2.394009,1
0.203748,-0.609850,1
-0.672339,0.597080,1
-0.149307,0.031442,1
-2.352556,-1.288604,1
-2.645551,-0.414748,1
-2.265783,-0.842956,1
-1.040427,-2.679484,1
-2.914089,-0.877904,1
-1.613147,-1.078983,1
-1.562764,-1.003022,1
0.119336,0.344863,1
0.585051,0.266464,1
-0.533525,-0.654694,1
-2.453318,-1.304241,1
-0.410125,-2.004397,1
0.797804,-0.611806,1
-0.217878,-2.964383,1
0.119913,-2.825023,1
-1.766014,-0.166610,1
1.381234,-0.806764,1
-1.982082,-2.013226,1
-0.048806,-3.167120,1
0.224376,-1.226646,1
-1.707639,-1.832578,1
-0.215049,-0.787458,1
-1.444287,-1.520084,1
-0.249264,-0.650995,1
-0.651158,-0.480895,1
-2.291636,-1.119878,1
-1.587379,-0.163995,1
-1.131902,-0.064583,1
-0.555499,-2.093503,1
-1.656444,-0.204245,1
0.003139,-1.929382,1
-0.870055,-0.677463,1
-1.900850,-2.999259,1
-1.152853,-1.573217,1
-1.265699,-1.793051,1
-1.566497,-3.311396,1
-0.152873,-1.353639,1
-2.027869,-0.256542,1
-0.574631,-2.526528,1
-1.484888,-1.341486,1
-2.344024,-3.333197,1
-0.573971,-2.284809,1
0.199560,-0.780486,1
0.073202,-2.052749,1
-2.535199,0.258684,1
-0.673180,-1.561588,1
0.065073,-1.055891,1
0.458860,-0.396663,1
-0.757179,0.376151,1
-0.170367,-0.618169,1
0.725708,-1.551313,1
-2.787011,-2.375411,1
0.708766,0.811744,1
-1.885310,-0.672520,1
-1.227272,-1.458811,1
-2.227926,-2.713376,1
-1.875581,-0.540973,1
-1.583877,-1.606083,1
-1.572727,-0.414272,1
0.791502,-1.365236,1
-2.648204,-1.466346,1
-1.155389,-0.456779,1
-1.080981,-1.996991,1
-0.874983,-1.177300,1
-0.923652,0.875824,1
0.507548,-0.655013,1
1.670848,0.038756,1
-0.853477,0.049118,1
1.508678,-1.155119,1
-1.997457,-2.223804,1
1.040633,-1.244359,1
0.327854,1.162027,1
-1.168740,1.066794,1
-0.703274,-0.542305,1
-2.428697,-1.141327,1
0.645247,-1.098380,1
-0.167145,-1.454205,1
-2.236314,-1.254100,1
-1.408775,-2.973623,1
-1.719890,-2.265905,1
-0.536906,-1.183011,1
-1.460503,-1.939554,1
-1.868790,-1.161334,1
-0.100891,-2.781487,1
-2.178877,-0.036541,1
-0.924706,-0.601584,1
-0.110584,-0.400643,1
-2.836300,-0.024740,1
-1.708752,-0.849444,1
-1.666043,-2.578410,1
-0.578022,-2.172984,1
-0.462332,-0.380139,1
0.180928,-0.599236,1
-2.111243,-3.325086,1
-0.296288,-0.845772,1
-0.363274,-2.589072,1
-0.824635,-1.836732,1
-1.355140,-0.751932,1
-0.957408,-0.170955,1
-1.995401,1.309732,1
-0.471124,-0.987573,1
-1.310968,-1.554864,1
-0.354857,0.444407,1
-1.176236,-1.740976,1
-0.014506,-0.665029,1
0.367943,0.499724,1
-2.135542,-0.592253,1
-0.956746,-1.826286,1
-1.728926,-2.559168,1
-1.679106,-2.247700,1
-1.541167,-1.425747,1
-2.624764,-0.389357,1
0.273900,-1.174432,1
-1.835981,-2.801160,1
0.795127,-1.398370,1
-0.076791,-1.443670,1
-0.955560,-3.701699,1
-1.811615,-2.219508,1
-1.543465,-1.651089,1
-2.018585,-0.909339,1
-0.589859,-2.500779,1
-0.492744,-0.367427,1
-1.483972,-1.733800,1
0.344144,-1.393775,1
-1.139206,-2.985675,1
-1.564866,0.739358,1
-1.365330,-2.123369,1
-1.201109,-0.925542,1
-1.276594,-0.300243,1
-2.408546,-0.844847,1
-0.449049,-1.983846,1
0.206599,-0.097131,1
-0.944458,-1.022582,1
-2.239100,-1.107580,1
-0.212420,1.003273,1
-1.147779,-2.218992,1
-1.455170,-0.822195,1
-0.647438,-2.053105,1
-0.036134,-1.352541,1
0.550613,1.009492,1
-1.649282,-2.686344,1
-2.674923,-3.261257,1
-0.681572,-0.881361,1
-1.492230,-1.404137,1
-1.847499,-1.312253,1
-0.677699,-2.175865,1
-1.567473,-1.711403,1
-0.364122,1.495738,1
-0.286900,-2.428008,1
-1.464785,0.302227,1
0.188182,-1.067400,1
-0.500265,-2.681562,1
-0.025395,-0.654492,1
-1.418077,-0.909154,1
-1.521411,-2.091494,1
0.359200,-1.218742,1
-1.864255,-0.615098,1
-0.898125,0.575967,1
-1.402302,-0.566612,1
-1.591232,-1.055430,1
-2.275013,-1.057230,1
-0.431481,-0.558194,1
-2.035200,-1.170388,1
-1.786036,-1.279742,1
-1.473338,-0.739734,1
-1.944104,-2.275984,1
-0.467142,-0.539069,1
-0.857938,0.434703,1
-0.522090,-2.073309,1
-1.164921,-1.483526,1
-2.041262,-0.077904,1
0.113778,-0.665171,1
-0.602470,-2.410144,1
-0.336139,-1.315231,1
-1.544164,-0.491235,1
1.165249,-1.388460,1
-0.336313,-0.962441,1
-1.068055,-1.851068,1
-3.855363,0.197681,1
-2.027135,0.263472,1
-2.427012,-1.878067,1
-2.262500,-1.353760,1
-0.724394,-2.039152,1
-1.798666,-0.203323,1
-1.742212,-0.698511,1
-1.255367,-0.447808,1
-2.059635,0.678987,1
0.301672,-1.393451,1
0.593460,-1.188569,1
-2.295072,-2.596148,1
-1.583598,0.497751,1
-0.158540,-1.002613,1
-0.775397,-0.414306,1
-1.186581,-2.126292,1
0.366436,-2.444363,1
-1.079875,-0.986369,1
-2.494875,-0.458189,1
-0.431274,0.243314,1
-1.154202,-0.836016,1
-0.902720,-0.199561,1
-1.479161,-1.730056,1
0.074407,-0.616099,1
-1.089771,-1.034587,1
-0.251353,-0.764803,1
0.516697,-2.298319,1
-1.869695,-1.400627,1
-1.572165,-0.779432,1
-1.380283,-1.534995,1
-2.080761,-3.241811,1
-1.008436,-0.198052,1
-1.329365,-1.460793,1
-0.566194,-2.169614,1
-0.760108,-1.004667,1
0.585371,-2.434658,1
-2.882019,-1.231521,1
-1.364893,-2.600934,1
-0.639233,-0.770376,1
-1.159899,-0.650284,1
-0.991612,-0.983170,1
-0.600852,-1.545046,1
-1.038106,-1.210858,1
-1.421202,-1.729167,1
-1.391751,-0.672801,1
-0.476889,-0.401331,1
0.362620,-3.325393,1
-0.118860,-0.345091,1
-0.245158,-2.064288,1
-3.661367,-1.983072,1
0.310752,-0.715961,1
-0.894437,-3.131941,1
-0.312007,1.696426,1
-1.307481,0.095387,1
-0.982249,-0.928235,1
-1.025736,-1.960264,1
-2.066051,1.066986,1
-2.625810,0.069994,1
0.356755,-0.863021,1
-0.973485,-1.679824,1
-0.449451,0.449092,1
-1.781414,0.029508,1
0.242618,-2.006301,1
-0.464394,-2.029143,1
-0.156819,-1.703837,1
-0.063008,-1.800735,1
-0.458644,-1.820695,1
0.113478,-1.065502,1
-2.398380,-0.610807,1
-1.429998,-0.420863,1
-2.475293,-1.011578,1
-0.515141,-2.812943,1
-1.197130,-1.453170,1
1.127278,-0.749723,1
-1.934358,-1.047611,1
0.183551,-0.568089,1
-0.152824,-1.434983,1
-2.281879,-2.235383,1
-0.249629,-1.616812,1
-0.498214,1.023156,1
1.497567,-1.434036,1
-0.219178,-2.891365,1
-2.093054,-0.211442,1
0.703554,-1.192099,1
-1.114706,0.002455,1
-1.646132,0.521573,1
-1.117693,0.855326,1
0.282387,-0.636260,1
-1.977121,-0.945314,1
-1.909656,-1.949649,1
-0.449136,0.000690,1
-1.943583,-2.798425,1
-1.265571,-1.037730,1
-1.181911,0.671679,1
-0.918919,0.348959,1
-0.400589,-0.542643,1
-3.384341,-1.641789,1
1.062169,-1.022441,1
-0.365440,-1.861534,1
-2.777352,-1.329666,1
-1.638032,-1.643856,1
0.131359,-0.280821,1
-1.817522,-0.206846,1
-1.867019,-0.387272,1
-2.035602,0.637594,1
0.006948,-0.446660,1
-1.241642,-1.545445,1
-0.809589,0.878608,1
-1.724916,-1.184471,1
-1.924702,-0.150373,1
0.524214,-2.474604,1
-1.486203,-0.013745,1
-1.009420,-1.520972,1
-1.201533,-0.796241,1
-1.235539,-1.002554,1
-1.020617,-1.963766,1
-0.974962,-0.624599,1
-2.558151,-0.371378,1
-3.165964,-1.668444,1
-1.280261,0.989224,1
0.247961,-0.549039,1
-0.470202,-2.961362,1
-0.754226,-2.235743,1
-1.670651,-0.838908,1
0.330465,-1.347497,1
-0.766094,-1.472153,1
-1.298791,-1.701228,1
-0.572521,-1.813816,1
-2.041538,-0.613062,1
-1.307368,-1.681026,1
-1.895179,-1.635506,1
-0.774136,-0.895519,1
-2.288547,0.103336,1
-2.204406,0.113647,1
0.154819,-0.368651,1
-2.247756,0.288989,1
-1.320700,-1.005957,1
-2.225799,-1.714148,1
-0.973594,-1.913829,1
0.516181,-1.995415,1
-1.041263,-0.314877,1
-1.235715,-0.529115,1
-2.417956,-0.339452,1
-1.788615,0.209161,1
-0.288129,-1.328818,1
-1.552314,-2.275881,1
-1.176937,-1.365552,1
-0.168067,-1.944937,1
-0.271921,-2.655392,1
-0.706836,0.904001,1
-1.934788,-1.660370,1
-0.847317,0.485709,1
-2.150733,-4.297426,1
-2.505961,-3.094250,1
-0.127591,0.588861,1
0.306695,0.076525,1
-1.697676,0.305183,1
-1.712286,-1.017531,1
-1.570453,0.870124,1
-1.713133,-0.638181,1
-3.925314,-2.161192,1
-0.511075,-0.295405,1
-0.663129,-0.989925,1
-0.531541,-2.319524,1
-0.419268,-0.831401,1
-1.225954,0.777112,1
-2.033064,-2.448303,1
-1.825274,-0.326721,1
-0.897464,-0.380974,1
0.128194,0.472368,1
-1.819691,-0.473723,1
-1.520955,0.581531,1
-1.105564,-0.913156,1
-1.187711,-1.603491,1
0.085958,-1.974940,1
-0.282805,1.473536,1
0.166775,-1.569281,1
-1.415353,-0.484151,1
-1.047183,-1.312438,1
0.297734,-1.534410,1
-0.888037,-3.847768,1
1.077880,-1.554099,1
-1.126378,-1.569644,1
-1.610300,-1.706122,1
0.361717,-0.877242,1
-1.617382,-1.360953,1
-0.405427,-2.216876,1
-0.467180,-1.889833,1
-1.615863,-0.646839,1
-1.596052,-2.339534,1
-0.487716,-0.574893,1
-2.315271,-1.895913,1
-0.592978,-2.760546,1
-0.366588,0.018890,1
0.012122,0.679265,1
-0.629366,-1.057075,1
-1.313851,-0.608506,1
-1.241228,-2.558949,1
-0.233200,0.103488,1
-0.852325,-1.580256,1
0.570095,-0.926901,1
-2.403274,-2.575354,1
-0.611541,-1.084606,1
-0.962135,-0.082907,1
-0.888502,0.125480,1
-1.982222,-2.068395,1
-2.601491,-1.042128,1
0.007252,-0.737171,1
-2.360276,-2.430903,1
0.019832,-0.936039,1
-0.914379,-2.572754,1
-1.269876,-0.200130,1
-2.080096,-1.890068,1
-1.465441,-1.215082,1
-0.611027,-0.770253,1
0.406429,-2.321510,1
-1.984771,-2.412424,1
0.448366,-0.680970,1
-0.518070,-1.593475,1
-0.990235,-0.849761,1
-0.239899,-1.082120,1
-1.354071,-1.481596,1
-0.237767,-1.018672,1
-1.853423,-2.835871,1
0.962520,-0.907727,1
-1.344881,-0.271803,1
-0.271132,-0.452494,1
-1.934865,-2.531660,1
-1.291566,-0.756571,1
-0.590115,-2.866574,1
-0.210028,-1.979233,1
-0.612567,0.410782,1
-1.371154,0.233551,1
-1.033328,-0.616584,1
-2.809947,-0.864503,1
-2.111494,-1.037856,1
-1.601989,-0.741343,1
0.221258,-0.654674,1
-2.422154,-2.740186,1
-0.355571,0.047810,1
-3.024698,-1.775887,1
-1.024852,-0.236398,1
-0.756929,-2.175035,1
-0.846458,-0.526520,1
-0.788562,-1.050444,1
0.369518,-2.217048,1
-2.328816,-2.123357,1
-1.551746,-0.841280,1
-1.479809,0.597445,1
-0.781319,-2.706029,1
0.492315,-2.476894,1
-1.362090,-1.070084,1
-0.738089,-0.104935,1
-1.472822,-0.578931,1
-0.157978,-1.426689,1
-2.016216,-1.325602,1
-3.476520,-1.512023,1
-1.198529,-1.021912,1
-0.289926,1.442505,1
-2.996143,-1.225595,1
-0.476865,0.007879,1
-0.252064,0.117625,1
-1.652191,-1.485035,1
-0.936163,-0.744819,1
-0.714227,-2.166842,1
-3.390159,-2.350726,1
-1.453766,-1.037180,1
0.495705,-0.549524,1
0.100008,-1.328417,1
-1.057832,-1.360929,1
-2.754091,-0.207922,1
0.826667,-1.497476,1
0.135364,-0.568377,1
0.725706,1.275985,1
-1.059788,-1.028210,1
-1.548672,-1.556752,1
-0.277194,-0.679473,1
0.853862,-0.866287,1
-0.361602,-0.880762,1
2.052398,-2.732257,1
-1.335071,-1.866842,1
-1.257096,-1.568203,1
-0.161213,-1.165833,1
-2.485385,-0.974586,1
-2.507253,-0.507406,1
-2.557619,-1.903030,1
-0.350073,-1.839363,1
-0.918708,-2.284585,1
-1.028250,0.403995,1
-0.651402,-1.685263,1
-0.045294,-1.457487,1
-1.726257,1.537539,1
-1.567538,-1.363484,1
-3.014151,-1.574919,1
-2.453401,-2.170938,1
-2.163095,-1.278737,1
-0.547014,-0.628286,1
0.758573,-0.949798,1
-0.939310,-1.225427,1
-0.783345,-1.921572,1
-1.995744,-0.374926,1
-1.502332,-1.337224,1
-0.476683,-0.622631,1
0.105035,-3.483749,1
0.072912,0.409174,1
-1.706770,-0.707726,1
-0.582175,-0.423221,1
0.103080,-1.554976,1
-1.966311,-1.807488,1
-0.948359,-1.573186,1
2.225983,-0.793948,1
-1.890044,-0.735876,1
-0.551540,-0.934553,1
-2.246555,-0.920319,1
-0.468334,0.915622,1
-1.509306,-1.557471,1
-1.359877,-2.158617,1
0.388577,-0.118466,1
-1.069502,-1.607908,1
0.152733,-1.623065,1
0.087427,-2.020269,1
-0.750725,-0.643254,1
-0.030863,-0.435065,1
-1.165176,-2.883419,1
-2.135531,-1.021713,1
-1.369556,0.277104,1
-1.087050,-1.045841,1
-2.418853,0.891497,1
-1.960928,-1.210826,1
-2.124967,1.051824,1
-2.381049,-0.959862,1
0.619036,-2.270860,1
-1.528953,-1.405062,1
-0.262283,0.464939,1
-0.779473,-2.483754,1
-2.101831,0.674682,1
-0.738327,-1.158018,1
-1.233744,-2.010897,1
-0.723013,-2.531758,1
-0.184911,-0.455838,1
0.204170,-1.198761,1
-2.275386,-2.079037,1
0.343896,-0.326970,1
0.331794,-1.600671,1
0.123625,-1.020702,1
-1.895816,-2.687054,1
0.843891,-1.857275,1
-1.338510,-0.297649,1
-1.420899,-1.026085,1
0.287727,-0.602857,1
-2.039976,-2.708544,1
-0.175262,-0.701305,1
-1.473897,-0.809019,1
-2.021490,-0.212370,1
-1.848362,-1.366677,1
-1.692527,-1.969750,1
-2.187346,-1.593500,1
0.731821,-2.353083,1
-2.460584,-1.066655,1
0.027940,-0.711475,1
-1.008674,0.032243,1
-1.425793,-1.628126,1
-1.837284,-0.554352,1
-0.148440,-2.894992,1
-1.679920,-1.428800,1
-1.783774,-2.194714,1
-0.385019,-1.361427,1
-1.229899,-1.424802,1
